0000000000,-0.00926151
0000000010,-0.0241326
0000000020,0.00438509
0000000030,-0.0142118
0000000040,-0.0250345
0000000050,-0.0228594
0000000060,-0.00222405
0000000070,-0.0194384
0000000080,-0.0131552
0000000090,-0.00522905
0000000100,0.0164451
0000000110,-0.0170874
0000000120,-0.016819
0000000130,-0.0218735
0000000140,-0.0199772
0000000150,-0.035552
0000000160,-0.0199473
0000000170,-0.0337652
0000000180,-0.0224218
0000000190,-0.0157791
0000000200,-0.0209203
0000000210,-0.0206782
0000000220,-0.024963
0000000230,-0.00795537
0000000240,-0.0174362
0000000250,-0.0340068
0000000260,-0.00536192
0000000270,-0.00297689
0000000280,-0.0187446
0000000290,-0.0198786
0000000300,-0.0108299
0000000310,-0.0252782
0000000320,-0.0200019
0000000330,-0.0359092
0000000340,-0.0150322
0000000350,-0.0119069
0000000360,-0.0245639
0000000370,-0.0263784
0000000380,-0.0211634
0000000390,-0.0211599
0000000400,-0.019241
0000000410,-0.0283335
0000000420,0.000669431
0000000430,-0.00578147
0000000440,-0.0128864
0000000450,-0.00872753
0000000460,-0.0271788
0000000470,-0.0181132
0000000480,0.000991977
0000000490,-0.00155873
0000000500,-0.0155772
0000000510,-0.0204346
0000000520,0.00521056
0000000530,-0.0298836
0000000540,-0.0453268
0000000550,-0.00975939
0000000560,-0.0256786
0000000570,3.62677e-05
0000000580,-0.0221783
0000000590,-0.0403564
0000000600,-0.00246304
0000000610,-0.0230907
0000000620,-0.0337198
0000000630,-0.00410356
0000000640,0.00329512
0000000650,0.00312084
0000000660,-0.00528341
0000000670,-0.0178716
0000000680,-0.0090966
0000000690,-0.00876088
0000000700,-0.0308992
0000000710,-0.0114788
0000000720,-0.0107969
0000000730,-0.0396741
0000000740,-0.00886604
0000000750,-0.0186075
0000000760,-0.0211703
0000000770,-0.0191723
0000000780,-0.0124958
0000000790,-0.00496354
0000000800,-0.0233507
0000000810,-0.0138723
0000000820,-0.00915587
0000000830,-0.0329421
0000000840,0.00181105
0000000850,-0.0122898
0000000860,-0.0237626
0000000870,-0.0206715
0000000880,0.0220866
0000000890,-0.0207253
0000000900,-0.00681852
0000000910,-0.0256485
0000000920,-0.0395388
0000000930,0.00875939
0000000940,-0.0182506
0000000950,-0.030246
0000000960,-0.0140704
0000000970,-0.0267699
0000000980,-0.000405273
0000000990,-0.0362169
0000001000,-0.00838138
0000001010,-0.00257821
0000001020,-0.00825819
0000001030,0.0106248
0000001040,-0.00717815
0000001050,-0.0138032
0000001060,-0.0126435
0000001070,-0.0166481
0000001080,-0.034304
0000001090,-0.014159
0000001100,-0.0161577
0000001110,-0.0287239
0000001120,-0.0162612
0000001130,0.00209182
0000001140,-0.0379107
0000001150,-0.02316
0000001160,-0.00493657
0000001170,-0.0126635
0000001180,0.000897153
0000001190,-0.00535436
0000001200,0.00431278
0000001210,-0.0113766
0000001220,-0.00231452
0000001230,-0.022324
0000001240,-0.0269077
0000001250,-0.0152036
0000001260,-0.0177409
0000001270,-0.020167
0000001280,-0.0332179
0000001290,-0.0174922
0000001300,-0.0169509
0000001310,-0.0110317
0000001320,-0.0172555
0000001330,-0.0113976
0000001340,-0.0108501
0000001350,-0.0384173
0000001360,-0.0136964
0000001370,-0.0197939
0000001380,-0.0102017
0000001390,-0.0354184
0000001400,-0.0122951
0000001410,-0.0530015
0000001420,-0.0204849
0000001430,-0.00715444
0000001440,-0.0159512
0000001450,-0.0230391
0000001460,-0.006124
0000001470,-0.0185496
0000001480,-0.0155037
0000001490,-0.0114164
0000001500,-0.0310786
0000001510,-0.0257501
0000001520,-0.0191428
0000001530,-0.0244233
0000001540,-0.0222718
0000001550,0.00124931
0000001560,-0.0128636
0000001570,-0.0243822
0000001580,-0.0238221
0000001590,0.00387847
0000001600,-0.0329588
0000001610,-0.00268185
0000001620,-0.030597
0000001630,-0.0271167
0000001640,-0.0270024
0000001650,-0.0237098
0000001660,-0.0152068
0000001670,-0.0096403
0000001680,-0.0119017
0000001690,-0.00840161
0000001700,-0.0277272
0000001710,-0.0190578
0000001720,-0.0208787
0000001730,-0.000824263
0000001740,-0.00796006
0000001750,-0.0411587
0000001760,-0.0380644
0000001770,-0.0225722
0000001780,-0.0111056
0000001790,-0.00753915
0000001800,-0.00614641
0000001810,0.000463243
0000001820,-0.0130261
0000001830,0.00916762
0000001840,-0.0250387
0000001850,-0.0205715
0000001860,-0.0210143
0000001870,-0.013274
0000001880,-0.0232139
0000001890,-0.010016
0000001900,-0.0246891
0000001910,-0.0237273
0000001920,-0.0551894
0000001930,0.00409931
0000001940,-0.0111215
0000001950,0.00227179
0000001960,-0.00142456
0000001970,-0.0246071
0000001980,-0.00308196
0000001990,-0.0142005
0000002000,-0.0111249
0000002010,-0.0256353
0000002020,-0.0182861
0000002030,-0.0115742
0000002040,-0.0210911
0000002050,0.00911175
0000002060,-0.0437704
0000002070,0.00644417
0000002080,-0.0334111
0000002090,-0.0459272
0000002100,-0.0405847
0000002110,-0.0570205
0000002120,-0.0158934
0000002130,-0.00703998
0000002140,-0.0125354
0000002150,-0.0275644
0000002160,-0.028204
0000002170,-0.0172557
0000002180,-0.0175398
0000002190,0.000556185
0000002200,-0.0112782
0000002210,-0.0155381
0000002220,0.00667938
0000002230,-0.0178833
0000002240,0.00148001
0000002250,-0.00299909
0000002260,-0.0159304
0000002270,-0.00737319
0000002280,0.00526582
0000002290,-0.0245985
0000002300,-0.0338014
0000002310,-0.023838
0000002320,0.0287762
0000002330,-0.0290426
0000002340,-0.044356
0000002350,-0.0287837
0000002360,0.0225677
0000002370,-0.0317271
0000002380,-0.0223303
0000002390,-0.0134581
0000002400,-0.0260198
0000002410,0.00182493
0000002420,-0.0139658
0000002430,-0.017765
0000002440,-0.0245148
0000002450,-0.0235593
0000002460,-0.0195103
0000002470,-0.0249326
0000002480,0.00510081
0000002490,-0.0236228
0000002500,-0.016713
0000002510,-0.00295669
0000002520,-0.0202754
0000002530,-0.00564372
0000002540,-0.0243583
0000002550,0.00499807
0000002560,-0.0331065
0000002570,-0.00656489
0000002580,0.00472448
0000002590,-0.0308079
0000002600,-0.0161046
0000002610,-0.0346066
0000002620,-0.0214853
0000002630,-0.00911475
0000002640,-0.019782
0000002650,-0.00136361
0000002660,-0.00858941
0000002670,-0.0195264
0000002680,-0.0102715
0000002690,0.00474036
0000002700,-0.0293095
0000002710,-0.0223605
0000002720,-0.0176288
0000002730,-0.0312177
0000002740,-0.0117782
0000002750,-0.0111872
0000002760,-0.0183425
0000002770,-0.0165933
0000002780,-0.0189
0000002790,-0.0333274
0000002800,-0.00390326
0000002810,-0.0134495
0000002820,-0.0101297
0000002830,-0.0107293
0000002840,0.00826117
0000002850,0.00571972
0000002860,-0.022094
0000002870,-0.00100316
0000002880,-0.0211002
0000002890,-0.0409028
0000002900,-0.0160914
0000002910,-0.0250788
0000002920,-0.0227221
0000002930,-0.00915428
0000002940,-0.00800093
0000002950,-0.0399062
0000002960,0.00826293
0000002970,-0.0133997
0000002980,-0.0175623
0000002990,-0.0169584
0000003000,-0.0302535
0000003010,-0.0226239
0000003020,-0.0136344
0000003030,-0.015637
0000003040,-0.0163593
0000003050,-0.0293776
0000003060,4.43827e-05
0000003070,0.00482196
0000003080,-0.0220828
0000003090,-0.0156584
0000003100,-0.00866693
0000003110,-0.0183886
0000003120,-0.0055671
0000003130,-0.0224924
0000003140,-0.0178566
0000003150,-0.00465917
0000003160,-0.00782907
0000003170,-0.0312128
0000003180,-0.0164729
0000003190,-0.0149767
0000003200,-0.0141039
0000003210,-0.0259421
0000003220,-0.0294351
0000003230,-0.00940236
0000003240,-0.0464708
0000003250,-0.0195076
0000003260,-0.0321257
0000003270,-0.0447248
0000003280,-0.0303188
0000003290,-0.00235748
0000003300,-0.025773
0000003310,-0.0261977
0000003320,-0.0153954
0000003330,-0.0314845
0000003340,-0.0526294
0000003350,-0.0098949
0000003360,-0.0126438
0000003370,-0.0104324
0000003380,-0.0131087
0000003390,-0.030444
0000003400,-0.0014808
0000003410,-0.0453561
0000003420,-0.0131434
0000003430,-0.0195731
0000003440,-0.019695
0000003450,-0.0157516
0000003460,-0.0107016
0000003470,0.00469505
0000003480,-0.00515522
0000003490,-0.00819422
0000003500,-0.0331855
0000003510,-0.0126007
0000003520,0.000373448
0000003530,-0.0404946
0000003540,-0.023678
0000003550,-0.013458
0000003560,-0.00686611
0000003570,-0.0476954
0000003580,-0.00688851
0000003590,-0.0362535
0000003600,-0.00901196
0000003610,-0.00332035
0000003620,-0.0171733
0000003630,-0.0120496
0000003640,-0.0280508
0000003650,-0.0171745
0000003660,0.00342015
0000003670,0.00706193
0000003680,-0.0101522
0000003690,-0.00472062
0000003700,-0.0110081
0000003710,-0.00487568
0000003720,-0.0296839
0000003730,-0.0269562
0000003740,-0.0266482
0000003750,-0.0244148
0000003760,-0.0196892
0000003770,-0.00370963
0000003780,-0.00563585
0000003790,-0.00827786
0000003800,-0.0303999
0000003810,-0.0240348
0000003820,-0.0221283
0000003830,-0.00727117
0000003840,-0.00613736
0000003850,0.00937022
0000003860,-0.0182443
0000003870,-0.00991918
0000003880,-0.0132144
0000003890,0.00109167
0000003900,-0.0221071
0000003910,-0.021006
0000003920,-0.0101342
0000003930,-0.0245762
0000003940,-0.0219815
0000003950,-0.0290899
0000003960,-0.0222746
0000003970,-0.0309181
0000003980,-0.0127675
0000003990,-0.013967
0000004000,-0.0189654
0000004010,-0.0281103
0000004020,-0.0207442
0000004030,-0.0210652
0000004040,-0.0179394
0000004050,-0.00180072
0000004060,0.000588237
0000004070,-0.0278947
0000004080,-0.0344062
0000004090,-0.0122898
0000004100,-0.0235244
0000004110,-0.0111947
0000004120,0.00169497
0000004130,-0.0120265
0000004140,-0.0175917
0000004150,-0.00317838
0000004160,-0.00633834
0000004170,-0.00551741
0000004180,-0.0147605
0000004190,-0.0106673
0000004200,-0.0202067
0000004210,-0.000850624
0000004220,-0.00486839
0000004230,-0.0159653
0000004240,0.000557099
0000004250,-0.0205168
0000004260,-0.00953164
0000004270,-0.00967187
0000004280,-0.00585275
0000004290,-0.0037873
0000004300,-0.00588238
0000004310,-0.0143711
0000004320,-0.0141166
0000004330,-0.0125639
0000004340,-0.0223325
0000004350,-0.0176046
0000004360,-0.024274
0000004370,-0.0179439
0000004380,-0.0505139
0000004390,-0.0198507
0000004400,-0.0341507
0000004410,-0.0382258
0000004420,-0.0267036
0000004430,-0.019997
0000004440,-0.0249507
0000004450,-0.00418262
0000004460,0.00285434
0000004470,-0.0255227
0000004480,0.00129
0000004490,-0.0114099
0000004500,-0.0201536
0000004510,-0.0207801
0000004520,-0.0284734
0000004530,-0.00989433
0000004540,-0.0182742
0000004550,-0.0341867
0000004560,0.00114652
0000004570,-0.0190043
0000004580,-0.0185899
0000004590,-0.00382191
0000004600,-0.0133651
0000004610,-0.0202658
0000004620,-0.00296301
0000004630,-0.000867478
0000004640,-0.0260941
0000004650,-0.0261416
0000004660,-0.00217444
0000004670,-0.00820065
0000004680,-0.0173433
0000004690,-0.0269667
0000004700,-0.0223001
0000004710,-0.0184797
0000004720,-0.014741
0000004730,-0.0119633
0000004740,-0.0376445
0000004750,-0.0146645
0000004760,0.0059085
0000004770,-0.00839118
0000004780,-0.0276074
0000004790,-0.0211865
0000004800,-0.0291505
0000004810,-0.000244469
0000004820,-0.0121903
0000004830,-0.0215406
0000004840,-0.00380758
0000004850,-0.0515712
0000004860,0.00682746
0000004870,-0.0143256
0000004880,-0.0251163
0000004890,-0.0267431
0000004900,-0.029142
0000004910,-0.0267411
0000004920,-0.0156284
0000004930,-0.0431812
0000004940,-0.0210248
0000004950,-0.00787631
0000004960,-0.011476
0000004970,-0.0449583
0000004980,-0.0169108
0000004990,-0.020424
0000005000,-0.0216836
0000005010,-0.0289296
0000005020,-0.00386913
0000005030,6.35068e-05
0000005040,-0.0133996
0000005050,-0.00534054
0000005060,-0.00517266
0000005070,-0.00298789
0000005080,-0.00914992
0000005090,-0.00636642
0000005100,-0.0263579
0000005110,-0.0162308
0000005120,-0.000398783
0000005130,-0.0238688
0000005140,-0.0138014
0000005150,-0.0237091
0000005160,-0.0381009
0000005170,-0.0188763
0000005180,-0.00176615
0000005190,-0.0149588
0000005200,-0.00632653
0000005210,-0.0191301
0000005220,-0.0122717
0000005230,-0.00570871
0000005240,0.00946955
0000005250,-0.0250262
0000005260,-0.0302902
0000005270,-0.00422593
0000005280,-0.0220451
0000005290,-0.00701814
0000005300,-0.0198611
0000005310,-0.022824
0000005320,-0.0140834
0000005330,-0.00707891
0000005340,-0.00477219
0000005350,-0.00225593
0000005360,-0.0140553
0000005370,0.00247876
0000005380,-0.0223872
0000005390,-0.0135621
0000005400,-0.00129958
0000005410,-0.0120329
0000005420,-0.019571
0000005430,-0.0163092
0000005440,-0.0280304
0000005450,-0.00269059
0000005460,-0.00124435
0000005470,-0.0337444
0000005480,-0.0268283
0000005490,-0.0163203
0000005500,-0.0192703
0000005510,-0.00818566
0000005520,-0.0113412
0000005530,-0.0276074
0000005540,-0.0196804
0000005550,-0.00701626
0000005560,-0.0276027
0000005570,-0.0382127
0000005580,0.000642512
0000005590,0.00368525
0000005600,-0.0268437
0000005610,-0.00433214
0000005620,-0.0225981
0000005630,-0.0170897
0000005640,-0.0283818
0000005650,0.00185665
0000005660,-0.0315863
0000005670,-0.0300337
0000005680,-0.0277294
0000005690,-0.00907044
0000005700,-0.0256546
0000005710,-0.0164282
0000005720,0.00828558
0000005730,-0.0161908
0000005740,-0.0175852
0000005750,-0.000560949
0000005760,-0.0276086
0000005770,-0.0246798
0000005780,-0.0139978
0000005790,-0.0272308
0000005800,-0.0176773
0000005810,-0.00992095
0000005820,-0.0251721
0000005830,0.00693104
0000005840,-0.034683
0000005850,-0.0373201
0000005860,-0.0232818
0000005870,-0.0154568
0000005880,-0.00730251
0000005890,-0.011788
0000005900,-0.0252286
0000005910,0.00725515
0000005920,-0.0146018
0000005930,-0.0139165
0000005940,-0.0172881
0000005950,-0.0453275
0000005960,-0.0104112
0000005970,-0.0180703
0000005980,-0.0287486
0000005990,-0.0256157
0000006000,-0.0188268
0000006010,-0.0136606
0000006020,-0.0128596
0000006030,-0.0153219
0000006040,-0.00779195
0000006050,-0.0278354
0000006060,-0.00190769
0000006070,-0.0140338
0000006080,-0.00657382
0000006090,-0.0211833
0000006100,0.00279561
0000006110,-0.0201076
0000006120,-0.0216865
0000006130,-0.0164761
0000006140,-0.00539173
0000006150,-0.0224868
0000006160,-0.0328432
0000006170,-0.0244348
0000006180,-0.0193162
0000006190,-0.0250774
0000006200,0.0113256
0000006210,-0.00722267
0000006220,-0.0236406
0000006230,0.0043301
0000006240,-0.00424864
0000006250,-0.00542775
0000006260,-0.00821345
0000006270,-0.0139295
0000006280,-0.0214169
0000006290,-0.0206647
0000006300,-0.0334162
0000006310,-0.0275972
0000006320,-0.00591312
0000006330,-0.0141835
0000006340,-0.0245567
0000006350,0.0019456
0000006360,0.00399021
0000006370,-0.0130364
0000006380,-0.0304851
0000006390,-0.0119636
0000006400,-0.00704565
0000006410,-0.0146288
0000006420,-0.0124479
0000006430,-0.0318584
0000006440,0.00505649
0000006450,-0.0213201
0000006460,-0.0224921
0000006470,-0.0250653
0000006480,-0.0200307
0000006490,-0.00915577
0000006500,-0.0220872
0000006510,-0.015083
0000006520,-0.0019363
0000006530,-0.013273
0000006540,-0.0183419
0000006550,-0.00522232
0000006560,-0.0123688
0000006570,-0.00792789
0000006580,-0.0161569
0000006590,0.000392921
0000006600,-0.0190847
0000006610,-0.0136755
0000006620,-0.018002
0000006630,-0.030142
0000006640,0.00389117
0000006650,-0.0018684
0000006660,-0.0203163
0000006670,-0.0164782
0000006680,-0.0214995
0000006690,-0.016171
0000006700,-0.0264173
0000006710,-0.0148495
0000006720,-0.00933998
0000006730,-0.0302086
0000006740,-0.0239732
0000006750,-0.0247828
0000006760,-0.0195599
0000006770,-0.0135991
0000006780,-0.0241182
0000006790,-0.0147547
0000006800,-0.0166021
0000006810,-0.00410265
0000006820,-0.0239708
0000006830,-0.0265342
0000006840,-0.0269067
0000006850,-0.00826279
0000006860,-0.0274206
0000006870,-0.00907309
0000006880,-0.0148371
0000006890,-0.0224262
0000006900,-0.00887831
0000006910,-0.0475294
0000006920,-0.0145899
0000006930,-0.0233392
0000006940,-0.0279834
0000006950,-0.0317245
0000006960,-0.0180185
0000006970,-0.0153728
0000006980,-0.00481342
0000006990,-0.0410503
0000007000,-0.0292676
0000007010,-0.00454009
0000007020,-0.0268847
0000007030,-0.00996585
0000007040,-0.0199861
0000007050,0.000384063
0000007060,-0.000668711
0000007070,-0.00910398
0000007080,-0.0164239
0000007090,-0.0207265
0000007100,-0.0446623
0000007110,0.00297217
0000007120,-0.0243162
0000007130,-0.0108278
0000007140,-0.0146882
0000007150,-0.0294093
0000007160,-0.0254887
0000007170,-0.0259353
0000007180,-0.0159846
0000007190,-0.0133408
0000007200,-0.0132876
0000007210,0.00526904
0000007220,-0.0217046
0000007230,-0.0044968
0000007240,-0.00516975
0000007250,-0.00143584
0000007260,-0.00549604
0000007270,-0.0106627
0000007280,-0.0139929
0000007290,0.00353252
0000007300,-0.0363863
0000007310,-0.00968615
0000007320,-0.00516756
0000007330,-0.0235503
0000007340,0.00306756
0000007350,0.00777228
0000007360,-0.00757637
0000007370,-0.0117497
0000007380,-0.0180256
0000007390,-0.0146131
0000007400,-0.0143725
0000007410,-0.0215349
0000007420,-0.0137453
0000007430,-0.022419
0000007440,-0.0267043
0000007450,-0.00392829
0000007460,-0.0109869
0000007470,-0.0381539
0000007480,-0.00527971
0000007490,-0.00767519
0000007500,-0.0279697
0000007510,-0.0235233
0000007520,-0.0142501
0000007530,-0.017632
0000007540,-0.0206319
0000007550,0.00156711
0000007560,-0.00548235
0000007570,-0.00610127
0000007580,-0.0146865
0000007590,-0.0336254
0000007600,-0.0261652
0000007610,-0.0224808
0000007620,-0.0177097
0000007630,-0.0285154
0000007640,-0.0047148
0000007650,0.000424408
0000007660,-0.0107408
0000007670,-0.0128433
0000007680,-0.00414156
0000007690,-0.0204949
0000007700,-0.0288065
0000007710,-0.0186164
0000007720,-0.0172067
0000007730,-0.0037366
0000007740,-0.00562337
0000007750,-0.000540793
0000007760,-0.028043
0000007770,-0.00336357
0000007780,-0.0252506
0000007790,-0.0299741
0000007800,-0.00599451
0000007810,-0.0271337
0000007820,-0.0187964
0000007830,-0.0257043
0000007840,-0.0122729
0000007850,-0.0414759
0000007860,-0.0149756
0000007870,-0.000908574
0000007880,-0.00496608
0000007890,-0.0256602
0000007900,-0.0331561
0000007910,-0.00754029
0000007920,0.000338791
0000007930,-0.0151445
0000007940,-0.0221437
0000007950,-0.0210077
0000007960,-0.0053781
0000007970,-0.0138242
0000007980,-0.0161604
0000007990,-0.0215271
0000008000,-0.0279726
0000008010,-0.0165803
0000008020,-0.00963173
0000008030,-0.0168661
0000008040,-0.0116955
0000008050,-0.0285392
0000008060,-0.0126935
0000008070,-0.0104395
0000008080,-0.00996117
0000008090,-0.0115129
0000008100,0.00711546
0000008110,-0.0189155
0000008120,-0.0096373
0000008130,-0.0222726
0000008140,-0.0340533
0000008150,-0.0278187
0000008160,-0.0102774
0000008170,-0.0108085
0000008180,0.000735177
0000008190,-0.0207744
0000008200,0.0101347
0000008210,-0.00696651
0000008220,-0.0178334
0000008230,-0.0313326
0000008240,-0.0307335
0000008250,-0.0549479
0000008260,-0.0123107
0000008270,-0.0258049
0000008280,-0.00182864
0000008290,-0.00530572
0000008300,-0.0256265
0000008310,-0.0148435
0000008320,0.00120454
0000008330,0.000509547
0000008340,0.00637528
0000008350,0.000547123
0000008360,-0.0129353
0000008370,-0.0242505
0000008380,-0.0182913
0000008390,-0.0207349
0000008400,-0.0358826
0000008410,-0.00287393
0000008420,-0.0197491
0000008430,-0.0169498
0000008440,-0.0281694
0000008450,-0.0151287
0000008460,-0.0217255
0000008470,-0.0186569
0000008480,-0.0242922
0000008490,-0.00262417
0000008500,-0.013301
0000008510,-0.00700246
0000008520,-0.0209945
0000008530,-0.014823
0000008540,-0.0371256
0000008550,-0.0228134
0000008560,-0.0321204
0000008570,-0.00555346
0000008580,-0.023121
0000008590,-0.000931531
0000008600,-0.0143527
0000008610,-0.020825
0000008620,-0.00980072
0000008630,-0.00165908
0000008640,-0.0232107
0000008650,-0.0192848
0000008660,-0.0125209
0000008670,-0.0299882
0000008680,-0.000911934
0000008690,-0.0264039
0000008700,-0.0286087
0000008710,-0.0178297
0000008720,-0.0184423
0000008730,-0.00473359
0000008740,-0.0209362
0000008750,-0.014571
0000008760,-0.0316683
0000008770,-0.0318625
0000008780,-0.0274003
0000008790,-0.0438736
0000008800,-0.023389
0000008810,0.00536543
0000008820,-0.00490173
0000008830,-0.0316469
0000008840,0.0123371
0000008850,-0.0176756
0000008860,-0.0259674
0000008870,-0.0131911
0000008880,-0.0235389
0000008890,-0.0156219
0000008900,-0.0360033
0000008910,0.000708367
0000008920,-0.0103426
0000008930,-0.00741656
0000008940,-0.00583888
0000008950,-0.0461855
0000008960,-0.0142919
0000008970,-0.00711715
0000008980,-0.0103609
0000008990,-0.038125
0000009000,-0.0178321
0000009010,-0.0206003
0000009020,-0.0296292
0000009030,-0.00612196
0000009040,-0.0119768
0000009050,-0.0153215
0000009060,-0.0286629
0000009070,0.00755826
0000009080,-0.0123867
0000009090,-0.0109398
0000009100,-0.0246933
0000009110,-0.00712935
0000009120,-0.0476292
0000009130,-0.0321785
0000009140,-0.0187032
0000009150,-0.0271599
0000009160,-0.039534
0000009170,-0.031523
0000009180,-0.0197967
0000009190,-0.0255172
0000009200,-0.0285983
0000009210,-0.0146374
0000009220,-0.0100081
0000009230,-0.0141954
0000009240,-0.0201312
0000009250,-0.0235948
0000009260,-0.0148927
0000009270,-0.00549036
0000009280,-0.00802604
0000009290,-0.0336903
0000009300,-0.0166999
0000009310,-0.0195046
0000009320,-0.0247159
0000009330,-0.0221143
0000009340,-0.0229395
0000009350,-0.0179678
0000009360,-0.00669092
0000009370,-0.0149658
0000009380,-0.00958996
0000009390,-0.0203507
0000009400,-0.00769407
0000009410,-0.0242359
0000009420,-0.035014
0000009430,-0.0111816
0000009440,-0.0258199
0000009450,-0.0112803
0000009460,-0.000220681
0000009470,-0.0339699
0000009480,-0.0366872
0000009490,-0.025046
0000009500,-0.0299593
0000009510,-0.0215438
0000009520,-0.00335597
0000009530,-0.0233349
0000009540,-0.0230094
0000009550,-0.0113162
0000009560,-0.0262016
0000009570,-0.00520666
0000009580,-0.0216868
0000009590,-0.0215483
0000009600,-0.014786
0000009610,-0.026013
0000009620,-0.0259642
0000009630,-0.00158681
0000009640,-0.022356
0000009650,-0.0177904
0000009660,-0.0115676
0000009670,-0.0370083
0000009680,-0.0292449
0000009690,-0.0175405
0000009700,-0.0349321
0000009710,-0.00724976
0000009720,-0.0156781
0000009730,-0.0163858
0000009740,-0.02113
0000009750,-0.0112674
0000009760,-0.0119243
0000009770,-0.0328207
0000009780,-0.00717153
0000009790,0.000468198
0000009800,-0.00812442
0000009810,-0.0113769
0000009820,-0.00449457
0000009830,-0.0198088
0000009840,-0.0271831
0000009850,-0.0210717
0000009860,-0.0417787
0000009870,-0.0258929
0000009880,-0.0469128
0000009890,-0.0106789
0000009900,0.0110023
0000009910,-0.00659341
0000009920,-0.0119608
0000009930,-0.0213006
0000009940,-0.0138629
0000009950,-0.0213022
0000009960,-0.019683
0000009970,-0.0264355
0000009980,0.000129257
0000009990,-0.0225873
0000010000,-0.010292
0000010010,-0.0151958
0000010020,-0.02708
0000010030,-0.00710584
0000010040,-0.00801011
0000010050,-0.0304072
0000010060,-0.0276698
0000010070,-0.0031175
0000010080,-0.0158114
0000010090,-0.00102037
0000010100,-0.0223087
0000010110,-0.0199847
0000010120,0.0102239
0000010130,-0.0162354
0000010140,-0.0236202
0000010150,-0.0221174
0000010160,-0.0152612
0000010170,-0.0332969
0000010180,-0.00406187
0000010190,-0.00307085
0000010200,-0.0459929
0000010210,-0.000105602
0000010220,-0.00695154
0000010230,-0.0157821
0000010240,-0.0196676
0000010250,-0.00147819
0000010260,-0.0267046
0000010270,-0.0147772
0000010280,-0.0271412
0000010290,-0.0176519
0000010300,-0.0253983
0000010310,-0.0191386
0000010320,-0.0210938
0000010330,-0.0284284
0000010340,-0.00457635
0000010350,-0.0295343
0000010360,-0.0184866
0000010370,-0.0175295
0000010380,-0.00466313
0000010390,-0.00789461
0000010400,0.00113281
0000010410,-0.0137063
0000010420,-0.0268444
0000010430,-0.0154341
0000010440,-0.00583966
0000010450,-0.0197907
0000010460,-0.013121
0000010470,-0.00591452
0000010480,-0.018155
0000010490,-0.0241229
0000010500,-0.019257
0000010510,-0.0142115
0000010520,-0.0144463
0000010530,-0.00954737
0000010540,-0.0141092
0000010550,-0.0047059
0000010560,-0.0330026
0000010570,-0.012345
0000010580,-0.0108502
0000010590,-0.0308469
0000010600,-0.0257129
0000010610,-0.0213745
0000010620,-0.0146561
0000010630,-0.0161819
0000010640,-0.0301085
0000010650,-0.0522853
0000010660,-0.0189829
0000010670,-0.00467747
0000010680,-0.0114295
0000010690,-0.0401761
0000010700,-0.0180909
0000010710,-0.0316711
0000010720,-0.0134564
0000010730,-0.0118078
0000010740,-0.0118149
0000010750,-0.0157337
0000010760,-0.00362616
0000010770,-0.00707633
0000010780,-0.0165737
0000010790,-0.000407646
0000010800,-0.0177378
0000010810,0.00239787
0000010820,-0.015748
0000010830,-0.00110129
0000010840,-0.0150082
0000010850,-0.000127057
0000010860,-0.00901324
0000010870,-0.0182188
0000010880,-0.0406014
0000010890,-0.0225164
0000010900,-0.0195587
0000010910,-0.0311836
0000010920,-0.0179614
0000010930,-0.0174628
0000010940,-0.000954891
0000010950,-0.019892
0000010960,-0.00925491
0000010970,-0.00193901
0000010980,-0.00135638
0000010990,-0.00745515
