0000000000,-0.0191308
0000000010,-0.0294135
0000000020,-0.0251663
0000000030,-0.0286672
0000000040,-0.00505007
0000000050,-0.0249486
0000000060,-0.0406354
0000000070,-0.0122172
0000000080,-0.0111011
0000000090,-0.0243841
0000000100,-0.0252068
0000000110,-0.0329522
0000000120,-0.0170543
0000000130,-0.0251188
0000000140,-0.0182962
0000000150,-0.0161039
0000000160,-0.0182839
0000000170,-0.0196307
0000000180,-0.012282
0000000190,-0.0213006
0000000200,0.0052233
0000000210,-0.0126197
0000000220,-0.0118475
0000000230,-0.0223844
0000000240,0.0058143
0000000250,-0.0293985
0000000260,-0.0123482
0000000270,-0.011214
0000000280,-0.0280528
0000000290,-0.00848304
0000000300,-0.0154512
0000000310,-0.0236581
0000000320,-0.0196724
0000000330,-0.0324011
0000000340,-0.0320139
0000000350,-0.0260198
0000000360,-0.0148059
0000000370,-0.0232204
0000000380,-0.027805
0000000390,-0.0148559
0000000400,-0.0195884
0000000410,-0.0222679
0000000420,-0.0244789
0000000430,-0.013059
0000000440,-0.00752705
0000000450,-0.0117255
0000000460,-0.00857705
0000000470,-0.0158841
0000000480,-0.0209453
0000000490,-0.0130738
0000000500,-0.017506
0000000510,-0.0264847
0000000520,-0.00671069
0000000530,-0.0106045
0000000540,-0.0115438
0000000550,-0.0242904
0000000560,-0.0124401
0000000570,-0.0301271
0000000580,-0.00794308
0000000590,-0.0114402
0000000600,-0.0282397
0000000610,-0.0125676
0000000620,-0.000110456
0000000630,-0.0282532
0000000640,-0.01754
0000000650,-0.0161498
0000000660,-0.0216811
0000000670,-0.0276348
0000000680,0.00179945
0000000690,-0.0137847
0000000700,-0.0317555
0000000710,-0.0203437
0000000720,-0.0179466
0000000730,-0.026071
0000000740,-0.0149846
0000000750,-0.0208345
0000000760,-0.0218084
0000000770,-0.0121789
0000000780,-0.025677
0000000790,-0.0146753
0000000800,-0.0172515
0000000810,0.000927004
0000000820,-0.0157014
0000000830,-0.0266733
0000000840,-0.0148114
0000000850,-0.0236216
0000000860,-0.010139
0000000870,-0.00296206
0000000880,-0.0300451
0000000890,-0.0237783
0000000900,-0.0152911
0000000910,-0.0201708
0000000920,-0.011081
0000000930,-0.0117809
0000000940,-0.0170161
0000000950,-0.0233351
0000000960,-0.0137457
0000000970,-0.0300416
0000000980,-0.00902979
0000000990,-0.015209
0000001000,-0.00604153
0000001010,-0.00308578
0000001020,-0.0182087
0000001030,-0.0177859
0000001040,-0.0117548
0000001050,-0.0350777
0000001060,-0.0200215
0000001070,-0.0222016
0000001080,-0.0541695
0000001090,-0.0171867
0000001100,-0.00137245
0000001110,-0.0059221
0000001120,-0.0292711
0000001130,-0.00782089
0000001140,-0.0200408
0000001150,-0.028247
0000001160,-0.0252581
0000001170,-0.0130122
0000001180,-0.0120031
0000001190,-0.0168469
0000001200,-0.0258477
0000001210,-0.025822
0000001220,-0.0112186
0000001230,-0.0144881
0000001240,-0.0172196
0000001250,-0.0275411
0000001260,-0.0126392
0000001270,-0.0127004
0000001280,-0.025132
0000001290,-0.033891
0000001300,-0.0221945
0000001310,-0.0152334
0000001320,-0.0198116
0000001330,-0.0178199
0000001340,-0.0379691
0000001350,-0.0164762
0000001360,-0.0212478
0000001370,-0.0131112
0000001380,-0.0170639
0000001390,-0.00375192
0000001400,-0.0129024
0000001410,-0.0111208
0000001420,-0.0124148
0000001430,-0.0261541
0000001440,-0.0196172
0000001450,-0.0156005
0000001460,-0.017666
0000001470,-0.0163679
0000001480,-0.0236909
0000001490,-0.0283853
0000001500,-0.0153953
0000001510,-0.0234678
0000001520,-0.0209535
0000001530,-0.0108286
0000001540,-0.0307703
0000001550,-0.0204719
0000001560,-0.0203433
0000001570,-0.00783417
0000001580,-0.0077778
0000001590,-0.0250003
0000001600,-0.0220036
0000001610,-0.0267254
0000001620,-0.0206662
0000001630,-0.0236401
0000001640,-0.0311936
0000001650,-0.0313317
0000001660,-0.026445
0000001670,-0.00363227
0000001680,-6.52349e-05
0000001690,-0.0146508
0000001700,-0.019449
0000001710,-0.0216226
0000001720,-0.0315397
0000001730,-0.01028
0000001740,-0.0198349
0000001750,-0.019289
0000001760,-0.00328599
0000001770,-0.026361
0000001780,-0.0175351
0000001790,-0.0125326
0000001800,-0.00953264
0000001810,-0.0195665
0000001820,-0.0282575
0000001830,-0.0240102
0000001840,-0.0139667
0000001850,-0.00804288
0000001860,-0.0230962
0000001870,-0.0276801
0000001880,-0.0219194
0000001890,-0.024826
0000001900,-0.0182814
0000001910,-0.0183191
0000001920,-0.0128485
0000001930,-0.0142896
0000001940,-0.00855029
0000001950,-0.0191348
0000001960,-0.02109
0000001970,-0.024918
0000001980,-0.0295646
0000001990,-0.00856658
0000002000,-0.0210909
0000002010,-0.0157099
0000002020,-0.0387212
0000002030,0.00171733
0000002040,-0.00514633
0000002050,-0.0228114
0000002060,-0.0247307
0000002070,-0.00860368
0000002080,-0.0108667
0000002090,-0.0202536
0000002100,-0.0253376
0000002110,-0.0205574
0000002120,-0.00536837
0000002130,-0.0155785
0000002140,-0.0131607
0000002150,-0.0279434
0000002160,-0.0133821
0000002170,-0.025903
0000002180,-0.00207781
0000002190,-0.0118386
0000002200,-0.00599131
0000002210,-0.010963
0000002220,0.000388913
0000002230,-0.0252327
0000002240,-0.0186243
0000002250,-0.00911425
0000002260,-0.021435
0000002270,-0.0176775
0000002280,-0.00731158
0000002290,-0.0150261
0000002300,-0.0131278
0000002310,-0.0141766
0000002320,-0.0127102
0000002330,-0.013949
0000002340,-0.0205897
0000002350,-0.0156256
0000002360,-0.0244189
0000002370,-0.0197218
0000002380,-0.0301478
0000002390,-0.0235284
0000002400,-0.0226447
0000002410,-0.0134105
0000002420,-0.0264923
0000002430,-0.0195094
0000002440,-0.023152
0000002450,-0.0213347
0000002460,-0.0210935
0000002470,-0.0290193
0000002480,-0.0230883
0000002490,-0.0353632
0000002500,0.00610141
0000002510,-0.0199239
0000002520,-0.030635
0000002530,-0.0175554
0000002540,-0.0198982
0000002550,-0.0153613
0000002560,-0.00855653
0000002570,-0.0265663
0000002580,-0.00960465
0000002590,-0.0443203
0000002600,-0.00881375
0000002610,-0.0132061
0000002620,0.00187315
0000002630,-0.0243716
0000002640,-0.0333839
0000002650,-0.0072417
0000002660,-0.00353021
0000002670,-0.025425
0000002680,-0.0189129
0000002690,-0.0203839
0000002700,-0.0149717
0000002710,-0.0212567
0000002720,-0.022252
0000002730,-0.023429
0000002740,-0.0181686
0000002750,-0.0155082
0000002760,-0.0104036
0000002770,-0.0126483
0000002780,-0.0326275
0000002790,-0.0406415
0000002800,-0.00414951
0000002810,-0.0162245
0000002820,-0.0300278
0000002830,-0.00262596
0000002840,-0.00332213
0000002850,-0.010619
0000002860,-0.0133251
0000002870,-0.0224094
0000002880,-0.0203673
0000002890,-0.0179842
0000002900,-0.0394975
0000002910,-0.0347916
0000002920,-0.0225813
0000002930,0.00058307
0000002940,-0.0145178
0000002950,-0.0251179
0000002960,-0.015605
0000002970,-0.018053
0000002980,-0.0366215
0000002990,-0.0202026
0000003000,-0.00595422
0000003010,-0.0461286
0000003020,-0.0169504
0000003030,-0.0233169
0000003040,0.000860116
0000003050,-0.0111516
0000003060,-0.0323535
0000003070,-0.0182948
0000003080,-0.0271078
0000003090,-0.0229699
0000003100,-0.0289472
0000003110,-0.0281402
0000003120,-0.0378265
0000003130,-0.027249
0000003140,-0.0018736
0000003150,-0.0198791
0000003160,-0.0131877
0000003170,-0.0419039
0000003180,-0.032666
0000003190,-0.0232959
0000003200,-0.0380336
0000003210,-0.00759291
0000003220,-0.0256219
0000003230,-0.0262303
0000003240,-0.0101132
0000003250,-0.0149377
0000003260,-0.0215789
0000003270,-0.0130402
0000003280,-0.0148116
0000003290,-0.0259524
0000003300,-0.0221074
0000003310,-0.0282764
0000003320,-0.00535656
0000003330,0.00196461
0000003340,-0.0162599
0000003350,-0.0079846
0000003360,-0.0151353
0000003370,-0.0251377
0000003380,-0.0156198
0000003390,-0.0298903
0000003400,-0.0277215
0000003410,-0.0286315
0000003420,-0.0289385
0000003430,-0.0128927
0000003440,-0.0306791
0000003450,-0.0311218
0000003460,-0.0324014
0000003470,-0.00754502
0000003480,-0.0279316
0000003490,-0.0183995
0000003500,-0.0283505
0000003510,-0.0110938
0000003520,-0.00625421
0000003530,-0.021329
0000003540,-0.013162
0000003550,-0.00743609
0000003560,-0.0170875
0000003570,-0.00885958
0000003580,-0.0216379
0000003590,-0.0309477
0000003600,-0.014684
0000003610,-0.0116213
0000003620,-0.0364999
0000003630,0.000288806
0000003640,-0.00535812
0000003650,-0.0218564
0000003660,-0.0169024
0000003670,-0.0106845
0000003680,-0.0130167
0000003690,-0.0297038
0000003700,-0.0187332
0000003710,-0.01814
0000003720,-0.0157728
0000003730,-0.0275569
0000003740,-0.00816602
0000003750,-0.0115474
0000003760,-0.0292638
0000003770,-0.0185615
0000003780,-0.0317013
0000003790,-0.0390718
0000003800,0.00970402
0000003810,-0.0141874
0000003820,-0.0172577
0000003830,-0.0237395
0000003840,-0.0262516
0000003850,-0.0256189
0000003860,-0.0298316
0000003870,-0.0314182
0000003880,-0.00450384
0000003890,-0.0185418
0000003900,-0.0167175
0000003910,-0.00524688
0000003920,-0.020348
0000003930,-0.0216381
0000003940,-0.0164482
0000003950,-0.0123919
0000003960,-0.00265783
0000003970,-0.0203343
0000003980,-0.00372277
0000003990,-0.0218738
0000004000,-0.021087
0000004010,-0.0212582
0000004020,-0.0235886
0000004030,-0.00640928
0000004040,-0.00221691
0000004050,-0.00893732
0000004060,-0.0195241
0000004070,-0.0084051
0000004080,-0.0261925
0000004090,-0.00935857
0000004100,-0.0162551
0000004110,-0.00777925
0000004120,-0.0248092
0000004130,-0.0164429
0000004140,-0.0134092
0000004150,-0.0305658
0000004160,-0.0234269
0000004170,-0.0140529
0000004180,-0.0379042
0000004190,-0.0271256
0000004200,-0.0196739
0000004210,-0.0116382
0000004220,-0.0122596
0000004230,-0.020859
0000004240,-0.0227465
0000004250,-0.022749
0000004260,-0.0201478
0000004270,-0.00817933
0000004280,-0.0267754
0000004290,-0.0216613
0000004300,-0.0270652
0000004310,-0.0283621
0000004320,-0.030611
0000004330,-0.0221018
0000004340,-0.0132752
0000004350,-0.0250552
0000004360,-0.0248876
0000004370,-0.0279015
0000004380,-0.00840906
0000004390,-0.00938538
0000004400,-0.018485
0000004410,-0.00773455
0000004420,-0.0251716
0000004430,-0.0162426
0000004440,-0.0127999
0000004450,-0.00745168
0000004460,-0.0096453
0000004470,-0.0145266
0000004480,-0.020739
0000004490,-0.0225095
0000004500,-0.0106742
0000004510,-0.0132865
0000004520,-0.0281308
0000004530,-0.0233751
0000004540,-0.0106509
0000004550,-0.0171993
0000004560,-0.0233685
0000004570,-0.010167
0000004580,-0.0333085
0000004590,-0.0256461
0000004600,-0.0118665
0000004610,-0.0170273
0000004620,-0.0266417
0000004630,-0.0144219
0000004640,-0.0131727
0000004650,-0.0287942
0000004660,-0.0250997
0000004670,-0.0258753
0000004680,-0.0161441
0000004690,-0.0163043
0000004700,-0.0193553
0000004710,-0.0195044
0000004720,-0.0201462
0000004730,-0.00997043
0000004740,-0.0198513
0000004750,-0.0409606
0000004760,-0.00752484
0000004770,-0.00993639
0000004780,-0.00653495
0000004790,-0.0126484
0000004800,-0.00836402
0000004810,-0.00404732
0000004820,-0.0128056
0000004830,-0.0125909
0000004840,-0.0282899
0000004850,-0.0118538
0000004860,-0.023571
0000004870,-0.00892689
0000004880,-0.0270841
0000004890,-0.0194398
0000004900,-0.0254942
0000004910,-0.0201324
0000004920,0.00298254
0000004930,-0.0150755
0000004940,-0.0419217
0000004950,-0.0315114
0000004960,-0.00217675
0000004970,-0.0092409
0000004980,-0.0197491
0000004990,-0.0195881
0000005000,-0.0209983
0000005010,-0.0238506
0000005020,-0.0240241
0000005030,0.00244731
0000005040,-0.010389
0000005050,-0.020345
0000005060,-0.0194463
0000005070,-0.0106121
0000005080,-0.038633
0000005090,0.00103506
0000005100,-0.035832
0000005110,0.00706434
0000005120,-0.0499768
0000005130,-0.00611244
0000005140,-0.0267405
0000005150,0.00940235
0000005160,-0.0184862
0000005170,-0.0176956
0000005180,-0.0136358
0000005190,-0.0260667
0000005200,0.0107529
0000005210,-0.0286179
0000005220,-0.00203817
0000005230,-0.0172223
0000005240,-0.0217366
0000005250,-0.0386244
0000005260,-0.019518
0000005270,0.0098611
0000005280,-0.0281036
0000005290,-0.0114255
0000005300,-0.0102971
0000005310,-0.00152564
0000005320,-0.0235877
0000005330,-0.0345541
0000005340,-0.00791259
0000005350,-0.0135682
0000005360,-0.0222284
0000005370,-0.0320107
0000005380,-0.0204498
0000005390,-0.0290142
0000005400,-0.0408884
0000005410,-0.0248282
0000005420,-0.0180725
0000005430,-0.00291186
0000005440,-0.0349175
0000005450,-0.0241573
0000005460,-0.0389504
0000005470,-0.00580908
0000005480,-0.0181832
0000005490,-0.0333626
0000005500,-0.032706
0000005510,-0.0211757
0000005520,-0.0249851
0000005530,-0.0272476
0000005540,-0.0406027
0000005550,-0.00837648
0000005560,-0.020512
0000005570,-0.0156613
0000005580,-0.017213
0000005590,-0.0135754
0000005600,-0.0236142
0000005610,-0.00358253
0000005620,-0.018881
0000005630,-0.0172367
0000005640,-0.0210995
0000005650,-0.0207735
0000005660,-0.0195196
0000005670,-0.0217994
0000005680,-0.0226948
0000005690,-0.0268452
0000005700,-0.0315746
0000005710,-0.0149149
0000005720,-0.00419647
0000005730,-0.0226098
0000005740,-0.0117484
0000005750,0.000446702
0000005760,-0.00924082
0000005770,-0.0359889
0000005780,-0.0190037
0000005790,-0.0280299
0000005800,-0.0262638
0000005810,-0.024946
0000005820,-0.0048282
0000005830,-0.0266398
0000005840,-0.0201235
0000005850,-0.00658161
0000005860,-0.0215946
0000005870,-0.00331447
0000005880,-0.0115202
0000005890,-0.00649798
0000005900,-0.0149863
0000005910,-0.0116781
0000005920,-0.0241598
0000005930,-0.00355308
0000005940,-0.00864102
0000005950,-0.0135877
0000005960,-0.0303121
0000005970,-0.0201963
0000005980,-0.0281655
0000005990,-0.0361503
0000006000,-0.0202259
0000006010,-0.000580657
0000006020,-0.0306201
0000006030,-0.0296702
0000006040,-0.040094
0000006050,-0.00583473
0000006060,-0.0181968
0000006070,-0.0320724
0000006080,-0.0114721
0000006090,-0.017314
0000006100,-0.013624
0000006110,-0.022128
0000006120,-0.0195983
0000006130,-0.0177674
0000006140,-0.0221035
0000006150,-0.00808268
0000006160,-0.00468668
0000006170,-0.0164843
0000006180,-0.00571261
0000006190,-0.0081943
0000006200,-0.0177889
0000006210,-0.0249264
0000006220,-0.0178353
0000006230,-0.0244747
0000006240,-0.0179423
0000006250,-0.0167047
0000006260,-0.0103584
0000006270,-0.0134993
0000006280,-0.0476311
0000006290,-0.0163875
0000006300,-0.0176077
0000006310,-0.010679
0000006320,-0.00972338
0000006330,-0.0346475
0000006340,-0.013705
0000006350,-0.00275368
0000006360,-0.00341693
0000006370,-0.0104972
0000006380,-0.0161601
0000006390,-0.0250413
0000006400,-0.028622
0000006410,-0.000446288
0000006420,-0.0224052
0000006430,-0.013808
0000006440,-0.0368776
0000006450,-0.00165283
0000006460,-0.00411064
0000006470,-0.0095707
0000006480,-0.0144793
0000006490,-0.00922945
0000006500,-0.01075
0000006510,-0.0159255
0000006520,-0.0203653
0000006530,-0.0143569
0000006540,-0.0122729
0000006550,-0.0273026
0000006560,-0.0256129
0000006570,-0.0192306
0000006580,-0.0100872
0000006590,-0.0234129
0000006600,-0.0242452
0000006610,-0.0199509
0000006620,-0.0236737
0000006630,-0.0303082
0000006640,-0.0139674
0000006650,-0.0116752
0000006660,-0.0232423
0000006670,-0.0268486
0000006680,-0.0280254
0000006690,-0.0129497
0000006700,-0.0237597
0000006710,-0.0220807
0000006720,-0.0292652
0000006730,-0.0196299
0000006740,-0.0174103
0000006750,-0.0138939
0000006760,-0.0215897
0000006770,-0.0232055
0000006780,-0.0276405
0000006790,-0.0305007
0000006800,-0.0187379
0000006810,-0.0192061
0000006820,-0.00983988
0000006830,-0.0148028
0000006840,-0.00117916
0000006850,-0.020658
0000006860,-0.0246428
0000006870,-0.0267411
0000006880,-0.0171306
0000006890,-0.00993051
0000006900,0.00667662
0000006910,-0.0310754
0000006920,-0.00530713
0000006930,-0.0171683
0000006940,-0.0125288
0000006950,-0.0208343
0000006960,-0.013673
0000006970,-0.0243718
0000006980,0.0035401
0000006990,-0.00787377
0000007000,-0.0130514
0000007010,-0.026057
0000007020,-0.0280615
0000007030,-0.022804
0000007040,-0.00644196
0000007050,-0.0315704
0000007060,-0.0255876
0000007070,-0.0260548
0000007080,-0.0116211
0000007090,-0.035754
0000007100,-0.0116156
0000007110,-0.0334187
0000007120,-0.0304608
0000007130,-0.00083539
0000007140,-0.0157336
0000007150,-0.0168584
0000007160,-0.0281686
0000007170,-0.00921459
0000007180,-0.0173475
0000007190,-0.0207662
0000007200,-0.0301309
0000007210,-0.0165486
0000007220,-0.00817413
0000007230,-0.0212296
0000007240,-0.0195239
0000007250,-0.0351497
0000007260,-0.0383101
0000007270,-0.00679981
0000007280,-0.0103646
0000007290,-0.0175943
0000007300,-0.0348393
0000007310,-0.0150259
0000007320,-0.0193328
0000007330,-0.0205041
0000007340,0.000857939
0000007350,-0.00891885
0000007360,-0.0322106
0000007370,-0.0118502
0000007380,-0.0146527
0000007390,-0.0186962
0000007400,-0.0178552
0000007410,-0.0231531
0000007420,-0.0291708
0000007430,-0.02131
0000007440,-0.020609
0000007450,-0.0289232
0000007460,-0.011222
0000007470,-0.014872
0000007480,-0.0071102
0000007490,-0.0120399
0000007500,-0.0263121
0000007510,-0.0150745
0000007520,-0.0244291
0000007530,-0.0279711
0000007540,-0.0136588
0000007550,-0.0134855
0000007560,-0.0233862
0000007570,-0.0233206
0000007580,-0.0100596
0000007590,-0.0176634
0000007600,-0.0108314
0000007610,-0.0143702
0000007620,-0.0124454
0000007630,-0.0422247
0000007640,-0.0239424
0000007650,-0.018953
0000007660,0.00561734
0000007670,-0.0164272
0000007680,-0.00802315
0000007690,-0.0195514
0000007700,-0.012552
0000007710,-0.0010011
0000007720,-0.0251587
0000007730,0.00412368
0000007740,-0.0207982
0000007750,-0.0168368
0000007760,-0.0229734
0000007770,-0.0118904
0000007780,-0.019229
0000007790,0.000853727
0000007800,0.00218236
0000007810,-0.00979937
0000007820,-0.0207849
0000007830,-0.0240459
0000007840,-0.0399133
0000007850,-0.0219469
0000007860,-0.0219268
0000007870,-0.0387921
0000007880,-0.0209782
0000007890,0.000939622
0000007900,-0.0103237
0000007910,-0.0176699
0000007920,-0.0177862
0000007930,-0.0137824
0000007940,-0.0189511
0000007950,-0.0331693
0000007960,-0.0228491
0000007970,-0.00909098
0000007980,-0.0217592
0000007990,-0.0212622
0000008000,-0.0140663
0000008010,-0.0326644
0000008020,-0.03111
0000008030,-0.0151831
0000008040,-0.00869533
0000008050,-0.0195718
0000008060,-0.0218606
0000008070,-0.0083203
0000008080,-0.0158066
0000008090,-0.017144
0000008100,-0.026512
0000008110,-0.00591442
0000008120,-0.0188664
0000008130,-0.0226976
0000008140,-0.0145135
0000008150,-0.0165956
0000008160,-0.0168096
0000008170,-0.0331508
0000008180,-0.0158002
0000008190,-0.027561
0000008200,-0.0315577
0000008210,-0.0250525
0000008220,-0.025121
0000008230,-0.0293473
0000008240,-0.0110134
0000008250,-0.0288544
0000008260,-0.0141756
0000008270,-0.0165883
0000008280,-0.0409127
0000008290,-0.0290078
0000008300,-0.0238353
0000008310,-0.0192992
0000008320,-0.00392565
0000008330,-0.0229135
0000008340,-0.0213664
0000008350,-0.00893315
0000008360,-0.0170892
0000008370,-0.0125387
0000008380,-0.0254585
0000008390,-0.0404183
0000008400,-0.0193566
0000008410,-0.0180868
0000008420,-0.0354955
0000008430,-0.00494014
0000008440,-0.00394481
0000008450,-0.0295232
0000008460,-0.0154374
0000008470,-0.0307792
0000008480,-0.0154845
0000008490,-0.0312935
0000008500,-0.0295282
0000008510,-0.0198299
0000008520,-0.0162984
0000008530,-0.020084
0000008540,-0.0162976
0000008550,-0.00957861
0000008560,0.00362264
0000008570,-0.0264266
0000008580,-0.0136697
0000008590,-0.0154844
0000008600,-0.0355407
0000008610,-0.0211025
0000008620,-0.0246171
0000008630,-0.0196778
0000008640,-0.0230317
0000008650,-0.0171224
0000008660,0.00402863
0000008670,-0.0274796
0000008680,-0.00596807
0000008690,-0.0162309
0000008700,-0.0318277
0000008710,-0.02916
0000008720,-0.0329158
0000008730,-0.0300443
0000008740,-0.0264111
0000008750,-0.0262569
0000008760,-0.0145928
0000008770,-0.0148667
0000008780,-0.00812846
0000008790,-0.0118496
0000008800,-0.0160168
0000008810,-0.0334865
0000008820,-0.0279331
0000008830,-0.0378151
0000008840,-0.0166183
0000008850,-0.0109641
0000008860,-0.0147777
0000008870,-0.0261782
0000008880,-0.00472859
0000008890,0.00408985
0000008900,-0.023369
0000008910,-0.0234139
0000008920,-0.0296996
0000008930,-0.0297323
0000008940,0.00938675
0000008950,-0.0077755
0000008960,-0.0240806
0000008970,-0.0202108
0000008980,-0.00141777
0000008990,-0.0271882
0000009000,-0.0184808
0000009010,-0.0261507
0000009020,-0.0327788
0000009030,-0.00785667
0000009040,-0.00211795
0000009050,-0.0187913
0000009060,-0.00436424
0000009070,-0.0228485
0000009080,-0.00962283
0000009090,-0.0253347
0000009100,-0.00369892
0000009110,-0.0272105
0000009120,-0.013782
0000009130,-0.0226268
0000009140,-0.0172195
0000009150,-0.0223445
0000009160,-0.00370289
0000009170,-0.0142839
0000009180,-0.00692049
0000009190,-0.0261087
0000009200,-0.0144337
0000009210,-0.0109394
0000009220,-0.0229168
0000009230,-0.0104052
0000009240,-0.0246106
0000009250,-0.0230692
0000009260,-0.0135398
0000009270,-0.0203322
0000009280,-0.0252155
0000009290,-0.00298885
0000009300,-0.0105704
0000009310,-0.0138452
0000009320,-0.0146638
0000009330,-0.0306777
0000009340,-0.0145614
0000009350,-0.0320359
0000009360,-0.0180313
0000009370,-0.0106244
0000009380,-0.0416572
0000009390,-0.0366671
0000009400,-0.0156094
0000009410,-0.0177763
0000009420,-0.0156659
0000009430,-0.0270043
0000009440,-0.0186832
0000009450,-0.0185185
0000009460,-0.0177708
0000009470,-0.014016
0000009480,-0.0299647
0000009490,-0.030679
0000009500,-0.0342774
0000009510,-0.0237839
0000009520,-0.029615
0000009530,-0.0236099
0000009540,-0.0260586
0000009550,0.0104991
0000009560,-0.02365
0000009570,-0.0208028
0000009580,-0.0269543
0000009590,-0.0191284
0000009600,-0.0125776
0000009610,-0.0172204
0000009620,-0.0268871
0000009630,-0.0235222
0000009640,-0.0306627
0000009650,-0.0156649
0000009660,-0.0274303
0000009670,-0.0158773
0000009680,-0.0193032
0000009690,-0.0478652
0000009700,-0.0301334
0000009710,-0.0050917
0000009720,-0.0128709
0000009730,-0.0265703
0000009740,-0.00607747
0000009750,-0.0106208
0000009760,-0.0123446
0000009770,-0.0235291
0000009780,-0.00670062
0000009790,-0.0116762
0000009800,-0.0318769
0000009810,-0.0276149
0000009820,-0.0160227
0000009830,-0.0225377
0000009840,-0.0298084
0000009850,-0.0249558
0000009860,-0.00866706
0000009870,-0.0107894
0000009880,-0.00136617
0000009890,-0.00584459
0000009900,-0.0225793
0000009910,-0.0277124
0000009920,-0.0081498
0000009930,-0.0143551
0000009940,-0.00875468
0000009950,-0.00383433
0000009960,-0.0313075
0000009970,-0.0143192
0000009980,-0.010042
0000009990,-0.0240481
0000010000,-0.0197463
0000010010,-0.0219315
0000010020,-0.0198164
0000010030,-0.0115189
0000010040,-0.0179698
0000010050,-0.0329766
0000010060,-0.00341604
0000010070,-0.015132
0000010080,-0.00501309
0000010090,-0.014945
0000010100,-0.0233203
0000010110,-0.0212586
0000010120,-0.00960797
0000010130,-0.0149978
0000010140,-0.0206154
0000010150,-0.032703
0000010160,-0.0165293
0000010170,-0.00629333
0000010180,-0.0265652
0000010190,-0.0242514
0000010200,-0.0235206
0000010210,-0.0251389
0000010220,0.000512378
0000010230,-0.0140892
0000010240,-0.0363841
0000010250,-0.0161189
0000010260,-0.0292853
0000010270,-0.0104858
0000010280,-0.00693605
0000010290,-0.00427626
0000010300,-0.0125522
0000010310,-0.00232624
0000010320,-0.0170494
0000010330,-0.0161637
0000010340,-0.0153627
0000010350,-0.0208943
0000010360,-0.0241854
0000010370,-0.0327323
0000010380,-0.0170708
0000010390,-0.0415835
0000010400,-0.00850581
0000010410,-0.0166867
0000010420,-0.00814142
0000010430,-0.0136165
0000010440,-0.0189717
0000010450,-0.00409578
0000010460,-0.0171093
0000010470,-0.000586002
0000010480,-0.0384547
0000010490,-0.0390302
0000010500,-0.0211715
0000010510,-0.0202492
0000010520,-0.0162257
0000010530,-0.0228562
0000010540,-0.0324832
0000010550,-0.0152937
0000010560,-0.00878376
0000010570,-0.0105809
0000010580,-0.0296906
0000010590,-0.0218718
0000010600,-0.0282854
0000010610,-0.00738994
0000010620,-0.0117517
0000010630,-0.00676911
0000010640,-0.020344
0000010650,-0.0132976
0000010660,-0.00331998
0000010670,-0.0223852
0000010680,-0.024179
0000010690,-0.0311229
0000010700,-0.0154234
0000010710,-0.030264
0000010720,-0.0221639
0000010730,-0.0295001
0000010740,-0.0142632
0000010750,-0.0203583
0000010760,-0.0123342
0000010770,-0.00918522
0000010780,-0.0178704
0000010790,-0.0158359
0000010800,-0.00885066
0000010810,-0.0270388
0000010820,-0.0189335
0000010830,-0.0111722
0000010840,-0.020158
0000010850,-0.0208213
0000010860,-0.0270264
0000010870,-0.0098815
0000010880,-0.0226571
0000010890,-0.0315231
0000010900,-0.038067
0000010910,-0.0178454
0000010920,-0.0193549
0000010930,-0.0211139
0000010940,-0.0148443
0000010950,0.00157352
0000010960,-0.0172682
0000010970,-0.0134439
0000010980,-0.0203032
0000010990,-0.00341865
0000011000,-0.0145704
0000011010,-0.0214714
0000011020,-0.0204385
0000011030,-0.014461
0000011040,-0.0099441
0000011050,-0.00992678
0000011060,-0.0129494
0000011070,0.00139461
0000011080,-0.0162144
0000011090,-0.0379336
0000011100,-0.0280142
0000011110,-0.0120383
0000011120,-0.0178779
0000011130,-0.0298318
0000011140,-0.0281737
0000011150,-0.0160359
0000011160,-0.0171937
0000011170,-0.0119245
0000011180,-0.0292347
0000011190,-0.00570886
0000011200,-0.023023
0000011210,-0.0288454
0000011220,-0.0163225
0000011230,-0.0324794
0000011240,-0.0165851
0000011250,-0.0153833
0000011260,-0.0221211
0000011270,-0.0198473
0000011280,-0.0190915
0000011290,-0.0377162
0000011300,-0.015744
0000011310,-0.0330486
0000011320,-0.0117657
0000011330,-0.0137604
0000011340,-0.0144775
0000011350,-0.0201487
0000011360,-0.0236828
0000011370,-0.036443
0000011380,-0.0170473
0000011390,-0.00448836
0000011400,-0.00544399
0000011410,-0.0257203
0000011420,-0.0144236
0000011430,-0.0163479
0000011440,-0.0374015
0000011450,-0.00845533
0000011460,-0.0260206
0000011470,-0.0187789
0000011480,-0.0279207
0000011490,-0.0125948
0000011500,-0.0243511
0000011510,-0.00568728
0000011520,-0.02809
0000011530,-0.026506
0000011540,-0.00815916
0000011550,0.00200287
0000011560,-0.0082257
0000011570,-0.0417225
0000011580,-0.0179505
0000011590,-0.0126573
0000011600,-0.0183151
0000011610,-0.0138414
0000011620,-0.0148673
0000011630,-0.0108751
0000011640,-0.0197563
0000011650,-0.0222417
0000011660,-0.000499262
0000011670,0.00033282
0000011680,-0.00872691
0000011690,-0.0368666
0000011700,-0.0218361
0000011710,-0.0300196
0000011720,-0.0253518
0000011730,-0.0159805
0000011740,-0.000726849
0000011750,-0.0282072
0000011760,-0.0199779
0000011770,-0.00528542
0000011780,-0.0155244
0000011790,-0.0124071
0000011800,-0.0155292
0000011810,-0.0207912
0000011820,-0.0155178
0000011830,-0.0301205
0000011840,-0.00661597
0000011850,-0.00373612
0000011860,-0.00478951
0000011870,-0.0257388
0000011880,-0.0265215
0000011890,-0.0308757
0000011900,-0.00685246
0000011910,-0.0207541
0000011920,-0.0451187
0000011930,-0.0214771
0000011940,-0.00566318
0000011950,-0.0229835
0000011960,-0.00357273
0000011970,-0.000581357
0000011980,-0.0181743
0000011990,-0.0218501
0000012000,-0.0104281
0000012010,-0.0103777
0000012020,-0.0123983
0000012030,-0.00979771
0000012040,-0.0201911
0000012050,-0.00462397
0000012060,-0.0319771
0000012070,-0.00639711
0000012080,-0.0224392
0000012090,-0.0128563
0000012100,-0.0167741
0000012110,-0.00384644
0000012120,-0.0204745
0000012130,-0.0325267
0000012140,-0.00362224
0000012150,-0.0239146
0000012160,-0.0243028
0000012170,-0.0308039
0000012180,-0.00448508
0000012190,-0.0123787
0000012200,-0.0267756
0000012210,-0.0167657
0000012220,-0.015952
0000012230,-0.0312885
0000012240,-0.010271
0000012250,-0.0132927
0000012260,-0.00832433
0000012270,-0.0242475
0000012280,-0.0304616
0000012290,-0.0146994
0000012300,-0.026547
0000012310,-0.0102393
0000012320,-0.0113228
0000012330,-0.0246562
0000012340,-0.014248
0000012350,-0.0235929
0000012360,-0.0184064
0000012370,-0.00984135
0000012380,-0.0159824
0000012390,-0.0151896
0000012400,-0.0328803
0000012410,-0.0306058
0000012420,-0.0176155
0000012430,-0.0234986
0000012440,-0.0187945
0000012450,-0.011151
0000012460,-0.0336759
0000012470,-0.00741037
0000012480,-0.0311794
0000012490,-0.00452524
0000012500,-0.0222887
0000012510,-0.0203615
0000012520,-0.0290429
0000012530,-0.00878587
0000012540,7.35783e-05
0000012550,0.0004322
0000012560,-0.017996
0000012570,-0.00262004
0000012580,-0.0317561
0000012590,-0.013105
0000012600,-0.0193343
0000012610,-0.0100981
0000012620,0.00391061
0000012630,-0.0290162
0000012640,-0.0070345
0000012650,-0.0296651
0000012660,-0.0299844
0000012670,-0.0102136
0000012680,-0.00445623
0000012690,-0.0243676
0000012700,-0.006774
0000012710,-0.0141044
0000012720,-0.0237217
0000012730,-0.0167425
0000012740,-0.021506
0000012750,-0.0207047
0000012760,-0.0242573
0000012770,-0.0182665
0000012780,-0.0202917
0000012790,-0.0378423
0000012800,-0.00700968
0000012810,-0.0206425
0000012820,-0.0253462
0000012830,-0.0185814
0000012840,-0.0148154
0000012850,-0.0111587
0000012860,-0.0223905
0000012870,0.017372
0000012880,-0.0178107
0000012890,-0.0248249
0000012900,-0.0235177
0000012910,-0.0180408
0000012920,-0.0392488
0000012930,-0.0317788
0000012940,-0.0200781
0000012950,-0.0194449
0000012960,-0.0263838
0000012970,-0.0128388
0000012980,-0.0261235
0000012990,-0.0196464
0000013000,-0.0163681
0000013010,-0.0248411
0000013020,-0.0120342
0000013030,-0.00752875
0000013040,-0.0273147
0000013050,-0.0178536
0000013060,-0.0132556
0000013070,-0.0129602
0000013080,-0.0201992
0000013090,-0.00684601
0000013100,-0.021446
0000013110,-0.019948
0000013120,-0.0150726
0000013130,-0.0064631
0000013140,-0.00756307
0000013150,-0.0188485
0000013160,-0.0128317
0000013170,-0.0197892
0000013180,-0.0166765
0000013190,-0.0200875
0000013200,-0.0269814
0000013210,-0.0245411
0000013220,-0.0377267
0000013230,-0.00546613
0000013240,-0.0249238
0000013250,-0.00993853
0000013260,-0.0206389
0000013270,-0.0138992
0000013280,-0.0265116
0000013290,-0.0211321
0000013300,-0.0197309
0000013310,-0.0189816
0000013320,-0.0272908
0000013330,-0.0240842
0000013340,-0.043256
0000013350,-0.00961354
0000013360,-0.0154481
0000013370,-0.0132359
0000013380,-0.0384615
0000013390,-0.00194657
0000013400,-0.0180772
0000013410,-0.00223429
0000013420,-0.0328227
0000013430,-0.0167512
0000013440,-0.0217542
0000013450,-0.0236555
0000013460,-0.0178732
0000013470,-0.00856942
0000013480,-0.0110444
0000013490,-0.0145569
0000013500,-0.0135961
0000013510,-0.0153937
0000013520,0.000918252
0000013530,-0.00833249
0000013540,-0.0177273
0000013550,-0.0282014
0000013560,-0.0125031
0000013570,-0.0173605
0000013580,-0.0171091
0000013590,-0.0355957
0000013600,-0.0293623
0000013610,-0.0192287
0000013620,-0.0360193
0000013630,-0.0260631
0000013640,-0.0259607
0000013650,-0.00578685
0000013660,-0.026601
0000013670,-0.0167774
0000013680,-0.022832
0000013690,-0.0207272
0000013700,-0.0303111
0000013710,-0.014261
0000013720,-0.0276039
0000013730,-0.0250906
0000013740,-0.0103907
0000013750,-0.0285115
0000013760,-0.0101478
0000013770,-0.030645
0000013780,-0.0276783
0000013790,-0.0157563
0000013800,-0.00624516
0000013810,-0.0121708
0000013820,-0.0256562
0000013830,-0.0341384
0000013840,-0.0162656
0000013850,-0.0184468
0000013860,-0.0189083
0000013870,-0.00104942
0000013880,-0.00474272
0000013890,-0.030631
0000013900,-0.0224243
0000013910,-0.0119095
0000013920,-0.0114317
0000013930,-0.0177008
0000013940,-0.0295463
0000013950,-0.0112064
0000013960,-0.00466322
0000013970,-0.0176935
0000013980,-0.0071162
0000013990,0.00222314
0000014000,-0.00221064
0000014010,-0.028328
0000014020,-0.0310144
0000014030,-0.017357
0000014040,-0.00794334
0000014050,-0.0178275
0000014060,-0.0256106
0000014070,-0.0235956
0000014080,-0.0239096
0000014090,-0.0195956
0000014100,-0.0182927
0000014110,-0.0151638
0000014120,-0.0206938
0000014130,-0.0232473
0000014140,-0.0261298
0000014150,-0.0141977
0000014160,-0.025807
0000014170,-0.0202928
0000014180,-0.0221286
0000014190,-0.0138911
0000014200,-0.00953331
0000014210,-0.0138897
0000014220,-0.0277649
0000014230,0.00434137
0000014240,-0.0182107
0000014250,-0.0195104
0000014260,-0.0296152
0000014270,-0.0174132
0000014280,-0.00672869
0000014290,-0.00905288
0000014300,-0.00669673
0000014310,-0.035592
0000014320,-0.0358108
0000014330,-0.0300016
0000014340,-0.019065
0000014350,-0.0247088
0000014360,-0.0231435
0000014370,-0.0153899
0000014380,-0.0182922
0000014390,-0.0329649
0000014400,-0.00196407
0000014410,-0.0250159
0000014420,-0.0201582
0000014430,-0.0123486
0000014440,-0.0126609
0000014450,-0.0184702
0000014460,-0.0213517
0000014470,-0.0133842
0000014480,-0.0209133
0000014490,-0.0176497
0000014500,-0.0152591
0000014510,-0.0231071
0000014520,-0.0251877
0000014530,-0.0168254
0000014540,-0.0234852
0000014550,-0.0183246
0000014560,-0.0213363
0000014570,-0.0182873
0000014580,-0.0268034
0000014590,-0.0225547
0000014600,-0.0162549
0000014610,-0.000851749
0000014620,-0.0207475
0000014630,-0.0274656
0000014640,-0.00928137
0000014650,-0.0160382
0000014660,-0.0337697
0000014670,-0.0265046
0000014680,-0.0181371
0000014690,-0.0232116
0000014700,-0.0213522
0000014710,-0.0195968
0000014720,-0.0392228
0000014730,-0.0111807
0000014740,-0.0147475
0000014750,-0.0120414
0000014760,-0.0237065
0000014770,-0.00956579
0000014780,-0.00396713
0000014790,-0.0194466
0000014800,-0.0215846
0000014810,-0.0211455
0000014820,-0.0249524
0000014830,-0.0278615
0000014840,-0.0149263
0000014850,-0.0177436
0000014860,-0.0209216
0000014870,0.00154725
0000014880,-0.0200111
0000014890,-0.00257531
0000014900,-0.0198119
0000014910,-0.0286673
0000014920,-0.0299445
0000014930,-0.0154228
0000014940,-0.00953227
0000014950,-0.0135155
0000014960,-0.0215567
0000014970,-0.0272069
0000014980,-0.0265493
0000014990,-0.025478
0000015000,-0.0207894
0000015010,-0.0276262
0000015020,-0.018705
0000015030,-0.0256861
0000015040,-0.00184635
0000015050,-0.0139582
0000015060,-0.0222361
0000015070,-0.0276158
0000015080,-0.012709
0000015090,-0.0137495
0000015100,-0.0286926
0000015110,-0.023233
0000015120,-0.0147859
0000015130,-0.00895737
0000015140,-0.024622
0000015150,-0.0232014
0000015160,-0.0230676
0000015170,-0.00511461
0000015180,-0.0218511
0000015190,-0.0145615
0000015200,-0.0117113
0000015210,-0.0185042
0000015220,-0.0256338
0000015230,-0.00879464
0000015240,-0.0324951
0000015250,-0.0230986
0000015260,-0.0146735
0000015270,-0.0203396
0000015280,-0.0198981
0000015290,-0.0113675
0000015300,-0.0317745
0000015310,-0.0208294
0000015320,-0.0133183
0000015330,-0.0260264
0000015340,-0.0132911
0000015350,0.00191837
0000015360,-0.0164603
0000015370,-0.0262692
0000015380,-0.0221233
0000015390,-0.00827818
0000015400,-0.0163878
0000015410,-0.0349905
0000015420,-0.0266889
0000015430,-0.0122273
0000015440,-0.0266059
0000015450,0.000382717
0000015460,-0.0166344
0000015470,-0.0163571
0000015480,-0.0280771
0000015490,0.00397437
0000015500,-0.00605928
0000015510,-0.00317611
0000015520,-0.0263255
0000015530,-0.00891872
0000015540,-0.0136574
0000015550,-0.0134708
0000015560,0.00176517
0000015570,-0.0359761
0000015580,-0.0149209
0000015590,-0.0215189
0000015600,0.00419063
0000015610,-0.0352669
0000015620,-0.0380198
0000015630,-0.022629
0000015640,-0.00364044
0000015650,-0.00696085
0000015660,-0.0363552
0000015670,-0.0169435
0000015680,-0.022957
0000015690,0.00144195
0000015700,-0.0169125
0000015710,-0.0251721
0000015720,-0.0140523
0000015730,-0.0385575
0000015740,-0.00694799
0000015750,-0.0324084
0000015760,-0.0280369
0000015770,-0.0211473
0000015780,-0.0114094
0000015790,-0.0126981
0000015800,-0.0146755
0000015810,-0.0186669
0000015820,-0.00593565
0000015830,-0.0288459
0000015840,-0.0166316
0000015850,-0.0150783
0000015860,-0.020407
0000015870,-0.0133866
0000015880,-0.0118255
0000015890,-0.0251916
0000015900,-0.0245083
0000015910,-0.0103897
0000015920,0.00529839
0000015930,-0.0109664
0000015940,-0.0168639
0000015950,0.00171155
0000015960,-0.0172617
0000015970,-0.0114939
0000015980,-0.0125354
0000015990,-0.0224613
