0000000000,-0.0131443
0000000010,-0.0257519
0000000020,-0.0254273
0000000030,-0.0171917
0000000040,-0.0142015
0000000050,-0.0268972
0000000060,-0.0132925
0000000070,-0.010603
0000000080,-0.0216029
0000000090,-0.0164159
0000000100,-0.0246629
0000000110,-0.0201303
0000000120,-0.0288023
0000000130,-0.0223485
0000000140,-0.0146499
0000000150,-0.0133613
0000000160,-0.00986494
0000000170,-0.0135159
0000000180,-0.0209117
0000000190,-0.0247205
0000000200,-0.00986388
0000000210,-0.0120195
0000000220,-0.00711771
0000000230,-0.00986656
0000000240,-0.0176953
0000000250,-0.00867201
0000000260,-0.0151657
0000000270,-0.00813561
0000000280,-0.0171417
0000000290,-0.0160628
0000000300,-0.0163567
0000000310,-0.0150469
0000000320,-0.0178481
0000000330,-0.0324695
0000000340,-0.0195385
0000000350,-0.0177344
0000000360,-0.00952738
0000000370,0.0112887
0000000380,-0.00193238
0000000390,-0.0247091
0000000400,-0.000455829
0000000410,-0.0209559
0000000420,-0.0309486
0000000430,-0.0129289
0000000440,-0.00791663
0000000450,-0.0110898
0000000460,-0.0349855
0000000470,-0.0136142
0000000480,-0.0197612
0000000490,-0.0169215
0000000500,-0.00574921
0000000510,-0.0145056
0000000520,-0.0280621
0000000530,-0.0149218
0000000540,-0.0153079
0000000550,0.00295754
0000000560,-0.0104037
0000000570,-0.0183181
0000000580,-0.0230551
0000000590,-0.0108187
0000000600,-0.0163755
0000000610,-0.022781
0000000620,-0.0173048
0000000630,-0.0229305
0000000640,-0.0205757
0000000650,-0.0237335
0000000660,-0.0191854
0000000670,-0.00634779
0000000680,-0.0096422
0000000690,-0.0202458
0000000700,-0.0172302
0000000710,-0.0206163
0000000720,-0.015093
0000000730,-0.0134662
0000000740,-0.0228057
0000000750,-0.0197444
0000000760,-0.0140391
0000000770,-0.0111682
0000000780,-0.019288
0000000790,-0.0132505
0000000800,-0.0166321
0000000810,-0.00788134
0000000820,-0.0207533
0000000830,-0.0181014
0000000840,-0.0186436
0000000850,-0.0149907
0000000860,-0.0233824
0000000870,-0.0166431
0000000880,-0.0170068
0000000890,-0.0157981
0000000900,-0.0239648
0000000910,-0.0184566
0000000920,-0.0213221
0000000930,-0.0191047
0000000940,-0.00901561
0000000950,-0.0161133
0000000960,-0.017448
0000000970,-0.019485
0000000980,-0.0126725
0000000990,-0.0151338
0000001000,-0.0114706
0000001010,-0.0146703
0000001020,-0.0198537
0000001030,-0.0166106
0000001040,-0.021162
0000001050,-0.0159218
0000001060,-0.0209962
0000001070,-0.0176013
0000001080,-0.0116427
0000001090,-0.016992
0000001100,-0.0235282
0000001110,-0.0152847
0000001120,-0.0232216
0000001130,-0.0224251
0000001140,-0.0148759
0000001150,-0.0194979
0000001160,-0.0196454
0000001170,-0.0110476
0000001180,-0.00909514
0000001190,-0.0212915
0000001200,-0.0195733
0000001210,-0.0146001
0000001220,-0.00994465
0000001230,-0.0188748
0000001240,-0.0126684
0000001250,-0.0114037
0000001260,-0.0158858
0000001270,-0.0148721
0000001280,-0.0152508
0000001290,-0.0115993
0000001300,-0.0186273
0000001310,-0.00891881
0000001320,-0.0123473
0000001330,-0.0196572
0000001340,-0.0178799
0000001350,-0.0150189
0000001360,-0.0228412
0000001370,-0.0213614
0000001380,-0.0157433
0000001390,-0.00813286
0000001400,-0.0186847
0000001410,-0.0182246
0000001420,-0.0113651
0000001430,-0.0142157
0000001440,-0.00843987
0000001450,-0.0196546
0000001460,-0.0193019
0000001470,-0.0106343
0000001480,-0.0160505
0000001490,-0.0189118
0000001500,-0.0195972
0000001510,-0.0202002
0000001520,-0.0145327
0000001530,-0.02843
0000001540,-0.0190111
0000001550,-0.020892
0000001560,-0.0195114
0000001570,-0.0205102
0000001580,-0.0211567
0000001590,-0.0116813
0000001600,-0.0154558
0000001610,-0.0176362
0000001620,-0.0150814
0000001630,-0.0162959
0000001640,-0.0239976
0000001650,-0.0197916
0000001660,-0.0181757
0000001670,-0.0171285
0000001680,-0.0203309
0000001690,-0.0223988
0000001700,-0.0190653
0000001710,-0.0193194
0000001720,-0.0225085
0000001730,-0.0123607
0000001740,-0.0132611
0000001750,-0.0122939
0000001760,-0.0225759
0000001770,-0.0201679
0000001780,-0.0126696
0000001790,-0.0181713
0000001800,-0.0154623
0000001810,-0.0094456
0000001820,-0.0122052
0000001830,-0.0137299
0000001840,-0.0141096
0000001850,-0.0164742
0000001860,-0.0146279
0000001870,-0.00926797
0000001880,-0.0167753
0000001890,-0.0248357
0000001900,-0.0195854
0000001910,-0.0144872
0000001920,-0.00803298
0000001930,-0.0107012
0000001940,-0.00853931
0000001950,-0.0185033
0000001960,-0.0161976
0000001970,-0.0155397
0000001980,-0.0154426
0000001990,-0.0181899
0000002000,-0.014161
0000002010,-0.0220004
0000002020,-0.0196649
0000002030,-0.0246263
0000002040,-0.0232349
0000002050,-0.0217888
0000002060,-0.0142916
0000002070,-0.0206048
0000002080,-0.0223773
0000002090,-0.0178483
0000002100,-0.0179967
0000002110,-0.0195469
0000002120,-0.0100704
0000002130,-0.0170591
0000002140,-0.0225342
0000002150,-0.0162267
0000002160,-0.0115191
0000002170,-0.0222854
0000002180,-0.0065392
0000002190,-0.0130474
0000002200,-0.0215137
0000002210,-0.0168059
0000002220,-0.0150013
0000002230,-0.0176139
0000002240,-0.0201832
0000002250,-0.0118584
0000002260,-0.013703
0000002270,-0.01663
0000002280,-0.0202875
0000002290,-0.0161459
0000002300,-0.00884482
0000002310,-0.0233702
0000002320,-0.0143972
0000002330,-0.000250265
0000002340,-0.0173459
0000002350,-0.00480989
0000002360,-0.0170195
0000002370,-0.0115007
0000002380,-0.0213369
0000002390,-0.0230926
0000002400,-0.0207041
0000002410,-0.0162834
0000002420,-0.016907
0000002430,-0.0129659
0000002440,-0.0139932
0000002450,-0.0133869
0000002460,-0.0127546
0000002470,-0.00135496
0000002480,-0.0229845
0000002490,-0.0162205
0000002500,-0.00268474
0000002510,-0.0232352
0000002520,-0.0213945
0000002530,-0.0204888
0000002540,-0.0154522
0000002550,-0.0136817
0000002560,-0.0160769
0000002570,-0.0117224
0000002580,-0.0129862
0000002590,-0.0173255
0000002600,-0.00998939
0000002610,-0.014612
0000002620,-0.0162401
0000002630,-0.0217889
0000002640,-0.0126431
0000002650,-0.0151402
0000002660,-0.0148127
0000002670,-0.0167499
0000002680,-0.015047
0000002690,-0.00933563
0000002700,-0.00660805
0000002710,-0.0196997
0000002720,-0.0232797
0000002730,-0.0128152
0000002740,-0.014165
0000002750,-0.00809799
0000002760,-0.0135285
0000002770,-0.00675504
0000002780,-0.0160273
0000002790,-0.0163751
0000002800,-0.0233398
0000002810,-0.0153882
0000002820,-0.0152864
0000002830,-0.00532908
0000002840,-0.0183239
0000002850,-0.021749
0000002860,-0.0081216
0000002870,-0.0178643
0000002880,-0.0134204
0000002890,-0.0195601
0000002900,-0.0187782
0000002910,-0.0147844
0000002920,-0.0201989
0000002930,-0.0166523
0000002940,-0.023954
0000002950,-0.0139548
0000002960,-0.0114668
0000002970,-0.0112934
0000002980,-0.0150191
0000002990,-0.0106366
0000003000,-0.0241939
0000003010,-0.00615609
0000003020,-0.0091127
0000003030,-0.0148048
0000003040,-0.0120579
0000003050,-0.00873099
0000003060,-0.0148492
0000003070,-0.0204922
0000003080,-0.0176208
0000003090,-0.0172106
0000003100,-0.0225575
0000003110,-0.0130029
0000003120,-0.0204345
0000003130,-0.0202345
0000003140,-0.0157158
0000003150,-0.00413793
0000003160,-0.00531057
0000003170,-0.024501
0000003180,-0.0147489
0000003190,-0.00927636
0000003200,-0.012314
0000003210,-0.016861
0000003220,-0.0177533
0000003230,-0.0155786
0000003240,-0.011605
0000003250,-0.0157028
0000003260,-0.0130351
0000003270,-0.0175707
0000003280,-0.0170594
0000003290,-0.0256813
0000003300,-0.0105484
0000003310,-0.0220596
0000003320,-0.0186141
0000003330,-0.012362
0000003340,-0.0192827
0000003350,-0.0235709
0000003360,-0.015784
0000003370,-0.00909073
0000003380,-0.0242791
0000003390,-0.0165537
0000003400,-0.01878
0000003410,-0.0153103
0000003420,-0.0107997
0000003430,-0.0141935
0000003440,-0.0224272
0000003450,-0.0190878
0000003460,-0.0182293
0000003470,-0.01576
0000003480,-0.0163743
0000003490,-0.0176636
0000003500,-0.0146213
0000003510,-0.0149738
0000003520,-0.0170727
0000003530,-0.016776
0000003540,-0.0129522
0000003550,-0.0213194
0000003560,-0.00645842
0000003570,-0.00385998
0000003580,-0.0202178
0000003590,-0.0140985
0000003600,-0.0175826
0000003610,-0.00829919
0000003620,-0.0235617
0000003630,-0.0215173
0000003640,-0.0217501
0000003650,-0.0155338
0000003660,-0.0162349
0000003670,-0.0205429
0000003680,-0.0179631
0000003690,-0.0155771
0000003700,-0.0194451
0000003710,-0.0180582
0000003720,-0.0137842
0000003730,-0.0113834
0000003740,-0.0241274
0000003750,-0.0136852
0000003760,-0.0219125
0000003770,-0.0186344
0000003780,-0.0192691
0000003790,-0.01887
0000003800,-0.0128546
0000003810,-0.0218409
0000003820,-0.0110067
0000003830,-0.0109497
0000003840,-0.0174193
0000003850,-0.0205253
0000003860,-0.0192366
0000003870,-0.0214226
0000003880,-0.0127502
0000003890,-0.0208909
0000003900,-0.0137872
0000003910,-0.0169957
0000003920,-0.0255879
0000003930,-0.0136972
0000003940,-0.0235685
0000003950,-0.0218345
0000003960,-0.00948523
0000003970,-0.0151462
0000003980,-0.0199721
0000003990,-0.0177934
0000004000,-0.0182556
0000004010,-0.0165502
0000004020,-0.0200516
0000004030,-0.0197234
0000004040,-0.0118122
0000004050,-0.0174505
0000004060,-0.0166014
0000004070,-0.0167991
0000004080,-0.0168531
0000004090,-0.0187607
0000004100,-0.0190935
0000004110,-0.00995311
0000004120,-0.0137051
0000004130,-0.0172348
0000004140,-0.0186126
0000004150,-0.0221843
0000004160,-0.0168849
0000004170,-0.0143644
0000004180,-0.0113985
0000004190,-0.01984
0000004200,-0.0101106
0000004210,-0.0108039
0000004220,-0.0203176
0000004230,-0.0166686
0000004240,-0.0204836
0000004250,-0.0215879
0000004260,-0.0215432
0000004270,-0.0127161
0000004280,-0.00627504
0000004290,-0.0125751
0000004300,-0.00947096
0000004310,-0.0214641
0000004320,-0.00620737
0000004330,-0.0155363
0000004340,-0.0145154
0000004350,-0.011316
0000004360,-0.0186346
0000004370,-0.022473
0000004380,-0.0115293
0000004390,-0.0202263
0000004400,-0.0152134
0000004410,-0.0124577
0000004420,-0.0124952
0000004430,-0.0161074
0000004440,-0.0164595
0000004450,-0.012084
0000004460,-0.0116184
0000004470,-0.0235749
0000004480,-0.0101502
0000004490,-0.0110981
0000004500,-0.00291288
0000004510,-0.0139404
0000004520,-0.0119614
0000004530,-0.0116699
0000004540,-0.00831936
0000004550,-0.0076386
0000004560,-0.0245217
0000004570,-0.0174084
0000004580,-0.0124097
0000004590,-0.0184971
0000004600,-0.0144813
0000004610,-0.0210746
0000004620,-0.0258593
0000004630,-0.0131932
0000004640,-0.0207369
0000004650,-0.0293511
0000004660,-0.0118413
0000004670,-0.0275101
0000004680,-0.0152922
0000004690,-0.0233092
0000004700,-0.0156696
0000004710,-0.0177352
0000004720,-0.0142355
0000004730,-0.0121392
0000004740,-0.0130681
0000004750,-0.0294079
0000004760,-0.0188744
0000004770,-0.0164636
0000004780,-0.015706
0000004790,-0.0273011
0000004800,-0.00734866
0000004810,-0.012438
0000004820,-0.0132472
0000004830,-0.0108509
0000004840,-0.0307303
0000004850,-0.00660088
0000004860,-0.0352524
0000004870,0.0172294
0000004880,-0.0197996
0000004890,-0.0202278
0000004900,-0.0548513
0000004910,-0.00363001
0000004920,0.00485454
0000004930,-0.0227332
0000004940,-0.00459272
0000004950,-0.0371326
0000004960,0.0154917
0000004970,-0.0310595
0000004980,-0.0185871
0000004990,-0.00920489
0000005000,-0.026003
0000005010,-0.0142133
0000005020,-0.0130324
0000005030,-0.000641677
0000005040,-0.0295289
0000005050,-0.0272285
0000005060,-0.0016034
0000005070,-0.0269943
0000005080,-0.0209375
0000005090,-0.0266648
0000005100,-0.017545
0000005110,-0.00417252
0000005120,-0.0260276
0000005130,-0.00779427
0000005140,-0.018478
0000005150,-0.00873916
0000005160,-0.0201282
0000005170,-0.0175184
0000005180,-0.00426356
0000005190,-0.00871216
0000005200,-0.00831094
0000005210,-0.0211307
0000005220,-0.027539
0000005230,-0.0100141
0000005240,-0.0208743
0000005250,-0.0030856
0000005260,-0.0230601
0000005270,-0.0133975
0000005280,-0.00758301
0000005290,-0.0245493
0000005300,-0.0114422
0000005310,-0.0185741
0000005320,0.00297265
0000005330,-0.0132465
0000005340,-0.0198978
0000005350,-0.0136168
0000005360,-0.0243872
0000005370,-0.00953609
0000005380,-0.0125222
0000005390,-0.0160665
0000005400,-0.0121871
0000005410,-0.0279617
0000005420,-0.00814319
0000005430,-0.0235048
0000005440,-0.0143639
0000005450,-0.0240807
0000005460,-0.0254415
0000005470,-0.0203013
0000005480,-0.0192989
0000005490,-0.0194726
0000005500,-0.0162165
0000005510,-0.0130922
0000005520,-0.0210272
0000005530,-0.00945756
0000005540,-0.0109721
0000005550,-0.0187326
0000005560,-0.00959502
0000005570,-0.00740643
0000005580,-0.015255
0000005590,-0.0166475
0000005600,-0.024872
0000005610,-0.0208963
0000005620,-0.0081814
0000005630,-0.0182251
0000005640,-0.012482
0000005650,-0.013432
0000005660,-0.0159085
0000005670,-0.0176378
0000005680,-0.019992
0000005690,-0.0185917
0000005700,-0.00676864
0000005710,-0.0156564
0000005720,-0.013774
0000005730,-0.0184545
0000005740,-0.0203898
0000005750,-0.0150634
0000005760,-0.0278956
0000005770,-0.0143317
0000005780,-0.00793113
0000005790,-0.0166742
0000005800,-0.00921673
0000005810,-0.0121617
0000005820,-0.00904776
0000005830,-0.0123295
0000005840,-0.0125797
0000005850,-0.0192211
0000005860,-0.0147942
0000005870,-0.0237619
0000005880,-0.0131777
0000005890,-0.00684235
0000005900,-0.0123576
0000005910,-0.0213007
0000005920,-0.0145415
0000005930,-0.00868474
0000005940,-0.0152272
0000005950,-0.010516
0000005960,-0.0191732
0000005970,-0.0187001
0000005980,-0.0164735
0000005990,-0.0133783
0000006000,-0.0102369
0000006010,-0.0181785
0000006020,-0.01453
0000006030,-0.0111124
0000006040,-0.0168024
0000006050,-0.00836546
0000006060,-0.0177459
0000006070,-0.0104925
0000006080,-0.0256694
0000006090,-0.0081146
0000006100,-0.0186341
0000006110,-0.0117265
0000006120,-0.0166002
0000006130,-0.0240997
0000006140,-0.0171492
0000006150,-0.019914
0000006160,-0.0148761
0000006170,-0.0139227
0000006180,-0.00935766
0000006190,-0.0170492
0000006200,-0.0242876
0000006210,-0.0104528
0000006220,-0.019539
0000006230,-0.026826
0000006240,-0.015959
0000006250,-0.0136834
0000006260,-0.0150197
0000006270,-0.0118833
0000006280,-0.0185212
0000006290,-0.0139622
0000006300,-0.023278
0000006310,-0.0173465
0000006320,-0.0173623
0000006330,-0.0158645
0000006340,-0.0157254
0000006350,-0.0216066
0000006360,-0.0143224
0000006370,-0.0171157
0000006380,-0.0219976
0000006390,-0.0214398
0000006400,-0.00823249
0000006410,-0.01479
0000006420,-0.0101787
0000006430,-0.0213473
0000006440,-0.016252
0000006450,-0.0113405
0000006460,-0.0205376
0000006470,-0.0198736
0000006480,-0.0189363
0000006490,-0.0243241
0000006500,-0.0182554
0000006510,-0.00505419
0000006520,-0.0132593
0000006530,-0.0171312
0000006540,-0.0185897
0000006550,-0.0136953
0000006560,-0.00947719
0000006570,-0.0174546
0000006580,-0.0159893
0000006590,-0.0222588
0000006600,-0.0119213
0000006610,-0.0182629
0000006620,-0.0194538
0000006630,-0.0239663
0000006640,-0.0184195
0000006650,-0.0148295
0000006660,-0.0144501
0000006670,-0.0240215
0000006680,-0.0189601
0000006690,-0.0183861
0000006700,-0.0128362
0000006710,-0.010934
0000006720,-0.0109519
0000006730,-0.024853
0000006740,-0.020899
0000006750,-0.0127438
0000006760,-0.0142448
0000006770,-0.011997
0000006780,-0.019467
0000006790,-0.0125403
0000006800,-0.000255305
0000006810,-0.0157451
0000006820,-0.0168636
0000006830,-0.0166386
0000006840,-0.0116118
0000006850,-0.0109792
0000006860,-0.0117189
0000006870,-0.0149793
0000006880,-0.0204271
0000006890,-0.00686864
0000006900,-0.0134658
0000006910,-0.0155522
0000006920,-0.0183615
0000006930,-0.010261
0000006940,-0.00436834
0000006950,-0.0174775
0000006960,-0.0156024
0000006970,-0.0129806
0000006980,-0.016682
0000006990,-0.0192108
0000007000,-0.0136035
0000007010,-0.0100054
0000007020,-0.0189655
0000007030,-0.0153093
0000007040,-0.0213028
0000007050,-0.0152846
0000007060,-0.016903
0000007070,-0.00711867
0000007080,-0.0141246
0000007090,-0.00802209
0000007100,-0.0187582
0000007110,-0.0184202
0000007120,-0.0137508
0000007130,-0.00420008
0000007140,-0.015937
0000007150,-0.0208268
0000007160,-0.022544
0000007170,-0.0202048
0000007180,-0.0110699
0000007190,-0.0146675
0000007200,-0.0113689
0000007210,-0.0122802
0000007220,-0.0172752
0000007230,-0.0192472
0000007240,-0.013871
0000007250,-0.0176297
0000007260,-0.0124816
0000007270,-0.021233
0000007280,-0.0223076
0000007290,-0.00279426
0000007300,-0.0181795
0000007310,-0.00765099
0000007320,-0.0130342
0000007330,-0.010259
0000007340,-0.00775313
0000007350,-0.0127689
0000007360,-0.0129923
0000007370,-0.00956555
0000007380,-0.0163145
0000007390,-0.0163566
0000007400,-0.0132039
0000007410,-0.02065
0000007420,-0.0229676
0000007430,-0.012959
0000007440,-0.0158907
0000007450,-0.0141451
0000007460,-0.0279351
0000007470,-0.0212878
0000007480,-0.0264026
0000007490,-0.017048
0000007500,-0.0116117
0000007510,-0.0131535
0000007520,-0.0237792
0000007530,-0.0128047
0000007540,-0.00807029
0000007550,-0.010864
0000007560,-0.0219315
0000007570,-0.0136742
0000007580,-0.0128148
0000007590,-0.0189288
0000007600,-0.0108032
0000007610,-0.0159816
0000007620,-0.020566
0000007630,-0.0140411
0000007640,-0.0157505
0000007650,-0.0105888
0000007660,-0.0103322
0000007670,-0.01493
0000007680,-0.019639
0000007690,-0.00607706
0000007700,-0.0175686
0000007710,-0.0148802
0000007720,-0.0211885
0000007730,-0.0135054
0000007740,-0.0143882
0000007750,-0.0153853
0000007760,-0.00747874
0000007770,-0.0159686
0000007780,-0.0181756
0000007790,-0.0140104
0000007800,-0.0158968
0000007810,-0.0194804
0000007820,-0.0187402
0000007830,-0.0165227
0000007840,-0.0126215
0000007850,-0.013412
0000007860,-0.0241321
0000007870,-0.0238394
0000007880,-0.0158863
0000007890,-0.0297877
0000007900,-0.0105513
0000007910,-0.0094993
0000007920,-0.0143038
0000007930,-0.0149769
0000007940,-0.0265401
0000007950,-0.0138154
0000007960,-0.015928
0000007970,-0.0146937
0000007980,-0.0154506
0000007990,-0.0129439
0000008000,-0.0197236
0000008010,-0.0147862
0000008020,-0.0191021
0000008030,-0.0124041
0000008040,-0.017274
0000008050,-0.0174024
0000008060,-0.0210061
0000008070,-0.0144534
0000008080,-0.0124192
0000008090,-0.00930835
0000008100,-0.0109144
0000008110,-0.0132885
0000008120,-0.013338
0000008130,-0.0149732
0000008140,-0.0112789
0000008150,-0.0165318
0000008160,-0.0124654
0000008170,-0.00461507
0000008180,-0.021716
0000008190,-0.019391
0000008200,-0.0132233
0000008210,-0.012457
0000008220,-0.0100053
0000008230,-0.016514
0000008240,-0.0161498
0000008250,-0.0203664
0000008260,-0.0112679
0000008270,-0.0136856
0000008280,-0.0165633
0000008290,-0.0117576
0000008300,-0.0117771
0000008310,-0.0130073
0000008320,-0.0170865
0000008330,-0.0140453
0000008340,-0.0193952
0000008350,-0.0174152
0000008360,-0.0152518
0000008370,-0.0199764
0000008380,-0.0149801
0000008390,-0.0104157
0000008400,-0.0231653
0000008410,-0.0184035
0000008420,-0.0208621
0000008430,-0.0220715
0000008440,-0.0212581
0000008450,-0.0209235
0000008460,-0.00853933
0000008470,-0.0173405
0000008480,-0.0166142
0000008490,-0.0122581
0000008500,-0.0164635
0000008510,-0.0196022
0000008520,-0.0161066
0000008530,-0.00852849
0000008540,-0.0176327
0000008550,-0.00881843
0000008560,-0.0183859
0000008570,-0.022704
0000008580,-0.0115366
0000008590,-0.0184605
0000008600,-0.016913
0000008610,-0.0146444
0000008620,-0.0200828
0000008630,-0.0286392
0000008640,-0.022255
0000008650,-0.0177601
0000008660,-0.0197201
0000008670,-0.0140442
0000008680,-0.025625
0000008690,-0.014808
0000008700,-0.0164324
0000008710,-0.0140027
0000008720,-0.0247189
0000008730,-0.0206264
0000008740,-0.0145055
0000008750,-0.020144
0000008760,-0.0141916
0000008770,-0.00632843
0000008780,-0.0202879
0000008790,-0.0109191
0000008800,-0.0100498
0000008810,-0.0153179
0000008820,-0.0188307
0000008830,-0.0166262
0000008840,-0.00711336
0000008850,-0.00853096
0000008860,-0.0134991
0000008870,-0.0143417
0000008880,-0.0109819
0000008890,-0.00703056
0000008900,-0.012954
0000008910,-0.0249925
0000008920,-0.0170311
0000008930,-0.00675078
0000008940,-0.0235143
0000008950,-0.011895
0000008960,-0.0131963
0000008970,-0.0196413
0000008980,-0.0204919
0000008990,-0.022263
0000009000,-0.0106589
0000009010,-0.0158309
0000009020,-0.0157385
0000009030,-0.0225557
0000009040,-0.0222879
0000009050,-0.0146215
0000009060,-0.0196049
0000009070,-0.0231294
0000009080,-0.0187382
0000009090,-0.0178056
0000009100,-0.00823427
0000009110,-0.00497802
0000009120,-0.0151104
0000009130,-0.0217559
0000009140,-0.0121254
0000009150,-0.014245
0000009160,-0.0121277
0000009170,-0.0148902
0000009180,-0.0131971
0000009190,-0.015889
0000009200,-0.0151325
0000009210,-0.0208072
0000009220,-0.0262178
0000009230,-0.0110284
0000009240,-0.0115466
0000009250,-0.0165075
0000009260,-0.0257592
0000009270,-0.0247963
0000009280,-0.010371
0000009290,-0.0133381
0000009300,-0.0132544
0000009310,-0.0173062
0000009320,-0.0161492
0000009330,-0.0153514
0000009340,-0.0206696
0000009350,-0.0185026
0000009360,-0.0153204
0000009370,-0.0212766
0000009380,-0.0175935
0000009390,-0.0158301
0000009400,-0.00674344
0000009410,-0.0208156
0000009420,-0.00298956
0000009430,-0.0148528
0000009440,-0.0112026
0000009450,-0.0188909
0000009460,-0.0201693
0000009470,-0.0153455
0000009480,-0.0244614
0000009490,-0.0199733
0000009500,-0.0148423
0000009510,-0.0215442
0000009520,-0.0143344
0000009530,-0.0155494
0000009540,-0.0177897
0000009550,-0.0114861
0000009560,-0.0169513
0000009570,-0.0179448
0000009580,-0.0249461
0000009590,-0.00785389
0000009600,-0.0183803
0000009610,-0.0137663
0000009620,-0.0260965
0000009630,-0.022826
0000009640,-0.0190629
0000009650,-0.00416545
0000009660,-0.0229433
0000009670,-0.0131698
0000009680,-0.0151815
0000009690,-0.0207515
0000009700,-0.0259942
0000009710,-0.00240515
0000009720,-0.0159126
0000009730,-0.0225058
0000009740,-0.0219618
0000009750,-0.0190147
0000009760,-0.0124553
0000009770,-0.015231
0000009780,-0.0210688
0000009790,-0.0153949
0000009800,-0.0191293
0000009810,-0.00772255
0000009820,-0.0104462
0000009830,-0.00496314
0000009840,-0.0228158
0000009850,-0.010333
0000009860,-0.0245392
0000009870,-0.0200688
0000009880,-0.0201294
0000009890,-0.0204468
0000009900,-0.0234695
0000009910,-0.0185912
0000009920,-0.0121299
0000009930,-0.0106499
0000009940,-0.01181
0000009950,-0.0191934
0000009960,-0.0212851
0000009970,-0.0198588
0000009980,-0.0159269
0000009990,-0.0134666
0000010000,-0.0143564
0000010010,-0.0182926
0000010020,-0.00940822
0000010030,-0.0178112
0000010040,-0.0238692
0000010050,-0.0149957
0000010060,-0.024436
0000010070,-0.00708923
0000010080,-0.00798541
0000010090,-0.0107988
0000010100,-0.00771933
0000010110,-0.0125123
0000010120,-0.0107184
0000010130,-0.017494
0000010140,-0.0178726
0000010150,-0.0125908
0000010160,-0.0173036
0000010170,-0.0226075
0000010180,-0.00518843
0000010190,-0.0204256
0000010200,-0.0154359
0000010210,-0.0195928
0000010220,-0.0205128
0000010230,-0.0162102
0000010240,-0.00843296
0000010250,-0.0133104
0000010260,-0.0228771
0000010270,-0.0143412
0000010280,-0.0106378
0000010290,-0.00918141
0000010300,-0.0170431
0000010310,-0.0163548
0000010320,-0.0190201
0000010330,-0.0140157
0000010340,-0.0144825
0000010350,-0.0154497
0000010360,-0.0166275
0000010370,-0.010915
0000010380,-0.0195233
0000010390,-0.0119975
0000010400,-0.0197157
0000010410,-0.0194046
0000010420,-0.0212052
0000010430,-0.0172562
0000010440,-0.0141466
0000010450,-0.00591185
0000010460,-0.0152109
0000010470,-0.0205155
0000010480,-0.0254896
0000010490,-0.0148291
0000010500,-0.00939607
0000010510,-0.00730252
0000010520,-0.0139382
0000010530,-0.0116481
0000010540,-0.0129438
0000010550,-0.0132115
0000010560,-0.00753087
0000010570,-0.0189964
0000010580,-0.0194723
0000010590,-0.0156698
0000010600,-0.0134257
0000010610,-0.0158573
0000010620,-0.0109347
0000010630,-0.0137516
0000010640,-0.0168554
0000010650,-0.0104319
0000010660,-0.0186026
0000010670,-0.0124306
0000010680,-0.0238524
0000010690,-0.0182882
0000010700,-0.0209211
0000010710,-0.0210962
0000010720,-0.0149917
0000010730,-0.0207072
0000010740,-0.0146717
0000010750,-0.019646
0000010760,-0.0229682
0000010770,-0.0222588
0000010780,-0.0148754
0000010790,-0.014828
0000010800,-0.00879517
0000010810,-0.020663
0000010820,-0.0192724
0000010830,-0.0166409
0000010840,-0.0132972
0000010850,-0.0167202
0000010860,-0.0118344
0000010870,-0.0161613
0000010880,-0.0150163
0000010890,-0.0194094
0000010900,-0.0119056
0000010910,-0.0142201
0000010920,-0.0201674
0000010930,-0.0138381
0000010940,-0.0166327
0000010950,-0.0226465
0000010960,-0.0176469
0000010970,-0.0179428
0000010980,-0.011754
0000010990,-0.0149322
0000011000,-0.0148351
0000011010,-0.0131506
0000011020,-0.0164424
0000011030,-0.0191215
0000011040,-0.0172042
0000011050,-0.0123508
0000011060,-0.0188083
0000011070,-0.0124469
0000011080,-0.0115299
0000011090,-0.0161956
0000011100,-0.0217737
0000011110,-0.0241619
0000011120,-0.00933611
0000011130,-0.0255718
0000011140,-0.0209379
0000011150,-0.0167571
0000011160,-0.00880096
0000011170,-0.0133188
0000011180,-0.0233457
0000011190,-0.01402
0000011200,-0.0226627
0000011210,-0.0168986
0000011220,-0.0165448
0000011230,-0.0140904
0000011240,-0.0103438
0000011250,-0.0164263
0000011260,-0.0153569
0000011270,-0.0187926
0000011280,-0.0126248
0000011290,-0.0180857
0000011300,-0.0123605
0000011310,-0.0192903
0000011320,-0.0109672
0000011330,-0.0148416
0000011340,-0.0123284
0000011350,-0.0141265
0000011360,-0.008211
0000011370,-0.0179267
0000011380,-0.0164741
0000011390,-0.0201105
0000011400,-0.0124152
0000011410,-0.0190944
0000011420,-0.0186495
0000011430,-0.0224535
0000011440,-0.0211961
0000011450,-0.0166504
0000011460,-0.0125995
0000011470,-0.0186526
0000011480,-0.0118817
0000011490,-0.0198532
0000011500,-0.0202052
0000011510,-0.0169301
0000011520,-0.014075
0000011530,-0.0220881
0000011540,-0.0200969
0000011550,-0.0255318
0000011560,-0.0202802
0000011570,-0.0225974
0000011580,-0.011424
0000011590,-0.0179163
0000011600,-0.0177002
0000011610,-0.0232954
0000011620,-0.0129724
0000011630,-0.0150543
0000011640,-0.0234221
0000011650,-0.00790145
0000011660,-0.0171496
0000011670,-0.019114
0000011680,-0.0137547
0000011690,-0.0246236
0000011700,-0.0228857
0000011710,-0.0112294
0000011720,-0.0175645
0000011730,-0.016353
0000011740,-0.0179016
0000011750,-0.0205032
0000011760,-0.020952
0000011770,-0.0184856
0000011780,-0.00849907
0000011790,-0.0185028
0000011800,-0.00923249
0000011810,-0.014663
0000011820,-0.0193487
0000011830,-0.0105214
0000011840,-0.0184119
0000011850,-0.0153439
0000011860,-0.0126412
0000011870,-0.0196016
0000011880,-0.0105586
0000011890,-0.0139195
0000011900,-0.0167629
0000011910,-0.0100546
0000011920,-0.015232
0000011930,-0.0212303
0000011940,-0.0179257
0000011950,-0.0156865
0000011960,-0.00424393
0000011970,-0.0193424
0000011980,-0.0208264
0000011990,-0.0210888
0000012000,-0.019521
0000012010,-0.0130094
0000012020,-0.0165208
0000012030,-0.0140555
0000012040,-0.0185779
0000012050,-0.0167024
0000012060,-0.00837241
0000012070,-0.0126332
0000012080,-0.0210129
0000012090,-0.0181158
0000012100,-0.00957996
0000012110,-0.0132638
0000012120,-0.0125469
0000012130,-0.015655
0000012140,-0.0171674
0000012150,-0.0110308
0000012160,-0.0121346
0000012170,-0.0136978
0000012180,-0.0165237
0000012190,-0.0134267
0000012200,-0.0188553
0000012210,-0.0140464
0000012220,-0.0135487
0000012230,-0.0131768
0000012240,-0.018086
0000012250,-0.0112698
0000012260,-0.0184916
0000012270,-0.0153281
0000012280,-0.0204402
0000012290,-0.00745927
0000012300,-0.0212234
0000012310,-0.0138734
0000012320,-0.0170305
0000012330,-0.0190212
0000012340,-0.0140507
0000012350,-0.0215969
0000012360,-0.019735
0000012370,-0.00775368
0000012380,-0.0119506
0000012390,-0.0173843
0000012400,-0.0159403
0000012410,-0.0203021
0000012420,-0.0138884
0000012430,-0.0196995
0000012440,-0.0190866
0000012450,-0.0131034
0000012460,-0.0148159
0000012470,-0.0153734
0000012480,-0.0111478
0000012490,-0.013286
0000012500,-0.00538875
0000012510,-0.0143126
0000012520,-0.0165878
0000012530,-0.0143987
0000012540,-0.0142764
0000012550,-0.0104622
0000012560,-0.0120083
0000012570,-0.0167046
0000012580,-0.015751
0000012590,-0.015892
0000012600,-0.0108982
0000012610,-0.0141934
0000012620,-0.0147144
0000012630,-0.0201716
0000012640,-0.0200066
0000012650,-0.0176922
0000012660,-0.0146368
0000012670,-0.0212956
0000012680,-0.0159781
0000012690,-0.021563
0000012700,-0.0195626
0000012710,-0.0116288
0000012720,-0.012535
0000012730,-0.0152241
0000012740,-0.0191443
0000012750,-0.0144377
0000012760,-0.0132794
0000012770,-0.0212162
0000012780,-0.0142743
0000012790,-0.0188533
0000012800,-0.00946043
0000012810,-0.0131201
0000012820,-0.0175212
0000012830,-0.0132777
0000012840,-0.0216422
0000012850,-0.0134425
0000012860,-0.0191533
0000012870,-0.0165252
0000012880,-0.0177825
0000012890,-0.00942204
0000012900,-0.0176153
0000012910,-0.0106593
0000012920,-0.0106489
0000012930,-0.0142039
0000012940,-0.0171541
0000012950,-0.0166232
0000012960,-0.00925333
0000012970,-0.0188287
0000012980,-0.018224
0000012990,-0.01156
0000013000,-0.0235035
0000013010,-0.0166971
0000013020,-0.0189824
0000013030,-0.0182086
0000013040,-0.0162743
0000013050,-0.0145138
0000013060,-0.0223962
0000013070,-0.00915976
0000013080,-0.0102043
0000013090,-0.0116502
0000013100,-0.00482394
0000013110,-0.0105247
0000013120,-0.010619
0000013130,-0.0106679
0000013140,-0.0249601
0000013150,-0.0135071
0000013160,-0.0132011
0000013170,-0.00802965
0000013180,-0.0216779
0000013190,-0.0227003
0000013200,-0.0160164
0000013210,-0.0156661
0000013220,-0.0239244
0000013230,-0.019995
0000013240,-0.0154649
0000013250,-0.0197928
0000013260,-0.0161693
0000013270,-0.0245832
0000013280,-0.0150066
0000013290,-0.0180257
0000013300,-0.0127041
0000013310,-0.016705
0000013320,-0.0216273
0000013330,-0.0177392
0000013340,-0.0242655
0000013350,-0.015414
0000013360,-0.0100916
0000013370,-0.0157666
0000013380,-0.0131915
0000013390,-0.0192927
0000013400,-0.0149287
0000013410,-0.0144584
0000013420,-0.0218403
0000013430,-0.0106491
0000013440,-0.00926543
0000013450,-0.00874881
0000013460,-0.0201541
0000013470,-0.023316
0000013480,-0.0130536
0000013490,-0.0110317
0000013500,-0.0165795
0000013510,-0.0163492
0000013520,-0.00752413
0000013530,-0.0145455
0000013540,-0.0121348
0000013550,-0.0168278
0000013560,-0.014287
0000013570,-0.0158253
0000013580,-0.0134732
0000013590,-0.0181684
0000013600,-0.0130962
0000013610,-0.0176295
0000013620,-0.0213794
0000013630,-0.0102017
0000013640,-0.0214977
0000013650,-0.017532
0000013660,-0.0233062
0000013670,-0.0151311
0000013680,-0.0179542
0000013690,-0.0158695
0000013700,-0.0143519
0000013710,-0.0154047
0000013720,-0.0174888
0000013730,-0.0162092
0000013740,-0.00980109
0000013750,-0.0129395
0000013760,-0.0150326
0000013770,-0.017916
0000013780,-0.0106474
0000013790,-0.0193326
0000013800,-0.0122657
0000013810,-0.0127565
0000013820,-0.015308
0000013830,-0.00937719
0000013840,-0.0119043
0000013850,-0.0195978
0000013860,-0.0193757
0000013870,-0.021481
0000013880,-0.0162645
0000013890,-0.0120311
0000013900,-0.0185916
0000013910,-0.0132511
0000013920,-0.0156127
0000013930,-0.013542
0000013940,-0.0165012
0000013950,-0.0170054
0000013960,-0.0218441
0000013970,-0.0195099
0000013980,-0.0148465
0000013990,-0.0180099
0000014000,-0.0154819
0000014010,-0.0198002
0000014020,-0.0168119
0000014030,-0.0122601
0000014040,-0.0136947
0000014050,-0.0171812
0000014060,-0.0147938
0000014070,-0.0175188
0000014080,-0.0139268
0000014090,-0.013713
0000014100,-0.0189006
0000014110,-0.0187313
0000014120,-0.00596233
0000014130,-0.0163987
0000014140,-0.0198562
0000014150,-0.011605
0000014160,-0.0180295
0000014170,-0.0167133
0000014180,-0.0105165
0000014190,-0.0122683
0000014200,-0.016361
0000014210,-0.0216518
0000014220,-0.0135946
0000014230,-0.0100911
0000014240,-0.0134405
0000014250,-0.0217361
0000014260,-0.0122499
0000014270,-0.0106266
0000014280,-0.0187604
0000014290,-0.0170209
0000014300,-0.0207606
0000014310,-0.0247406
0000014320,-0.0205019
0000014330,-0.013783
0000014340,-0.0124647
0000014350,-0.0154796
0000014360,-0.0191391
0000014370,-0.020419
0000014380,-0.0141359
0000014390,-0.0223401
0000014400,-0.0165937
0000014410,-0.0167005
0000014420,-0.0139333
0000014430,-0.0121982
0000014440,-0.0166686
0000014450,-0.0129909
0000014460,-0.0142901
0000014470,-0.0108702
0000014480,-0.0140704
0000014490,-0.0148636
0000014500,-0.0193954
0000014510,-0.0126828
0000014520,-0.0165655
0000014530,-0.0173368
0000014540,-0.00735716
0000014550,-0.00945257
0000014560,-0.0131838
0000014570,-0.0196022
0000014580,-0.01963
0000014590,-0.0169037
0000014600,-0.0234409
0000014610,-0.018391
0000014620,-0.0152656
0000014630,-0.0116388
0000014640,-0.018647
0000014650,-0.0171504
0000014660,-0.0131021
0000014670,-0.00390341
0000014680,-0.0207364
0000014690,-0.0125998
0000014700,-0.00761482
0000014710,-0.015682
0000014720,-0.0168121
0000014730,-0.0199605
0000014740,-0.0229762
0000014750,-0.0186089
0000014760,-0.0166753
0000014770,-0.0231916
0000014780,-0.0217133
0000014790,-0.0181276
0000014800,-0.0227466
0000014810,-0.00553038
0000014820,-0.024425
0000014830,-0.02143
0000014840,-0.0143809
0000014850,-0.0194061
0000014860,-0.0122077
0000014870,-0.0188443
0000014880,-0.00791505
0000014890,-0.0167515
0000014900,-0.017716
0000014910,-0.0138339
0000014920,-0.018717
0000014930,-0.0105792
0000014940,-0.0257046
0000014950,-0.0187427
0000014960,-0.0175021
0000014970,-0.0170795
0000014980,-0.0188955
0000014990,-0.0179134
0000015000,-0.0179161
0000015010,-0.0204528
0000015020,-0.0130366
0000015030,-0.0106445
0000015040,-0.0130011
0000015050,-0.0202505
0000015060,-0.0143099
0000015070,-0.0184848
0000015080,-0.0128105
0000015090,-0.0131784
0000015100,-0.0101426
0000015110,-0.0187569
0000015120,-0.0176567
0000015130,-0.0210337
0000015140,-0.0230579
0000015150,-0.0137994
0000015160,-0.00900149
0000015170,-0.0168197
0000015180,-0.0148413
0000015190,-0.00978377
0000015200,-0.0174338
0000015210,-0.016463
0000015220,-0.0175677
0000015230,-0.0127363
0000015240,-0.0147006
0000015250,-0.0176407
0000015260,-0.0136994
0000015270,-0.0225666
0000015280,-0.0188631
0000015290,-0.00712459
0000015300,-0.0193423
0000015310,-0.0186045
0000015320,-0.0206297
0000015330,-0.0149386
0000015340,-0.0165436
0000015350,-0.0173036
0000015360,-0.0136079
0000015370,-0.0180494
0000015380,-0.01742
0000015390,-0.0107352
0000015400,-0.00984625
0000015410,-0.00771878
0000015420,-0.0132124
0000015430,-0.0160728
0000015440,-0.0200734
0000015450,-0.0188529
0000015460,-0.0162197
0000015470,-0.0175463
0000015480,-0.0161448
0000015490,-0.0126449
0000015500,-0.00368081
0000015510,-0.0139412
0000015520,-0.0193055
0000015530,-0.022545
0000015540,-0.00915952
0000015550,-0.0166342
0000015560,-0.0110982
0000015570,-0.0136833
0000015580,-0.0176685
0000015590,-0.025299
0000015600,-0.0210046
0000015610,-0.012026
0000015620,-0.0174867
0000015630,-0.0174996
0000015640,-0.014603
0000015650,-0.0171208
0000015660,-0.0126907
0000015670,-0.0192115
0000015680,-0.0187862
0000015690,-0.0180355
0000015700,-0.0123303
0000015710,-0.0166097
0000015720,-0.0169689
0000015730,-0.0152558
0000015740,-0.021437
0000015750,-0.0207323
0000015760,-0.0192908
0000015770,-0.0138681
0000015780,-0.0172717
0000015790,-0.0153104
0000015800,-0.0204335
0000015810,-0.0174663
0000015820,-0.0209536
0000015830,-0.0100269
0000015840,-0.0172988
0000015850,-0.00880805
0000015860,-0.0223597
0000015870,-0.018058
0000015880,-0.012098
0000015890,-0.0131853
0000015900,-0.015299
0000015910,-0.0214393
0000015920,-0.0154721
0000015930,-0.017906
0000015940,-0.0111854
0000015950,-0.0113478
0000015960,-0.0150555
0000015970,-0.0119556
0000015980,-0.0114957
0000015990,-0.0137852
