0000000000,-0.0311922
0000000010,-0.0350606
0000000020,-0.0216706
0000000030,-0.0216494
0000000040,-0.0274164
0000000050,-0.0343503
0000000060,-0.0151324
0000000070,-0.0102843
0000000080,-0.0201608
0000000090,0.000632751
0000000100,-0.0226075
0000000110,-0.0159328
0000000120,-0.0172763
0000000130,-0.0168576
0000000140,-0.0054688
0000000150,-0.0181997
0000000160,-0.0360784
0000000170,-0.0119306
0000000180,-0.0258319
0000000190,-0.00465164
0000000200,-0.0367188
0000000210,-0.00888299
0000000220,-0.00586745
0000000230,-0.0339227
0000000240,-0.0147356
0000000250,-0.0119832
0000000260,-0.029332
0000000270,-0.0209242
0000000280,0.00347754
0000000290,-0.0253943
0000000300,-0.00165942
0000000310,-0.0101569
0000000320,-0.048192
0000000330,-0.0126123
0000000340,-0.0302042
0000000350,-0.0203896
0000000360,-0.011813
0000000370,-0.0138952
0000000380,-0.0478376
0000000390,-0.031384
0000000400,-0.0134667
0000000410,-0.0129852
0000000420,-0.0159373
0000000430,-0.0107608
0000000440,-0.03857
0000000450,-0.0244554
0000000460,-0.00181255
0000000470,-0.0167914
0000000480,-0.0165667
0000000490,-0.0300139
0000000500,0.00623471
0000000510,-0.0187042
0000000520,-0.0512966
0000000530,-0.0318234
0000000540,-0.0036069
0000000550,-0.0218721
0000000560,-0.0337395
0000000570,0.00422393
0000000580,-0.0293489
0000000590,-0.0298099
0000000600,-0.0267601
0000000610,-0.0193169
0000000620,-0.0292964
0000000630,-0.00980586
0000000640,-0.0435162
0000000650,-0.000872235
0000000660,-0.00858062
0000000670,-0.0257903
0000000680,-0.0217375
0000000690,-0.0199633
0000000700,-0.0101865
0000000710,-0.0372956
0000000720,-0.0271996
0000000730,-0.0424256
0000000740,-0.0300111
0000000750,-0.035753
0000000760,-0.0101213
0000000770,-0.036123
0000000780,0.00106673
0000000790,0.000502519
0000000800,-0.0181687
0000000810,-0.027796
0000000820,-0.0166364
0000000830,0.00532715
0000000840,-0.0300197
0000000850,-0.00671057
0000000860,-0.00606284
0000000870,-0.0189721
0000000880,-0.0230471
0000000890,-0.0245776
0000000900,-0.00196419
0000000910,-0.0179661
0000000920,-0.00794127
0000000930,-0.0194514
0000000940,-0.0107598
0000000950,-0.0196433
0000000960,-0.0449424
0000000970,-0.00415357
0000000980,0.000467471
0000000990,-0.00891702
0000001000,-0.0114166
0000001010,-0.00275369
0000001020,-0.0212385
0000001030,-0.0162582
0000001040,-0.00266916
0000001050,-0.0583577
0000001060,-0.0278376
0000001070,-0.0263075
0000001080,-0.0261866
0000001090,-0.0158588
0000001100,-0.00999734
0000001110,0.00613521
0000001120,-0.0261581
0000001130,-0.0153775
0000001140,-0.00519319
0000001150,-0.0321916
0000001160,-0.0334372
0000001170,-0.0257461
0000001180,-0.0373738
0000001190,-0.0324509
0000001200,-0.0237783
0000001210,-0.0167357
0000001220,-0.022359
0000001230,-0.0111424
0000001240,-0.018506
0000001250,-0.0241521
0000001260,-0.0115359
0000001270,-0.0491585
0000001280,-0.0413987
0000001290,-0.0407719
0000001300,-0.0146568
0000001310,-0.0404886
0000001320,-0.0174473
0000001330,-0.0504831
0000001340,-0.0102877
0000001350,-0.0221223
0000001360,-0.0199855
0000001370,0.0053436
0000001380,-0.0229578
0000001390,-0.0316424
0000001400,-0.017919
0000001410,-0.00582494
0000001420,-0.0107864
0000001430,-0.0110733
0000001440,-0.026513
0000001450,-0.0116222
0000001460,-0.0289321
0000001470,-0.0122529
0000001480,-0.010121
0000001490,-0.0134463
0000001500,-0.0022506
0000001510,-0.0108033
0000001520,-0.0184739
0000001530,-0.00764892
0000001540,-0.0119577
0000001550,-0.0125486
0000001560,-0.0262991
0000001570,-0.0196524
0000001580,-0.0111141
0000001590,-0.0200531
0000001600,-0.0121921
0000001610,-0.00280728
0000001620,-0.0158263
0000001630,-0.0227779
0000001640,-0.0111926
0000001650,-0.0262901
0000001660,-0.0141496
0000001670,-0.0234669
0000001680,-0.0176029
0000001690,-0.0280445
0000001700,-0.0311072
0000001710,-0.019863
0000001720,0.000731118
0000001730,-0.0118346
0000001740,-0.0210612
0000001750,-0.0159902
0000001760,-0.00369077
0000001770,0.0154497
0000001780,-0.0305087
0000001790,-0.0225184
0000001800,-0.0358886
0000001810,-0.00423648
0000001820,-0.0283574
0000001830,-0.0312779
0000001840,-0.0557702
0000001850,-0.00489907
0000001860,-0.0107955
0000001870,-0.0255107
0000001880,-0.00672488
0000001890,-0.0160845
0000001900,-0.0166889
0000001910,-0.0230163
0000001920,0.00782767
0000001930,-0.0138133
0000001940,-0.0423401
0000001950,-0.00440443
0000001960,-0.0324914
0000001970,-0.024343
0000001980,-0.0204591
0000001990,0.00159192
0000002000,-0.0168361
0000002010,-0.0213413
0000002020,-0.0296136
0000002030,-0.0183399
0000002040,-0.0162172
0000002050,-0.00819117
0000002060,-0.0121531
0000002070,-0.0293769
0000002080,-0.0282632
0000002090,-0.0252454
0000002100,-0.0166093
0000002110,-0.00225722
0000002120,-0.000405008
0000002130,-0.0274878
0000002140,-0.0040897
0000002150,-0.0399276
0000002160,-0.00459294
0000002170,-0.00662083
0000002180,-0.0276936
0000002190,-0.0365133
0000002200,-0.0170964
0000002210,-0.0226627
0000002220,-0.0192243
0000002230,-0.00876568
0000002240,-0.0233313
0000002250,-0.0544151
0000002260,-0.0448376
0000002270,-0.0111674
0000002280,-0.00607698
0000002290,-0.0430994
0000002300,-0.0221781
0000002310,-0.0105381
0000002320,-0.0173063
0000002330,-0.00784019
0000002340,-0.0217109
0000002350,-0.0233194
0000002360,-0.0364262
0000002370,-0.0230926
0000002380,-0.0337893
0000002390,-0.015783
0000002400,-0.0258016
0000002410,-0.00104074
0000002420,-0.024377
0000002430,-0.0382831
0000002440,-0.012445
0000002450,-0.0102909
0000002460,0.0118648
0000002470,-0.0194605
0000002480,-0.0212852
0000002490,0.00873231
0000002500,-0.0231585
0000002510,-0.0394725
0000002520,-0.0152632
0000002530,0.00507357
0000002540,-0.0163676
0000002550,-0.0207508
0000002560,-0.0225654
0000002570,4.31229e-05
0000002580,-0.0126104
0000002590,-0.0248398
0000002600,-0.0141254
0000002610,-0.0223266
0000002620,-0.0117659
0000002630,-0.0195781
0000002640,-0.0165686
0000002650,0.00633831
0000002660,-0.0181429
0000002670,-0.0235305
0000002680,-0.0117968
0000002690,-0.0165798
0000002700,-0.0544411
0000002710,-0.0347358
0000002720,-0.0167815
0000002730,-0.0208163
0000002740,-0.00684589
0000002750,-0.0146592
0000002760,-0.0156813
0000002770,-0.0392206
0000002780,-0.027911
0000002790,-0.0320558
0000002800,-0.00635524
0000002810,-0.0222355
0000002820,0.00074708
0000002830,-0.0302072
0000002840,-0.00315219
0000002850,0.00638919
0000002860,-0.0257686
0000002870,-0.00418311
0000002880,-0.0169768
0000002890,-0.0125672
0000002900,-0.0049852
0000002910,-0.00791655
0000002920,-0.0448064
0000002930,0.0071744
0000002940,-0.00948401
0000002950,-0.0171484
0000002960,-0.00889707
0000002970,-0.0375392
0000002980,-0.012534
0000002990,-0.029933
0000003000,-0.00798764
0000003010,-0.00537144
0000003020,-0.0295016
0000003030,-0.027567
0000003040,-0.0209778
0000003050,-0.0101879
0000003060,-0.0316099
0000003070,-0.0199994
0000003080,-0.0168881
0000003090,-0.0290916
0000003100,0.00262854
0000003110,-0.0324666
0000003120,-0.0140574
0000003130,-0.0244293
0000003140,-0.0242524
0000003150,-0.0305617
0000003160,-0.0220053
0000003170,-0.0301238
0000003180,-0.0147409
0000003190,0.0118211
0000003200,-0.00963473
0000003210,-0.0297532
0000003220,-0.0223134
0000003230,-0.0112898
0000003240,-0.0146672
0000003250,-0.0350345
0000003260,-0.0442071
0000003270,-0.0322962
0000003280,-0.0195635
0000003290,-0.013694
0000003300,-0.0123142
0000003310,-0.0172198
0000003320,-0.0112956
0000003330,-0.018455
0000003340,-0.0237021
0000003350,-0.00929079
0000003360,-0.0229564
0000003370,-0.0180754
0000003380,-0.00614569
0000003390,-0.0162669
0000003400,-0.0280884
0000003410,-0.00650765
0000003420,-0.0270299
0000003430,-0.0169499
0000003440,-0.0323553
0000003450,-0.0145852
0000003460,-0.0254237
0000003470,-0.0499819
0000003480,-0.0130994
0000003490,-0.0206091
0000003500,-0.0465133
0000003510,-0.00790953
0000003520,-0.016389
0000003530,-0.0263744
0000003540,-0.0186061
0000003550,-0.0156732
0000003560,-0.0187823
0000003570,-0.0180935
0000003580,-0.0111835
0000003590,-0.0143648
0000003600,-0.00669607
0000003610,-0.0132299
0000003620,-0.0030119
0000003630,-0.0238763
0000003640,-0.0369576
0000003650,-0.0423833
0000003660,-0.0301843
0000003670,-0.0144224
0000003680,-0.0290898
0000003690,-0.0218416
0000003700,-0.013819
0000003710,-0.0377975
0000003720,-0.0232847
0000003730,-0.019532
0000003740,-0.036098
0000003750,-0.0278595
0000003760,-0.0300654
0000003770,-0.0194243
0000003780,-0.0196147
0000003790,-0.0250722
0000003800,-0.0195764
0000003810,-0.0158156
0000003820,-0.0217305
0000003830,0.00567282
0000003840,-0.0367668
0000003850,-0.0164781
0000003860,-0.00887511
0000003870,-0.00243356
0000003880,-0.0243332
0000003890,-0.00512455
0000003900,-0.0266081
0000003910,-0.0217053
0000003920,-0.0215271
0000003930,-0.0162696
0000003940,-0.0195405
0000003950,-0.0171687
0000003960,-0.0103839
0000003970,-0.0120196
0000003980,-0.0386087
0000003990,-0.0166294
0000004000,-0.0179033
0000004010,0.00111885
0000004020,-0.0257549
0000004030,-0.0198313
0000004040,-0.00807127
0000004050,-0.0309368
0000004060,-0.0156343
0000004070,-0.0209885
0000004080,0.00379786
0000004090,-0.00873521
0000004100,-0.0286077
0000004110,-0.0133266
0000004120,-0.0401859
0000004130,-0.0066412
0000004140,-0.0380425
0000004150,-0.017095
0000004160,-0.04275
0000004170,-0.0425472
0000004180,-0.0306903
0000004190,-0.0167124
0000004200,-0.00214151
0000004210,-0.0374765
0000004220,-0.00634326
0000004230,-0.0275926
0000004240,-0.00653109
0000004250,-0.00730228
0000004260,-0.0302009
0000004270,-0.0359077
0000004280,-0.000338175
0000004290,-0.0112327
0000004300,-0.00301173
0000004310,0.00304873
0000004320,-0.0238858
0000004330,0.000136078
0000004340,-0.00872389
0000004350,0.0048825
0000004360,-0.0284803
0000004370,-0.0155221
0000004380,0.00175147
0000004390,-0.0115095
0000004400,-0.0170284
0000004410,-0.031122
0000004420,0.0163656
0000004430,-0.0297915
0000004440,-0.0269282
0000004450,-0.0299716
0000004460,-0.0173248
0000004470,0.0161356
0000004480,-0.0173331
0000004490,-0.0253134
0000004500,-0.00509397
0000004510,-0.0251954
0000004520,-0.0158125
0000004530,-0.0361427
0000004540,-0.0131452
0000004550,-0.0276924
0000004560,-0.0211324
0000004570,-0.0250354
0000004580,-0.0276613
0000004590,-0.0158477
0000004600,-0.0171282
0000004610,-0.0201952
0000004620,-0.0363404
0000004630,-0.0496179
0000004640,0.0151225
0000004650,-0.0137327
0000004660,-0.0175527
0000004670,-0.0191005
0000004680,-0.0167241
0000004690,-0.0237754
0000004700,-0.0223631
0000004710,-0.0349649
0000004720,-0.00341917
0000004730,-0.0243927
0000004740,-0.0150324
0000004750,-0.0450553
0000004760,-0.0178518
0000004770,-0.0248682
0000004780,-0.023508
0000004790,-0.00164756
0000004800,-0.00572858
0000004810,-0.0354547
0000004820,-0.0401091
0000004830,-0.0274174
0000004840,-0.0170205
0000004850,-0.0343554
0000004860,-0.0257254
0000004870,-0.0163737
0000004880,0.0105986
0000004890,-0.0235807
0000004900,-0.022459
0000004910,-0.0230006
0000004920,-0.00692347
0000004930,-0.00663046
0000004940,-0.0443435
0000004950,-0.0146872
0000004960,-0.0227206
0000004970,-0.0173921
0000004980,-0.046973
0000004990,-0.00911308
0000005000,-0.00687848
0000005010,-0.0204677
0000005020,-0.00469116
0000005030,-0.0196694
0000005040,-0.00236831
0000005050,-0.0361408
0000005060,-0.0214853
0000005070,0.00404769
0000005080,-0.0408343
0000005090,-0.0244916
0000005100,-0.0314869
0000005110,-0.0281424
0000005120,-0.0112455
0000005130,-0.0173402
0000005140,-0.0248602
0000005150,-0.0176981
0000005160,-0.0171881
0000005170,-0.0291175
0000005180,-0.0146179
0000005190,-0.0269559
0000005200,-0.0434765
0000005210,-0.0313651
0000005220,-0.0247499
0000005230,-0.0178984
0000005240,-0.0107825
0000005250,-0.00554459
0000005260,-0.00762665
0000005270,-0.0125244
0000005280,-0.0167768
0000005290,0.0119306
0000005300,0.00453054
0000005310,-0.00605356
0000005320,-0.0145211
0000005330,-0.0253873
0000005340,-0.0221381
0000005350,-0.0283296
0000005360,-0.033603
0000005370,-0.0215754
0000005380,-0.0217896
0000005390,-0.0266147
0000005400,-0.0192386
0000005410,-0.014602
0000005420,-0.0149243
0000005430,0.000918876
0000005440,-0.0258352
0000005450,-0.0234894
0000005460,-0.026009
0000005470,-0.0346379
0000005480,-0.0410335
0000005490,-0.0286541
0000005500,-0.0277228
0000005510,-0.0271659
0000005520,-0.0269884
0000005530,-0.0174585
0000005540,-0.0257016
0000005550,-0.0229694
0000005560,-0.0050667
0000005570,-0.0305861
0000005580,-0.033818
0000005590,0.00234834
0000005600,-0.0190783
0000005610,-0.039152
0000005620,-0.0154607
0000005630,-0.0106948
0000005640,-0.00212543
0000005650,-0.0172829
0000005660,-0.0141265
0000005670,-0.0111709
0000005680,-0.00553593
0000005690,-0.0247356
0000005700,-0.0205004
0000005710,0.0071524
0000005720,-0.0178341
0000005730,-0.0361297
0000005740,-0.0126021
0000005750,-0.0425947
0000005760,-0.00648964
0000005770,-0.0169274
0000005780,-0.0126153
0000005790,-0.0336395
0000005800,-0.0107733
0000005810,-0.039434
0000005820,0.0207047
0000005830,-0.0540427
0000005840,-0.0197886
0000005850,-0.0509243
0000005860,0.00409438
0000005870,-0.0208679
0000005880,-0.00756377
0000005890,-0.0233871
0000005900,-0.0224344
0000005910,-0.0190593
0000005920,-0.0162515
0000005930,-0.0404862
0000005940,-0.0185316
0000005950,0.0140785
0000005960,-0.0327149
0000005970,-0.0164021
0000005980,-0.0309544
0000005990,-0.0139804
0000006000,-0.016014
0000006010,-0.0250023
0000006020,0.00591046
0000006030,-0.0103129
0000006040,-0.0387328
0000006050,-0.00996707
0000006060,-0.0170167
0000006070,-0.0110427
0000006080,-0.0319337
0000006090,-0.0114993
0000006100,-0.00988444
0000006110,-0.0198897
0000006120,-0.015921
0000006130,-0.027626
0000006140,-0.00666863
0000006150,-0.0273066
0000006160,-0.0274344
0000006170,-0.0205876
0000006180,-0.00149308
0000006190,-0.0280329
0000006200,-0.0273277
0000006210,-0.027719
0000006220,-0.0256871
0000006230,-0.00608264
0000006240,-0.0301888
0000006250,-0.0209778
0000006260,-0.038057
0000006270,-0.0286895
0000006280,-0.00292056
0000006290,-0.0391088
0000006300,-0.0185165
0000006310,-0.0160579
0000006320,-0.045587
0000006330,-0.0160405
0000006340,-0.0270835
0000006350,-0.000652407
0000006360,-0.02014
0000006370,-0.0171043
0000006380,-0.0193276
0000006390,0.00900445
0000006400,-0.0175466
0000006410,0.000190877
0000006420,-0.0112977
0000006430,-0.0177852
0000006440,-0.0142576
0000006450,-0.0088489
0000006460,-0.026725
0000006470,-0.0121352
0000006480,-0.00280989
0000006490,-0.0236733
0000006500,-0.0195843
0000006510,-0.0139053
0000006520,-0.034557
0000006530,-0.028627
0000006540,-0.0319362
0000006550,-0.0270863
0000006560,0.00646421
0000006570,-0.0103893
0000006580,-0.0146707
0000006590,0.000667021
0000006600,-0.0225728
0000006610,-0.0395552
0000006620,-0.0156902
0000006630,-0.0344171
0000006640,-0.01696
0000006650,-0.0358459
0000006660,-0.0241123
0000006670,-0.0369028
0000006680,-0.00217776
0000006690,-0.0188179
0000006700,-0.00311284
0000006710,-0.0198424
0000006720,-0.0308929
0000006730,-0.033578
0000006740,-0.0118871
0000006750,-0.0272885
0000006760,-0.0244607
0000006770,-0.00600307
0000006780,-0.015409
0000006790,-0.0162123
0000006800,-0.0252041
0000006810,0.000579425
0000006820,-0.0100358
0000006830,-0.0238446
0000006840,-0.0327709
0000006850,-0.00987235
0000006860,-0.0212508
0000006870,-0.0182387
0000006880,-0.0387916
0000006890,0.0139044
0000006900,-0.00293299
0000006910,-0.028981
0000006920,-0.0224162
0000006930,-0.0110421
0000006940,-0.00593694
0000006950,-0.0365131
0000006960,-0.0163791
0000006970,-0.0338723
0000006980,-0.0127955
0000006990,-0.0213242
0000007000,-0.0322622
0000007010,-0.032164
0000007020,-0.0271847
0000007030,-0.0128179
0000007040,-0.00635502
0000007050,-0.0110932
0000007060,-0.00164202
0000007070,-0.00903451
0000007080,-0.017702
0000007090,-0.0228003
0000007100,-0.0095709
0000007110,-0.0247147
0000007120,-0.0355449
0000007130,-0.0244311
0000007140,-0.0198989
0000007150,0.0043121
0000007160,-0.028977
0000007170,-0.0210741
0000007180,-0.0177745
0000007190,0.00786014
0000007200,-0.0207125
0000007210,-0.000592058
0000007220,-0.00115036
0000007230,-0.00672362
0000007240,0.00889287
0000007250,-0.0178827
0000007260,-0.0357453
0000007270,-0.0153321
0000007280,-0.0413307
0000007290,-0.0199023
0000007300,-0.0183331
0000007310,0.0110751
0000007320,-0.026636
0000007330,-0.0154507
0000007340,-0.0271001
0000007350,-0.0359413
0000007360,-0.01539
0000007370,-0.00105795
0000007380,-0.0265466
0000007390,-0.0155893
0000007400,-0.00971082
0000007410,-0.0081373
0000007420,-0.0350842
0000007430,-0.028193
0000007440,-0.0127269
0000007450,-0.0317241
0000007460,-0.0087928
0000007470,-0.00546215
0000007480,0.00226149
0000007490,-0.0256158
0000007500,-0.0199274
0000007510,-0.0070522
0000007520,-0.0257708
0000007530,0.0119507
0000007540,-0.020206
0000007550,-0.0414461
0000007560,-0.0375438
0000007570,-0.0201408
0000007580,-0.00713177
0000007590,-0.0237581
0000007600,-0.0121188
0000007610,-0.0213919
0000007620,-0.028
0000007630,-0.00122759
0000007640,-0.0237098
0000007650,-0.015889
0000007660,-0.00874003
0000007670,-0.0215831
0000007680,-0.0030182
0000007690,-0.0264701
0000007700,-0.018885
0000007710,-0.0194568
0000007720,-0.0124203
0000007730,-0.033496
0000007740,-0.0171697
0000007750,0.000397318
0000007760,0.000113479
0000007770,-0.0368548
0000007780,-0.0311201
0000007790,-0.0258858
0000007800,-0.00761241
0000007810,-0.0176007
0000007820,-0.0220732
0000007830,-0.00540062
0000007840,-0.0152052
0000007850,-0.0122173
0000007860,-0.00643814
0000007870,0.00548506
0000007880,-0.0148781
0000007890,-0.00339151
0000007900,-0.0186627
0000007910,-0.0307934
0000007920,-0.0255196
0000007930,-0.0267277
0000007940,-0.0282003
0000007950,-0.0386334
0000007960,0.0011835
0000007970,-0.0410182
0000007980,-0.0112485
0000007990,-0.0269934
0000008000,-0.0258376
0000008010,-0.0158964
0000008020,-0.00767546
0000008030,-0.0103127
0000008040,-0.0278987
0000008050,-0.0258636
0000008060,-0.026006
0000008070,-0.0539187
0000008080,-0.0178076
0000008090,-0.025724
0000008100,-0.0187486
0000008110,-0.000493276
0000008120,-0.01078
0000008130,-0.0212298
0000008140,-0.0248572
0000008150,-0.00967414
0000008160,-0.0310155
0000008170,-0.0245689
0000008180,-0.0300295
0000008190,-0.0178158
0000008200,-0.0363933
0000008210,-0.0420979
0000008220,-0.0369374
0000008230,-0.0336484
0000008240,-0.0171019
0000008250,-0.0187598
0000008260,-0.00165968
0000008270,-0.0393832
0000008280,-0.0184571
0000008290,-0.0321666
0000008300,-0.0157857
0000008310,-0.0252378
0000008320,-0.00770234
0000008330,-0.0361591
0000008340,-0.0481439
0000008350,-0.00162907
0000008360,-0.0207221
0000008370,-0.00653645
0000008380,-0.0140595
0000008390,-0.014068
0000008400,-0.0207486
0000008410,-0.0423682
0000008420,-0.0180163
0000008430,-0.0157311
0000008440,-0.00999069
0000008450,-0.0134377
0000008460,-0.0100904
0000008470,-0.0141923
0000008480,-0.0443703
0000008490,-0.0198673
0000008500,-0.0570195
0000008510,-0.0243543
0000008520,-0.03614
0000008530,-0.0136707
0000008540,-0.0239029
0000008550,-0.0297732
0000008560,-0.024015
0000008570,-0.0171838
0000008580,-0.0173244
0000008590,-0.015921
0000008600,-0.0209941
0000008610,-0.0229749
0000008620,-0.0237996
0000008630,-0.0217571
0000008640,-0.00463755
0000008650,-0.00333428
0000008660,-0.0030173
0000008670,-0.023217
0000008680,-0.00674635
0000008690,-0.0212075
0000008700,-0.0468714
0000008710,-0.00700376
0000008720,-0.0394872
0000008730,-0.049116
0000008740,-0.0110751
0000008750,-0.0283343
0000008760,-0.00874798
0000008770,-0.0093929
0000008780,-0.0233793
0000008790,-0.0290387
0000008800,-0.0350485
0000008810,-0.0331877
0000008820,-0.0269017
0000008830,-0.0156649
0000008840,-0.0242893
0000008850,-0.031938
0000008860,-0.0260015
0000008870,-0.0372006
0000008880,-0.0320907
0000008890,-0.024634
0000008900,-0.0263419
0000008910,-0.0199165
0000008920,-0.0210077
0000008930,-0.0190513
0000008940,-0.00967961
0000008950,-0.0214203
0000008960,-0.0232192
0000008970,-0.0308792
0000008980,-0.0386648
0000008990,-0.022227
0000009000,-0.0144787
0000009010,-0.0302128
0000009020,-0.0223615
0000009030,-0.0152606
0000009040,-0.0303662
0000009050,-0.00823478
0000009060,-0.0194551
0000009070,-0.0218352
0000009080,-0.0203194
0000009090,-0.0303891
0000009100,-0.0291508
0000009110,0.00741253
0000009120,-0.0188917
0000009130,-0.0288896
0000009140,-0.00159064
0000009150,-0.0236597
0000009160,-0.0160224
0000009170,-0.010461
0000009180,-0.0342584
0000009190,-0.0280671
0000009200,-0.00622347
0000009210,-0.0257292
0000009220,-0.0106171
0000009230,-0.00485129
0000009240,-0.0100844
0000009250,-0.0286277
0000009260,-0.0144105
0000009270,-0.00996326
0000009280,-0.00381328
0000009290,-0.0265134
0000009300,-0.0205499
0000009310,-0.0102578
0000009320,-0.00375013
0000009330,-0.0084398
0000009340,-0.0480649
0000009350,-0.0332004
0000009360,-0.00752873
0000009370,-0.0349232
0000009380,-0.0234919
0000009390,-0.0293984
0000009400,-0.000362027
0000009410,-0.00947293
0000009420,-0.00066445
0000009430,-0.0168911
0000009440,-0.0348945
0000009450,-0.0202958
0000009460,-0.0146168
0000009470,-0.0200978
0000009480,-0.00497156
0000009490,-0.0220763
0000009500,-0.00931221
0000009510,-0.028731
0000009520,-0.0205907
0000009530,-0.0357065
0000009540,-0.0240344
0000009550,-0.030332
0000009560,-0.0102413
0000009570,0.00362287
0000009580,-0.0066035
0000009590,0.00752671
0000009600,-0.021123
0000009610,-0.00300043
0000009620,-0.016267
0000009630,-0.012459
0000009640,-0.00690606
0000009650,-0.0295787
0000009660,-0.0281193
0000009670,-0.0053492
0000009680,-0.0317862
0000009690,-0.0115004
0000009700,-0.00141325
0000009710,-0.0250121
0000009720,-0.0386307
0000009730,-0.0430073
0000009740,-0.00476541
0000009750,-0.0294598
0000009760,-0.0212252
0000009770,-0.0137822
0000009780,-0.0263549
0000009790,-0.0181601
0000009800,-0.0148145
0000009810,-0.0195971
0000009820,-0.0165112
0000009830,-0.0267409
0000009840,-0.0112899
0000009850,-0.0343331
0000009860,-0.028764
0000009870,-0.00805577
0000009880,-0.0130406
0000009890,-0.0163391
0000009900,-0.00493774
0000009910,-0.0319611
0000009920,-0.009918
0000009930,-0.0191354
0000009940,-0.015721
0000009950,-0.0565434
0000009960,-0.0120611
0000009970,-0.0251316
0000009980,-0.00997159
0000009990,-0.000171493
0000010000,-0.0273218
0000010010,-0.0194811
0000010020,-0.0291495
0000010030,-0.042788
0000010040,0.0217251
0000010050,-0.0238319
0000010060,0.00939982
0000010070,-0.0233844
0000010080,-0.00902995
0000010090,-0.00123823
0000010100,-0.0267546
0000010110,0.000315081
0000010120,-0.0386634
0000010130,-0.00931965
0000010140,-0.0113518
0000010150,-0.0187709
0000010160,-0.0172949
0000010170,-0.00708954
0000010180,-0.0186566
0000010190,-0.0219495
0000010200,-0.0229934
0000010210,-0.00489275
0000010220,-0.00857909
0000010230,-0.0150485
0000010240,-0.0209855
0000010250,-0.0416239
0000010260,-0.0341656
0000010270,-0.0150802
0000010280,-0.0156499
0000010290,-0.0361001
0000010300,-0.0344649
0000010310,-0.0030789
0000010320,-0.0398503
0000010330,-0.0150454
0000010340,0.00499112
0000010350,-0.0210967
0000010360,-0.0143466
0000010370,-0.0199765
0000010380,-0.0121014
0000010390,-0.0206606
0000010400,0.0160271
0000010410,0.0017272
0000010420,-0.0172819
0000010430,-0.0114859
0000010440,-0.0474292
0000010450,-0.00599107
0000010460,-0.0162483
0000010470,0.00013292
0000010480,-0.00703422
0000010490,-0.00137228
0000010500,-0.00277811
0000010510,-0.0326998
0000010520,-0.0184779
0000010530,-0.00956229
0000010540,-0.032784
0000010550,-0.0193473
0000010560,-0.0145708
0000010570,-0.0158399
0000010580,-0.0288003
0000010590,-0.00977524
0000010600,-0.0142439
0000010610,-0.0292935
0000010620,-0.0172477
0000010630,-0.00644424
0000010640,-0.0276812
0000010650,-0.0510807
0000010660,-0.0405089
0000010670,-0.0320175
0000010680,-0.0352578
0000010690,-0.0202899
0000010700,-0.00993793
0000010710,-0.0182233
0000010720,0.00168723
0000010730,-0.0259796
0000010740,-0.0389086
0000010750,-0.0299201
0000010760,-0.0276937
0000010770,-0.0198544
0000010780,-0.0185634
0000010790,-0.00734718
0000010800,0.0148812
0000010810,-0.0233796
0000010820,-0.0131081
0000010830,-0.0115307
0000010840,0.00319879
0000010850,-0.00952424
0000010860,-0.0273312
0000010870,0.00700948
0000010880,-0.0124585
0000010890,-0.0186582
0000010900,-0.0196278
0000010910,-0.0133957
0000010920,0.00181221
0000010930,-0.0195259
0000010940,-0.0152743
0000010950,-0.0391243
0000010960,0.0153083
0000010970,-0.0189779
0000010980,-0.029404
0000010990,-0.0217315
0000011000,-0.0378542
0000011010,-0.023018
0000011020,-0.0222604
0000011030,-0.00214896
0000011040,-0.0316156
0000011050,-0.00666777
0000011060,-0.0231605
0000011070,-0.0244918
0000011080,-0.0146723
0000011090,-0.0341717
0000011100,0.00344066
0000011110,-0.011204
0000011120,-0.0185067
0000011130,-0.0259126
0000011140,-0.0306207
0000011150,-0.00476909
0000011160,-0.0150199
0000011170,0.00800495
0000011180,-0.0015507
0000011190,-0.00317411
0000011200,-0.0343828
0000011210,-0.0294694
0000011220,-0.0148692
0000011230,-0.0421249
0000011240,-0.0457685
0000011250,-0.0321008
0000011260,0.00909275
0000011270,-0.0138752
0000011280,-0.0300343
0000011290,-0.027239
0000011300,-0.0261886
0000011310,-0.0170479
0000011320,-0.0134453
0000011330,-0.00535499
0000011340,-0.0157372
0000011350,-0.013593
0000011360,-0.0370393
0000011370,-0.0431878
0000011380,0.0137951
0000011390,-0.0146795
0000011400,-0.0404302
0000011410,-0.0147862
0000011420,-0.0174339
0000011430,-0.0233081
0000011440,-0.0196427
0000011450,-0.00850931
0000011460,-0.0255496
0000011470,-0.0296254
0000011480,-0.0306512
0000011490,-0.0127553
0000011500,-0.00495389
0000011510,-0.00263203
0000011520,-0.00189078
0000011530,-0.0151297
0000011540,-0.0418706
0000011550,-0.0239297
0000011560,-0.0117672
0000011570,-0.00483802
0000011580,-0.0318683
0000011590,-0.0251472
0000011600,-0.00313279
0000011610,-0.0333328
0000011620,-0.0353354
0000011630,-0.0307477
0000011640,-0.0113931
0000011650,-0.019368
0000011660,-0.026101
0000011670,-0.0363665
0000011680,-0.00397233
0000011690,0.00677693
0000011700,-0.00600521
0000011710,-0.0128454
0000011720,-0.0251001
0000011730,-0.00711592
0000011740,-0.0268884
0000011750,-0.0035405
0000011760,-0.0241882
0000011770,-0.0326092
0000011780,-0.0123063
0000011790,-0.0212857
0000011800,-0.0177034
0000011810,-0.0300654
0000011820,-0.0206179
0000011830,-0.009617
0000011840,-0.0347652
0000011850,-0.00542831
0000011860,-0.0287299
0000011870,-0.00229436
0000011880,-0.0187775
0000011890,-0.0171512
0000011900,-0.0135059
0000011910,-0.0137998
0000011920,-0.0333378
0000011930,-0.0195503
0000011940,-0.00769204
0000011950,-0.0195245
0000011960,-0.0113076
0000011970,-0.0437148
0000011980,-0.0115561
0000011990,-0.023733
0000012000,-0.0328361
0000012010,-0.017037
0000012020,-0.0355395
0000012030,-0.0349235
0000012040,-0.03594
0000012050,-0.0454506
0000012060,-0.033597
0000012070,-0.00492026
0000012080,-0.0245922
0000012090,-0.00491399
0000012100,-0.0162437
0000012110,-0.038926
0000012120,-0.020577
0000012130,-0.0168054
0000012140,-0.021389
0000012150,-0.00578313
0000012160,-0.0277289
0000012170,-0.0220395
0000012180,-0.0117242
0000012190,0.00972516
0000012200,-0.022296
0000012210,-0.0281906
0000012220,-0.0098842
0000012230,-0.0187691
0000012240,-0.0348809
0000012250,-0.0254993
0000012260,-0.028156
0000012270,-0.0378842
0000012280,-0.0406483
0000012290,-0.0140161
0000012300,-0.0291305
0000012310,-0.0197912
0000012320,-0.0211765
0000012330,-0.0199577
0000012340,-0.0279978
0000012350,-0.0177266
0000012360,-0.0471313
0000012370,-0.0125934
0000012380,-0.000858056
0000012390,-0.0243248
0000012400,-0.0110608
0000012410,-0.00592671
0000012420,-0.0115923
0000012430,-0.0139654
0000012440,-0.0190457
0000012450,-0.0200814
0000012460,-0.0227283
0000012470,-0.0119776
0000012480,-0.0123799
0000012490,0.0102834
0000012500,-0.0367933
0000012510,-0.0223132
0000012520,-0.00729469
0000012530,-0.0255848
0000012540,-0.0308795
0000012550,-0.0163924
0000012560,0.000172974
0000012570,-0.0245334
0000012580,-0.00801903
0000012590,0.000737066
0000012600,-0.0163677
0000012610,-0.0201336
0000012620,-0.026945
0000012630,-0.0166212
0000012640,-0.0109425
0000012650,-0.0132315
0000012660,-0.0190242
0000012670,-0.026217
0000012680,-0.0147782
0000012690,-0.0241841
0000012700,-0.00985762
0000012710,-0.0200039
0000012720,-0.00470156
0000012730,-0.0265697
0000012740,-0.0106307
0000012750,-0.00901312
0000012760,-0.0053479
0000012770,-0.0221116
0000012780,-0.00744027
0000012790,-0.0104255
0000012800,-0.0162815
0000012810,0.00264705
0000012820,-0.0155478
0000012830,-0.000988008
0000012840,-0.0568699
0000012850,-0.00814834
0000012860,-0.0347293
0000012870,-0.00585449
0000012880,-0.000705025
0000012890,-0.00389962
0000012900,-0.0129246
0000012910,-0.0295101
0000012920,-0.0307685
0000012930,-0.0261977
0000012940,-0.00546829
0000012950,-0.0400456
0000012960,-0.00141833
0000012970,-0.0298875
0000012980,0.00222045
0000012990,-0.0362692
0000013000,-0.00422662
0000013010,-0.0294386
0000013020,-0.00682426
0000013030,-0.011453
0000013040,-0.0247885
0000013050,-0.0242241
0000013060,-0.0240675
0000013070,-0.0411591
0000013080,-0.0350004
0000013090,-0.00926949
0000013100,-0.0273533
0000013110,-0.0172603
0000013120,-0.0362646
0000013130,-0.0108992
0000013140,-0.0147815
0000013150,-0.000806991
0000013160,-0.0210609
0000013170,-0.0193334
0000013180,0.00112821
0000013190,-0.0390195
0000013200,-0.0318037
0000013210,-0.0316973
0000013220,-0.0123765
0000013230,0.00471921
0000013240,0.00447132
0000013250,-0.00169629
0000013260,-0.0136265
0000013270,0.00846053
0000013280,-0.00791476
0000013290,-0.00156858
0000013300,-0.0249086
0000013310,-0.0272594
0000013320,-0.0351619
0000013330,-0.0184236
0000013340,-0.0269668
0000013350,-0.0194487
0000013360,-0.0212647
0000013370,-0.0153444
0000013380,-0.00881583
0000013390,-0.0339799
0000013400,-0.0246006
0000013410,-0.026792
0000013420,-0.00262373
0000013430,-0.0105033
0000013440,-0.0522757
0000013450,-0.0108178
0000013460,-0.0300092
0000013470,-0.0101311
0000013480,-0.0211891
0000013490,-0.0231501
0000013500,-0.00834783
0000013510,-0.0214567
0000013520,-0.0460691
0000013530,-0.0218881
0000013540,0.0121587
0000013550,-0.00720614
0000013560,-0.0282796
0000013570,0.000434709
0000013580,0.00429713
0000013590,-0.00351718
0000013600,-0.0119122
0000013610,-0.0269061
0000013620,-0.0451164
0000013630,-0.0239942
0000013640,-0.0224351
0000013650,-0.0208574
0000013660,-0.0236185
0000013670,-0.00888421
0000013680,-0.0264199
0000013690,-0.0486514
0000013700,-0.00417613
0000013710,-0.0271546
0000013720,-0.0377343
0000013730,-0.0121099
0000013740,-0.00647276
0000013750,-0.0244887
0000013760,-0.0196818
0000013770,-0.0259585
0000013780,-0.000603298
0000013790,-0.00108373
0000013800,-0.0420392
0000013810,-0.0298405
0000013820,-0.0294473
0000013830,-0.00465035
0000013840,-0.00103241
0000013850,-0.0454972
0000013860,-0.0142757
0000013870,-0.027344
0000013880,-0.0316927
0000013890,-0.0224388
0000013900,0.00887121
0000013910,-0.0258199
0000013920,-0.0206793
0000013930,-0.0338291
0000013940,0.00489573
0000013950,-0.0130588
0000013960,-0.0331107
0000013970,-0.0330402
0000013980,-0.000864728
0000013990,-0.00318849
0000014000,-0.0114151
0000014010,-0.0213749
0000014020,-0.0322373
0000014030,-0.00673796
0000014040,-0.0150811
0000014050,-0.0095396
0000014060,-0.0302583
0000014070,-0.0443532
0000014080,-0.0178027
0000014090,-0.0195798
0000014100,-0.00292831
0000014110,-0.0187148
0000014120,-0.00840237
0000014130,-0.0280146
0000014140,-0.00367978
0000014150,-0.0118599
0000014160,-0.0289676
0000014170,-0.0100778
0000014180,-0.0195224
0000014190,-0.00354917
0000014200,-0.01861
0000014210,0.00710871
0000014220,-0.0127661
0000014230,-0.0121339
0000014240,-0.0366247
0000014250,-0.0362181
0000014260,-0.0363535
0000014270,-0.0119071
0000014280,-0.0108217
0000014290,0.00104388
0000014300,-0.0191049
0000014310,-0.020958
0000014320,-0.0114985
0000014330,-0.00683981
0000014340,-0.0132197
0000014350,-0.0351944
0000014360,-0.034998
0000014370,-0.0337092
0000014380,-0.0234255
0000014390,-0.0232284
0000014400,-0.00645686
0000014410,-0.0227925
0000014420,0.00377224
0000014430,-0.00480902
0000014440,-0.0490399
0000014450,-0.00233559
0000014460,-0.00630577
0000014470,-0.0184626
0000014480,-0.023256
0000014490,-0.0281901
0000014500,-0.0152977
0000014510,-0.00941842
0000014520,-0.00271197
0000014530,-0.0239935
0000014540,-0.0417965
0000014550,-0.008735
0000014560,-0.0287671
0000014570,0.0162295
0000014580,-0.0301003
0000014590,-0.0214992
0000014600,-0.0213482
0000014610,-0.00720052
0000014620,-0.00100807
0000014630,-0.0390553
0000014640,-0.0224141
0000014650,-0.0232797
0000014660,-0.0247669
0000014670,-0.0059857
0000014680,-0.0278847
0000014690,-0.0231805
0000014700,-0.0222514
0000014710,-0.0159849
0000014720,0.0220083
0000014730,-0.0358065
0000014740,-0.00213321
0000014750,-0.000296243
0000014760,-0.00242267
0000014770,-0.0127387
0000014780,0.00862337
0000014790,-0.0241682
0000014800,-0.0172736
0000014810,-0.00899735
0000014820,-0.0171319
0000014830,-0.0282047
0000014840,-0.037533
0000014850,-0.0148754
0000014860,6.10424e-05
0000014870,-0.0222728
0000014880,-0.013681
0000014890,-0.0275194
0000014900,-0.0177702
0000014910,-0.0107069
0000014920,-0.0240148
0000014930,-0.0316159
0000014940,-0.0173914
0000014950,-0.0295505
0000014960,-0.0303062
0000014970,-0.00899813
0000014980,-0.0137845
0000014990,-0.00315595
0000015000,-0.0318717
0000015010,-0.0239817
0000015020,-0.0352101
0000015030,-0.0109542
0000015040,-0.0401665
0000015050,-0.0312808
0000015060,0.0101879
0000015070,-0.0105331
0000015080,-0.0131382
0000015090,-0.0125025
0000015100,-0.0113333
0000015110,-0.0201897
0000015120,-0.0202456
0000015130,-0.0104705
0000015140,-0.0164812
0000015150,-0.0298
0000015160,-0.0149474
0000015170,-0.018869
0000015180,-0.00153728
0000015190,-0.0230791
0000015200,-0.00564864
0000015210,-0.0298669
0000015220,-0.0252654
0000015230,-0.0351574
0000015240,-0.00253298
0000015250,-0.0199798
0000015260,-0.0281364
0000015270,0.0103661
0000015280,-0.0181734
0000015290,-0.0401075
0000015300,-0.0290768
0000015310,-0.0508821
0000015320,-0.0001637
0000015330,-0.0175743
0000015340,-0.0409379
0000015350,0.00266613
0000015360,-0.0145257
0000015370,-0.0128139
0000015380,-0.0410175
0000015390,4.87303e-06
0000015400,-0.031142
0000015410,-0.00701811
0000015420,-0.00980565
0000015430,-0.0207121
0000015440,0.0170866
0000015450,-0.0196254
0000015460,-0.00740413
0000015470,-0.029562
0000015480,-0.0345487
0000015490,-0.0162988
0000015500,-0.0271345
0000015510,-0.0127237
0000015520,-0.0199243
0000015530,-0.0255647
0000015540,-0.0308731
0000015550,-0.00938285
0000015560,-0.023665
0000015570,-0.0457554
0000015580,-0.0162906
0000015590,-0.0160258
0000015600,-0.0198896
0000015610,-0.0088999
0000015620,-0.0191511
0000015630,-0.0121366
0000015640,-0.0131856
0000015650,-0.0158916
0000015660,-0.007822
0000015670,-0.0286077
0000015680,-0.0332196
0000015690,-0.0244602
0000015700,-0.00673089
0000015710,-0.0111567
0000015720,0.00444699
0000015730,-0.000240897
0000015740,-0.0125624
0000015750,-0.00649814
0000015760,-0.0114817
0000015770,-0.010244
0000015780,-0.0287909
0000015790,-0.0109629
0000015800,-0.0271358
0000015810,-0.0262086
0000015820,-0.0170246
0000015830,0.00721896
0000015840,0.0132883
0000015850,-0.0223877
0000015860,-0.00265473
0000015870,-0.0187402
0000015880,-0.0110708
0000015890,-0.0038316
0000015900,-0.00689319
0000015910,-0.0173725
0000015920,-0.0194191
0000015930,-0.0151973
0000015940,-0.0324944
0000015950,-0.0128561
0000015960,-0.016908
0000015970,0.00585851
0000015980,-0.0373726
0000015990,-0.00967312
