0000000000,-0.0187906
0000000010,-0.0230279
0000000020,-0.0127317
0000000030,-0.0171663
0000000040,-0.010478
0000000050,-0.0208344
0000000060,-0.020434
0000000070,-0.0122653
0000000080,-0.0110932
0000000090,-0.010788
0000000100,-0.0215853
0000000110,-0.0222194
0000000120,-0.0263592
0000000130,-0.0105953
0000000140,-0.0161009
0000000150,-0.0307813
0000000160,-0.014524
0000000170,-0.0153552
0000000180,-0.0181762
0000000190,-0.0221205
0000000200,-0.0280548
0000000210,-0.0245963
0000000220,-0.014981
0000000230,-0.0364956
0000000240,-0.0130223
0000000250,-0.0170637
0000000260,-0.0151096
0000000270,-0.0211445
0000000280,-0.0156678
0000000290,-0.0292144
0000000300,-0.0283909
0000000310,-0.0258021
0000000320,-0.0107861
0000000330,-0.0218623
0000000340,-0.0125715
0000000350,-0.0135854
0000000360,-0.0150047
0000000370,-0.0193842
0000000380,-0.0075618
0000000390,-0.0231145
0000000400,-0.0144999
0000000410,-0.0256824
0000000420,-0.012737
0000000430,-0.0190294
0000000440,-0.00227801
0000000450,-0.0176952
0000000460,-0.0171066
0000000470,-0.0248511
0000000480,-0.012644
0000000490,-0.0294891
0000000500,-0.0179139
0000000510,-0.0189917
0000000520,-0.0287786
0000000530,-0.0162653
0000000540,-0.0251718
0000000550,-0.0115865
0000000560,-0.0238814
0000000570,-0.0178062
0000000580,-0.0153946
0000000590,-0.0162813
0000000600,-0.0257721
0000000610,-0.0202384
0000000620,-0.0173476
0000000630,-0.0209891
0000000640,-0.0351496
0000000650,-0.0176902
0000000660,-0.0260359
0000000670,-0.00526043
0000000680,-0.011226
0000000690,-0.0340164
0000000700,-0.036784
0000000710,-0.0191026
0000000720,-0.019936
0000000730,-0.0178863
0000000740,-0.0414584
0000000750,-0.00973324
0000000760,0.00643244
0000000770,-0.0450473
0000000780,-0.0138279
0000000790,-0.00493886
0000000800,-0.00660396
0000000810,-0.0154837
0000000820,-0.0162991
0000000830,-0.0235492
0000000840,-0.0183506
0000000850,0.00185432
0000000860,-0.0257674
0000000870,-0.0194534
0000000880,-0.0330257
0000000890,-0.0181992
0000000900,-0.00832506
0000000910,-0.00776342
0000000920,-0.00616566
0000000930,-0.00798647
0000000940,-0.013233
0000000950,-0.0115309
0000000960,-0.0111467
0000000970,-0.0303474
0000000980,-0.0125618
0000000990,-0.0125415
0000001000,-0.0281892
0000001010,-0.0156281
0000001020,-0.018088
0000001030,-0.0190668
0000001040,-0.0128052
0000001050,-0.0152845
0000001060,-0.016152
0000001070,-0.0234624
0000001080,-0.0338196
0000001090,-0.0168879
0000001100,-0.0192416
0000001110,-0.0245442
0000001120,-0.0202166
0000001130,-0.0150177
0000001140,-0.0150066
0000001150,-0.0158451
0000001160,-0.0202873
0000001170,-0.00648748
0000001180,-0.0225801
0000001190,-0.0169771
0000001200,-0.0205204
0000001210,-0.0270411
0000001220,-0.0126986
0000001230,-0.0225875
0000001240,-0.00943307
0000001250,-0.0188475
0000001260,-0.0067046
0000001270,-0.0247347
0000001280,-0.0235077
0000001290,-0.00908374
0000001300,-0.0132749
0000001310,-0.0267578
0000001320,-0.0190599
0000001330,-0.016837
0000001340,-0.0195699
0000001350,-0.0233088
0000001360,-0.0140088
0000001370,-0.0103647
0000001380,-0.0232111
0000001390,-0.00949292
0000001400,-0.0209527
0000001410,-0.00869801
0000001420,-0.0169619
0000001430,-0.0123418
0000001440,-0.0298321
0000001450,-0.0190266
0000001460,-0.0184532
0000001470,-0.0132034
0000001480,-0.0193475
0000001490,-0.0318152
0000001500,-0.0263002
0000001510,-0.0213328
0000001520,-0.0310307
0000001530,-0.00754042
0000001540,-0.0147148
0000001550,-0.0199478
0000001560,-0.0254471
0000001570,-0.015607
0000001580,-0.0203476
0000001590,-0.0218408
0000001600,-0.0224207
0000001610,-0.0241238
0000001620,-0.0211999
0000001630,-0.0143299
0000001640,-0.00417611
0000001650,-0.0212073
0000001660,-0.0145753
0000001670,-0.0205129
0000001680,-0.0178833
0000001690,-0.0180446
0000001700,-0.0221899
0000001710,-0.0114328
0000001720,-0.0108626
0000001730,-0.0256528
0000001740,-0.021173
0000001750,-0.020848
0000001760,-0.0163111
0000001770,-0.0252462
0000001780,-0.0208824
0000001790,-0.0231381
0000001800,-0.022865
0000001810,-0.0131089
0000001820,-0.0140082
0000001830,-0.0201625
0000001840,-0.0119594
0000001850,-0.0127185
0000001860,-0.0229915
0000001870,-0.0191162
0000001880,-0.0211438
0000001890,-0.0175399
0000001900,-0.0171549
0000001910,-0.0080449
0000001920,-0.00803313
0000001930,-0.0272375
0000001940,-0.0191104
0000001950,-0.0229918
0000001960,-0.0289477
0000001970,-0.00446294
0000001980,-0.0194829
0000001990,-0.00522928
0000002000,-0.0234615
0000002010,-0.027048
0000002020,-0.0174167
0000002030,-0.0083076
0000002040,-0.0163633
0000002050,-0.0141971
0000002060,-0.0211041
0000002070,-0.021275
0000002080,-0.0189976
0000002090,-0.0255977
0000002100,-0.0290178
0000002110,-0.0199183
0000002120,-0.00630597
0000002130,-0.0272717
0000002140,-0.0108775
0000002150,-0.0178118
0000002160,-0.0217275
0000002170,-0.0191389
0000002180,-0.0209034
0000002190,-0.0194767
0000002200,-0.0154185
0000002210,-0.0249644
0000002220,-0.0341306
0000002230,-0.019083
0000002240,-0.00921093
0000002250,-0.0283054
0000002260,-0.0310925
0000002270,-0.00957334
0000002280,-0.0147523
0000002290,-0.0231902
0000002300,-0.0148999
0000002310,-0.00699178
0000002320,-0.00542995
0000002330,-0.0139429
0000002340,-0.0145886
0000002350,-0.0160662
0000002360,-0.017984
0000002370,-0.0236119
0000002380,-0.0206923
0000002390,-0.0206842
0000002400,-0.031313
0000002410,-0.0192533
0000002420,-0.0109901
0000002430,-0.0213488
0000002440,-0.0192611
0000002450,-0.0307578
0000002460,-0.0120012
0000002470,-0.00631326
0000002480,-0.0116658
0000002490,-0.028381
0000002500,-0.0195137
0000002510,-0.0143507
0000002520,-0.032144
0000002530,-0.0225761
0000002540,-0.0279377
0000002550,-0.0201691
0000002560,-0.0242311
0000002570,-0.028947
0000002580,-0.0128449
0000002590,-0.0100999
0000002600,-0.032694
0000002610,-0.00980791
0000002620,-0.0338003
0000002630,-0.00605972
0000002640,-0.0187423
0000002650,-0.0227423
0000002660,-0.0230082
0000002670,-0.00538993
0000002680,-0.00891279
0000002690,-0.0262273
0000002700,-0.00903031
0000002710,-0.0235357
0000002720,-0.0174506
0000002730,-0.0147943
0000002740,-0.0148962
0000002750,-0.0424775
0000002760,-0.0174468
0000002770,-0.010229
0000002780,-0.0198039
0000002790,-0.032572
0000002800,-0.014141
0000002810,-0.0199988
0000002820,-0.0250634
0000002830,-0.0226082
0000002840,-0.0189526
0000002850,-0.0248251
0000002860,-0.01187
0000002870,-0.0189604
0000002880,-0.016873
0000002890,-0.00983946
0000002900,-0.0165876
0000002910,-0.0317893
0000002920,-0.0202815
0000002930,-0.0142523
0000002940,-0.0282672
0000002950,-0.0128429
0000002960,-0.0103913
0000002970,-0.00920744
0000002980,-0.0180116
0000002990,-0.0167782
0000003000,-0.0330906
0000003010,-0.0213887
0000003020,-0.0207772
0000003030,-0.0202106
0000003040,-0.0100565
0000003050,-0.00806221
0000003060,-0.0197163
0000003070,-0.0222039
0000003080,-0.025284
0000003090,-0.0171266
0000003100,-0.0166941
0000003110,-0.0190639
0000003120,-0.0155701
0000003130,-0.00923372
0000003140,-0.0186636
0000003150,-0.0202541
0000003160,-0.027361
0000003170,-0.031962
0000003180,-0.0202679
0000003190,-0.0101048
0000003200,-0.0098267
0000003210,-0.0123378
0000003220,-0.0267433
0000003230,-0.0101463
0000003240,-0.0272843
0000003250,-0.0162854
0000003260,-0.0295522
0000003270,-0.02252
0000003280,-0.00590622
0000003290,-0.00211389
0000003300,-0.0245853
0000003310,-0.0199954
0000003320,-0.0265833
0000003330,-0.0172806
0000003340,-0.0163476
0000003350,-0.0144771
0000003360,-0.0210926
0000003370,-0.0161628
0000003380,-0.0142079
0000003390,-0.0227958
0000003400,-0.0245462
0000003410,-0.0175788
0000003420,-0.0124754
0000003430,-0.0275495
0000003440,-0.0183755
0000003450,-0.0210724
0000003460,-0.0208405
0000003470,-0.0277437
0000003480,-0.023346
0000003490,-0.0190089
0000003500,-0.00347844
0000003510,-0.0309022
0000003520,-0.00577641
0000003530,-0.0259377
0000003540,0.00218029
0000003550,-0.0305973
0000003560,-0.0226952
0000003570,-0.010522
0000003580,-0.0251504
0000003590,-0.0149594
0000003600,-0.0276976
0000003610,-0.0226755
0000003620,-0.0079787
0000003630,-0.0270676
0000003640,-0.0171083
0000003650,-0.010075
0000003660,-0.0208205
0000003670,-0.0151551
0000003680,-0.0103883
0000003690,-0.0228335
0000003700,-0.0229339
0000003710,-0.0145529
0000003720,-0.0159276
0000003730,-0.00355251
0000003740,-0.0177678
0000003750,-0.0264465
0000003760,-0.0117948
0000003770,-0.00901339
0000003780,-0.0169038
0000003790,-0.0277079
0000003800,-0.0214543
0000003810,-0.0127306
0000003820,-0.00817122
0000003830,-0.00836448
0000003840,-0.0292952
0000003850,-0.0200241
0000003860,-0.0069008
0000003870,-0.0177494
0000003880,-0.0187694
0000003890,-0.0165351
0000003900,-0.0167673
0000003910,-0.0309184
0000003920,-0.0198748
0000003930,-0.00628698
0000003940,-0.017398
0000003950,0.00211742
0000003960,-0.0108812
0000003970,-0.0174123
0000003980,-0.0226937
0000003990,-0.0204481
0000004000,-0.0105714
0000004010,-0.0368311
0000004020,-0.0164956
0000004030,-0.0228362
0000004040,-0.0127302
0000004050,-0.0320129
0000004060,-0.0188845
0000004070,-0.0318119
0000004080,-0.0195171
0000004090,-0.0223092
0000004100,-0.0110247
0000004110,-0.0148036
0000004120,-0.0149694
0000004130,-0.0164289
0000004140,-0.0326784
0000004150,-0.0208787
0000004160,-0.0192537
0000004170,-0.0165219
0000004180,-0.0212849
0000004190,-0.020945
0000004200,-0.013553
0000004210,-0.0246814
0000004220,-0.0182632
0000004230,-0.00954857
0000004240,-0.0217234
0000004250,-0.0132673
0000004260,-0.02745
0000004270,-0.00733607
0000004280,-0.0109155
0000004290,-0.0257575
0000004300,-0.0194111
0000004310,-0.0175507
0000004320,-0.0309567
0000004330,-0.0240099
0000004340,-0.00941291
0000004350,-0.0127324
0000004360,-0.0217437
0000004370,-0.0140542
0000004380,-0.00604381
0000004390,-0.0135787
0000004400,-0.0168713
0000004410,-0.0172395
0000004420,-0.0162866
0000004430,-0.0178493
0000004440,-0.0167853
0000004450,-0.00923057
0000004460,-0.0233824
0000004470,-0.0188789
0000004480,-0.014578
0000004490,-0.0278597
0000004500,-0.022604
0000004510,-0.0186969
0000004520,-0.0203917
0000004530,-0.0200099
0000004540,-0.0298696
0000004550,-0.0191171
0000004560,-0.00940546
0000004570,-0.017674
0000004580,-0.00790526
0000004590,-0.0212112
0000004600,-0.0236671
0000004610,-0.0100668
0000004620,-0.0219586
0000004630,-0.0191654
0000004640,-0.0149261
0000004650,-0.01021
0000004660,-0.0365483
0000004670,-0.0208973
0000004680,-0.00463874
0000004690,-0.0218032
0000004700,-0.0193541
0000004710,-0.0194284
0000004720,-0.0279684
0000004730,-0.0214165
0000004740,-0.0120154
0000004750,-0.0218251
0000004760,-0.00643321
0000004770,-0.0259301
0000004780,-0.01351
0000004790,-0.0154653
0000004800,-0.018272
0000004810,-0.0216143
0000004820,-0.01647
0000004830,-0.0238801
0000004840,-0.0159727
0000004850,-0.0122524
0000004860,-0.0163377
0000004870,-0.0210876
0000004880,-0.0178376
0000004890,-0.0216538
0000004900,-0.00870742
0000004910,-0.0263032
0000004920,-0.0205921
0000004930,-0.0197508
0000004940,-0.0139147
0000004950,-0.0231204
0000004960,-0.0229552
0000004970,-0.0263135
0000004980,-0.0134568
0000004990,-0.0156367
0000005000,-0.0200111
0000005010,-0.0154782
0000005020,-0.0318218
0000005030,-0.0108308
0000005040,-0.0225798
0000005050,-0.0332769
0000005060,-0.0209142
0000005070,-0.00248455
0000005080,-0.01993
0000005090,-0.0175411
0000005100,-0.015762
0000005110,-0.0311905
0000005120,-0.019398
0000005130,-0.0198471
0000005140,-0.00144775
0000005150,-0.0156383
0000005160,-0.00883075
0000005170,-0.00705626
0000005180,-0.0178737
0000005190,-0.011278
0000005200,-0.00606328
0000005210,-0.0269309
0000005220,-0.014733
0000005230,-0.0272344
0000005240,-0.0213949
0000005250,-0.0114035
0000005260,-0.0286487
0000005270,-0.0238087
0000005280,-0.00869213
0000005290,-0.0321298
0000005300,-0.0117255
0000005310,-0.028035
0000005320,-0.0201507
0000005330,-0.021069
0000005340,-0.0220641
0000005350,-0.0159642
0000005360,-0.0143787
0000005370,-0.0120198
0000005380,-0.0150777
0000005390,-0.0282309
0000005400,-0.0118913
0000005410,-0.0271837
0000005420,-0.0188105
0000005430,-0.0106142
0000005440,-0.0203998
0000005450,-0.0235631
0000005460,-0.0180945
0000005470,-0.0148494
0000005480,-0.0139564
0000005490,-0.0141431
0000005500,-0.0180657
0000005510,-0.0247781
0000005520,-0.0167938
0000005530,-0.0170856
0000005540,-0.0248584
0000005550,-0.0192403
0000005560,-0.0096362
0000005570,-0.0302124
0000005580,-0.0176343
0000005590,-0.0154719
0000005600,-0.00712472
0000005610,-0.0275659
0000005620,-0.0214142
0000005630,-0.00482853
0000005640,-0.0158168
0000005650,-0.0137286
0000005660,-0.0120456
0000005670,-0.0269016
0000005680,-0.0147135
0000005690,-0.033612
0000005700,-0.00972603
0000005710,-0.0326901
0000005720,-0.0189004
0000005730,-0.0261863
0000005740,-0.00910962
0000005750,-0.0126682
0000005760,-0.0144457
0000005770,-0.0131938
0000005780,-0.0239039
0000005790,-0.0213376
0000005800,-0.0149286
0000005810,-0.0112076
0000005820,-0.0247364
0000005830,-0.0185837
0000005840,-0.0266934
0000005850,-0.00936287
0000005860,-0.00794329
0000005870,-0.0188498
0000005880,-0.0170338
0000005890,-0.0066048
0000005900,-0.018474
0000005910,-0.0138585
0000005920,-0.0154454
0000005930,-0.00535277
0000005940,-0.0261792
0000005950,-0.00867531
0000005960,-0.0202932
0000005970,-0.0391644
0000005980,-0.0200226
0000005990,-0.0331868
0000006000,-0.0208892
0000006010,-0.0100853
0000006020,-0.0139835
0000006030,-0.0319762
0000006040,-0.0117363
0000006050,-0.0135604
0000006060,-0.0049141
0000006070,-0.0137204
0000006080,-0.0278709
0000006090,-0.0144593
0000006100,-0.0259772
0000006110,-0.0182268
0000006120,-0.0330287
0000006130,-0.0242638
0000006140,-0.0173407
0000006150,-0.0204777
0000006160,-0.0150856
0000006170,-0.0293277
0000006180,-0.00996169
0000006190,-0.0157956
0000006200,-0.0267583
0000006210,-0.023156
0000006220,-0.0168979
0000006230,-0.0148548
0000006240,-0.0168372
0000006250,-0.0108021
0000006260,-0.0151638
0000006270,-0.0191193
0000006280,-0.0248069
0000006290,-0.0152817
0000006300,-0.0254934
0000006310,-0.0311803
0000006320,-0.0265641
0000006330,-0.02057
0000006340,-0.00443082
0000006350,-0.015744
0000006360,-0.0184685
0000006370,-0.0365223
0000006380,-0.000970575
0000006390,-0.0110036
0000006400,-0.00870087
0000006410,-0.0298027
0000006420,-0.00415123
0000006430,-0.0249172
0000006440,-0.0202782
0000006450,-0.0290511
0000006460,-0.0170753
0000006470,-0.0168455
0000006480,-0.00608728
0000006490,-0.0189032
0000006500,-0.0186279
0000006510,-0.00574416
0000006520,-0.0140722
0000006530,-0.018583
0000006540,-0.0300265
0000006550,-0.0197722
0000006560,-0.00488925
0000006570,-0.0226487
0000006580,-0.0129383
0000006590,-0.023805
0000006600,-0.0146888
0000006610,-0.0206063
0000006620,-0.0228266
0000006630,-0.0151576
0000006640,-0.0221961
0000006650,-0.00267402
0000006660,-0.0210239
0000006670,-0.0211014
0000006680,-0.0207102
0000006690,-0.023067
0000006700,-0.0145468
0000006710,-0.0117922
0000006720,-0.00331578
0000006730,-0.0133966
0000006740,-0.0251993
0000006750,-0.0203305
0000006760,-0.00481155
0000006770,-0.0338286
0000006780,-0.0222817
0000006790,-0.0188927
0000006800,-0.0219253
0000006810,-0.0253668
0000006820,-0.0185412
0000006830,-0.00870804
0000006840,-0.0210395
0000006850,-0.0234273
0000006860,-0.0285393
0000006870,-0.00919905
0000006880,-0.0304677
0000006890,-0.0146813
0000006900,-0.0341171
0000006910,-0.0277844
0000006920,-0.0260075
0000006930,-0.0150143
0000006940,-0.0158997
0000006950,-0.0144289
0000006960,-0.0165638
0000006970,-0.0223016
0000006980,-0.023841
0000006990,-0.0290472
0000007000,-0.0084984
0000007010,-0.0265422
0000007020,-0.00117226
0000007030,-0.0241385
0000007040,-0.0115108
0000007050,-0.0154353
0000007060,-0.0193807
0000007070,-0.0207125
0000007080,-0.0328594
0000007090,-0.00796526
0000007100,-0.0211026
0000007110,-0.0214672
0000007120,-0.0180589
0000007130,-0.022717
0000007140,-0.0124219
0000007150,-0.0113695
0000007160,-0.0209824
0000007170,-0.0147955
0000007180,-0.0270129
0000007190,-0.0203193
0000007200,-0.0207711
0000007210,-0.0131687
0000007220,-0.0131849
0000007230,-0.0246781
0000007240,-0.017633
0000007250,-0.0105335
0000007260,-0.0246551
0000007270,-0.0207812
0000007280,-0.0134657
0000007290,-0.0252223
0000007300,-0.0202923
0000007310,-0.0188606
0000007320,-0.004806
0000007330,-0.0325025
0000007340,-0.00406411
0000007350,-0.0345841
0000007360,-0.0206505
0000007370,-0.0202932
0000007380,-0.0235627
0000007390,-0.0187747
0000007400,-0.0193673
0000007410,-0.0114497
0000007420,-0.00456746
0000007430,-0.0149807
0000007440,-0.0220855
0000007450,-0.0159222
0000007460,-0.0292201
0000007470,-0.0333236
0000007480,-0.0199988
0000007490,-0.0157613
0000007500,-0.0041734
0000007510,-0.0113145
0000007520,-0.015694
0000007530,-0.0238844
0000007540,-0.0265204
0000007550,-0.0181086
0000007560,-0.0238166
0000007570,-0.0260916
0000007580,-0.0303912
0000007590,-0.0172029
0000007600,-0.021612
0000007610,-0.00787667
0000007620,-0.0112311
0000007630,-0.0132608
0000007640,-0.0258938
0000007650,-0.0283734
0000007660,-0.0214277
0000007670,-0.023855
0000007680,-0.0273778
0000007690,-0.030217
0000007700,-0.0174517
0000007710,-0.0235792
0000007720,-0.0192837
0000007730,-0.0198385
0000007740,-0.0168351
0000007750,-0.0190413
0000007760,-0.0161776
0000007770,-0.0128225
0000007780,-0.0170919
0000007790,-0.0114501
0000007800,-0.00206706
0000007810,-0.0289066
0000007820,-0.0109331
0000007830,-0.00837931
0000007840,-0.0253054
0000007850,-0.0193374
0000007860,-0.0312832
0000007870,-0.00764916
0000007880,-0.0251913
0000007890,-0.0172378
0000007900,-0.0232044
0000007910,-0.0233962
0000007920,-0.0229774
0000007930,-0.0154438
0000007940,-0.0252523
0000007950,-0.0212764
0000007960,-0.011734
0000007970,-0.0198312
0000007980,-0.0208216
0000007990,-0.0130651
0000008000,-0.021068
0000008010,-0.0160237
0000008020,-0.0109591
0000008030,-0.0228919
0000008040,-0.00887713
0000008050,-0.0242484
0000008060,-0.0209484
0000008070,-0.0203665
0000008080,-0.0246471
0000008090,-0.0228339
0000008100,-0.0212391
0000008110,-0.0218806
0000008120,-0.00708853
0000008130,-0.0266746
0000008140,-0.02599
0000008150,-0.0140508
0000008160,-0.0251546
0000008170,-0.0297158
0000008180,-0.0153753
0000008190,-0.01399
0000008200,-0.0128448
0000008210,-0.0261604
0000008220,-0.0175927
0000008230,-0.00516783
0000008240,-0.0206952
0000008250,-0.0273597
0000008260,-0.0334846
0000008270,-0.0329082
0000008280,-0.0161699
0000008290,-0.00748611
0000008300,-0.0148485
0000008310,-0.0318893
0000008320,-0.0144377
0000008330,-0.0115657
0000008340,-0.013889
0000008350,-0.0223414
0000008360,-0.0107002
0000008370,-0.023799
0000008380,-0.00908011
0000008390,-0.00465523
0000008400,-0.022538
0000008410,-0.00954007
0000008420,-0.0132963
0000008430,-0.0188736
0000008440,-0.0138787
0000008450,-0.0144077
0000008460,-0.0257131
0000008470,-0.00628342
0000008480,-0.030643
0000008490,-0.00521335
0000008500,-0.0163189
0000008510,-0.0181659
0000008520,-0.0214014
0000008530,-0.0190633
0000008540,-0.0258171
0000008550,-0.0274989
0000008560,-0.0185153
0000008570,-0.0148126
0000008580,-0.0285096
0000008590,-0.0206498
0000008600,-0.0281404
0000008610,-0.0150898
0000008620,-0.017884
0000008630,-0.0212
0000008640,-0.00806464
0000008650,-0.0143108
0000008660,-0.024843
0000008670,-0.00575259
0000008680,-0.023624
0000008690,-0.0169849
0000008700,-0.0156005
0000008710,-0.0170588
0000008720,-0.0369008
0000008730,-0.0242616
0000008740,-0.0224221
0000008750,-0.0146164
0000008760,-0.0259497
0000008770,-0.0281453
0000008780,-0.0221814
0000008790,-0.0153879
0000008800,-0.00780704
0000008810,-0.0136669
0000008820,-0.0296597
0000008830,-0.0303663
0000008840,-0.0175086
0000008850,-0.018866
0000008860,-0.0196758
0000008870,-0.00991097
0000008880,-0.0211975
0000008890,-0.0378395
0000008900,-0.0119209
0000008910,-0.0140882
0000008920,-0.0153953
0000008930,-0.0158876
0000008940,-0.015929
0000008950,-0.0314141
0000008960,-0.0166095
0000008970,-0.0219105
0000008980,-0.0122133
0000008990,-0.0193988
0000009000,-0.02288
0000009010,-0.0172326
0000009020,-0.00898075
0000009030,-0.016754
0000009040,-0.0193413
0000009050,-0.0339923
0000009060,-0.00271305
0000009070,-0.0251777
0000009080,-0.0290389
0000009090,-0.0169505
0000009100,-0.0134833
0000009110,-0.00845126
0000009120,-0.0362333
0000009130,-0.0276776
0000009140,-0.00716707
0000009150,-0.0155847
0000009160,-0.0196956
0000009170,-0.0193965
0000009180,-0.0243548
0000009190,-0.028718
0000009200,-0.00281692
0000009210,-0.025221
0000009220,-0.0130398
0000009230,-0.0176792
0000009240,-0.00814948
0000009250,-0.0227994
0000009260,-0.020148
0000009270,-0.013159
0000009280,-0.0246241
0000009290,-0.0254756
0000009300,-0.0298224
0000009310,-0.0122035
0000009320,-0.0190679
0000009330,-0.0227506
0000009340,-0.0072856
0000009350,-0.0209973
0000009360,-0.0256981
0000009370,-0.0269894
0000009380,-0.0127815
0000009390,-0.0362256
0000009400,-0.00750191
0000009410,-0.0276973
0000009420,-0.0272268
0000009430,-0.0381418
0000009440,-0.0205165
0000009450,-0.0112204
0000009460,-0.0138206
0000009470,-0.0241305
0000009480,-0.0183196
0000009490,-0.0183963
0000009500,-0.0217114
0000009510,-0.0193029
0000009520,-0.0212949
0000009530,-0.0185543
0000009540,-0.0114118
0000009550,-0.0301842
0000009560,-0.0139572
0000009570,-0.013677
0000009580,-0.0150731
0000009590,-0.0118308
0000009600,-0.00846026
0000009610,-0.0270781
0000009620,-0.0281149
0000009630,-0.0192975
0000009640,-0.0153838
0000009650,-0.0123279
0000009660,-0.00639251
0000009670,-0.0116754
0000009680,-0.0190045
0000009690,-0.0319216
0000009700,-0.010812
0000009710,-0.00948319
0000009720,-0.0151527
0000009730,-0.0199096
0000009740,-0.0208072
0000009750,-0.0104346
0000009760,-0.0276992
0000009770,-0.015222
0000009780,-0.00372634
0000009790,-0.0187741
0000009800,-0.0244337
0000009810,-0.0213446
0000009820,-0.0173465
0000009830,-0.0116067
0000009840,-0.0156011
0000009850,-0.0189185
0000009860,-0.0182605
0000009870,-0.00969975
0000009880,-0.0201056
0000009890,-0.0299853
0000009900,-0.0050954
0000009910,-0.0164839
0000009920,-0.0285129
0000009930,-0.025585
0000009940,-0.0267224
0000009950,-0.0181663
0000009960,-0.0167774
0000009970,-0.0136258
0000009980,-0.0166886
0000009990,-0.0151447
0000010000,-0.0118323
0000010010,-0.00847848
0000010020,-0.023719
0000010030,-0.0228557
0000010040,-0.0243601
0000010050,-0.0274155
0000010060,-0.0111186
0000010070,-0.0194815
0000010080,-0.0121656
0000010090,-0.0147765
0000010100,-0.028976
0000010110,-0.0185136
0000010120,-0.0202071
0000010130,-0.0170834
0000010140,-0.0231116
0000010150,-0.0243526
0000010160,-0.0194055
0000010170,-0.00310105
0000010180,-0.0199153
0000010190,-0.0196969
0000010200,-0.00394379
0000010210,-0.0139395
0000010220,-0.0204697
0000010230,-0.0141294
0000010240,-0.0122293
0000010250,-0.0284697
0000010260,-0.0176923
0000010270,-0.0155248
0000010280,-0.0219616
0000010290,-0.0248574
0000010300,-0.0285564
0000010310,-0.0256943
0000010320,-0.0349098
0000010330,-0.0142231
0000010340,-0.0251104
0000010350,-0.0209638
0000010360,-0.0189813
0000010370,-0.0186165
0000010380,-0.0124622
0000010390,-0.0249735
0000010400,-0.0176743
0000010410,-0.0209638
0000010420,-0.0192567
0000010430,-0.0202382
0000010440,-0.0219091
0000010450,-0.0194956
0000010460,-0.019553
0000010470,-0.0152729
0000010480,-0.0199429
0000010490,-0.0144187
0000010500,-0.0137923
0000010510,-0.0243066
0000010520,-0.0251938
0000010530,-0.0184015
0000010540,-0.0161656
0000010550,-0.0278277
0000010560,-0.0218108
0000010570,-0.0145279
0000010580,-0.00666835
0000010590,-0.0187684
0000010600,-0.0180152
0000010610,-0.0160426
0000010620,-0.0294631
0000010630,-0.0154071
0000010640,-0.0124531
0000010650,-0.0207625
0000010660,-0.0144132
0000010670,-0.0265206
0000010680,-0.0185232
0000010690,-0.0226903
0000010700,-0.00992459
0000010710,-0.0210788
0000010720,-0.010773
0000010730,-0.0229253
0000010740,-0.0152339
0000010750,-0.0275436
0000010760,-0.0223119
0000010770,-0.0174156
0000010780,-0.00837436
0000010790,-0.0047308
0000010800,-0.0227338
0000010810,-0.0190284
0000010820,-0.0106752
0000010830,-0.0214576
0000010840,-0.00225144
0000010850,-0.0158168
0000010860,-0.0118106
0000010870,-0.0251618
0000010880,-0.0137819
0000010890,-0.0180982
0000010900,-0.00959798
0000010910,-0.015241
0000010920,-0.0169182
0000010930,-0.0192803
0000010940,-0.0186663
0000010950,-0.0144956
0000010960,-0.0143856
0000010970,-0.0322161
0000010980,-0.0209254
0000010990,-0.0130974
0000011000,-0.0175826
0000011010,-0.0121146
0000011020,-0.0210303
0000011030,-0.0167092
0000011040,-0.0146861
0000011050,-0.0152071
0000011060,-0.0072791
0000011070,-0.0265389
0000011080,-0.0288409
0000011090,-0.0252989
0000011100,-0.0109164
0000011110,-0.0154165
0000011120,-0.0237463
0000011130,-0.0191986
0000011140,-0.00909838
0000011150,-0.0267686
0000011160,-0.0198718
0000011170,-0.0195413
0000011180,-0.0225019
0000011190,-0.007951
0000011200,-0.00633331
0000011210,-0.0125839
0000011220,-0.0211551
0000011230,-0.0154192
0000011240,-0.0134946
0000011250,-0.0180376
0000011260,-0.0137335
0000011270,-0.0236325
0000011280,-0.0167921
0000011290,-0.0176627
0000011300,-0.0174216
0000011310,-0.0253768
0000011320,-0.0163481
0000011330,-0.021879
0000011340,-0.0308775
0000011350,-0.0246822
0000011360,-0.0240229
0000011370,-0.0229516
0000011380,-0.0253789
0000011390,-0.020177
0000011400,-0.022023
0000011410,-0.0135461
0000011420,-0.0272209
0000011430,-0.0188974
0000011440,-0.0113686
0000011450,-0.0244906
0000011460,-0.0135668
0000011470,-0.0315968
0000011480,-0.0211072
0000011490,-0.0138678
0000011500,-0.0264962
0000011510,-0.0367993
0000011520,-0.0176405
0000011530,-0.0211724
0000011540,-0.0342366
0000011550,-0.0222466
0000011560,-0.0126193
0000011570,-0.0225901
0000011580,-0.0168031
0000011590,-0.00615153
0000011600,-0.0257449
0000011610,-0.0125745
0000011620,-0.0235168
0000011630,-0.038675
0000011640,-0.00741088
0000011650,-0.00328016
0000011660,-0.0217616
0000011670,-0.0305169
0000011680,-0.019025
0000011690,-0.0155299
0000011700,-0.0267175
0000011710,-0.020725
0000011720,-0.0275457
0000011730,-0.0184207
0000011740,-0.0108828
0000011750,-0.0165401
0000011760,-0.00538404
0000011770,-0.0250418
0000011780,-0.0139565
0000011790,-0.0141336
0000011800,-0.0187551
0000011810,-0.00499001
0000011820,-0.0221968
0000011830,-0.00519767
0000011840,-0.0168557
0000011850,-0.0292219
0000011860,-0.0300178
0000011870,-0.0177696
0000011880,-0.00646556
0000011890,-0.0208445
0000011900,-0.0220102
0000011910,-0.0143715
0000011920,-0.0154237
0000011930,-0.0374837
0000011940,-0.0232549
0000011950,-0.0149351
0000011960,-0.0250711
0000011970,-0.0194742
0000011980,-0.0310258
0000011990,-0.0161606
0000012000,-0.0139109
0000012010,-0.0227955
0000012020,-0.0221942
0000012030,-0.0170276
0000012040,-0.0197449
0000012050,-0.0191887
0000012060,-0.0202796
0000012070,-0.019163
0000012080,-0.0265376
0000012090,-0.0167871
0000012100,-0.0141931
0000012110,-0.0119872
0000012120,-0.0217928
0000012130,-0.014227
0000012140,-0.0120017
0000012150,-0.0209053
0000012160,-0.0185298
0000012170,-0.0139004
0000012180,-0.00684675
0000012190,-0.0100005
0000012200,-0.00535957
0000012210,-0.023422
0000012220,-0.0190756
0000012230,-0.0213601
0000012240,-0.0221261
0000012250,-0.0294181
0000012260,-0.0213307
0000012270,-0.0244475
0000012280,-0.00982357
0000012290,-0.0201121
0000012300,-0.0253191
0000012310,-0.0192984
0000012320,-0.0143438
0000012330,-0.0262477
0000012340,-0.0112001
0000012350,-0.0235719
0000012360,-0.019594
0000012370,-0.0153961
0000012380,-0.0116684
0000012390,-0.0183201
0000012400,-0.0196951
0000012410,-0.00901197
0000012420,-0.015455
0000012430,-0.0181475
0000012440,-0.021933
0000012450,-0.011899
0000012460,-0.0181264
0000012470,-0.0131505
0000012480,-0.0192431
0000012490,-0.0218698
0000012500,0.00357923
0000012510,-0.0198123
0000012520,-0.0143627
0000012530,-0.0159004
0000012540,-0.0166238
0000012550,-0.0356629
0000012560,-0.0214813
0000012570,-0.0103951
0000012580,-0.0238957
0000012590,-0.024475
0000012600,-0.00965997
0000012610,-0.0236157
0000012620,-0.0219037
0000012630,-0.00845506
0000012640,-0.023033
0000012650,-0.00916691
0000012660,-0.0262502
0000012670,-0.0210925
0000012680,-0.019405
0000012690,-0.0151712
0000012700,-0.0184363
0000012710,-0.0285527
0000012720,-0.0146698
0000012730,-0.00746201
0000012740,-0.0141855
0000012750,-0.0131002
0000012760,-0.0163868
0000012770,-0.0200582
0000012780,-0.0149098
0000012790,-0.0183724
0000012800,-0.0319938
0000012810,-0.00723554
0000012820,-0.0169559
0000012830,-0.0169784
0000012840,-0.0138521
0000012850,-0.013751
0000012860,-0.0271533
0000012870,-0.00840441
0000012880,-0.0109855
0000012890,-0.0233271
0000012900,-0.024934
0000012910,-0.0254227
0000012920,-0.0204904
0000012930,-0.0119724
0000012940,-0.0149621
0000012950,-0.0133294
0000012960,-0.029327
0000012970,-0.00830939
0000012980,-0.0224319
0000012990,-0.0237921
0000013000,-0.0169571
0000013010,-0.0298313
0000013020,-0.0272221
0000013030,-0.0204506
0000013040,-0.00474362
0000013050,-0.0266299
0000013060,-0.0230254
0000013070,-0.0266215
0000013080,-0.0169346
0000013090,-0.00316416
0000013100,-0.00602298
0000013110,-0.0142408
0000013120,-0.022239
0000013130,-0.0130025
0000013140,-0.00552024
0000013150,-0.028139
0000013160,-0.0126511
0000013170,-0.00342773
0000013180,-0.00646634
0000013190,-0.0157697
0000013200,-0.0280342
0000013210,-0.0121307
0000013220,-0.0198411
0000013230,-0.0180008
0000013240,-0.0218812
0000013250,-0.0121936
0000013260,-0.0160296
0000013270,-0.0291658
0000013280,-0.0136807
0000013290,-0.0167795
0000013300,-0.00735463
0000013310,-0.0192576
0000013320,-0.0332518
0000013330,-0.0217041
0000013340,-0.0230799
0000013350,-0.0169031
0000013360,-0.0135807
0000013370,-0.0206749
0000013380,-0.00177639
0000013390,-0.0202061
0000013400,-0.0150977
0000013410,-0.0189444
0000013420,-0.0157262
0000013430,-0.0181661
0000013440,-0.00764566
0000013450,-0.0119284
0000013460,-0.00193103
0000013470,-0.018099
0000013480,-0.00656555
0000013490,-0.024771
0000013500,-0.0164106
0000013510,-0.0186899
0000013520,-0.0074018
0000013530,-0.0195752
0000013540,-0.0109408
0000013550,-0.0159152
0000013560,-0.01711
0000013570,-0.0238271
0000013580,-0.0117696
0000013590,-0.016721
0000013600,-0.0231742
0000013610,-0.0115667
0000013620,-0.0109782
0000013630,-0.0114509
0000013640,-0.023263
0000013650,-0.020603
0000013660,-0.0179464
0000013670,-0.0233019
0000013680,-0.0172893
0000013690,-0.0132882
0000013700,-0.0198318
0000013710,-0.0115247
0000013720,-0.0204907
0000013730,-0.0210422
0000013740,-0.0173914
0000013750,-0.0130425
0000013760,-0.0147526
0000013770,-0.0296989
0000013780,-0.0193344
0000013790,-0.00818375
0000013800,-0.0205999
0000013810,-0.0103953
0000013820,-0.0160696
0000013830,-0.017719
0000013840,-0.0276534
0000013850,-0.0149249
0000013860,-0.0121425
0000013870,-0.0188166
0000013880,-0.0164925
0000013890,-0.0193069
0000013900,-0.0235764
0000013910,-0.00502327
0000013920,-0.0180463
0000013930,-0.0171072
0000013940,-0.0259127
0000013950,-0.0188796
0000013960,-0.0191617
0000013970,-0.0239732
0000013980,-0.0289331
0000013990,-0.0227929
0000014000,-0.00838946
0000014010,-0.0368439
0000014020,-0.0148842
0000014030,-0.010509
0000014040,-0.0204944
0000014050,-0.015418
0000014060,-0.0159979
0000014070,-0.0117451
0000014080,-0.0248394
0000014090,-0.00535005
0000014100,-0.0133213
0000014110,-0.0262352
0000014120,-0.0221948
0000014130,-0.0164972
0000014140,-0.0137434
0000014150,-0.00990762
0000014160,-0.0188717
0000014170,-0.0206397
0000014180,-0.00992822
0000014190,-0.0122845
0000014200,-0.0220987
0000014210,-0.0153567
0000014220,-0.0221228
0000014230,-0.00589632
0000014240,-0.0286593
0000014250,-0.0196604
0000014260,-0.0113706
0000014270,-0.0238017
0000014280,-0.0224519
0000014290,-0.00481924
0000014300,-0.0118838
0000014310,-0.00923775
0000014320,-0.0254357
0000014330,-0.00814796
0000014340,-0.0183399
0000014350,-0.0187666
0000014360,-0.021931
0000014370,-0.0179915
0000014380,-0.0209817
0000014390,-0.0023649
0000014400,-0.0160663
0000014410,-0.020126
0000014420,-0.0206482
0000014430,-0.0103129
0000014440,-0.0189091
0000014450,-0.015865
0000014460,-0.0158332
0000014470,-0.0221746
0000014480,-0.0260173
0000014490,-0.0146547
0000014500,-0.0179455
0000014510,-0.0126029
0000014520,-0.007088
0000014530,-0.0103051
0000014540,-0.0325796
0000014550,-0.0187968
0000014560,-0.025919
0000014570,-0.0266061
0000014580,-0.0291685
0000014590,-0.00969356
0000014600,-0.0184922
0000014610,-0.0168225
0000014620,-0.0161624
0000014630,-0.0154257
0000014640,-0.0135877
0000014650,-0.010791
0000014660,-0.0233391
0000014670,-0.0209972
0000014680,-0.0149077
0000014690,-0.00610483
0000014700,-0.0189929
0000014710,-0.0202261
0000014720,-0.0212877
0000014730,-0.00699989
0000014740,-0.0177531
0000014750,-0.0191889
0000014760,-0.0175656
0000014770,-0.00394074
0000014780,-0.0184396
0000014790,-0.00571718
0000014800,-0.0214243
0000014810,-0.026192
0000014820,-0.0159893
0000014830,-0.0214324
0000014840,-0.0228617
0000014850,-0.0176273
0000014860,-0.0104427
0000014870,-0.0186038
0000014880,-0.0157879
0000014890,-0.0303537
0000014900,-0.013023
0000014910,-0.0181238
0000014920,-0.0232974
0000014930,-0.0160006
0000014940,-0.0246314
0000014950,-0.0204606
0000014960,-0.0183163
0000014970,-0.0167654
0000014980,-0.0132487
0000014990,-0.0238712
0000015000,-0.0217625
0000015010,-0.0198412
0000015020,-0.0234638
0000015030,-0.0239815
0000015040,-0.0158481
0000015050,-0.0196621
0000015060,-0.038155
0000015070,-0.0369624
0000015080,-0.00708564
0000015090,-0.0174025
0000015100,-0.0124175
0000015110,-0.0276798
0000015120,-0.0192343
0000015130,-0.0200329
0000015140,-0.0244958
0000015150,-0.0128122
0000015160,-0.0244556
0000015170,-0.0133551
0000015180,-0.0213508
0000015190,-0.0173616
0000015200,-0.0159728
0000015210,-0.0220003
0000015220,-0.0159634
0000015230,-0.0226248
0000015240,-0.009766
0000015250,-0.00986138
0000015260,-0.0151589
0000015270,-0.0250378
0000015280,-0.0177644
0000015290,-0.0105006
0000015300,-0.0196009
0000015310,-0.0185011
0000015320,-0.0183331
0000015330,-0.0190698
0000015340,-0.0224957
0000015350,-0.00877853
0000015360,-0.00685096
0000015370,-0.0124069
0000015380,-0.0116526
0000015390,-0.0219095
0000015400,-0.0221642
0000015410,-0.0143757
0000015420,-0.0112196
0000015430,-0.0217159
0000015440,-0.0150919
0000015450,-0.0156603
0000015460,-0.0215049
0000015470,-0.0121496
0000015480,-0.00672965
0000015490,-0.0286274
0000015500,-0.0159551
0000015510,-0.0161603
0000015520,-0.019197
0000015530,-0.0229498
0000015540,-0.0197099
0000015550,-0.0168339
0000015560,-0.00375039
0000015570,-0.0108417
0000015580,-0.0135561
0000015590,-0.00445514
0000015600,-0.00751459
0000015610,-0.0197456
0000015620,-0.00792559
0000015630,-0.00273615
0000015640,-0.00711951
0000015650,-0.0161319
0000015660,-0.0206814
0000015670,-0.0183257
0000015680,-0.026219
0000015690,-0.0239306
0000015700,-0.0237639
0000015710,-0.0126492
0000015720,-0.00458728
0000015730,-0.0159584
0000015740,-0.00730999
0000015750,-0.0149045
0000015760,-0.0187858
0000015770,-0.0137671
0000015780,-0.0186685
0000015790,-0.0175946
0000015800,-0.0111313
0000015810,-0.0151033
0000015820,-0.0135235
0000015830,-0.0240362
0000015840,-0.0303049
0000015850,-0.0153221
0000015860,-0.0271347
0000015870,-0.0131435
0000015880,-0.0144931
0000015890,-0.0183382
0000015900,-0.0136684
0000015910,-0.0233559
0000015920,-0.0193242
0000015930,-0.0113793
0000015940,-0.00894586
0000015950,-0.0138482
0000015960,-0.0187735
0000015970,-0.0185424
0000015980,-0.0329303
0000015990,-0.0149314
