0000000000,-0.0209475
0000000010,-0.0186147
0000000020,-0.0137809
0000000030,-0.0202907
0000000040,-0.00734153
0000000050,-0.0114168
0000000060,-0.0136091
0000000070,-0.015168
0000000080,-0.0238717
0000000090,-0.0220053
0000000100,-0.0194339
0000000110,-0.0165824
0000000120,-0.019854
0000000130,-0.0234756
0000000140,-0.0163359
0000000150,-0.0105473
0000000160,-0.0189383
0000000170,-0.0139738
0000000180,-0.0160074
0000000190,-0.00777329
0000000200,-0.0156473
0000000210,-0.0149013
0000000220,-0.0133717
0000000230,-0.0208331
0000000240,-0.0107727
0000000250,-0.0123179
0000000260,-0.0176753
0000000270,-0.0190374
0000000280,-0.0161976
0000000290,-0.0186266
0000000300,-0.0239997
0000000310,-0.0234968
0000000320,-0.0157515
0000000330,-0.0147793
0000000340,-0.0120417
0000000350,-0.0169372
0000000360,-0.0119797
0000000370,-0.0144779
0000000380,-0.0162475
0000000390,-0.0154597
0000000400,-0.0184863
0000000410,-0.026845
0000000420,-0.021067
0000000430,-0.0207178
0000000440,-0.0068906
0000000450,-0.020386
0000000460,-0.0229653
0000000470,-0.0234138
0000000480,-0.0244487
0000000490,-0.0188986
0000000500,-0.0167683
0000000510,-0.0123036
0000000520,-0.0192411
0000000530,-0.0096073
0000000540,-0.0216741
0000000550,-0.024486
0000000560,-0.0039174
0000000570,-0.0161607
0000000580,-0.0153323
0000000590,-0.0130395
0000000600,-0.0115131
0000000610,-0.0206418
0000000620,-0.0132931
0000000630,-0.0167086
0000000640,-0.0186878
0000000650,-0.0175533
0000000660,-0.013685
0000000670,-0.0180241
0000000680,-0.0301892
0000000690,-0.0209522
0000000700,-0.0120459
0000000710,-0.0156308
0000000720,-0.0164361
0000000730,-0.0194463
0000000740,-0.014362
0000000750,-0.0194991
0000000760,-0.0128695
0000000770,-0.0197325
0000000780,-0.0146079
0000000790,-0.0125627
0000000800,-0.0184621
0000000810,-0.0149361
0000000820,-0.0225646
0000000830,-0.0224855
0000000840,-0.0192429
0000000850,-0.0173724
0000000860,-0.014851
0000000870,-0.0164083
0000000880,-0.0130855
0000000890,-0.0194297
0000000900,-0.0123738
0000000910,-0.0194709
0000000920,-0.0194326
0000000930,-0.0174069
0000000940,-0.0163221
0000000950,-0.0147798
0000000960,-0.0149722
0000000970,-0.0157904
0000000980,-0.0122208
0000000990,-0.0151103
0000001000,-0.0146148
0000001010,-0.0101126
0000001020,-0.0141347
0000001030,-0.01049
0000001040,-0.0127363
0000001050,-0.0200098
0000001060,-0.022569
0000001070,-0.019718
0000001080,-0.0232289
0000001090,-0.0212552
0000001100,-0.0161159
0000001110,-0.0184632
0000001120,-0.0226892
0000001130,-0.0150414
0000001140,-0.0160752
0000001150,-0.0211539
0000001160,-0.0154376
0000001170,-0.0089545
0000001180,-0.00325685
0000001190,-0.0263808
0000001200,-0.0111204
0000001210,-0.0362964
0000001220,0.000768482
0000001230,-0.0189512
0000001240,-0.0358962
0000001250,-0.0119866
0000001260,-0.0151067
0000001270,-0.0507436
0000001280,0.00305478
0000001290,-0.0107875
0000001300,-0.0246607
0000001310,-0.0205735
0000001320,-0.0341692
0000001330,-0.0189145
0000001340,-0.0243078
0000001350,-0.0157774
0000001360,-0.0267035
0000001370,-0.0188014
0000001380,-0.0199119
0000001390,-0.0232098
0000001400,-0.0234407
0000001410,-0.0407506
0000001420,-0.0200593
0000001430,-0.00327372
0000001440,-0.0300094
0000001450,-0.0216099
0000001460,-0.0121885
0000001470,-0.0262386
0000001480,-0.0134984
0000001490,-0.0159586
0000001500,-0.0217833
0000001510,-0.0119772
0000001520,-0.00834542
0000001530,-0.0147297
0000001540,-0.0204834
0000001550,-0.0142273
0000001560,-0.0175114
0000001570,-0.0230706
0000001580,-0.02693
0000001590,-0.0120285
0000001600,-0.012516
0000001610,-0.0179956
0000001620,-0.0213657
0000001630,-0.0227063
0000001640,-0.00329218
0000001650,-0.0246271
0000001660,-0.0178921
0000001670,-0.00715724
0000001680,-0.0176428
0000001690,-0.0290461
0000001700,-0.0170051
0000001710,-0.017613
0000001720,-0.0228822
0000001730,-0.0187159
0000001740,-0.0185711
0000001750,-0.0215868
0000001760,-0.0227549
0000001770,-0.0142145
0000001780,-0.0124217
0000001790,-0.0116833
0000001800,-0.0193429
0000001810,-0.0309707
0000001820,-0.0181179
0000001830,-0.0231455
0000001840,-0.0150459
0000001850,-0.021096
0000001860,-0.0238704
0000001870,-0.0102762
0000001880,-0.0227981
0000001890,-0.0178893
0000001900,-0.011814
0000001910,-0.00998363
0000001920,-0.00579436
0000001930,-0.00787799
0000001940,-0.022916
0000001950,-0.0118486
0000001960,-0.0256982
0000001970,-0.00507817
0000001980,-0.0264178
0000001990,-0.0193499
0000002000,-0.0135121
0000002010,-0.022959
0000002020,-0.0211486
0000002030,-0.0137331
0000002040,-0.0242542
0000002050,-0.0109939
0000002060,-0.0170838
0000002070,-0.0213156
0000002080,-0.0124999
0000002090,-0.0201405
0000002100,-0.0163087
0000002110,-0.01922
0000002120,-0.0109614
0000002130,-0.01494
0000002140,-0.0212378
0000002150,-0.0174751
0000002160,-0.0319219
0000002170,-0.0123105
0000002180,-0.0311538
0000002190,-0.0178335
0000002200,-0.0158019
0000002210,-0.0208982
0000002220,-0.0150064
0000002230,-0.0248537
0000002240,-0.0286386
0000002250,-0.0284775
0000002260,-0.0242139
0000002270,-0.0107172
0000002280,-0.017051
0000002290,-0.0205222
0000002300,-0.00741403
0000002310,-0.0135479
0000002320,-0.0232381
0000002330,-0.0141122
0000002340,-0.00871221
0000002350,-0.0184758
0000002360,-0.0138551
0000002370,-0.0158271
0000002380,-0.0250115
0000002390,-0.0018426
0000002400,-0.01377
0000002410,-0.0228424
0000002420,-0.0179011
0000002430,-0.0234209
0000002440,-0.0116324
0000002450,-0.0181577
0000002460,-0.0202519
0000002470,-0.0132964
0000002480,-0.0229724
0000002490,-0.00987473
0000002500,-0.0214792
0000002510,-0.0224089
0000002520,-0.00345292
0000002530,-0.0154061
0000002540,-0.0101837
0000002550,-0.0143857
0000002560,-0.00784762
0000002570,-0.0149336
0000002580,-0.014008
0000002590,-0.0121906
0000002600,-0.0202154
0000002610,-0.0254702
0000002620,-0.0153237
0000002630,-0.0163162
0000002640,-0.0284327
0000002650,-0.0205968
0000002660,-0.00339874
0000002670,-0.0195079
0000002680,-0.00464354
0000002690,-0.0195881
0000002700,-0.019908
0000002710,-0.021404
0000002720,-0.0210418
0000002730,-0.00794255
0000002740,-0.0232052
0000002750,-0.0170035
0000002760,-0.0202746
0000002770,-0.0195101
0000002780,-0.0164847
0000002790,-0.0191852
0000002800,-0.0180139
0000002810,-0.0181576
0000002820,-0.0123176
0000002830,-0.022579
0000002840,-0.0179535
0000002850,-0.0140408
0000002860,-0.0206675
0000002870,-0.0114671
0000002880,-0.00752438
0000002890,-0.0152429
0000002900,-0.0191382
0000002910,-0.0127614
0000002920,-0.0131731
0000002930,-0.0326002
0000002940,-0.0212929
0000002950,-0.0213019
0000002960,-0.0209099
0000002970,-0.0221103
0000002980,-0.0199514
0000002990,-0.0119288
0000003000,-0.0181754
0000003010,-0.0170134
0000003020,-0.0124747
0000003030,-0.0137115
0000003040,-0.0168991
0000003050,-0.013738
0000003060,-0.0214228
0000003070,-0.0203606
0000003080,-0.0127027
0000003090,-0.0189585
0000003100,-0.0260447
0000003110,-0.0153595
0000003120,-0.0125841
0000003130,-0.0163101
0000003140,-0.0202762
0000003150,-0.0152909
0000003160,-0.0260458
0000003170,-0.0211921
0000003180,-0.0129313
0000003190,-0.0162424
0000003200,-0.0300345
0000003210,-0.0209769
0000003220,-0.020568
0000003230,-0.0192826
0000003240,-0.0257078
0000003250,-0.0273741
0000003260,-0.0158701
0000003270,-0.0223704
0000003280,-0.0130228
0000003290,-0.0147519
0000003300,-0.0223205
0000003310,-0.0112154
0000003320,-0.0312487
0000003330,0.00192082
0000003340,-0.0172175
0000003350,-0.0174095
0000003360,-0.0135613
0000003370,-0.0156752
0000003380,-0.0146007
0000003390,-0.00657993
0000003400,-0.0230032
0000003410,-0.0170183
0000003420,-0.0184085
0000003430,-0.0203066
0000003440,-0.00950558
0000003450,-0.0168935
0000003460,-0.0172334
0000003470,-0.0135979
0000003480,-0.0118676
0000003490,-0.025756
0000003500,-0.0149995
0000003510,-0.0287806
0000003520,-0.0110706
0000003530,-0.0224467
0000003540,-0.0342709
0000003550,-0.0127495
0000003560,-0.0204772
0000003570,-0.0243666
0000003580,-0.016006
0000003590,-0.015005
0000003600,-0.00820303
0000003610,-0.0183485
0000003620,-0.0195773
0000003630,-0.017041
0000003640,-0.0205929
0000003650,-0.0185598
0000003660,-0.0120609
0000003670,-0.019679
0000003680,-0.0292394
0000003690,-0.0158894
0000003700,-0.0185692
0000003710,-0.0103824
0000003720,-0.0111703
0000003730,-0.0247478
0000003740,-0.0139064
0000003750,-0.0128096
0000003760,-0.020557
0000003770,-0.0168977
0000003780,-0.0117911
0000003790,-0.0358245
0000003800,-0.018546
0000003810,-0.0175073
0000003820,-0.00953518
0000003830,-0.0265559
0000003840,-0.0298131
0000003850,-0.017322
0000003860,-0.0179675
0000003870,-0.0268065
0000003880,-0.0192309
0000003890,-0.0275185
0000003900,-0.0251547
0000003910,-0.0111011
0000003920,-0.0132014
0000003930,-0.0198504
0000003940,-0.014467
0000003950,-0.0174895
0000003960,-0.0182788
0000003970,-0.0165009
0000003980,-0.0198277
0000003990,-0.0246581
0000004000,-0.0187179
0000004010,-0.00612115
0000004020,-0.0222823
0000004030,-0.0190025
0000004040,-0.0178519
0000004050,-0.00791982
0000004060,-0.0159649
0000004070,-0.0255462
0000004080,-0.0261736
0000004090,-0.024207
0000004100,-0.00403858
0000004110,-0.012368
0000004120,-0.0202935
0000004130,-0.0230662
0000004140,-0.0215563
0000004150,-0.0193408
0000004160,-0.025021
0000004170,-0.020659
0000004180,-0.0128259
0000004190,-0.0148366
0000004200,-0.0212782
0000004210,-0.00646595
0000004220,-0.0241064
0000004230,-0.0207288
0000004240,-0.0275687
0000004250,-0.0181364
0000004260,-0.0195395
0000004270,-0.0159994
0000004280,-0.0121856
0000004290,-0.0221399
0000004300,-0.0176249
0000004310,-0.023852
0000004320,-0.0182326
0000004330,-0.0254235
0000004340,-0.0301723
0000004350,-0.0255513
0000004360,-0.0173291
0000004370,-0.00822955
0000004380,-0.0173848
0000004390,-0.0169028
0000004400,-0.0154092
0000004410,-0.020764
0000004420,-0.0226045
0000004430,-0.0169438
0000004440,-0.0210149
0000004450,-0.0230264
0000004460,-0.0017066
0000004470,-0.0309465
0000004480,-0.0112255
0000004490,-0.0406586
0000004500,-0.00834756
0000004510,-0.0170574
0000004520,-0.026764
0000004530,-0.0354758
0000004540,-0.014247
0000004550,-0.0120448
0000004560,-0.0332202
0000004570,-0.000443407
0000004580,-0.0381224
0000004590,-0.0030682
0000004600,-0.0322093
0000004610,-0.00816828
0000004620,0.0079741
0000004630,-0.0338016
0000004640,-0.0214366
0000004650,-0.0395783
0000004660,0.00274066
0000004670,-0.0263202
0000004680,-0.00981971
0000004690,-0.00249078
0000004700,-0.0399702
0000004710,-0.0221461
0000004720,-0.0212689
0000004730,0.00109429
0000004740,-0.0211171
0000004750,-0.0150416
0000004760,-0.0149453
0000004770,-0.0205435
0000004780,-0.00983547
0000004790,-0.0324832
0000004800,-0.00798097
0000004810,-0.0188389
0000004820,-0.00776298
0000004830,-0.0139158
0000004840,-0.0289623
0000004850,-0.0191314
0000004860,-0.0179003
0000004870,-0.0105403
0000004880,-0.0207273
0000004890,-0.0292499
0000004900,-0.0137329
0000004910,-0.0105578
0000004920,-0.0125136
0000004930,-0.0240925
0000004940,-0.0139026
0000004950,-0.0222443
0000004960,-0.0135297
0000004970,-0.0240077
0000004980,-0.0307636
0000004990,-0.000141013
0000005000,-0.0248738
0000005010,-0.0248796
0000005020,-0.0233223
0000005030,-0.00471685
0000005040,-0.00461187
0000005050,-0.0297928
0000005060,-0.0185575
0000005070,-0.0164867
0000005080,-0.0206958
0000005090,-0.0207015
0000005100,-0.0236928
0000005110,-0.00852564
0000005120,-0.0116165
0000005130,-0.0162017
0000005140,-0.0182974
0000005150,-0.0223479
0000005160,-0.0224389
0000005170,-0.0160967
0000005180,-0.0113379
0000005190,-0.013354
0000005200,-0.0194424
0000005210,-0.0189682
0000005220,-0.0183706
0000005230,-0.015606
0000005240,-0.0162858
0000005250,-0.0176057
0000005260,-0.0224423
0000005270,-0.0248534
0000005280,-0.00946611
0000005290,-0.0233893
0000005300,-0.0193775
0000005310,-0.0200866
0000005320,-0.00872876
0000005330,-0.0124022
0000005340,-0.00719511
0000005350,-0.0286634
0000005360,-0.0174937
0000005370,-0.0262218
0000005380,-0.0124644
0000005390,-0.0326293
0000005400,-0.0115586
0000005410,-0.0203585
0000005420,-0.0325504
0000005430,-0.0145223
0000005440,-0.0141089
0000005450,-0.0218251
0000005460,-0.0259487
0000005470,-0.0124848
0000005480,-0.0173503
0000005490,-0.0242935
0000005500,-0.0340095
0000005510,-0.0153848
0000005520,-0.0263322
0000005530,-0.0173169
0000005540,-0.00536443
0000005550,-0.0181982
0000005560,-0.0257798
0000005570,-0.0130244
0000005580,-0.0199451
0000005590,-0.0195605
0000005600,-0.0238116
0000005610,-0.0194165
0000005620,-0.0196239
0000005630,-0.0221657
0000005640,-0.0150141
0000005650,-0.0272632
0000005660,-0.0128711
0000005670,-0.0169598
0000005680,-0.023019
0000005690,-0.0256112
0000005700,-0.0140564
0000005710,-0.00916822
0000005720,-0.0176704
0000005730,-0.0240706
0000005740,-0.0207458
0000005750,-0.0346427
0000005760,-0.011382
0000005770,-0.0105892
0000005780,-0.0189793
0000005790,-0.0191301
0000005800,-0.0112768
0000005810,-0.00734262
0000005820,-0.0213069
0000005830,-0.0205025
0000005840,-0.016564
0000005850,-0.0292572
0000005860,-0.0292394
0000005870,-0.0213218
0000005880,-0.0257936
0000005890,-0.0227406
0000005900,-0.0252249
0000005910,-0.0244626
0000005920,-0.0249303
0000005930,-0.00714768
0000005940,-0.0193748
0000005950,-0.0132284
0000005960,-0.0309774
0000005970,-0.0123389
0000005980,-0.00827565
0000005990,-0.0237037
0000006000,-0.0113371
0000006010,-0.0257863
0000006020,0.00551523
0000006030,-0.0285492
0000006040,-0.00569637
0000006050,-0.00974782
0000006060,-0.0111563
0000006070,-0.0161656
0000006080,-0.00202788
0000006090,-0.0114864
0000006100,-0.0177009
0000006110,-0.0216015
0000006120,-0.00834675
0000006130,-0.0112896
0000006140,-0.00998608
0000006150,-0.0131239
0000006160,-0.00689043
0000006170,-0.0242576
0000006180,-0.0283275
0000006190,-0.0109037
0000006200,-0.0195795
0000006210,-0.0363262
0000006220,-0.0197477
0000006230,-0.0048378
0000006240,-0.0281549
0000006250,-0.0266924
0000006260,-0.0204476
0000006270,-0.0157336
0000006280,-0.0234232
0000006290,-0.0171844
0000006300,-0.0224619
0000006310,-0.0149063
0000006320,-0.0108341
0000006330,-0.0209009
0000006340,-0.00915301
0000006350,-0.0217642
0000006360,-0.0151666
0000006370,-0.0255502
0000006380,-0.0145546
0000006390,-0.0235249
0000006400,-0.00568729
0000006410,-0.0162194
0000006420,-0.0137079
0000006430,-0.0162382
0000006440,-0.0207376
0000006450,-0.0209958
0000006460,-0.0124768
0000006470,-0.0138829
0000006480,-0.0149627
0000006490,-0.0237511
0000006500,-0.0195189
0000006510,-0.0126193
0000006520,-0.00647112
0000006530,-0.0206842
0000006540,-0.0303248
0000006550,-0.00838138
0000006560,-0.0161072
0000006570,-0.0188979
0000006580,-0.0214171
0000006590,-0.0179583
0000006600,-0.0114312
0000006610,-0.0201913
0000006620,-0.0212107
0000006630,-0.0200826
0000006640,-0.0262811
0000006650,-0.0183284
0000006660,-0.0105253
0000006670,-0.0262351
0000006680,-0.00166894
0000006690,-0.0156748
0000006700,-0.0102306
0000006710,-0.0121661
0000006720,-0.0145269
0000006730,-0.0193906
0000006740,-0.0244724
0000006750,-0.015762
0000006760,-0.0184074
0000006770,-0.0226624
0000006780,-0.00417973
0000006790,-0.0178549
0000006800,-0.0170837
0000006810,-0.0102491
0000006820,-0.0134942
0000006830,-0.00493753
0000006840,-0.0163952
0000006850,-0.0134969
0000006860,-0.0316483
0000006870,-0.019963
0000006880,-0.017791
0000006890,-0.0256768
0000006900,-0.0306128
0000006910,-0.0155908
0000006920,-0.0239271
0000006930,-0.0196513
0000006940,-0.00905078
0000006950,-0.0264622
0000006960,-0.0242196
0000006970,-0.0287316
0000006980,-0.0121377
0000006990,-0.0182499
0000007000,-0.0058644
0000007010,-0.0246177
0000007020,-0.0218989
0000007030,-0.0351872
0000007040,-0.00925349
0000007050,-0.0131015
0000007060,-0.00676702
0000007070,-0.0283598
0000007080,-0.00764885
0000007090,-0.011426
0000007100,-0.0115157
0000007110,-0.027174
0000007120,-0.0117103
0000007130,-0.0171491
0000007140,-0.0251802
0000007150,-0.0128531
0000007160,-0.0216304
0000007170,-0.0184344
0000007180,-0.0100239
0000007190,-0.0158047
0000007200,-0.0265776
0000007210,-0.0177521
0000007220,-0.0134104
0000007230,-0.0134301
0000007240,-0.0248769
0000007250,-0.0134476
0000007260,-0.0107151
0000007270,-0.0319002
0000007280,-0.0122695
0000007290,-0.0137323
0000007300,-0.0205888
0000007310,-0.0162542
0000007320,-0.0173349
0000007330,-0.0112558
0000007340,-0.019562
0000007350,-0.0170617
0000007360,-0.00995325
0000007370,-0.010987
0000007380,-0.0199148
0000007390,-0.0255525
0000007400,-0.0210615
0000007410,-0.01965
0000007420,-0.014976
0000007430,-0.0126856
0000007440,-0.0153711
0000007450,-0.0263317
0000007460,-0.0129733
0000007470,-0.0125662
0000007480,-0.010859
0000007490,-0.0288133
0000007500,-0.0126555
0000007510,-0.0169328
0000007520,-0.0187048
0000007530,-0.0130695
0000007540,-0.0250193
0000007550,-0.00981466
0000007560,-0.0362283
0000007570,-0.0233475
0000007580,-0.014205
0000007590,-0.0201632
0000007600,-0.0164404
0000007610,-0.018673
0000007620,-0.0232919
0000007630,0.00135824
0000007640,-0.0136169
0000007650,-0.0189817
0000007660,-0.0216841
0000007670,-0.023725
0000007680,-0.0198922
0000007690,-0.0145743
0000007700,-0.0204604
0000007710,-0.00756263
0000007720,-0.0101526
0000007730,-0.0266568
0000007740,-0.0252342
0000007750,-0.0125187
0000007760,-0.0179085
0000007770,-0.0231085
0000007780,-0.0239048
0000007790,-0.0202042
0000007800,-0.0138616
0000007810,-0.0253117
0000007820,-0.0258155
0000007830,-0.0115224
0000007840,-0.0295473
0000007850,-0.0106147
0000007860,-0.0168685
0000007870,-0.0240717
0000007880,-0.0185228
0000007890,-0.0121517
0000007900,-0.0130761
0000007910,-0.017868
0000007920,-0.0180053
0000007930,-0.0156559
0000007940,-0.0137591
0000007950,-0.016548
0000007960,-0.0170879
0000007970,-0.0142956
0000007980,-0.00761005
0000007990,-0.0269711
0000008000,-0.0312087
0000008010,-0.0125846
0000008020,-0.0165919
0000008030,-0.019464
0000008040,-0.0231669
0000008050,-0.0200548
0000008060,-0.0249858
0000008070,-0.0256137
0000008080,-0.0190358
0000008090,-0.016101
0000008100,-0.0125527
0000008110,-0.0192573
0000008120,-0.0161607
0000008130,-0.010917
0000008140,-0.0108747
0000008150,-0.0167152
0000008160,-0.010088
0000008170,-0.0145561
0000008180,-0.014796
0000008190,-0.0153997
0000008200,-0.0114775
0000008210,-0.0131625
0000008220,-0.0188423
0000008230,-0.0131161
0000008240,-0.0145199
0000008250,-0.0263545
0000008260,-0.0174401
0000008270,-0.0230776
0000008280,-0.0225387
0000008290,-0.0189629
0000008300,-0.0243196
0000008310,-0.0201495
0000008320,-0.0153507
0000008330,-0.0164571
0000008340,-0.0296345
0000008350,-0.0140409
0000008360,-0.018717
0000008370,-0.0128923
0000008380,-0.0260502
0000008390,-0.0243581
0000008400,-0.0180474
0000008410,-0.00969676
0000008420,-0.0097765
0000008430,-0.0100484
0000008440,-0.0166745
0000008450,-0.0244607
0000008460,-0.0173217
0000008470,-0.0109719
0000008480,-0.0202713
0000008490,-0.0228795
0000008500,-0.0154432
0000008510,-0.0114652
0000008520,-0.0248249
0000008530,-0.0184415
0000008540,-0.0155883
0000008550,-0.0191547
0000008560,-0.0211493
0000008570,-0.0152401
0000008580,-0.0156379
0000008590,-0.0183502
0000008600,-0.0223178
0000008610,-0.0227294
0000008620,-0.0148956
0000008630,-0.0169308
0000008640,-0.0254827
0000008650,-0.0202884
0000008660,-0.0138178
0000008670,-0.0144895
0000008680,-0.0138252
0000008690,-0.0171955
0000008700,-0.0292275
0000008710,-0.0281936
0000008720,-0.0237982
0000008730,-0.0180455
0000008740,-0.0190763
0000008750,-0.0183482
0000008760,-0.0188542
0000008770,-0.0185925
0000008780,-0.0145942
0000008790,-0.0216059
0000008800,-0.0248594
0000008810,-0.0236727
0000008820,-0.0206027
0000008830,-0.0133016
0000008840,-0.0146166
0000008850,-0.0110056
0000008860,-0.025447
0000008870,-0.0151999
0000008880,-0.0109138
0000008890,-0.0259228
0000008900,-0.00710384
0000008910,-0.0194503
0000008920,-0.0275337
0000008930,-0.0297045
0000008940,-0.0240165
0000008950,-0.0209324
0000008960,-0.0204979
0000008970,-0.0194834
0000008980,-0.0148761
0000008990,-0.0182156
0000009000,-0.0215154
0000009010,-0.00961474
0000009020,-0.0238129
0000009030,-0.00821589
0000009040,-0.00884335
0000009050,-0.0209385
0000009060,-0.0133722
0000009070,-0.0189759
0000009080,-0.0167024
0000009090,-0.0218348
0000009100,-0.0241799
0000009110,-0.0181273
0000009120,-0.0231797
0000009130,-0.0204668
0000009140,-0.0159156
0000009150,-0.0142916
0000009160,-0.0148617
0000009170,-0.00980788
0000009180,-0.0265192
0000009190,-0.0144962
0000009200,-0.0253647
0000009210,-0.00570541
0000009220,-0.0217094
0000009230,-0.00814997
0000009240,-0.0157527
0000009250,-0.0227781
0000009260,-0.028196
0000009270,-0.0185745
0000009280,-0.015673
0000009290,-0.0186506
0000009300,-0.0101907
0000009310,-0.0125156
0000009320,-0.0183228
0000009330,-0.0136554
0000009340,-0.0223587
0000009350,-0.0182811
0000009360,-0.016157
0000009370,-0.0156125
0000009380,-0.0196135
0000009390,-0.00934301
0000009400,-0.0209031
0000009410,-0.0139059
0000009420,-0.0179379
0000009430,-0.0235072
0000009440,-0.0221587
0000009450,-0.0165909
0000009460,-0.0180683
0000009470,-0.0280348
0000009480,-0.0265621
0000009490,-0.0263304
0000009500,-0.0255461
0000009510,-0.0258231
0000009520,-0.016251
0000009530,-0.0211293
0000009540,-0.0204805
0000009550,-0.021994
0000009560,-0.0200945
0000009570,-0.0168752
0000009580,-0.00429647
0000009590,-0.00781469
0000009600,-0.0153332
0000009610,-0.0143673
0000009620,-0.0118772
0000009630,-0.0202284
0000009640,-0.0158431
0000009650,-0.0170785
0000009660,-0.0183039
0000009670,-0.0243263
0000009680,-0.0191449
0000009690,-0.0130167
0000009700,-0.0227469
0000009710,-0.021888
0000009720,-0.0173476
0000009730,-0.0199396
0000009740,-0.0168203
0000009750,-0.0209822
0000009760,-0.00948329
0000009770,-0.0162734
0000009780,-0.0193204
0000009790,-0.0167629
0000009800,-0.017681
0000009810,-0.0253868
0000009820,-0.0252586
0000009830,-0.0192944
0000009840,-0.00869903
0000009850,-0.0147771
0000009860,-0.0139253
0000009870,-0.0135784
0000009880,-0.0264641
0000009890,-0.0244711
0000009900,-0.0133729
0000009910,-0.017458
0000009920,-0.0170971
0000009930,-0.0202086
0000009940,-0.0184912
0000009950,-0.0245963
0000009960,-0.0213937
0000009970,-0.0293095
0000009980,-0.0222089
0000009990,-0.018447
0000010000,-0.0152378
0000010010,-0.0166559
0000010020,-0.0149084
0000010030,-0.0231674
0000010040,-0.0147432
0000010050,-0.0232333
0000010060,-0.0212794
0000010070,-0.0221103
0000010080,-0.029286
0000010090,-0.00759329
0000010100,-0.020058
0000010110,-0.0149162
0000010120,-0.0137908
0000010130,-0.0332296
0000010140,-0.0239073
0000010150,-0.01961
0000010160,-0.0190352
0000010170,-0.0228961
0000010180,-0.0220304
0000010190,-0.0125517
0000010200,-0.0126101
0000010210,-0.0161884
0000010220,-0.0120534
0000010230,-0.0158697
0000010240,-0.0123522
0000010250,-0.0119359
0000010260,-0.0193583
0000010270,-0.0212016
0000010280,-0.0278682
0000010290,-0.0142373
0000010300,-0.0195345
0000010310,-0.0166118
0000010320,-0.0163563
0000010330,-0.017964
0000010340,-0.016627
0000010350,-0.016771
0000010360,-0.0226561
0000010370,-0.0201605
0000010380,-0.028403
0000010390,-0.0164426
0000010400,-0.0201158
0000010410,-0.0208189
0000010420,-0.022486
0000010430,-0.0257127
0000010440,-0.0172909
0000010450,-0.0180092
0000010460,-0.0174806
0000010470,-0.00504063
0000010480,-0.0231187
0000010490,-0.016444
0000010500,-0.0163092
0000010510,-0.014876
0000010520,-0.0178569
0000010530,-0.0142973
0000010540,-0.0216314
0000010550,-0.0252596
0000010560,-0.0195588
0000010570,-0.0127364
0000010580,-0.0159953
0000010590,-0.0174764
0000010600,-0.0198082
0000010610,-0.0161448
0000010620,-0.0205504
0000010630,-0.0206661
0000010640,-0.0224002
0000010650,-0.0225776
0000010660,-0.017052
0000010670,-0.020622
0000010680,-0.0120356
0000010690,-0.0168563
0000010700,-0.0205213
0000010710,-0.0176688
0000010720,-0.0127134
0000010730,-0.018055
0000010740,-0.0224558
0000010750,-0.0179962
0000010760,-0.0161717
0000010770,-0.0152911
0000010780,-0.0193241
0000010790,-0.0164698
0000010800,-0.0215943
0000010810,-0.0233914
0000010820,-0.0165209
0000010830,-0.0195912
0000010840,-0.0188079
0000010850,-0.00786607
0000010860,-0.0183384
0000010870,-0.0279522
0000010880,-0.0160208
0000010890,-0.0192271
0000010900,-0.0197798
0000010910,-0.0176935
0000010920,-0.0136212
0000010930,-0.0164705
0000010940,-0.0116237
0000010950,-0.00882928
0000010960,-0.0127687
0000010970,-0.0234815
0000010980,-0.0167707
0000010990,-0.0161264
0000011000,-0.0228384
0000011010,-0.0248057
0000011020,-0.0123278
0000011030,-0.0178249
0000011040,-0.0179985
0000011050,-0.0142379
0000011060,-0.0194137
0000011070,-0.0129216
0000011080,-0.0188143
0000011090,-0.0106015
0000011100,-0.0169744
0000011110,-0.024022
0000011120,-0.0202057
0000011130,-0.0207427
0000011140,-0.0136663
0000011150,-0.0170349
0000011160,-0.0243929
0000011170,-0.011759
0000011180,-0.0141822
0000011190,-0.00634577
0000011200,-0.0216679
0000011210,-0.0149167
0000011220,-0.0208787
0000011230,-0.0227992
0000011240,-0.0173699
0000011250,-0.0217428
0000011260,-0.012623
0000011270,-0.02314
0000011280,-0.0166395
0000011290,-0.020325
0000011300,-0.012035
0000011310,-0.0152576
0000011320,-0.0131983
0000011330,-0.0196932
0000011340,-0.0169207
0000011350,-0.0153633
0000011360,-0.0222209
0000011370,-0.0170656
0000011380,-0.0193834
0000011390,-0.00781728
0000011400,-0.0195151
0000011410,-0.0169464
0000011420,-0.0173559
0000011430,-0.0180137
0000011440,-0.0182774
0000011450,-0.0278584
0000011460,-0.013794
0000011470,-0.0284227
0000011480,-0.023289
0000011490,-0.0173383
0000011500,-0.0196974
0000011510,-0.0110616
0000011520,-0.0205449
0000011530,-0.0149575
0000011540,-0.0185521
0000011550,-0.0229272
0000011560,-0.0228935
0000011570,-0.0224933
0000011580,-0.0172661
0000011590,-0.0200433
0000011600,-0.0198594
0000011610,-0.0221102
0000011620,-0.0200788
0000011630,-0.018115
0000011640,-0.0204325
0000011650,-0.0198457
0000011660,-0.0165234
0000011670,-0.0138611
0000011680,-0.0109437
0000011690,-0.015577
0000011700,-0.0267769
0000011710,-0.014254
0000011720,-0.0102558
0000011730,-0.014625
0000011740,-0.0159515
0000011750,-0.0180498
0000011760,-0.0310287
0000011770,-0.0157897
0000011780,-0.021292
0000011790,-0.0210188
0000011800,-0.0150927
0000011810,-0.0248588
0000011820,-0.0143525
0000011830,-0.0211877
0000011840,-0.0270943
0000011850,-0.0128336
0000011860,-0.0163549
0000011870,-0.0184197
0000011880,-0.0224771
0000011890,-0.0134564
0000011900,-0.0207248
0000011910,-0.0244373
0000011920,-0.0193175
0000011930,-0.0136484
0000011940,-0.0217641
0000011950,-0.0280874
0000011960,-0.01838
0000011970,-0.016201
0000011980,-0.0234561
0000011990,-0.0222117
0000012000,-0.019955
0000012010,-0.0285088
0000012020,-0.018887
0000012030,-0.0200437
0000012040,-0.0166114
0000012050,-0.00969746
0000012060,-0.0211227
0000012070,-0.00882982
0000012080,-0.0131
0000012090,-0.0181046
0000012100,-0.0235449
0000012110,-0.0201948
0000012120,-0.0150917
0000012130,-0.0180243
0000012140,-0.010471
0000012150,-0.0127356
0000012160,-0.0179895
0000012170,-0.0118556
0000012180,-0.0187921
0000012190,-0.0288223
0000012200,-0.0170363
0000012210,-0.0209526
0000012220,-0.0212412
0000012230,-0.0174736
0000012240,-0.0182967
0000012250,-0.0184446
0000012260,-0.017995
0000012270,-0.00991286
0000012280,-0.0124478
0000012290,-0.0145124
0000012300,-0.012499
0000012310,-0.0187343
0000012320,-0.0128737
0000012330,-0.01435
0000012340,-0.0160393
0000012350,-0.0182237
0000012360,-0.00754379
0000012370,-0.0147483
0000012380,-0.017174
0000012390,-0.0151983
0000012400,-0.0183588
0000012410,-0.0157245
0000012420,-0.0229964
0000012430,-0.0201289
0000012440,-0.015316
0000012450,-0.0113208
0000012460,-0.0221396
0000012470,-0.017549
0000012480,-0.0163685
0000012490,-0.0206823
0000012500,-0.021873
0000012510,-0.02206
0000012520,-0.0219019
0000012530,-0.0203546
0000012540,-0.014597
0000012550,-0.0231344
0000012560,-0.0220856
0000012570,-0.019088
0000012580,-0.014063
0000012590,-0.0170173
0000012600,-0.018469
0000012610,-0.0215142
0000012620,-0.0158779
0000012630,-0.0119194
0000012640,-0.0156532
0000012650,-0.0119333
0000012660,-0.0173198
0000012670,-0.0149645
0000012680,-0.0125435
0000012690,-0.0233007
0000012700,-0.01983
0000012710,-0.0122017
0000012720,-0.0241666
0000012730,-0.0131492
0000012740,-0.0160077
0000012750,-0.0112566
0000012760,-0.018021
0000012770,-0.0208527
0000012780,-0.0196117
0000012790,-0.0150327
0000012800,-0.024643
0000012810,-0.0133855
0000012820,-0.0140615
0000012830,-0.0198063
0000012840,-0.0085746
0000012850,-0.0291226
0000012860,-0.0233447
0000012870,-0.0138787
0000012880,-0.0181735
0000012890,-0.021123
0000012900,-0.0262602
0000012910,-0.0233177
0000012920,-0.0241544
0000012930,-0.0238283
0000012940,-0.00746426
0000012950,-0.0268418
0000012960,-0.0180139
0000012970,-0.0246861
0000012980,-0.0238888
0000012990,-0.0147771
0000013000,-0.0174663
0000013010,-0.0203128
0000013020,-0.0217775
0000013030,-0.0147496
0000013040,-0.0136743
0000013050,-0.0154564
0000013060,-0.00821709
0000013070,-0.0111537
0000013080,-0.0170002
0000013090,-0.0183927
0000013100,-0.0203704
0000013110,-0.0198845
0000013120,-0.022533
0000013130,-0.0147499
0000013140,-0.0260646
0000013150,-0.0216932
0000013160,-0.0222095
0000013170,-0.0157112
0000013180,-0.0206173
0000013190,-0.0176352
0000013200,-0.0157452
0000013210,-0.0135867
0000013220,-0.0184431
0000013230,-0.021759
0000013240,-0.0188847
0000013250,-0.0286434
0000013260,-0.0234472
0000013270,-0.023447
0000013280,-0.0165682
0000013290,-0.0188404
0000013300,-0.0186197
0000013310,-0.0190394
0000013320,-0.00708549
0000013330,-0.0186957
0000013340,-0.0171065
0000013350,-0.0211516
0000013360,-0.0189056
0000013370,-0.00677593
0000013380,-0.0156884
0000013390,-0.00713256
0000013400,-0.0172551
0000013410,-0.0099643
0000013420,-0.0256345
0000013430,-0.0206431
0000013440,-0.013179
0000013450,-0.0195459
0000013460,-0.0256157
0000013470,-0.0148298
0000013480,-0.0239928
0000013490,-0.0201932
0000013500,-0.0144075
0000013510,-0.021008
0000013520,-0.0209014
0000013530,-0.0249459
0000013540,-0.014592
0000013550,-0.0216926
0000013560,-0.0190859
0000013570,-0.0155627
0000013580,-0.0162948
0000013590,-0.0173284
0000013600,-0.019583
0000013610,-0.0167261
0000013620,-0.0126751
0000013630,-0.0242413
0000013640,-0.0207818
0000013650,-0.0155981
0000013660,-0.010879
0000013670,-0.0264237
0000013680,-0.0134797
0000013690,-0.0265976
0000013700,-0.0158781
0000013710,-0.021462
0000013720,-0.0159683
0000013730,-0.0103018
0000013740,-0.02007
0000013750,-0.0163244
0000013760,-0.0158962
0000013770,-0.0166952
0000013780,-0.0209427
0000013790,-0.0261022
0000013800,-0.0202743
0000013810,-0.0244463
0000013820,-0.0185567
0000013830,-0.0108363
0000013840,-0.00599546
0000013850,-0.0169578
0000013860,-0.0137573
0000013870,-0.0229897
0000013880,-0.0174489
0000013890,-0.0182793
0000013900,-0.01698
0000013910,-0.0141264
0000013920,-0.02292
0000013930,-0.0213272
0000013940,-0.00783232
0000013950,-0.0156615
0000013960,-0.0155898
0000013970,-0.0204444
0000013980,-0.019751
0000013990,-0.014569
0000014000,-0.0173112
0000014010,-0.0168135
0000014020,-0.0160953
0000014030,-0.0270745
0000014040,-0.0217725
0000014050,-0.0222833
0000014060,-0.0143181
0000014070,-0.0118921
0000014080,-0.0215756
0000014090,-0.0153561
0000014100,-0.0125847
0000014110,-0.017034
0000014120,-0.021799
0000014130,-0.0122695
0000014140,-0.0191712
0000014150,-0.0114475
0000014160,-0.0225387
0000014170,-0.00783831
0000014180,-0.0239322
0000014190,-0.0123014
0000014200,-0.0219857
0000014210,-0.0232494
0000014220,-0.0150523
0000014230,-0.0206241
0000014240,-0.018296
0000014250,-0.00627742
0000014260,-0.0190296
0000014270,-0.017608
0000014280,-0.0224859
0000014290,-0.0153505
0000014300,-0.0197422
0000014310,-0.0171409
0000014320,-0.0194158
0000014330,-0.0161539
0000014340,-0.00877804
0000014350,-0.0197532
0000014360,-0.013948
0000014370,-0.0130192
0000014380,-0.0305684
0000014390,-0.0116242
0000014400,-0.0171373
0000014410,-0.0178033
0000014420,-0.0116524
0000014430,-0.018948
0000014440,-0.0147091
0000014450,-0.0282758
0000014460,-0.0225015
0000014470,-0.014877
0000014480,-0.0199158
0000014490,-0.0173936
0000014500,-0.0134222
0000014510,-0.0144375
0000014520,-0.01341
0000014530,-0.0209355
0000014540,-0.011649
0000014550,-0.0136323
0000014560,-0.0180576
0000014570,-0.0228277
0000014580,-0.0141517
0000014590,-0.0145406
0000014600,-0.0188127
0000014610,-0.0191184
0000014620,-0.0109127
0000014630,-0.0185469
0000014640,-0.0246432
0000014650,-0.0174391
0000014660,-0.0195817
0000014670,-0.0198089
0000014680,-0.0107815
0000014690,-0.0149707
0000014700,-0.015378
0000014710,-0.0225779
0000014720,-0.0212472
0000014730,-0.0202773
0000014740,-0.0185294
0000014750,-0.0143204
0000014760,-0.0212037
0000014770,-0.0187835
0000014780,-0.0121571
0000014790,-0.0210436
0000014800,-0.0198103
0000014810,-0.0125164
0000014820,-0.0113161
0000014830,-0.0186015
0000014840,-0.0107305
0000014850,-0.0149252
0000014860,-0.018239
0000014870,-0.0145022
0000014880,-0.0163368
0000014890,-0.016462
0000014900,-0.0108196
0000014910,-0.0197975
0000014920,-0.0123157
0000014930,-0.0136054
0000014940,-0.0231915
0000014950,-0.0124808
0000014960,-0.0216882
0000014970,-0.017776
0000014980,-0.02055
0000014990,-0.0193741
0000015000,-0.0177957
0000015010,-0.0125328
0000015020,-0.019056
0000015030,-0.0156615
0000015040,-0.0133666
0000015050,-0.0151312
0000015060,-0.0120003
0000015070,-0.0192596
0000015080,-0.0106427
0000015090,-0.0243083
0000015100,-0.0118943
0000015110,-0.0170112
0000015120,-0.0155655
0000015130,-0.0144624
0000015140,-0.0103168
0000015150,-0.0178761
0000015160,-0.0232922
0000015170,-0.00745455
0000015180,-0.0180128
0000015190,-0.022969
0000015200,-0.0179535
0000015210,-0.0239003
0000015220,-0.0142189
0000015230,-0.0121165
0000015240,-0.0196598
0000015250,-0.0169659
0000015260,-0.0238473
0000015270,-0.0161502
0000015280,-0.0160671
0000015290,-0.0264581
0000015300,-0.0174982
0000015310,-0.014983
0000015320,-0.0202737
0000015330,-0.0254311
0000015340,-0.0122662
0000015350,-0.0222664
0000015360,-0.0200353
0000015370,-0.0208775
0000015380,-0.0190166
0000015390,-0.00919746
0000015400,-0.0218824
0000015410,-0.0229318
0000015420,-0.0223796
0000015430,-0.0139436
0000015440,-0.0166731
0000015450,-0.020164
0000015460,-0.020439
0000015470,-0.0133164
0000015480,-0.0202725
0000015490,-0.0164227
0000015500,-0.020782
0000015510,-0.0131651
0000015520,-0.0157162
0000015530,-0.019481
0000015540,-0.0156326
0000015550,-0.0171999
0000015560,-0.0204846
0000015570,-0.0194037
0000015580,-0.0109039
0000015590,-0.0184734
0000015600,-0.014863
0000015610,-0.0191263
0000015620,-0.0208993
0000015630,-0.0177176
0000015640,-0.0134787
0000015650,-0.020426
0000015660,-0.0136393
0000015670,-0.0190481
0000015680,-0.0268141
0000015690,-0.0082142
0000015700,-0.0186251
0000015710,-0.0195615
0000015720,-0.00717242
0000015730,-0.0104624
0000015740,-0.021788
0000015750,-0.0160422
0000015760,-0.0118754
0000015770,-0.0126022
0000015780,-0.0173082
0000015790,-0.0222062
0000015800,-0.0269104
0000015810,-0.0223509
0000015820,-0.0198551
0000015830,-0.0176796
0000015840,-0.0177573
0000015850,-0.0161165
0000015860,-0.0165691
0000015870,-0.0162673
0000015880,-0.0123149
0000015890,-0.0146067
0000015900,-0.0203164
0000015910,-0.0230798
0000015920,-0.0150282
0000015930,-0.0240895
0000015940,-0.0160817
0000015950,-0.021433
0000015960,-0.0211647
0000015970,-0.00763225
0000015980,-0.0116258
0000015990,-0.020149
