0000000000,-0.0192149
0000000010,-0.032823
0000000020,-0.0402315
0000000030,-0.00681336
0000000040,-0.00946417
0000000050,-0.0185781
0000000060,0.00323116
0000000070,-0.0150772
0000000080,-0.0204177
0000000090,-0.0267697
0000000100,-0.0160164
0000000110,-0.00492206
0000000120,-0.0140175
0000000130,-0.025656
0000000140,-0.0228617
0000000150,-0.0161731
0000000160,-0.0132133
0000000170,-0.0138147
0000000180,-0.020438
0000000190,-0.0171765
0000000200,-0.0127612
0000000210,-0.0134656
0000000220,-0.0273049
0000000230,-0.0112635
0000000240,-0.0118009
0000000250,-0.0159266
0000000260,-0.00913932
0000000270,-0.00814868
0000000280,-0.0195638
0000000290,-0.0214845
0000000300,-0.0189193
0000000310,0.0066007
0000000320,-0.00499228
0000000330,-0.0125234
0000000340,-0.022874
0000000350,-0.011304
0000000360,-0.026895
0000000370,-0.00251391
0000000380,0.00168134
0000000390,-0.0201875
0000000400,-0.039675
0000000410,-0.00636004
0000000420,-0.00606572
0000000430,-0.0234186
0000000440,0.000349365
0000000450,-0.012911
0000000460,-0.0244439
0000000470,-0.0190655
0000000480,-0.0134409
0000000490,-0.0142691
0000000500,-0.0113845
0000000510,-0.00452045
0000000520,-0.0163402
0000000530,-0.0126901
0000000540,-0.0188252
0000000550,-0.0219848
0000000560,-0.0204282
0000000570,-0.0287777
0000000580,-0.0182576
0000000590,-0.0143567
0000000600,-0.0317429
0000000610,-0.0140159
0000000620,-0.0282287
0000000630,-0.00374834
0000000640,-0.0150707
0000000650,-0.0200585
0000000660,-0.0229512
0000000670,-0.0273432
0000000680,-0.0167142
0000000690,-0.028052
0000000700,-0.0329043
0000000710,-0.0237247
0000000720,-0.00938489
0000000730,-0.0222886
0000000740,-0.0201241
0000000750,-0.0233572
0000000760,-0.0256842
0000000770,-0.0114242
0000000780,-0.016555
0000000790,-0.0271351
0000000800,-0.0196098
0000000810,-0.0143751
0000000820,-0.0226996
0000000830,-0.0301893
0000000840,-0.0226445
0000000850,-0.00582821
0000000860,-0.0175614
0000000870,-0.0240202
0000000880,-0.00548122
0000000890,-0.0327245
0000000900,-0.0221827
0000000910,-0.0430873
0000000920,-0.00151947
0000000930,-0.00910783
0000000940,-0.0188234
0000000950,-0.0167908
0000000960,-0.0159615
0000000970,-0.00988674
0000000980,-0.0296462
0000000990,0.00475572
0000001000,-0.0240256
0000001010,-0.0261338
0000001020,-0.0203483
0000001030,-0.0292502
0000001040,-0.028921
0000001050,-0.00886074
0000001060,-0.0238001
0000001070,-0.010141
0000001080,-0.0063308
0000001090,-0.0444679
0000001100,-0.00804847
0000001110,-0.0405602
0000001120,-0.019074
0000001130,-0.00454851
0000001140,-0.0137484
0000001150,-0.02921
0000001160,-0.00208249
0000001170,-0.0247955
0000001180,-0.018106
0000001190,-0.00632546
0000001200,-0.0196222
0000001210,-0.0258433
0000001220,-0.0125398
0000001230,-0.0179771
0000001240,-0.0212747
0000001250,-0.0134479
0000001260,-0.0140481
0000001270,-0.0181732
0000001280,-0.0135095
0000001290,-0.013354
0000001300,-0.0129992
0000001310,-0.021937
0000001320,-0.00905282
0000001330,-0.0132938
0000001340,-0.0122351
0000001350,-0.0165039
0000001360,-0.0180756
0000001370,-0.0307182
0000001380,-0.0259545
0000001390,-0.0096345
0000001400,-0.0179513
0000001410,-0.0283565
0000001420,-0.0196614
0000001430,-0.00593049
0000001440,-0.0120483
0000001450,-0.0122172
0000001460,-0.0175656
0000001470,-0.0247577
0000001480,-0.00868748
0000001490,-0.0248032
0000001500,-0.0196338
0000001510,-0.0117134
0000001520,-0.0147886
0000001530,-0.0154081
0000001540,-0.0113913
0000001550,-0.0163719
0000001560,-0.00286103
0000001570,-0.0206095
0000001580,-0.00903113
0000001590,-0.0149253
0000001600,-0.0177277
0000001610,-0.0150803
0000001620,-0.00757215
0000001630,-0.0432123
0000001640,0.000742868
0000001650,-0.0287085
0000001660,-0.0297859
0000001670,-0.00816227
0000001680,-0.0133311
0000001690,-0.0187817
0000001700,-0.00689402
0000001710,-0.0226396
0000001720,-0.017073
0000001730,-0.0249598
0000001740,-0.014887
0000001750,-0.014764
0000001760,-0.00114915
0000001770,-0.0198054
0000001780,-0.0258808
0000001790,-0.0165974
0000001800,-0.0204493
0000001810,-0.0075443
0000001820,0.00283891
0000001830,-0.0305496
0000001840,-0.0203342
0000001850,-0.00896319
0000001860,-0.00149741
0000001870,-0.0266099
0000001880,-0.0181003
0000001890,-0.0171954
0000001900,-0.0182735
0000001910,-0.0200617
0000001920,-0.00546462
0000001930,-0.0189891
0000001940,-0.00788037
0000001950,-0.0456752
0000001960,-0.0245727
0000001970,-0.0215348
0000001980,-0.0188884
0000001990,-0.0201035
0000002000,-0.0138199
0000002010,0.00388227
0000002020,0.000279653
0000002030,-0.0111378
0000002040,-0.0043918
0000002050,-0.0121679
0000002060,-0.024269
0000002070,-0.00754571
0000002080,-0.0101241
0000002090,-0.0169618
0000002100,-0.00421447
0000002110,-0.0366095
0000002120,-0.00666676
0000002130,-0.0222557
0000002140,-0.00856904
0000002150,-0.00180625
0000002160,-0.0188733
0000002170,-0.0172022
0000002180,-0.00115852
0000002190,-0.0183386
0000002200,-0.0176833
0000002210,-0.016438
0000002220,0.0091632
0000002230,-0.0370088
0000002240,-0.00300397
0000002250,0.00870777
0000002260,-0.00912284
0000002270,-0.00662796
0000002280,0.0103571
0000002290,-0.0119665
0000002300,-0.0352877
0000002310,0.0190698
0000002320,-0.0253499
0000002330,-0.00973355
0000002340,-0.00610409
0000002350,-0.0600807
0000002360,-0.0377946
0000002370,-0.0106346
0000002380,-0.0483519
0000002390,-0.0112305
0000002400,-0.00116091
0000002410,-0.00407627
0000002420,-0.0489771
0000002430,-0.00127426
0000002440,-0.0235208
0000002450,-0.0100747
0000002460,-0.024825
0000002470,-0.0167402
0000002480,-0.0256916
0000002490,-0.00065513
0000002500,-0.0195348
0000002510,-0.0306005
0000002520,-0.0349346
0000002530,-0.0416551
0000002540,-0.0251772
0000002550,-0.0304024
0000002560,-0.023398
0000002570,-0.0172656
0000002580,-0.017563
0000002590,0.000196784
0000002600,-0.0269721
0000002610,-0.0010587
0000002620,-0.00408757
0000002630,-0.00844302
0000002640,-0.017086
0000002650,-0.0314819
0000002660,-0.0135393
0000002670,-0.0299136
0000002680,-0.024067
0000002690,0.00211191
0000002700,-0.00330798
0000002710,-0.0121066
0000002720,-0.00721476
0000002730,-0.0237461
0000002740,-0.0206898
0000002750,-0.0147896
0000002760,-0.0348581
0000002770,-0.0157658
0000002780,-0.00145501
0000002790,-0.0241143
0000002800,-0.0318931
0000002810,-0.0122891
0000002820,-0.0173419
0000002830,-0.0262286
0000002840,-0.0197692
0000002850,-0.00864888
0000002860,-0.0266428
0000002870,-0.00353295
0000002880,-0.0176012
0000002890,-0.0115496
0000002900,-0.0356242
0000002910,-0.0224535
0000002920,-0.00603424
0000002930,-0.00666469
0000002940,-0.0147443
0000002950,-0.019148
0000002960,-0.0111699
0000002970,-0.00891653
0000002980,-0.0182021
0000002990,-0.0153505
0000003000,-0.0300339
0000003010,0.00522068
0000003020,-0.0297594
0000003030,0.000417946
0000003040,-0.0269369
0000003050,-0.00864581
0000003060,-0.0314982
0000003070,-0.0237838
0000003080,-0.0367692
0000003090,-0.016809
0000003100,-0.0240384
0000003110,-0.0224659
0000003120,-0.0117532
0000003130,-0.0350495
0000003140,-0.0296162
0000003150,-0.0357358
0000003160,-0.0354017
0000003170,-0.0157102
0000003180,-0.0187473
0000003190,-0.00474126
0000003200,-0.0129919
0000003210,-0.0184709
0000003220,-0.0127291
0000003230,-0.0107308
0000003240,-0.00216568
0000003250,-0.0090518
0000003260,0.00396282
0000003270,-0.0236768
0000003280,-0.0177525
0000003290,-0.0217474
0000003300,-0.00805653
0000003310,-0.0137551
0000003320,-0.0267478
0000003330,0.00317761
0000003340,-0.0340314
0000003350,-0.0314934
0000003360,-0.00537173
0000003370,-0.0244405
0000003380,-0.0123675
0000003390,0.0148441
0000003400,-0.0151987
0000003410,-0.01258
0000003420,0.00939749
0000003430,-0.0138238
0000003440,-0.017394
0000003450,-0.00385415
0000003460,-0.0128288
0000003470,-0.0151039
0000003480,-0.0170478
0000003490,-0.0223767
0000003500,-0.0224219
0000003510,-0.0249407
0000003520,-0.0375175
0000003530,-0.0091386
0000003540,-0.0364973
0000003550,-0.0169856
0000003560,-0.0205172
0000003570,0.00929836
0000003580,-0.0345494
0000003590,-0.000975482
0000003600,-0.0229018
0000003610,-0.00695066
0000003620,-0.0147302
0000003630,-0.00394875
0000003640,-0.0209244
0000003650,-0.00235103
0000003660,-0.030326
0000003670,-0.00397477
0000003680,-0.0216976
0000003690,-0.0180004
0000003700,-0.0152043
0000003710,-0.0155812
0000003720,-0.0272638
0000003730,-0.0159406
0000003740,-0.0167814
0000003750,0.00185975
0000003760,-0.00557848
0000003770,-0.0285922
0000003780,-0.0139047
0000003790,-0.024006
0000003800,-0.0285812
0000003810,-0.0175263
0000003820,-0.0022996
0000003830,-0.0212302
0000003840,-0.0134362
0000003850,-0.0141587
0000003860,-0.0128982
0000003870,-0.0106464
0000003880,-0.022428
0000003890,-0.0141299
0000003900,-0.0234324
0000003910,-0.00745176
0000003920,-0.0153758
0000003930,-0.0195901
0000003940,-0.042679
0000003950,-0.0218171
0000003960,-0.00652017
0000003970,-0.0133593
0000003980,-0.0157704
0000003990,-0.0170685
0000004000,-0.0255216
0000004010,-0.0270306
0000004020,-0.0242313
0000004030,-0.0124431
0000004040,-0.0228765
0000004050,-0.0116131
0000004060,-0.0231049
0000004070,-0.0231645
0000004080,-0.025012
0000004090,-0.032537
0000004100,-0.0177139
0000004110,-0.0175994
0000004120,-0.0373471
0000004130,-0.00821072
0000004140,-0.0158322
0000004150,-0.00394869
0000004160,-0.0179972
0000004170,-0.00350795
0000004180,-0.000756547
0000004190,-0.00857086
0000004200,-0.0229401
0000004210,-0.0162526
0000004220,-0.0141431
0000004230,-0.0207442
0000004240,-0.0338119
0000004250,-0.0110245
0000004260,0.00835175
0000004270,-0.0281711
0000004280,0.00181417
0000004290,-0.0179923
0000004300,-0.028676
0000004310,-0.0131625
0000004320,-0.0191075
0000004330,-0.0294619
0000004340,-0.0223798
0000004350,-0.010095
0000004360,-0.00822243
0000004370,-0.0398079
0000004380,-0.0257692
0000004390,-0.0192434
0000004400,-0.0153487
0000004410,-0.0317191
0000004420,-0.0136797
0000004430,-0.021471
0000004440,-0.033731
0000004450,-0.0106637
0000004460,-0.0204141
0000004470,-0.0135098
0000004480,-0.0348034
0000004490,-0.0211688
0000004500,-0.0263484
0000004510,-0.0103686
0000004520,-0.00727989
0000004530,-0.00576058
0000004540,-0.0328889
0000004550,-0.0322574
0000004560,-0.0260537
0000004570,-0.0055475
0000004580,-0.0109867
0000004590,0.00466168
0000004600,-0.0229414
0000004610,-0.0404017
0000004620,-0.00449659
0000004630,-0.0104806
0000004640,-0.0088842
0000004650,-0.0290712
0000004660,-0.00971399
0000004670,-0.0203762
0000004680,-0.0098839
0000004690,-0.0244869
0000004700,-0.0284862
0000004710,-0.027937
0000004720,-0.00290217
0000004730,-0.0242771
0000004740,-0.0153958
0000004750,-0.0253939
0000004760,-0.00330307
0000004770,-0.0245356
0000004780,0.01254
0000004790,-0.0320081
0000004800,-0.00115639
0000004810,-0.0252884
0000004820,-0.0290667
0000004830,0.00435932
0000004840,-0.0178482
0000004850,-0.0263427
0000004860,-0.0315251
0000004870,-0.00356042
0000004880,0.00637959
0000004890,-0.0179086
0000004900,-0.0124865
0000004910,-0.0251534
0000004920,-0.0164063
0000004930,-0.0178493
0000004940,-0.0207317
0000004950,-0.0173885
0000004960,-0.0251711
0000004970,0.00211921
0000004980,0.00354702
0000004990,-0.0167939
0000005000,-0.0203961
0000005010,-0.0114713
0000005020,-0.00545008
0000005030,-0.0250205
0000005040,-0.0255151
0000005050,-0.0341607
0000005060,-0.0176399
0000005070,-0.0187697
0000005080,-0.0176364
0000005090,-0.0396453
0000005100,-0.00315807
0000005110,-0.0307569
0000005120,-0.0111679
0000005130,-0.0256263
0000005140,-0.0250166
0000005150,-0.0154522
0000005160,-0.0130668
0000005170,-0.0159249
0000005180,-0.0288768
0000005190,-0.0325256
0000005200,-0.0174598
0000005210,-0.00700746
0000005220,-0.0222152
0000005230,0.00295512
0000005240,-0.00534606
0000005250,-0.0147969
0000005260,-0.0199233
0000005270,-0.00311028
0000005280,-0.0282744
0000005290,-0.0266527
0000005300,0.00322907
0000005310,-0.0192172
0000005320,-0.0487141
0000005330,-0.0319634
0000005340,-0.00313514
0000005350,-0.0207335
0000005360,-0.0140092
0000005370,-0.0271624
0000005380,-0.0371166
0000005390,-0.00981213
0000005400,-0.0266336
0000005410,-0.00904742
0000005420,-0.00736652
0000005430,-0.0011384
0000005440,-0.031875
0000005450,-0.0147231
0000005460,-0.000144591
0000005470,-0.0115618
0000005480,-0.0354903
0000005490,0.00214561
0000005500,-0.0132904
0000005510,-0.000316732
0000005520,-0.000814059
0000005530,-0.0301274
0000005540,-0.00138515
0000005550,-0.0076378
0000005560,-0.015398
0000005570,-0.00100331
0000005580,-0.0172401
0000005590,-0.0332114
0000005600,-0.00884763
0000005610,-0.00968838
0000005620,-0.00536887
0000005630,-0.0211265
0000005640,-0.0330137
0000005650,-0.0077574
0000005660,-0.0499382
0000005670,-0.0196696
0000005680,-0.00828795
0000005690,-0.0112701
0000005700,-0.00685865
0000005710,-0.0105524
0000005720,-0.0184739
0000005730,-0.0175253
0000005740,-0.0250977
0000005750,-0.0263381
0000005760,-0.0273816
0000005770,-0.0231824
0000005780,-0.0111843
0000005790,-0.00862285
0000005800,-0.0192919
0000005810,-0.0409362
0000005820,-0.0143985
0000005830,-0.0121368
0000005840,-0.020515
0000005850,-0.0193789
0000005860,-0.0165702
0000005870,-0.0148303
0000005880,-0.00601714
0000005890,-0.0193555
0000005900,-0.0117935
0000005910,-0.0123488
0000005920,0.00254589
0000005930,-0.0189421
0000005940,-0.00255917
0000005950,-0.0335611
0000005960,-0.0185663
0000005970,-0.015105
0000005980,-0.00738091
0000005990,-0.030877
0000006000,-0.0235883
0000006010,-0.0277039
0000006020,-0.0136379
0000006030,-0.0107366
0000006040,-0.0294811
0000006050,-0.0179102
0000006060,-0.0216675
0000006070,-0.00918371
0000006080,-0.00898552
0000006090,-0.0290159
0000006100,-0.0146048
0000006110,-0.00326449
0000006120,-0.00996628
0000006130,-0.0119006
0000006140,-0.0189905
0000006150,-0.0285957
0000006160,-0.0274566
0000006170,-0.0277324
0000006180,-0.0140418
0000006190,0.0137913
0000006200,-0.0312338
0000006210,0.00284226
0000006220,-0.0211264
0000006230,-0.0096812
0000006240,-0.0350947
0000006250,-0.00119226
0000006260,-0.00611591
0000006270,-0.020913
0000006280,-0.0235281
0000006290,-0.00649305
0000006300,-0.00541916
0000006310,-0.0152813
0000006320,-0.0153526
0000006330,-0.0172373
0000006340,-0.0491347
0000006350,-0.0383587
0000006360,-0.012349
0000006370,-0.00629207
0000006380,-0.0168407
0000006390,-0.0390439
0000006400,-0.028193
0000006410,0.00747661
0000006420,0.00157557
0000006430,0.00626717
0000006440,-0.0145426
0000006450,-0.0206391
0000006460,-0.00534805
0000006470,-0.00541964
0000006480,-0.0096867
0000006490,-0.0257023
0000006500,-0.0191753
0000006510,-0.00993978
0000006520,-0.00192673
0000006530,-0.0180994
0000006540,-0.0149154
0000006550,-0.00574967
0000006560,-0.0155743
0000006570,-0.0301789
0000006580,-0.028985
0000006590,-0.0359743
0000006600,-0.0213527
0000006610,-0.0128361
0000006620,-0.0316445
0000006630,0.000770101
0000006640,-0.00115273
0000006650,-0.00741481
0000006660,-0.0278116
0000006670,-0.0284637
0000006680,0.0238734
0000006690,-0.005937
0000006700,-0.0250768
0000006710,-0.0203225
0000006720,-0.0304474
0000006730,-0.00350633
0000006740,-0.00356771
0000006750,0.00540513
0000006760,-0.0356225
0000006770,-0.0281859
0000006780,-0.035303
0000006790,0.00188014
0000006800,-0.0217642
0000006810,0.00155171
0000006820,-0.0260246
0000006830,0.0223422
0000006840,-0.0207009
0000006850,-0.0159261
0000006860,-0.0471429
0000006870,0.00858913
0000006880,-0.0459303
0000006890,-0.00598181
0000006900,-0.00867276
0000006910,0.0155713
0000006920,-0.030175
0000006930,-0.0351354
0000006940,-0.0284253
0000006950,-0.0492269
0000006960,-0.0114376
0000006970,-0.0414387
0000006980,-0.0188789
0000006990,-0.0160932
0000007000,0.00690157
0000007010,-0.0519485
0000007020,-0.00503167
0000007030,-0.0191221
0000007040,0.000967392
0000007050,-0.023459
0000007060,-0.0168924
0000007070,-0.0308352
0000007080,-0.00316782
0000007090,-0.0161106
0000007100,-0.0306172
0000007110,-0.0139518
0000007120,0.00620496
0000007130,-0.036039
0000007140,0.00364957
0000007150,-0.00541469
0000007160,-0.0170264
0000007170,-0.0252277
0000007180,-0.00611309
0000007190,-0.0328696
0000007200,-0.020045
0000007210,-0.0238471
0000007220,-0.000565689
0000007230,-0.00408003
0000007240,-0.00161479
0000007250,-0.030159
0000007260,-0.0299207
0000007270,-0.025507
0000007280,-0.0132107
0000007290,-0.0321885
0000007300,-0.00965021
0000007310,-0.0324542
0000007320,-0.0128495
0000007330,-0.00413902
0000007340,-0.0125399
0000007350,-0.00229669
0000007360,-0.0372493
0000007370,-0.0232099
0000007380,-0.00888193
0000007390,-0.0182086
0000007400,-0.0224997
0000007410,-0.0288701
0000007420,-0.00546584
0000007430,-0.0133999
0000007440,-0.0194889
0000007450,-0.00547532
0000007460,-0.0078148
0000007470,-0.014413
0000007480,-0.0115742
0000007490,-0.0142977
0000007500,-0.00680883
0000007510,-0.0156974
0000007520,-0.0246855
0000007530,-0.00122895
0000007540,-0.00513928
0000007550,-0.0298972
0000007560,-0.0147405
0000007570,-0.0219903
0000007580,-0.0182639
0000007590,0.00652904
0000007600,-0.0163319
0000007610,-0.0244107
0000007620,-0.0206638
0000007630,-0.00980981
0000007640,-0.0249667
0000007650,-0.0172781
0000007660,-0.0138461
0000007670,-0.0260492
0000007680,4.16443e-05
0000007690,-0.0360522
0000007700,-0.014591
0000007710,-0.00787272
0000007720,-0.0156537
0000007730,-0.0411121
0000007740,-0.0304598
0000007750,-0.0106611
0000007760,-0.0567834
0000007770,-0.00754393
0000007780,-0.006011
0000007790,-0.0229138
0000007800,-0.0174808
0000007810,-0.0147842
0000007820,-0.0078905
0000007830,-0.0288242
0000007840,-0.011572
0000007850,-0.0210142
0000007860,-0.0199286
0000007870,-0.0176332
0000007880,-0.0178886
0000007890,-0.00259426
0000007900,-0.0112266
0000007910,-0.0218624
0000007920,-0.0141605
0000007930,-0.00861182
0000007940,-0.0143735
0000007950,-0.0117921
0000007960,-0.0137286
0000007970,-0.020263
0000007980,0.0072733
0000007990,-0.0282538
0000008000,-0.0190653
0000008010,-0.0378559
0000008020,-0.00990022
0000008030,-0.0181665
0000008040,-0.0170472
0000008050,-0.00708767
0000008060,-0.0273201
0000008070,-0.0165303
0000008080,-0.0257381
0000008090,-0.0152866
0000008100,-0.00921091
0000008110,-0.0172464
0000008120,-0.00338275
0000008130,-0.01746
0000008140,-0.0141774
0000008150,-0.0179358
0000008160,-0.0275253
0000008170,-0.0380504
0000008180,-0.0261202
0000008190,-0.0214285
0000008200,-0.0283765
0000008210,-0.0119926
0000008220,-0.0212018
0000008230,-0.0213321
0000008240,-0.0164975
0000008250,-0.0314502
0000008260,-0.014736
0000008270,-0.0132487
0000008280,-0.00624855
0000008290,-0.00282705
0000008300,-0.024715
0000008310,-0.0230308
0000008320,-0.0284178
0000008330,-0.0399675
0000008340,-0.0226758
0000008350,-0.00692518
0000008360,-0.00274306
0000008370,-0.0209235
0000008380,-0.0192803
0000008390,-0.0169629
0000008400,-0.0145078
0000008410,-0.00802459
0000008420,-0.0178952
0000008430,-0.0180821
0000008440,-0.00994478
0000008450,-0.0117544
0000008460,0.00325543
0000008470,-0.0140329
0000008480,-0.0404093
0000008490,-0.0107672
0000008500,-0.0106018
0000008510,-0.0237133
0000008520,0.00206918
0000008530,-0.0240979
0000008540,-0.0215427
0000008550,-0.0216328
0000008560,-0.0180876
0000008570,-0.0135651
0000008580,-0.000743012
0000008590,-0.00370506
0000008600,-0.0316412
0000008610,-0.0152111
0000008620,-0.0366384
0000008630,-0.0294564
0000008640,-0.0034725
0000008650,-0.0245733
0000008660,-0.0214224
0000008670,-0.0156686
0000008680,-0.0279714
0000008690,-0.00915038
0000008700,-0.0182316
0000008710,-0.0199694
0000008720,-0.0205366
0000008730,-0.0252986
0000008740,-0.0126911
0000008750,-0.0232889
0000008760,-0.0104162
0000008770,-0.0106416
0000008780,-0.0158132
0000008790,-0.0283057
0000008800,-0.0429837
0000008810,-0.0187434
0000008820,0.0154457
0000008830,-0.0146862
0000008840,-0.0109488
0000008850,-0.0385401
0000008860,-0.0149811
0000008870,-0.0181845
0000008880,0.0053869
0000008890,-0.0288535
0000008900,-0.022251
0000008910,-0.0361487
0000008920,-0.0309221
0000008930,-0.0156967
0000008940,-0.00929576
0000008950,-0.0134306
0000008960,0.000793925
0000008970,-0.0375956
0000008980,-0.00371727
0000008990,-0.0160325
0000009000,-0.0143972
0000009010,-0.0291761
0000009020,-0.017589
0000009030,-0.0172301
0000009040,0.00852171
0000009050,-0.0399383
0000009060,-0.0319243
0000009070,-0.0182472
0000009080,-0.0253077
0000009090,-0.0231592
0000009100,-0.0356545
0000009110,-0.0284564
0000009120,-0.0168327
0000009130,-0.0110493
0000009140,-0.00655671
0000009150,-0.0176237
0000009160,-0.025021
0000009170,-0.0112302
0000009180,-0.0268715
0000009190,0.00203746
0000009200,-0.0340718
0000009210,-0.0133546
0000009220,-0.0231443
0000009230,-0.0253483
0000009240,-0.0206196
0000009250,-0.00860935
0000009260,-0.0102164
0000009270,-0.0126694
0000009280,0.00191802
0000009290,-0.0224286
0000009300,-0.00688789
0000009310,-0.0296954
0000009320,-0.0105415
0000009330,-0.0121692
0000009340,-0.00720487
0000009350,0.000392655
0000009360,-0.00378909
0000009370,-0.0107725
0000009380,-0.0390323
0000009390,-0.0207582
0000009400,-0.021407
0000009410,-0.00433355
0000009420,-0.0216393
0000009430,-0.0165135
0000009440,-0.021137
0000009450,-0.0354419
0000009460,-0.0171368
0000009470,-0.0145021
0000009480,-0.0294542
0000009490,-0.00420417
0000009500,-0.0215442
0000009510,-0.00279907
0000009520,-0.0300344
0000009530,-0.0294811
0000009540,-0.0155998
0000009550,-0.00703072
0000009560,-0.0231742
0000009570,-0.0123359
0000009580,-0.0174252
0000009590,-0.015
0000009600,-0.011064
0000009610,-0.00596757
0000009620,-0.00393611
0000009630,-0.0061948
0000009640,0.00629629
0000009650,-0.032216
0000009660,-0.00789405
0000009670,-0.0156005
0000009680,-0.0171014
0000009690,0.00827047
0000009700,-0.0303441
0000009710,-0.00508821
0000009720,-0.0265155
0000009730,-0.0205789
0000009740,-0.0104083
0000009750,-0.0113893
0000009760,-0.0180865
0000009770,-0.0315369
0000009780,-0.0184789
0000009790,-0.00898486
0000009800,0.00293031
0000009810,-0.0345534
0000009820,-0.0307369
0000009830,-0.0333817
0000009840,-0.00970444
0000009850,0.00778676
0000009860,-0.0250946
0000009870,-0.00158896
0000009880,-0.0284301
0000009890,0.0040793
0000009900,-0.00611778
0000009910,0.00244013
0000009920,0.00360618
0000009930,-0.0133858
0000009940,-0.0300526
0000009950,0.00344696
0000009960,-0.0156265
0000009970,-0.0305284
0000009980,-0.0119873
0000009990,-0.0359848
0000010000,-0.0325427
0000010010,-0.0152656
0000010020,-0.0296909
0000010030,-0.00929906
0000010040,-0.0255308
0000010050,-0.0213961
0000010060,-0.0404617
0000010070,-0.0228921
0000010080,-0.0326554
0000010090,-0.00412743
0000010100,-0.0288258
0000010110,-0.0279646
0000010120,-0.0243471
0000010130,-0.0241609
0000010140,-0.0366181
0000010150,-0.0214137
0000010160,-0.01563
0000010170,-0.0130104
0000010180,-0.0337785
0000010190,-0.0247412
0000010200,-0.0361974
0000010210,-0.0146448
0000010220,-0.0266064
0000010230,0.00249991
0000010240,-0.0105185
0000010250,-0.0277505
0000010260,-0.0165289
0000010270,-0.00885109
0000010280,-0.0158356
0000010290,-0.022714
0000010300,-0.0247153
0000010310,-0.0186099
0000010320,-0.0465453
0000010330,-0.0231717
0000010340,-0.0205186
0000010350,-0.00179596
0000010360,-0.0154948
0000010370,-0.0106992
0000010380,-0.0192848
0000010390,-0.0246823
0000010400,-0.0193208
0000010410,-0.0161539
0000010420,-0.0253581
0000010430,-0.0116598
0000010440,-0.0252304
0000010450,-0.0253497
0000010460,-0.0229333
0000010470,-0.0219048
0000010480,-0.0175667
0000010490,-0.0209604
0000010500,-0.0157815
0000010510,-0.00854009
0000010520,-0.0135702
0000010530,-0.0209094
0000010540,-0.0202527
0000010550,-0.0117042
0000010560,-0.00781216
0000010570,-0.0191122
0000010580,-0.0219214
0000010590,0.00537336
0000010600,-0.0344423
0000010610,-0.0255599
0000010620,-0.00663704
0000010630,-0.0118975
0000010640,-0.0345307
0000010650,-0.023827
0000010660,-0.0158967
0000010670,-0.0393668
0000010680,-0.00543991
0000010690,-0.021167
0000010700,-0.00651808
0000010710,-0.00185537
0000010720,-0.0169374
0000010730,-0.0224116
0000010740,-0.0162365
0000010750,-0.0122597
0000010760,-0.0272667
0000010770,-0.0182158
0000010780,-0.00405139
0000010790,-0.0226788
0000010800,-0.0148759
0000010810,-0.0344436
0000010820,-0.0264309
0000010830,-0.00211608
0000010840,-0.0181912
0000010850,0.00472636
0000010860,-0.0215689
0000010870,-0.0229457
0000010880,-0.00938595
0000010890,0.00235444
0000010900,-0.00783888
0000010910,-0.0217008
0000010920,-0.00450093
0000010930,-0.0319245
0000010940,-0.0183073
0000010950,-0.0252955
0000010960,-0.0196101
0000010970,-0.0137676
0000010980,-0.0196902
0000010990,-0.0415297
0000011000,-0.0322871
0000011010,-0.0232701
0000011020,-0.0186146
0000011030,-0.0199144
0000011040,0.00285772
0000011050,-0.0285095
0000011060,-0.0257085
0000011070,-0.0184652
0000011080,-0.0410108
0000011090,-0.0233355
0000011100,-0.00881078
0000011110,-0.0363151
0000011120,-0.0248906
0000011130,0.000565027
0000011140,-0.0112822
0000011150,-0.030232
0000011160,-0.0113151
0000011170,-0.0264858
0000011180,-0.00736595
0000011190,-0.00352433
0000011200,-0.0116107
0000011210,-0.0190201
0000011220,0.0115404
0000011230,-0.000850736
0000011240,-0.0265171
0000011250,-0.0168437
0000011260,-0.028758
0000011270,-0.0191514
0000011280,-0.0108639
0000011290,-0.0297585
0000011300,-0.0100534
0000011310,-0.0151377
0000011320,-0.0202681
0000011330,-0.0158953
0000011340,-0.0241697
0000011350,-0.0230124
0000011360,-0.0279316
0000011370,0.00404666
0000011380,-0.0172805
0000011390,-0.0380092
0000011400,-0.0188393
0000011410,-0.00781913
0000011420,0.00264269
0000011430,-0.0332655
0000011440,-0.0301661
0000011450,-0.00934901
0000011460,-0.00471563
0000011470,-0.00703616
0000011480,-0.0138967
0000011490,-0.0166737
0000011500,-0.0182303
0000011510,-0.0157866
0000011520,-0.00542032
0000011530,-0.0101864
0000011540,-0.0289122
0000011550,-0.0340747
0000011560,-0.0295368
0000011570,-0.0287592
0000011580,-0.0326983
0000011590,-0.0389035
0000011600,-0.00626042
0000011610,-0.0125608
0000011620,-0.0135447
0000011630,-0.0412194
0000011640,-0.014661
0000011650,-0.0177502
0000011660,-0.0295179
0000011670,-0.00516865
0000011680,-0.00775378
0000011690,-0.0247903
0000011700,-0.0226817
0000011710,-0.0273279
0000011720,-0.00874753
0000011730,-0.0150542
0000011740,-0.0168772
0000011750,-0.0210502
0000011760,-0.00660401
0000011770,-0.0185084
0000011780,-0.0240632
0000011790,-0.0332396
0000011800,-0.000765058
0000011810,-0.00845764
0000011820,-0.00614246
0000011830,0.00694814
0000011840,-0.00901468
0000011850,-0.0250553
0000011860,-0.00446551
0000011870,-0.0191043
0000011880,0.000115794
0000011890,-0.0169273
0000011900,-0.0183586
0000011910,-0.011993
0000011920,-0.0304859
0000011930,-0.0369276
0000011940,-0.0102544
0000011950,-0.0353949
0000011960,-0.0231058
0000011970,-0.00845482
0000011980,-0.0232823
0000011990,-0.025743
0000012000,-0.0278911
0000012010,-0.0246402
0000012020,-0.0304047
0000012030,-0.015283
0000012040,-0.0162726
0000012050,-0.00161614
0000012060,-0.00987639
0000012070,-0.0125502
0000012080,-0.0362465
0000012090,-0.026193
0000012100,-0.00442475
0000012110,-0.00712328
0000012120,-0.0107042
0000012130,-0.0213752
0000012140,-0.0177809
0000012150,-0.00965476
0000012160,-0.00714016
0000012170,-0.0304177
0000012180,-0.0197805
0000012190,-0.0350726
0000012200,-0.0106824
0000012210,-0.0142151
0000012220,-0.0115611
0000012230,-0.0105402
0000012240,-0.0211544
0000012250,-0.0140313
0000012260,-0.0210554
0000012270,-0.0270806
0000012280,0.00539694
0000012290,-0.0206723
0000012300,-0.0304784
0000012310,-0.0377365
0000012320,-0.00699002
0000012330,-0.0274017
0000012340,-0.0202648
0000012350,-0.0115938
0000012360,-0.0369087
0000012370,-0.0300972
0000012380,-0.0252295
0000012390,-0.0128709
0000012400,-0.0286395
0000012410,-0.0205903
0000012420,-0.0455895
0000012430,-0.0123146
0000012440,-0.0221689
0000012450,-0.0157488
0000012460,-0.0259997
0000012470,-0.0101793
0000012480,-0.0125643
0000012490,-0.0174604
0000012500,3.17981e-05
0000012510,-0.0169029
0000012520,-0.012548
0000012530,-0.0381025
0000012540,-0.0302093
0000012550,0.00515404
0000012560,-0.00551963
0000012570,-0.0132113
0000012580,-0.00230578
0000012590,0.0068746
0000012600,-0.0239794
0000012610,-0.0211429
0000012620,0.000139678
0000012630,-0.0209723
0000012640,0.00370562
0000012650,-0.0243027
0000012660,-0.0131413
0000012670,-0.0342427
0000012680,-0.0281702
0000012690,-0.00966871
0000012700,-0.00482358
0000012710,-0.0355097
0000012720,-0.00473856
0000012730,-0.0339255
0000012740,-0.0183835
0000012750,-0.0191237
0000012760,-0.00735091
0000012770,-0.0149545
0000012780,-0.00953681
0000012790,-0.019835
0000012800,-0.011968
0000012810,-0.0261667
0000012820,-0.0170813
0000012830,-0.0291746
0000012840,-0.0141622
0000012850,-0.0142262
0000012860,-0.00770718
0000012870,-0.00581305
0000012880,-0.0224402
0000012890,-0.0201404
0000012900,-0.0161845
0000012910,-0.017374
0000012920,-0.0216887
0000012930,-0.020107
0000012940,-0.0051057
0000012950,-0.0251727
0000012960,-0.0131027
0000012970,-0.018415
0000012980,-0.023771
0000012990,-0.0174035
0000013000,-0.0125839
0000013010,-0.020777
0000013020,-0.0282488
0000013030,-0.00730633
0000013040,-0.0204227
0000013050,-0.0142144
0000013060,-0.0126136
0000013070,-0.0164532
0000013080,-0.0154362
0000013090,-0.0201921
0000013100,0.0014832
0000013110,-0.0239424
0000013120,-0.0178825
0000013130,-0.0143214
0000013140,-0.0139059
0000013150,-0.0330611
0000013160,-0.00532018
0000013170,0.00322216
0000013180,-0.023506
0000013190,-0.0165226
0000013200,-0.0200878
0000013210,-0.0268843
0000013220,0.00682571
0000013230,-0.0119384
0000013240,-0.00488897
0000013250,-0.0127003
0000013260,-0.022505
0000013270,-0.0249369
0000013280,-0.0469465
0000013290,-0.0199976
0000013300,-0.0246005
0000013310,-0.0235846
0000013320,-0.0133343
0000013330,-0.0347283
0000013340,-0.0221459
0000013350,-0.012744
0000013360,-0.02124
0000013370,-0.0289222
0000013380,-0.0211351
0000013390,-0.00233023
0000013400,-0.0200262
0000013410,-0.00721886
0000013420,-0.0238858
0000013430,-0.0233899
0000013440,-0.0025575
0000013450,-0.00705061
0000013460,-0.0209935
0000013470,-0.0270741
0000013480,-0.0140878
0000013490,-0.0215464
0000013500,-0.0226985
0000013510,-0.00238012
0000013520,-0.0214786
0000013530,-0.0202969
0000013540,-0.00403813
0000013550,-0.00861637
0000013560,-0.00793225
0000013570,-0.0232228
0000013580,-0.0240487
0000013590,-0.00960455
0000013600,0.00248527
0000013610,-0.0188729
0000013620,-0.00925605
0000013630,-0.0118108
0000013640,-0.0182971
0000013650,-0.00825846
0000013660,-0.0258264
0000013670,-0.0249941
0000013680,-0.013592
0000013690,-0.0199003
0000013700,-0.0229152
0000013710,-0.0157832
0000013720,-0.012228
0000013730,-0.00639014
0000013740,0.000315631
0000013750,-0.0396871
0000013760,-0.0185004
0000013770,-0.0243302
0000013780,-0.0302889
0000013790,-0.0292883
0000013800,0.00188073
0000013810,-0.0150478
0000013820,-0.0271403
0000013830,-0.0333487
0000013840,-0.00760704
0000013850,-0.0314946
0000013860,-0.0199369
0000013870,-0.021112
0000013880,-0.0101573
0000013890,-0.0206636
0000013900,-0.0227378
0000013910,-0.00384657
0000013920,-0.0114838
0000013930,-0.0357393
0000013940,-0.0083987
0000013950,-0.0192856
0000013960,-0.0187679
0000013970,-0.0112015
0000013980,-0.0219957
0000013990,-0.0126475
0000014000,-0.01732
0000014010,-0.021827
0000014020,-0.0294171
0000014030,-0.00754497
0000014040,0.00270716
0000014050,-0.00312668
0000014060,-0.0281491
0000014070,-0.0192344
0000014080,-0.00892689
0000014090,-0.0161159
0000014100,-0.0318703
0000014110,-0.0245055
0000014120,-0.0191048
0000014130,-0.0169459
0000014140,-0.0364056
0000014150,-0.0220649
0000014160,0.00654049
0000014170,-0.0251625
0000014180,-0.0186783
0000014190,-0.0166807
0000014200,-0.0101917
0000014210,-0.0323141
0000014220,-0.0308338
0000014230,-0.00709921
0000014240,-0.0167112
0000014250,-0.00539737
0000014260,-0.0206363
0000014270,-0.0214097
0000014280,-0.0198828
0000014290,-0.0102771
0000014300,-0.0266404
0000014310,-0.0142754
0000014320,-0.0306458
0000014330,-0.0348791
0000014340,-0.022537
0000014350,-0.00938082
0000014360,-0.0190458
0000014370,-0.0239103
0000014380,-0.0232073
0000014390,-0.0175831
0000014400,-0.0205747
0000014410,-0.026586
0000014420,-0.0198039
0000014430,-0.0105617
0000014440,-0.0128847
0000014450,-0.0111599
0000014460,-0.0262012
0000014470,-0.0342717
0000014480,-0.014596
0000014490,-0.0218223
0000014500,-0.0084495
0000014510,-0.0164224
0000014520,-0.0160891
0000014530,-0.0164115
0000014540,-0.0219463
0000014550,-0.0267706
0000014560,-0.025712
0000014570,-0.023984
0000014580,-0.0183234
0000014590,-0.0144639
0000014600,-0.0198437
0000014610,-0.0316311
0000014620,-0.0244656
0000014630,0.000354165
0000014640,-0.0215591
0000014650,-0.00962107
0000014660,-0.00729535
0000014670,-0.00586505
0000014680,-0.0128995
0000014690,-0.0357433
0000014700,-0.0191157
0000014710,-0.00502194
0000014720,-0.0328902
0000014730,-0.0208859
0000014740,-0.0254429
0000014750,-0.0191592
0000014760,-0.0133612
0000014770,-0.0360832
0000014780,-0.0107509
0000014790,-0.0136269
0000014800,-0.0269835
0000014810,-0.026219
0000014820,-0.0120628
0000014830,-0.00409375
0000014840,-0.00605143
0000014850,-0.0174715
0000014860,-0.0166824
0000014870,-0.0189016
0000014880,-0.0168446
0000014890,-0.0331728
0000014900,-0.00911975
0000014910,-0.0200249
0000014920,-0.00119315
0000014930,-0.0205519
0000014940,-0.0359986
0000014950,-0.0134838
0000014960,-0.0315701
0000014970,-0.0272258
0000014980,-0.0168926
0000014990,-0.0130068
0000015000,-0.00473136
0000015010,-0.0230865
0000015020,-0.00935611
0000015030,-0.0176394
0000015040,-0.0309094
0000015050,-0.0149285
0000015060,-0.0315126
0000015070,-0.0156515
0000015080,-0.0235105
0000015090,-0.018371
0000015100,-0.022601
0000015110,-0.0267674
0000015120,-0.0385433
0000015130,-0.0263245
0000015140,0.00218663
0000015150,-0.0065886
0000015160,-0.00737436
0000015170,-0.0280363
0000015180,-0.011288
0000015190,-0.0173173
0000015200,-0.0152612
0000015210,-0.0106069
0000015220,-0.00997306
0000015230,-0.0079876
0000015240,-0.0122228
0000015250,-0.00897521
0000015260,-0.00536211
0000015270,-0.0139034
0000015280,-0.0210896
0000015290,-0.015942
0000015300,-0.023116
0000015310,-0.0242581
0000015320,-0.00512776
0000015330,-0.0120831
0000015340,-0.00179663
0000015350,-0.0216287
0000015360,-0.0353429
0000015370,-0.0106523
0000015380,-0.0108373
0000015390,-0.0335983
0000015400,-0.0230795
0000015410,-0.0234586
0000015420,-0.00115761
0000015430,-0.0412008
0000015440,-0.0185683
0000015450,-0.0121737
0000015460,-0.0145754
0000015470,-0.0153183
0000015480,-0.0307833
0000015490,-0.00532208
0000015500,-0.0346405
0000015510,-0.00338009
0000015520,-0.00986807
0000015530,-0.0180031
0000015540,-0.0347622
0000015550,-0.0189316
0000015560,-0.00809954
0000015570,-0.0141608
0000015580,-0.0281222
0000015590,-0.0131226
0000015600,-0.0233334
0000015610,-0.034761
0000015620,-0.015451
0000015630,-0.0285065
0000015640,-0.0182852
0000015650,-0.00951971
0000015660,-0.0241243
0000015670,-0.00144691
0000015680,-0.00501533
0000015690,-0.0331002
0000015700,-0.0140303
0000015710,-0.0303621
0000015720,-0.0125868
0000015730,-0.0260792
0000015740,-0.0174817
0000015750,0.00981692
0000015760,-0.00281161
0000015770,-0.0106301
0000015780,0.00190117
0000015790,-0.0301338
0000015800,-0.0271481
0000015810,-0.0237914
0000015820,-0.0136861
0000015830,-0.00363622
0000015840,-0.0177457
0000015850,0.000317335
0000015860,-0.0203785
0000015870,-0.0264554
0000015880,-0.00733245
0000015890,-0.00994651
0000015900,-0.0200366
0000015910,-0.011827
0000015920,-0.01298
0000015930,-0.0308868
0000015940,-0.0296359
0000015950,-0.0233417
0000015960,-0.00516032
0000015970,-0.0147448
0000015980,-0.0140209
0000015990,-0.0198464
