0000000000,-0.0264018
0000000010,-0.0178897
0000000020,-0.0165152
0000000030,-0.017579
0000000040,-0.0259636
0000000050,-0.0213371
0000000060,-0.0205159
0000000070,-0.012069
0000000080,-0.0169345
0000000090,-0.0190533
0000000100,-0.010622
0000000110,-0.0178058
0000000120,-0.0144886
0000000130,-0.0153107
0000000140,-0.0139216
0000000150,-0.0130132
0000000160,-0.0186954
0000000170,-0.0117919
0000000180,-0.013049
0000000190,-0.0165733
0000000200,-0.014687
0000000210,-0.0138605
0000000220,-0.0118123
0000000230,-0.0219687
0000000240,-0.0230681
0000000250,-0.0174071
0000000260,-0.0263864
0000000270,-0.0129245
0000000280,-0.0282192
0000000290,-0.00723306
0000000300,-0.0183935
0000000310,-0.0260965
0000000320,-0.0199206
0000000330,-0.0150021
0000000340,-0.0216124
0000000350,-0.0246239
0000000360,-0.0168158
0000000370,-0.020248
0000000380,-0.0179062
0000000390,-0.0255263
0000000400,-0.025886
0000000410,-0.018475
0000000420,-0.015385
0000000430,-0.0153939
0000000440,-0.0174351
0000000450,-0.0156651
0000000460,-0.0118276
0000000470,-0.0272664
0000000480,-0.00946882
0000000490,-0.0172766
0000000500,-0.0199733
0000000510,-0.0159874
0000000520,-0.00843733
0000000530,-0.0226222
0000000540,-0.0139126
0000000550,-0.0206719
0000000560,-0.0195545
0000000570,-0.0176785
0000000580,-0.0248106
0000000590,-0.0073199
0000000600,-0.0223752
0000000610,-0.0173217
0000000620,-0.0137186
0000000630,-0.0177274
0000000640,-0.0196784
0000000650,-0.0239402
0000000660,-0.0106382
0000000670,-0.0115515
0000000680,-0.0182723
0000000690,-0.0115407
0000000700,-0.0192203
0000000710,-0.0196064
0000000720,-0.0233617
0000000730,-0.015739
0000000740,-0.0164109
0000000750,-0.0169534
0000000760,-0.0249751
0000000770,-0.038976
0000000780,-0.0245216
0000000790,-0.0188092
0000000800,-0.0242895
0000000810,-0.00703341
0000000820,-0.0023166
0000000830,-0.0149562
0000000840,-0.0106527
0000000850,-0.0143293
0000000860,-0.0199658
0000000870,-0.0243253
0000000880,-0.0196694
0000000890,-0.00948195
0000000900,-0.0153718
0000000910,-0.0101293
0000000920,-0.0183401
0000000930,-0.0140322
0000000940,-0.0251286
0000000950,-0.0104695
0000000960,-0.0157295
0000000970,-0.0141114
0000000980,-0.0239414
0000000990,-0.0213639
0000001000,-0.0105936
0000001010,-0.0184411
0000001020,-0.013968
0000001030,-0.016815
0000001040,-0.0149761
0000001050,-0.0213859
0000001060,-0.0147547
0000001070,-0.0142151
0000001080,-0.0216089
0000001090,-0.020015
0000001100,-0.0103344
0000001110,-0.0101971
0000001120,-0.0168356
0000001130,-0.014384
0000001140,-0.0176456
0000001150,-0.0402339
0000001160,-0.00648946
0000001170,0.00523082
0000001180,-0.0387842
0000001190,-0.0418068
0000001200,-0.0256407
0000001210,-0.0255003
0000001220,-0.0207092
0000001230,-0.0131846
0000001240,-0.0212302
0000001250,0.000317452
0000001260,-0.0523199
0000001270,0.0292961
0000001280,-0.0302696
0000001290,-0.0269623
0000001300,-0.0103472
0000001310,-0.00998481
0000001320,-0.0122493
0000001330,-0.0325704
0000001340,-0.0217783
0000001350,-0.00468827
0000001360,-0.0183399
0000001370,-0.0613804
0000001380,0.0232369
0000001390,-0.0384381
0000001400,-0.0147606
0000001410,-0.0444509
0000001420,-0.0102143
0000001430,-0.00891897
0000001440,-0.0322994
0000001450,-0.0107588
0000001460,-0.0337705
0000001470,-0.0227971
0000001480,-0.025861
0000001490,-0.0203462
0000001500,-0.0238406
0000001510,-0.013228
0000001520,-0.015011
0000001530,-0.0142923
0000001540,-0.0227652
0000001550,-0.0211843
0000001560,-0.0173481
0000001570,-0.0192294
0000001580,-0.00957287
0000001590,-0.0200165
0000001600,-0.0140047
0000001610,-0.0130545
0000001620,0.000606225
0000001630,-0.0181778
0000001640,-0.0121308
0000001650,-0.00989252
0000001660,-0.0188571
0000001670,-0.00367473
0000001680,-0.00988079
0000001690,-0.00228787
0000001700,-0.00901948
0000001710,-0.0162139
0000001720,-0.0226556
0000001730,-0.00927714
0000001740,-0.0320874
0000001750,-0.00321184
0000001760,-0.0186774
0000001770,-0.00933716
0000001780,-0.0175014
0000001790,-0.0115316
0000001800,-0.0197194
0000001810,-0.0122714
0000001820,-0.0212045
0000001830,-0.0188419
0000001840,-0.0224033
0000001850,-0.0152363
0000001860,-0.0229187
0000001870,-0.0202061
0000001880,-0.0210898
0000001890,-0.0187733
0000001900,-0.0159568
0000001910,-0.0166193
0000001920,-0.016204
0000001930,-0.0211925
0000001940,-0.0187668
0000001950,-0.0203539
0000001960,-0.0102669
0000001970,-0.0347623
0000001980,-0.0204954
0000001990,-0.0269302
0000002000,-0.0145909
0000002010,-0.00876822
0000002020,-0.0162993
0000002030,-0.0136171
0000002040,-0.0177004
0000002050,-0.0223052
0000002060,-0.0189726
0000002070,-0.0216234
0000002080,-0.0264084
0000002090,-0.0181174
0000002100,-0.0154939
0000002110,-0.0103403
0000002120,-0.0118257
0000002130,-0.0128628
0000002140,-0.0196345
0000002150,-0.0057609
0000002160,-0.0155923
0000002170,-0.015914
0000002180,-0.0100468
0000002190,-0.0127046
0000002200,-0.0126167
0000002210,-0.0254607
0000002220,-0.0148
0000002230,-0.0174842
0000002240,-0.0203988
0000002250,-0.0155936
0000002260,-0.0145913
0000002270,-0.0350346
0000002280,-0.0173093
0000002290,-0.0115842
0000002300,-0.0110217
0000002310,-0.021606
0000002320,-0.0116029
0000002330,-0.00678441
0000002340,-0.0153928
0000002350,-0.0320388
0000002360,-0.01936
0000002370,-0.0144379
0000002380,-0.0240502
0000002390,-0.0133531
0000002400,-0.0107101
0000002410,-0.0132538
0000002420,-0.0112668
0000002430,-0.0188844
0000002440,-0.0114652
0000002450,-0.0216443
0000002460,-0.0102408
0000002470,-0.0127825
0000002480,-0.0173855
0000002490,-0.0115272
0000002500,-0.0215463
0000002510,-0.0144844
0000002520,-0.022636
0000002530,-0.0198088
0000002540,-0.0147
0000002550,-0.0228106
0000002560,-0.0217862
0000002570,-0.00829593
0000002580,-0.0307379
0000002590,-0.0179987
0000002600,-0.0191257
0000002610,-0.0243375
0000002620,-0.0258611
0000002630,-0.0223004
0000002640,-0.0251273
0000002650,-0.0204555
0000002660,-0.0272375
0000002670,-0.0227954
0000002680,-0.0165849
0000002690,-0.0180179
0000002700,-0.0175719
0000002710,-0.0236133
0000002720,-0.0185249
0000002730,-0.015137
0000002740,-0.0214638
0000002750,-0.02599
0000002760,-0.0134498
0000002770,-0.0209647
0000002780,-0.0176722
0000002790,-0.0138393
0000002800,-0.0202645
0000002810,-0.0208309
0000002820,-0.0161385
0000002830,-0.0091716
0000002840,-0.00566174
0000002850,-0.00728084
0000002860,-0.0221743
0000002870,-0.0174716
0000002880,-0.0136582
0000002890,-0.0185751
0000002900,-0.0140123
0000002910,-0.0240842
0000002920,-0.0248131
0000002930,-0.0305078
0000002940,-0.0110753
0000002950,-0.0235802
0000002960,-0.0135393
0000002970,-0.0248573
0000002980,-0.0149135
0000002990,-0.0139808
0000003000,-0.0182013
0000003010,-0.0291526
0000003020,-0.0231892
0000003030,-0.0237723
0000003040,-0.0183675
0000003050,-0.0230567
0000003060,-0.0216647
0000003070,-0.022606
0000003080,-0.0185034
0000003090,-0.0149921
0000003100,-0.0149893
0000003110,-0.0167645
0000003120,-0.0255776
0000003130,0.000847389
0000003140,-0.0282148
0000003150,-0.0167652
0000003160,-0.0155605
0000003170,-0.0121035
0000003180,-0.0281412
0000003190,-0.0112461
0000003200,-0.012095
0000003210,-0.0261592
0000003220,-0.0165834
0000003230,-0.02799
0000003240,0.00102958
0000003250,-0.023381
0000003260,-0.0227999
0000003270,-0.0148154
0000003280,-0.00452511
0000003290,-0.00353129
0000003300,-0.0184836
0000003310,-0.0161749
0000003320,-0.00586504
0000003330,-0.0211511
0000003340,-0.0102099
0000003350,-0.01645
0000003360,-0.00926614
0000003370,-0.0117098
0000003380,-0.021391
0000003390,-0.020951
0000003400,-0.0154319
0000003410,-0.0156655
0000003420,-0.0163545
0000003430,-0.0194937
0000003440,-0.0158551
0000003450,-0.0263818
0000003460,-0.00540217
0000003470,-0.0122612
0000003480,-0.0184249
0000003490,-0.0130355
0000003500,-0.020364
0000003510,-0.0171514
0000003520,-0.0275663
0000003530,-0.00941823
0000003540,-0.0170105
0000003550,-0.0186035
0000003560,-0.0100167
0000003570,-0.0111696
0000003580,-0.0161806
0000003590,-0.0200916
0000003600,-0.0152996
0000003610,-0.0164079
0000003620,-0.0209014
0000003630,-0.0207693
0000003640,-0.0241295
0000003650,-0.0155292
0000003660,-0.0210461
0000003670,-0.0154263
0000003680,-0.0206084
0000003690,-0.01974
0000003700,-0.0134095
0000003710,-0.0235238
0000003720,-0.0214666
0000003730,-0.0288651
0000003740,-0.011163
0000003750,-0.0125095
0000003760,-0.0155745
0000003770,-0.00385765
0000003780,-0.0167385
0000003790,-0.0208094
0000003800,-0.013006
0000003810,-0.0122701
0000003820,-0.0192208
0000003830,-0.0138465
0000003840,-0.0259048
0000003850,-0.0159727
0000003860,-0.0135816
0000003870,-0.0241645
0000003880,-0.0178444
0000003890,-0.00845372
0000003900,-0.0206389
0000003910,-0.0129286
0000003920,-0.0182058
0000003930,-0.0220213
0000003940,-0.0130139
0000003950,-0.025529
0000003960,-0.00894885
0000003970,-0.0225387
0000003980,-0.0165934
0000003990,-0.0204021
0000004000,-0.00961844
0000004010,-0.0110824
0000004020,-0.020207
0000004030,-0.0150263
0000004040,-0.00593928
0000004050,-0.019513
0000004060,-0.00846734
0000004070,-0.011247
0000004080,-0.0227543
0000004090,-0.0242217
0000004100,-0.0190206
0000004110,-0.0152264
0000004120,-0.0244515
0000004130,-0.00484605
0000004140,-0.00399565
0000004150,-0.0112443
0000004160,-0.0183465
0000004170,-0.0188716
0000004180,-0.0149628
0000004190,-0.0251159
0000004200,-0.00900685
0000004210,-0.0202813
0000004220,-0.0113799
0000004230,-0.0275149
0000004240,-0.00931815
0000004250,-0.015713
0000004260,-0.0213173
0000004270,-0.00956314
0000004280,-0.0130879
0000004290,-0.00830334
0000004300,-0.0141463
0000004310,-0.0180673
0000004320,-0.00726344
0000004330,-0.0356302
0000004340,-0.00933328
0000004350,-0.0245868
0000004360,-0.0187516
0000004370,-0.0196336
0000004380,-0.0260434
0000004390,-0.0215144
0000004400,-0.0109043
0000004410,-0.013492
0000004420,-0.00943554
0000004430,-0.0138229
0000004440,-0.0116854
0000004450,-0.0185577
0000004460,-0.0249048
0000004470,-0.0209799
0000004480,-0.0128239
0000004490,-0.0183947
0000004500,-0.0211225
0000004510,-0.00861116
0000004520,-0.0172757
0000004530,-0.0248446
0000004540,-0.0168671
0000004550,-0.0158176
0000004560,-0.0191481
0000004570,-0.0164843
0000004580,-0.0295936
0000004590,-0.018968
0000004600,-0.0158721
0000004610,-0.0185636
0000004620,-0.0200781
0000004630,-0.0103946
0000004640,-0.0135612
0000004650,-0.0251816
0000004660,-0.013558
0000004670,-0.0172826
0000004680,-0.018735
0000004690,-0.0121997
0000004700,-0.00218577
0000004710,-0.0250257
0000004720,-0.0155599
0000004730,-0.0103465
0000004740,0.0133423
0000004750,0.0130656
0000004760,-0.0103498
0000004770,0.0212155
0000004780,-0.00945461
0000004790,-0.0312494
0000004800,-0.0229693
0000004810,-0.0102488
0000004820,-0.0134302
0000004830,-0.0172883
0000004840,-0.0184775
0000004850,0.0178117
0000004860,-0.0170017
0000004870,-0.0140274
0000004880,-0.0231073
0000004890,-0.0117457
0000004900,-0.0144855
0000004910,-0.0122161
0000004920,-0.0066697
0000004930,-0.0167009
0000004940,-0.00775128
0000004950,-0.0120127
0000004960,-0.016954
0000004970,-0.0123259
0000004980,-0.0164606
0000004990,-0.0220357
0000005000,-0.0199842
0000005010,-0.00976169
0000005020,-0.0197922
0000005030,-0.0135812
0000005040,-0.0209144
0000005050,-0.0125677
0000005060,-0.0247768
0000005070,-0.0247035
0000005080,-0.0141108
0000005090,-0.0149159
0000005100,-0.0165908
0000005110,-0.0257727
0000005120,-0.0159521
0000005130,-0.011956
0000005140,-0.0133021
0000005150,-0.012854
0000005160,-0.0267302
0000005170,-0.0174723
0000005180,-0.010673
0000005190,-0.0147824
0000005200,-0.0329903
0000005210,-0.0164661
0000005220,-0.0317244
0000005230,-0.0203704
0000005240,-0.018294
0000005250,-0.0137008
0000005260,-0.0126313
0000005270,-0.0175961
0000005280,-0.0218332
0000005290,-0.0163809
0000005300,-0.0135031
0000005310,-0.0310218
0000005320,-0.0233115
0000005330,-0.0227018
0000005340,-0.0302341
0000005350,-0.00584298
0000005360,-0.0112599
0000005370,-0.00570368
0000005380,0.000147195
0000005390,-0.0268766
0000005400,-0.0149811
0000005410,-0.0235572
0000005420,-0.0215035
0000005430,-0.0276828
0000005440,-0.00966096
0000005450,-0.019298
0000005460,-0.0240081
0000005470,-0.00808516
0000005480,-0.00552047
0000005490,-0.00977548
0000005500,-0.0121807
0000005510,-0.0118282
0000005520,-0.00557087
0000005530,-0.00656938
0000005540,-0.0108545
0000005550,-0.0212386
0000005560,-0.0212805
0000005570,-0.0144944
0000005580,-0.038694
0000005590,-0.00244075
0000005600,-0.0210324
0000005610,-0.0142498
0000005620,-0.0162386
0000005630,-0.00697391
0000005640,-0.0317453
0000005650,-0.0311265
0000005660,-0.00900906
0000005670,-0.0147501
0000005680,-0.0198423
0000005690,-0.01711
0000005700,-0.019431
0000005710,-0.0110791
0000005720,-0.0205393
0000005730,-0.0237415
0000005740,-0.00922799
0000005750,-0.00576985
0000005760,-0.0301393
0000005770,-0.0261171
0000005780,-0.0220657
0000005790,-0.0116987
0000005800,-0.0137855
0000005810,-0.027044
0000005820,-0.0244932
0000005830,-0.0218115
0000005840,-0.00457367
0000005850,-0.019859
0000005860,-0.017587
0000005870,-0.0199878
0000005880,-0.0180415
0000005890,-0.0123661
0000005900,-0.0178753
0000005910,-0.032056
0000005920,-0.00673285
0000005930,-0.00484525
0000005940,-0.0107523
0000005950,-0.00931186
0000005960,-0.0124442
0000005970,-0.0290924
0000005980,-0.0179048
0000005990,-0.0120921
0000006000,-0.0138192
0000006010,-0.0367611
0000006020,0.0036845
0000006030,-0.0163579
0000006040,-0.00457514
0000006050,-0.0491304
0000006060,-0.0221931
0000006070,-0.0226527
0000006080,-0.00661938
0000006090,-0.0170662
0000006100,-0.0168823
0000006110,0.006301
0000006120,-0.0352129
0000006130,-0.00852662
0000006140,-0.0417205
0000006150,0.000314406
0000006160,-0.0102917
0000006170,-0.00739585
0000006180,-0.0171762
0000006190,0.00351259
0000006200,0.00649133
0000006210,-0.0174505
0000006220,-0.0136377
0000006230,-0.00685043
0000006240,-0.0128182
0000006250,-0.0141878
0000006260,-0.015103
0000006270,-0.0118214
0000006280,-0.00663354
0000006290,-0.00675088
0000006300,-0.0202258
0000006310,-0.00255948
0000006320,-0.0125993
0000006330,-0.0247134
0000006340,-0.0217928
0000006350,-0.013257
0000006360,-0.0213254
0000006370,-0.02152
0000006380,-0.0161399
0000006390,-0.0262421
0000006400,-0.0175399
0000006410,-0.0188829
0000006420,-0.0167199
0000006430,-0.0153417
0000006440,-0.013003
0000006450,-0.0155548
0000006460,-0.0176233
0000006470,0.0037747
0000006480,-0.00845501
0000006490,-0.025951
0000006500,-0.00288879
0000006510,-0.0173578
0000006520,-0.0069696
0000006530,-0.0326255
0000006540,-0.0297829
0000006550,-0.0246301
0000006560,-0.0153408
0000006570,-0.0297719
0000006580,-0.00131944
0000006590,-0.00803206
0000006600,-0.0175184
0000006610,-0.0114524
0000006620,-0.0196038
0000006630,-0.0173539
0000006640,-0.0178969
0000006650,-0.0138459
0000006660,-0.00957762
0000006670,-0.0250399
0000006680,-0.0227953
0000006690,-0.00951673
0000006700,-0.0146135
0000006710,-0.0191632
0000006720,-0.0148469
0000006730,-0.0161253
0000006740,-0.0174555
0000006750,-0.0124681
0000006760,-0.0213463
0000006770,-0.0243573
0000006780,-0.0128375
0000006790,-0.0119167
0000006800,-0.0056501
0000006810,-0.0209921
0000006820,-0.0289063
0000006830,-0.0150823
0000006840,-0.0265093
0000006850,-0.005825
0000006860,-0.013959
0000006870,-0.0205292
0000006880,-0.0167708
0000006890,-0.0163459
0000006900,-0.0286334
0000006910,-0.0242088
0000006920,-0.0270841
0000006930,-0.0174461
0000006940,-0.0156997
0000006950,-0.0224917
0000006960,-0.020765
0000006970,-0.00837314
0000006980,-0.0214285
0000006990,-0.012654
0000007000,-0.0177861
0000007010,-0.017928
0000007020,-0.0188732
0000007030,-0.00655245
0000007040,-0.0122726
0000007050,-0.0197611
0000007060,-0.0210136
0000007070,-0.0190895
0000007080,-0.00327904
0000007090,-0.0100681
0000007100,-0.00661257
0000007110,-0.0283822
0000007120,-0.0237726
0000007130,-0.0144449
0000007140,0.00536294
0000007150,-0.00744425
0000007160,-0.0311133
0000007170,-0.0199671
0000007180,-0.02132
0000007190,-0.0242865
0000007200,-0.0242314
0000007210,-0.0021059
0000007220,-0.0167165
0000007230,-0.00801694
0000007240,-0.0338825
0000007250,-0.0207842
0000007260,-0.0133178
0000007270,-0.028115
0000007280,-0.019982
0000007290,-0.0100337
0000007300,-0.0226646
0000007310,-0.0333944
0000007320,-0.0118452
0000007330,-0.0184903
0000007340,-0.0172348
0000007350,-0.0362409
0000007360,-0.0174963
0000007370,-0.0253502
0000007380,-0.0146022
0000007390,-0.0131648
0000007400,-0.0374374
0000007410,-0.012098
0000007420,-0.0131279
0000007430,-0.022914
0000007440,-0.0237902
0000007450,-0.0146351
0000007460,-0.0012713
0000007470,-0.0312446
0000007480,-0.0255049
0000007490,-0.0167386
0000007500,-0.0132669
0000007510,-0.00175986
0000007520,-0.0132922
0000007530,-0.0119722
0000007540,-0.0235807
0000007550,-0.00980465
0000007560,-0.0236587
0000007570,-0.00847673
0000007580,-0.0131447
0000007590,-0.0126713
0000007600,-0.0337215
0000007610,-0.0193982
0000007620,-0.0127923
0000007630,-0.00633309
0000007640,-0.0330965
0000007650,-0.00115834
0000007660,-0.0118735
0000007670,-0.00781633
0000007680,-0.0248124
0000007690,-0.0244228
0000007700,-0.024612
0000007710,-0.0215309
0000007720,-0.0214239
0000007730,-0.0265287
0000007740,-0.0163608
0000007750,-0.0175181
0000007760,-0.020484
0000007770,-0.024158
0000007780,-0.0219415
0000007790,-0.0309606
0000007800,-0.0233299
0000007810,-0.0281805
0000007820,-0.0170229
0000007830,-0.0236636
0000007840,-0.00825264
0000007850,-0.00920107
0000007860,-0.0225763
0000007870,-0.0300546
0000007880,-0.0183784
0000007890,-0.0145163
0000007900,-0.0251901
0000007910,-0.0297048
0000007920,-0.00312921
0000007930,-0.0215009
0000007940,-0.0281357
0000007950,-0.0225322
0000007960,-0.012073
0000007970,-0.0219544
0000007980,-0.0134393
0000007990,-0.00357002
0000008000,-0.0190374
0000008010,-0.0215204
0000008020,-0.0213266
0000008030,-0.0144795
0000008040,-0.0292924
0000008050,-0.0218474
0000008060,-0.0141804
0000008070,-0.0141008
0000008080,-0.0198283
0000008090,-0.0247732
0000008100,-0.0177089
0000008110,-0.0176468
0000008120,-0.0124803
0000008130,-0.018914
0000008140,-0.0202383
0000008150,-0.0250646
0000008160,-0.0194491
0000008170,-0.0108112
0000008180,-0.0293117
0000008190,-0.021697
0000008200,-0.0220179
0000008210,-0.00816336
0000008220,-0.0235493
0000008230,-0.0179203
0000008240,-0.0122407
0000008250,-0.0216934
0000008260,-0.0159327
0000008270,-0.0197778
0000008280,-0.00627765
0000008290,-0.0254141
0000008300,-0.018472
0000008310,-0.0127018
0000008320,-0.00302627
0000008330,-0.0171913
0000008340,-0.0175473
0000008350,-0.0211686
0000008360,-0.00994409
0000008370,-0.0220191
0000008380,-0.0211028
0000008390,-0.0238932
0000008400,-0.0271532
0000008410,-0.0233482
0000008420,-0.00730893
0000008430,-0.0161224
0000008440,-0.0171096
0000008450,-0.00920617
0000008460,-0.0228221
0000008470,-0.0140301
0000008480,-0.0188698
0000008490,-0.0251634
0000008500,-0.0179481
0000008510,-0.0244452
0000008520,-0.0125439
0000008530,-0.0137239
0000008540,-0.0060033
0000008550,-0.0221026
0000008560,-0.0112432
0000008570,-0.0202593
0000008580,-0.0244335
0000008590,-0.0282024
0000008600,0.00283042
0000008610,-0.0105777
0000008620,-0.0310483
0000008630,-0.0118158
0000008640,-0.0146075
0000008650,-0.0172485
0000008660,-0.0206136
0000008670,-0.0249369
0000008680,-0.0292114
0000008690,-0.0188652
0000008700,-0.0161082
0000008710,-0.0131778
0000008720,-0.0197508
0000008730,-0.0218757
0000008740,-0.0231549
0000008750,-0.0145457
0000008760,-0.0212675
0000008770,-0.0247307
0000008780,-0.00431271
0000008790,-0.0225165
0000008800,-0.0273552
0000008810,-0.0181463
0000008820,-0.0102986
0000008830,-0.00798194
0000008840,-0.0224362
0000008850,-0.0272718
0000008860,-0.0195028
0000008870,-0.0284536
0000008880,-0.0210664
0000008890,-0.0151274
0000008900,-0.0183585
0000008910,-0.00559542
0000008920,-0.0278106
0000008930,-0.0226541
0000008940,-0.0252201
0000008950,-0.00366512
0000008960,-0.0259325
0000008970,-0.017194
0000008980,-0.0194444
0000008990,-0.00885123
0000009000,-0.0349031
0000009010,-0.0279504
0000009020,-0.00785824
0000009030,-0.0189378
0000009040,-0.019039
0000009050,-0.00697409
0000009060,-0.0127853
0000009070,-0.0179721
0000009080,-0.0186223
0000009090,-0.02683
0000009100,-0.0210664
0000009110,-0.00527358
0000009120,-0.0190606
0000009130,-0.0147596
0000009140,-0.0195705
0000009150,-0.00639794
0000009160,-0.00952657
0000009170,-0.0145581
0000009180,-0.00879865
0000009190,-0.0260218
0000009200,-0.0140852
0000009210,-0.00552329
0000009220,-0.0146445
0000009230,-0.0252965
0000009240,-0.0296084
0000009250,-0.0225747
0000009260,-0.0173224
0000009270,-0.014545
0000009280,-0.0261378
0000009290,-0.00913406
0000009300,-0.0157523
0000009310,-0.0210096
0000009320,-0.0134282
0000009330,-0.0124662
0000009340,-0.0347696
0000009350,-0.0213728
0000009360,-0.0274838
0000009370,-0.0107661
0000009380,-0.0279103
0000009390,-0.0258042
0000009400,-0.00609776
0000009410,-0.019946
0000009420,-0.0330248
0000009430,-0.0125368
0000009440,-0.0256163
0000009450,0.00376162
0000009460,-0.0274852
0000009470,-0.0248278
0000009480,-0.0223642
0000009490,-0.0171104
0000009500,-0.0198394
0000009510,-0.0222231
0000009520,-0.00525964
0000009530,-0.0138161
0000009540,-0.0172001
0000009550,-0.0110875
0000009560,0.000100612
0000009570,-0.0207271
0000009580,-0.0203327
0000009590,-0.0193467
0000009600,-0.0205167
0000009610,-0.00801396
0000009620,-0.0228554
0000009630,-0.0252305
0000009640,-0.0152251
0000009650,-0.00641684
0000009660,-0.0362543
0000009670,-0.00616691
0000009680,-0.0221151
0000009690,-0.0183144
0000009700,-0.0191644
0000009710,-0.0239705
0000009720,-0.0226443
0000009730,-0.0217454
0000009740,-0.00627064
0000009750,-0.0147306
0000009760,-0.0202777
0000009770,-0.0200526
0000009780,-0.0192568
0000009790,-0.0235597
0000009800,-0.0204918
0000009810,-0.022571
0000009820,-0.0168592
0000009830,-0.0240867
0000009840,-0.0178127
0000009850,-0.00563326
0000009860,-0.0145147
0000009870,-0.0227999
0000009880,-0.00802282
0000009890,-0.0329629
0000009900,-0.0208257
0000009910,-0.0221271
0000009920,-0.0182052
0000009930,-0.0131688
0000009940,-0.0348755
0000009950,-0.0242782
0000009960,-0.0251238
0000009970,-0.0197155
0000009980,-0.0252559
0000009990,-0.00888343
0000010000,-0.0231807
0000010010,-0.0260729
0000010020,-0.0162789
0000010030,-0.0226908
0000010040,-0.0151567
0000010050,-0.0160471
0000010060,-0.0142517
0000010070,-0.0222784
0000010080,-0.0206941
0000010090,-0.0147497
0000010100,-0.0133499
0000010110,-0.0208211
0000010120,-0.016133
0000010130,-0.016295
0000010140,-0.0266741
0000010150,-0.0117898
0000010160,-0.0181679
0000010170,-0.0155248
0000010180,-0.0264171
0000010190,-0.0258511
0000010200,-0.0227142
0000010210,-0.0145738
0000010220,-0.0214387
0000010230,-0.0151144
0000010240,-0.00858884
0000010250,-0.0175811
0000010260,-0.0212811
0000010270,-0.0191608
0000010280,0.0030043
0000010290,-0.024022
0000010300,-0.0212515
0000010310,-0.0180727
0000010320,-0.0119507
0000010330,-0.0256979
0000010340,-0.00812887
0000010350,-0.0250829
0000010360,-0.0225903
0000010370,-0.0154414
0000010380,-0.018559
0000010390,-0.0252635
0000010400,-0.0205258
0000010410,-0.00352888
0000010420,-0.00761338
0000010430,-0.0199139
0000010440,-0.0139131
0000010450,-0.00569217
0000010460,-0.00587661
0000010470,-0.0225593
0000010480,-0.0254452
0000010490,-0.0178908
0000010500,-0.00904719
0000010510,-0.01948
0000010520,-0.0263841
0000010530,-0.0270042
0000010540,-0.0233533
0000010550,-0.0229181
0000010560,-0.0166075
0000010570,-0.0196518
0000010580,-0.0209498
0000010590,-0.0104912
0000010600,-0.0190095
0000010610,-0.0117834
0000010620,-0.0286363
0000010630,-0.0363862
0000010640,-0.0128622
0000010650,-0.0176373
0000010660,-0.0122315
0000010670,-0.0111488
0000010680,-0.0199075
0000010690,-0.0147607
0000010700,-0.0234599
0000010710,-0.00479662
0000010720,-0.0268402
0000010730,-0.0127014
0000010740,-0.0193014
0000010750,-0.024836
0000010760,-0.00911519
0000010770,-0.013206
0000010780,-0.0154406
0000010790,-0.0249849
0000010800,-0.0168943
0000010810,-0.0239017
0000010820,-0.0106817
0000010830,-0.0258231
0000010840,-0.0157309
0000010850,-0.0153456
0000010860,-0.0192063
0000010870,-0.0216002
0000010880,-0.00824386
0000010890,-0.0207724
0000010900,-0.0147516
0000010910,-0.0133295
0000010920,-0.0163254
0000010930,-0.0169975
0000010940,-0.0271085
0000010950,-0.0165634
0000010960,-0.0165657
0000010970,-0.0230767
0000010980,-0.0098615
0000010990,-0.0204128
0000011000,-0.0273524
0000011010,-0.00726077
0000011020,-0.0210875
0000011030,-0.0217093
0000011040,-0.0273659
0000011050,-0.0115478
0000011060,-0.013604
0000011070,-0.0152142
0000011080,-0.0164951
0000011090,-0.0147438
0000011100,-0.0174997
0000011110,-0.0178945
0000011120,-0.0168742
0000011130,-0.0258626
0000011140,-0.0256929
0000011150,-0.0216633
0000011160,-0.0163932
0000011170,-0.0293006
0000011180,-0.0216817
0000011190,-0.0187363
0000011200,-0.0159202
0000011210,-0.0333826
0000011220,-0.0242212
0000011230,-0.0227453
0000011240,-0.022906
0000011250,-0.0111521
0000011260,-0.0285262
0000011270,-0.0302288
0000011280,-0.0109848
0000011290,-0.0251633
0000011300,-0.0127125
0000011310,-0.0165024
0000011320,-0.0209765
0000011330,-0.022384
0000011340,-0.0175866
0000011350,-0.0269683
0000011360,-0.00807303
0000011370,-0.00309687
0000011380,-0.00993731
0000011390,-0.0248564
0000011400,-0.0112849
0000011410,-0.020866
0000011420,-0.0127968
0000011430,-0.0191432
0000011440,-0.0250017
0000011450,-0.0171702
0000011460,-0.0158835
0000011470,-0.0163748
0000011480,-0.00448192
0000011490,-0.00647607
0000011500,-0.00666683
0000011510,-0.0103756
0000011520,-0.0217956
0000011530,-0.00791054
0000011540,-0.00895406
0000011550,-0.02207
0000011560,-0.0254418
0000011570,-0.0213241
0000011580,-0.0112456
0000011590,-0.00580349
0000011600,-0.0221703
0000011610,-0.0225839
0000011620,-0.0283701
0000011630,-0.0172036
0000011640,-0.0201139
0000011650,-0.00722265
0000011660,-0.0313498
0000011670,-0.0165923
0000011680,-0.00950569
0000011690,-0.0225604
0000011700,-0.0145215
0000011710,-0.0222372
0000011720,-0.0162614
0000011730,-0.0214015
0000011740,-0.0126165
0000011750,-0.0216069
0000011760,-0.0257186
0000011770,-0.0217624
0000011780,-0.0238974
0000011790,-0.0224643
0000011800,-0.0153646
0000011810,-0.00394042
0000011820,-0.0223915
0000011830,-0.0176637
0000011840,-0.0132673
0000011850,-0.0121784
0000011860,-0.0169057
0000011870,-0.0266767
0000011880,-0.0143758
0000011890,-0.0195444
0000011900,-0.0222702
0000011910,-0.0235406
0000011920,-0.0121135
0000011930,-0.0109007
0000011940,-0.0253172
0000011950,-0.0263654
0000011960,-0.0204502
0000011970,-0.011132
0000011980,-0.0213831
0000011990,-0.00657789
0000012000,-0.0139028
0000012010,-0.0185731
0000012020,-0.016398
0000012030,-0.0264185
0000012040,-0.0145719
0000012050,-0.0148507
0000012060,-0.0208492
0000012070,-0.00616224
0000012080,-0.0117454
0000012090,-0.0170111
0000012100,-0.0283689
0000012110,-0.0163676
0000012120,-0.0165193
0000012130,-0.00886977
0000012140,-0.0208708
0000012150,-0.0254545
0000012160,-0.0113611
0000012170,-0.0155553
0000012180,-0.0221483
0000012190,-0.0164446
0000012200,-0.0221633
0000012210,-0.0252521
0000012220,-0.0149352
0000012230,-0.0151645
0000012240,-0.0110403
0000012250,-0.0166832
0000012260,-0.0175617
0000012270,-0.0165014
0000012280,-0.0222712
0000012290,-0.012431
0000012300,-0.00816787
0000012310,-0.0145812
0000012320,-0.0271466
0000012330,-0.0119195
0000012340,-0.0212749
0000012350,-0.0317947
0000012360,-0.0189746
0000012370,-0.0153659
0000012380,-0.0205191
0000012390,-0.0161342
0000012400,-0.0232719
0000012410,-0.0204253
0000012420,-0.0240855
0000012430,-0.0150386
0000012440,-0.0144229
0000012450,-0.0197022
0000012460,-0.0213593
0000012470,-0.00588708
0000012480,-0.0249794
0000012490,-0.0197356
0000012500,-0.0111331
0000012510,-0.0218497
0000012520,-0.0147596
0000012530,-0.0204645
0000012540,-0.0234053
0000012550,-0.012234
0000012560,-0.0208264
0000012570,-0.0179797
0000012580,-0.010994
0000012590,-0.0137032
0000012600,-0.00479797
0000012610,-0.0126522
0000012620,-0.0302714
0000012630,-0.0232322
0000012640,-0.0181401
0000012650,-0.0158451
0000012660,-0.0223811
0000012670,-0.0103176
0000012680,-0.0316641
0000012690,-0.0125758
0000012700,-0.0108807
0000012710,-0.0128196
0000012720,-0.0281521
0000012730,-0.0118551
0000012740,-0.0164673
0000012750,-0.0125285
0000012760,-0.0247837
0000012770,-0.0216847
0000012780,-0.011948
0000012790,-0.016678
0000012800,-0.0220199
0000012810,-0.0143811
0000012820,-0.0214531
0000012830,-0.0154981
0000012840,-0.0190799
0000012850,-0.0116797
0000012860,-0.013917
0000012870,-0.0192097
0000012880,-0.0194454
0000012890,-0.0108064
0000012900,-0.0149496
0000012910,-0.0164415
0000012920,-0.0263133
0000012930,-0.0254101
0000012940,-0.0221422
0000012950,-0.0184302
0000012960,-0.0142084
0000012970,-0.0121369
0000012980,-0.0144986
0000012990,-0.0287314
0000013000,-0.0184501
0000013010,-0.0295408
0000013020,-0.00639488
0000013030,-0.0103706
0000013040,-0.021479
0000013050,-0.0248726
0000013060,-0.0170402
0000013070,-0.0215779
0000013080,-0.019965
0000013090,-0.0205855
0000013100,-0.0256935
0000013110,-0.0200003
0000013120,-0.0237034
0000013130,-0.0231916
0000013140,-0.0157627
0000013150,-0.0143345
0000013160,-0.0173684
0000013170,-0.0114392
0000013180,-0.0159479
0000013190,-0.00838865
0000013200,-0.0233062
0000013210,-0.0243133
0000013220,-0.0206364
0000013230,-0.0148094
0000013240,-0.0157786
0000013250,-0.0126074
0000013260,-0.0200964
0000013270,-0.0153713
0000013280,-0.0216133
0000013290,-0.0237525
0000013300,-0.0219487
0000013310,-0.0152232
0000013320,-0.0156298
0000013330,-0.00890759
0000013340,-0.016074
0000013350,-0.0172479
0000013360,-0.0118679
0000013370,-0.0215321
0000013380,-0.0165626
0000013390,-0.0195488
0000013400,-0.0217859
0000013410,-0.0242512
0000013420,-0.0154775
0000013430,-0.020175
0000013440,-0.0135458
0000013450,-0.0162988
0000013460,-0.0212631
0000013470,-0.0174755
0000013480,-0.0207715
0000013490,-0.0124598
0000013500,-0.0143419
0000013510,-0.0257972
0000013520,-0.0197713
0000013530,-0.0196809
0000013540,-0.0124676
0000013550,-0.0167839
0000013560,-0.0151687
0000013570,-0.0156343
0000013580,-0.0273618
0000013590,-0.0166738
0000013600,-0.02093
0000013610,-0.016505
0000013620,-0.0177734
0000013630,-0.0103721
0000013640,-0.0242649
0000013650,-0.0178137
0000013660,-0.0119427
0000013670,-0.0209575
0000013680,-0.0173774
0000013690,-0.0286657
0000013700,-0.018125
0000013710,-0.01965
0000013720,-0.0183236
0000013730,-0.0187004
0000013740,-0.01049
0000013750,-0.00984148
0000013760,-0.00822619
0000013770,-0.0167895
0000013780,-0.0123588
0000013790,-0.0245249
0000013800,-0.0131483
0000013810,-0.0148445
0000013820,-0.0163699
0000013830,-0.0151894
0000013840,-0.0217621
0000013850,-0.0267385
0000013860,-0.0144859
0000013870,-0.0196459
0000013880,-0.0126806
0000013890,-0.0181824
0000013900,-0.0162631
0000013910,-0.0166099
0000013920,-0.0172271
0000013930,-0.00898666
0000013940,-0.0275398
0000013950,-0.018682
0000013960,-0.0295023
0000013970,-0.0230504
0000013980,-0.00822067
0000013990,-0.0246223
0000014000,-0.0169277
0000014010,-0.0138715
0000014020,-0.0152282
0000014030,-0.0199894
0000014040,-0.0120745
0000014050,-0.0174859
0000014060,-0.0187211
0000014070,-0.012833
0000014080,-0.0180996
0000014090,-0.0112286
0000014100,-0.0182001
0000014110,-0.0202742
0000014120,-0.0216119
0000014130,-0.0230471
0000014140,-0.00979655
0000014150,-0.0214615
0000014160,-0.00939616
0000014170,-0.0130599
0000014180,-0.0148508
0000014190,-0.0186205
0000014200,-0.00792168
0000014210,-0.0115036
0000014220,-0.0236448
0000014230,-0.0185477
0000014240,-0.0267596
0000014250,-0.0227971
0000014260,-0.0182921
0000014270,-0.0215218
0000014280,-0.0153209
0000014290,-0.0270357
0000014300,-0.0179889
0000014310,-0.0195926
0000014320,-0.0141244
0000014330,-0.0113652
0000014340,-0.00922939
0000014350,-0.0222291
0000014360,-0.0124029
0000014370,-0.0174461
0000014380,-0.0213351
0000014390,-0.00868455
0000014400,-0.0274092
0000014410,-0.0171165
0000014420,-0.0212712
0000014430,-0.0126126
0000014440,-0.019045
0000014450,-0.0162296
0000014460,-0.0186701
0000014470,-0.018656
0000014480,-0.0153995
0000014490,-0.0122184
0000014500,-0.0192749
0000014510,-0.0206698
0000014520,-0.0182368
0000014530,-0.0153286
0000014540,-0.0134947
0000014550,-0.0115715
0000014560,-0.0148034
0000014570,-0.0169716
0000014580,-0.0110846
0000014590,-0.0235035
0000014600,-0.016897
0000014610,-0.0115582
0000014620,-0.0114234
0000014630,-0.0198685
0000014640,-0.0185866
0000014650,-0.0230262
0000014660,-0.00584102
0000014670,-0.0163592
0000014680,-0.012034
0000014690,-0.0178233
0000014700,-0.0256003
0000014710,-0.0126267
0000014720,-0.0134547
0000014730,-0.0134854
0000014740,-0.0134692
0000014750,-0.024962
0000014760,-0.00294383
0000014770,-0.0147682
0000014780,-0.0313151
0000014790,-0.0261006
0000014800,-0.0151791
0000014810,-0.0230025
0000014820,-0.0223849
0000014830,-0.0149863
0000014840,-0.014983
0000014850,-0.0198607
0000014860,-0.016817
0000014870,-0.0182459
0000014880,-0.0141963
0000014890,-0.029303
0000014900,-0.0239354
0000014910,-0.0159095
0000014920,-0.0121449
0000014930,-0.0267524
0000014940,-0.018134
0000014950,-0.0190167
0000014960,-0.0161372
0000014970,-0.0172466
0000014980,-0.0140111
0000014990,-0.0183365
0000015000,-0.0125912
0000015010,-0.0250398
0000015020,-0.015462
0000015030,-0.0156864
0000015040,-0.0152448
0000015050,-0.0217477
0000015060,-0.0214676
0000015070,-0.0202292
0000015080,-0.00981084
0000015090,-0.0129926
0000015100,-0.00659228
0000015110,-0.0202471
0000015120,-0.0248817
0000015130,-0.0146938
0000015140,-0.0228429
0000015150,-0.0189606
0000015160,-0.0141654
0000015170,-0.0167785
0000015180,-0.0149673
0000015190,-0.00651958
0000015200,-0.0228579
0000015210,-0.0132694
0000015220,-0.0272129
0000015230,-0.0124995
0000015240,-0.0217042
0000015250,-0.0151923
0000015260,-0.0163675
0000015270,-0.0228324
0000015280,-0.0249191
0000015290,-0.012051
0000015300,-0.00769455
0000015310,-0.0147286
0000015320,-0.0174082
0000015330,-0.0190188
0000015340,-0.0101017
0000015350,-0.0116253
0000015360,-0.0130761
0000015370,-0.0107507
0000015380,-0.014085
0000015390,-0.0226636
0000015400,-0.0187113
0000015410,-0.014934
0000015420,-0.0123653
0000015430,-0.0156788
0000015440,-0.0259655
0000015450,-0.0233305
0000015460,-0.015524
0000015470,-0.017068
0000015480,-0.0178659
0000015490,-0.0132749
0000015500,-0.0310601
0000015510,-0.0135731
0000015520,-0.0122338
0000015530,-0.016498
0000015540,-0.0113417
0000015550,-0.0194175
0000015560,-0.0167543
0000015570,-0.0150692
0000015580,-0.0137081
0000015590,-0.0192591
0000015600,-0.0115978
0000015610,-0.0157524
0000015620,-0.0226373
0000015630,-0.00689916
0000015640,-0.0197556
0000015650,-0.0148543
0000015660,-0.0154184
0000015670,-0.016067
0000015680,-0.0158865
0000015690,-0.016164
0000015700,-0.0267617
0000015710,-0.0168376
0000015720,-0.0167023
0000015730,-0.0204302
0000015740,-0.0195353
0000015750,-0.0232366
0000015760,-0.0156594
0000015770,-0.0109432
0000015780,-0.0175372
0000015790,-0.0112172
0000015800,-0.0135689
0000015810,-0.0180654
0000015820,-0.0157383
0000015830,-0.0165199
0000015840,-0.0100311
0000015850,-0.0207161
0000015860,-0.023136
0000015870,-0.0225139
0000015880,-0.0100381
0000015890,-0.0155474
0000015900,-0.028313
0000015910,-0.0264873
0000015920,-0.0115548
0000015930,-0.018606
0000015940,-0.0281058
0000015950,-0.0172686
0000015960,-0.0151564
0000015970,-0.0207173
0000015980,-0.0130891
0000015990,-0.00803978
