0000000000,-0.0106652
0000000010,-0.0165561
0000000020,-0.0102285
0000000030,-0.0136264
0000000040,-0.019785
0000000050,-0.0163691
0000000060,-0.0126242
0000000070,-0.0219119
0000000080,-0.0253958
0000000090,-0.0187755
0000000100,-0.0185449
0000000110,-0.0175375
0000000120,-0.0172445
0000000130,-0.0210924
0000000140,-0.0200996
0000000150,-0.0238659
0000000160,-0.0185026
0000000170,-0.0145541
0000000180,-0.0204833
0000000190,-0.0230139
0000000200,-0.0053791
0000000210,-0.0165149
0000000220,-0.0108003
0000000230,-0.02742
0000000240,-0.0174523
0000000250,-0.0095342
0000000260,-0.00608382
0000000270,-0.0148492
0000000280,-0.0219651
0000000290,-0.0251328
0000000300,-0.0193319
0000000310,-0.0227525
0000000320,-0.0154635
0000000330,0.00446324
0000000340,-0.0120932
0000000350,-0.022334
0000000360,-0.0165484
0000000370,-0.0111253
0000000380,-0.00252808
0000000390,-0.0246446
0000000400,-0.0151555
0000000410,-0.0100435
0000000420,-0.0144031
0000000430,-0.00923943
0000000440,-0.0175344
0000000450,-0.0169836
0000000460,-0.0261629
0000000470,-0.0121491
0000000480,-0.0106094
0000000490,-0.032355
0000000500,-0.0280723
0000000510,-0.00303486
0000000520,-0.015073
0000000530,-0.0221421
0000000540,-0.0224565
0000000550,-0.0134099
0000000560,-0.0217394
0000000570,-0.0170834
0000000580,-0.0221999
0000000590,-0.0309737
0000000600,-0.019214
0000000610,-0.0164307
0000000620,-0.0246196
0000000630,-0.0143717
0000000640,-0.016131
0000000650,-0.0164067
0000000660,-0.0269348
0000000670,-0.0185439
0000000680,-0.011488
0000000690,-0.000500654
0000000700,-0.0145085
0000000710,-0.0261874
0000000720,-0.0146992
0000000730,-0.00866532
0000000740,-0.0324821
0000000750,-0.0228724
0000000760,-0.0232168
0000000770,-0.0122599
0000000780,-0.0306007
0000000790,-0.0269333
0000000800,-0.010499
0000000810,-0.0214149
0000000820,-0.0196711
0000000830,-0.0163033
0000000840,-0.0269866
0000000850,-0.0103241
0000000860,-0.0143687
0000000870,-0.00905162
0000000880,-0.0210876
0000000890,-0.020704
0000000900,-0.0197126
0000000910,-0.00652282
0000000920,-0.0141546
0000000930,-0.0198031
0000000940,-0.0292416
0000000950,-0.0198334
0000000960,-0.018218
0000000970,-0.0147983
0000000980,-0.0208693
0000000990,-0.0186626
0000001000,-0.0261342
0000001010,-0.0189133
0000001020,-0.0103675
0000001030,-0.0274755
0000001040,-0.0255626
0000001050,-0.0285218
0000001060,-0.021649
0000001070,-0.0106631
0000001080,-0.0238074
0000001090,-0.0126208
0000001100,-0.0161927
0000001110,-0.0206374
0000001120,-0.00307218
0000001130,-0.0206365
0000001140,0.00741433
0000001150,-0.0162951
0000001160,-0.0213996
0000001170,-0.0221626
0000001180,-0.0137741
0000001190,-0.0283309
0000001200,-0.00884777
0000001210,-0.0151384
0000001220,-0.00552106
0000001230,-0.0126202
0000001240,-0.0316416
0000001250,-0.017826
0000001260,-0.0158309
0000001270,-0.0167428
0000001280,-0.014807
0000001290,-0.0268766
0000001300,-0.0104281
0000001310,-0.00503685
0000001320,-0.0169247
0000001330,-0.022628
0000001340,-0.0091209
0000001350,-0.0200331
0000001360,-0.0140473
0000001370,-0.0184383
0000001380,-0.0132776
0000001390,-0.0345763
0000001400,-0.025788
0000001410,-0.00841595
0000001420,-0.0153952
0000001430,-0.00734172
0000001440,-0.0196403
0000001450,-0.0275372
0000001460,0.00246857
0000001470,-0.00106001
0000001480,-0.00720957
0000001490,-0.0172493
0000001500,-0.021454
0000001510,-0.0172403
0000001520,-0.0287971
0000001530,-0.0041073
0000001540,-0.0276967
0000001550,-0.0226552
0000001560,-0.0127775
0000001570,-0.0256128
0000001580,-0.0339844
0000001590,-0.0046627
0000001600,-0.01474
0000001610,-0.0106644
0000001620,-0.0132523
0000001630,-0.0170344
0000001640,-0.0148335
0000001650,-0.0224131
0000001660,-0.00527299
0000001670,-0.0154254
0000001680,-0.0171509
0000001690,-0.0182597
0000001700,-0.0192182
0000001710,-0.0170661
0000001720,-0.013234
0000001730,-0.00335235
0000001740,-0.0247669
0000001750,-0.012502
0000001760,-0.0325773
0000001770,-0.0286703
0000001780,-0.023525
0000001790,-0.010017
0000001800,0.010745
0000001810,-0.0246383
0000001820,-0.023799
0000001830,-0.0195144
0000001840,-0.0197154
0000001850,-0.0204145
0000001860,-0.019318
0000001870,-0.0100603
0000001880,-0.0171896
0000001890,-0.0193624
0000001900,-0.0197002
0000001910,-0.021589
0000001920,-0.0040179
0000001930,-0.0143467
0000001940,-0.0144724
0000001950,-0.00658934
0000001960,-0.0236604
0000001970,0.00167756
0000001980,-0.0293775
0000001990,-0.0223803
0000002000,-0.0274869
0000002010,-0.00903831
0000002020,-0.0150663
0000002030,-0.0263623
0000002040,-0.0155732
0000002050,-0.0122934
0000002060,-0.0342572
0000002070,-0.0213275
0000002080,-0.0223146
0000002090,-0.0307405
0000002100,-0.0161155
0000002110,-0.0239615
0000002120,-0.0108684
0000002130,-0.00546926
0000002140,-0.00845247
0000002150,-0.0309877
0000002160,0.0100937
0000002170,-0.0114573
0000002180,-0.0390133
0000002190,-0.0061796
0000002200,-0.0137316
0000002210,-0.00694432
0000002220,-0.0186263
0000002230,-0.0300299
0000002240,-0.0154687
0000002250,-0.0253657
0000002260,-0.0257038
0000002270,-0.0137116
0000002280,-0.016718
0000002290,-0.0225958
0000002300,-0.00251195
0000002310,-0.0260816
0000002320,-0.0127844
0000002330,-0.0304754
0000002340,-0.0167378
0000002350,-0.011467
0000002360,-0.0256849
0000002370,-0.0231544
0000002380,0.00337603
0000002390,-0.0137358
0000002400,-0.00119266
0000002410,-0.0132315
0000002420,-0.00264796
0000002430,-0.00290135
0000002440,-0.0429698
0000002450,-0.0128052
0000002460,-0.00105559
0000002470,-0.00801298
0000002480,-0.0210949
0000002490,-0.0152906
0000002500,-0.0103218
0000002510,-0.0191562
0000002520,-0.0185871
0000002530,-0.0165029
0000002540,-0.00886107
0000002550,-0.0261552
0000002560,-0.0268471
0000002570,-0.020887
0000002580,-0.0323979
0000002590,-0.0169803
0000002600,-0.0116926
0000002610,-0.0271476
0000002620,-0.0040267
0000002630,-0.0158103
0000002640,-0.0197333
0000002650,-0.0133422
0000002660,-0.0190747
0000002670,-0.019891
0000002680,-0.0219065
0000002690,0.000785107
0000002700,-0.0147435
0000002710,-0.0167398
0000002720,-0.00913758
0000002730,-0.0283413
0000002740,-0.0110395
0000002750,-0.0398518
0000002760,-0.0241642
0000002770,-0.0121314
0000002780,-0.0153269
0000002790,-0.0477688
0000002800,0.0052947
0000002810,0.00597644
0000002820,-0.00795813
0000002830,-0.0132114
0000002840,-0.00735985
0000002850,-0.0174086
0000002860,-0.0271496
0000002870,-0.0268316
0000002880,-0.019259
0000002890,-0.00436035
0000002900,-0.0134579
0000002910,-0.00594553
0000002920,-0.00775308
0000002930,-0.013991
0000002940,-0.0134608
0000002950,-0.019167
0000002960,-0.0274178
0000002970,0.00123215
0000002980,-0.000700217
0000002990,-0.024501
0000003000,-0.0174021
0000003010,-0.0292233
0000003020,-0.00628671
0000003030,-0.00981259
0000003040,-0.011507
0000003050,-0.0213967
0000003060,-0.0134883
0000003070,-0.0176877
0000003080,-0.0123503
0000003090,-0.0119068
0000003100,-0.0457897
0000003110,-0.022694
0000003120,-0.0208609
0000003130,-0.0283794
0000003140,-0.00723833
0000003150,-0.0279776
0000003160,-0.0184265
0000003170,0.00173008
0000003180,-0.00721342
0000003190,-0.0334821
0000003200,-0.0152358
0000003210,-0.0391099
0000003220,-0.0024377
0000003230,-0.0104688
0000003240,-0.00527385
0000003250,-0.0100715
0000003260,-0.0292107
0000003270,-0.012691
0000003280,-0.00925018
0000003290,-0.029098
0000003300,-0.0183711
0000003310,-0.0164567
0000003320,-0.00629455
0000003330,-0.0097601
0000003340,-0.0161511
0000003350,-0.035507
0000003360,-0.0397785
0000003370,-0.0107594
0000003380,-0.0220893
0000003390,-0.024916
0000003400,-0.0432902
0000003410,-0.0144996
0000003420,-0.0404868
0000003430,-0.0145081
0000003440,-0.00965524
0000003450,-0.0228682
0000003460,-0.0191446
0000003470,-0.0201527
0000003480,-0.00787574
0000003490,-0.0136095
0000003500,-0.0114385
0000003510,-0.0190023
0000003520,-0.0233679
0000003530,-0.0167729
0000003540,-0.011724
0000003550,-0.00609901
0000003560,-0.0127817
0000003570,-0.0396294
0000003580,-0.0165705
0000003590,-0.0103818
0000003600,-0.0221102
0000003610,-0.0122648
0000003620,0.00500808
0000003630,-0.0141974
0000003640,-0.0180814
0000003650,-0.0369043
0000003660,-0.00751387
0000003670,-0.0117751
0000003680,-0.0239444
0000003690,0.00211726
0000003700,-0.0186648
0000003710,-0.0229079
0000003720,-0.0279688
0000003730,0.00481979
0000003740,-0.0198061
0000003750,-0.00810546
0000003760,-0.0138098
0000003770,-0.0251674
0000003780,-0.0142345
0000003790,-0.00986228
0000003800,-0.018932
0000003810,-0.0126671
0000003820,0.00317293
0000003830,-0.0175561
0000003840,-0.023939
0000003850,-0.0168079
0000003860,-0.022332
0000003870,-0.0229637
0000003880,-0.013118
0000003890,-0.00914525
0000003900,-0.030642
0000003910,-0.00102083
0000003920,-0.0314325
0000003930,-0.0256003
0000003940,-0.01073
0000003950,-0.0216486
0000003960,-0.0042744
0000003970,-0.0200173
0000003980,-0.0268108
0000003990,-0.0243166
0000004000,-0.0164994
0000004010,-0.00699469
0000004020,-0.0160667
0000004030,-0.0424342
0000004040,-0.0194597
0000004050,-0.0171327
0000004060,-0.0212659
0000004070,-0.0313056
0000004080,-0.0032651
0000004090,-0.0192849
0000004100,-0.0130137
0000004110,-0.024195
0000004120,-0.0122178
0000004130,-0.0215891
0000004140,-0.0123684
0000004150,-0.0204493
0000004160,-0.0107591
0000004170,-0.01394
0000004180,-0.0274531
0000004190,-0.00759223
0000004200,-0.0128058
0000004210,-0.0140234
0000004220,-0.0257528
0000004230,-0.0129236
0000004240,-0.0165737
0000004250,-0.0198988
0000004260,-0.0265818
0000004270,-0.00700318
0000004280,-0.0244282
0000004290,-0.00274399
0000004300,-0.031416
0000004310,-0.00121901
0000004320,-0.0118574
0000004330,-0.00380055
0000004340,-0.0277867
0000004350,-0.0140386
0000004360,-0.0176149
0000004370,-0.00912709
0000004380,-0.0189117
0000004390,-0.0145462
0000004400,-0.0135746
0000004410,-0.0141382
0000004420,-0.0158344
0000004430,-0.0179701
0000004440,-0.0230037
0000004450,-0.0224954
0000004460,-0.0286957
0000004470,-0.0183837
0000004480,-0.030254
0000004490,-0.0239998
0000004500,-0.0241825
0000004510,-0.0206331
0000004520,-0.0164157
0000004530,-0.0302774
0000004540,-0.0316656
0000004550,-0.0136821
0000004560,-0.00356956
0000004570,-0.0145691
0000004580,-0.0198943
0000004590,0.00309163
0000004600,-0.0152578
0000004610,0.00400534
0000004620,-0.0309911
0000004630,-0.0166038
0000004640,-0.00473556
0000004650,-0.0172491
0000004660,-0.0162069
0000004670,-0.012212
0000004680,-5.88948e-05
0000004690,-0.0309628
0000004700,-0.0207154
0000004710,-0.0169325
0000004720,-0.020706
0000004730,-0.0219016
0000004740,-0.00272848
0000004750,-0.0291412
0000004760,-0.0261699
0000004770,-0.00729633
0000004780,0.00819032
0000004790,-0.0256137
0000004800,-0.010557
0000004810,-0.0179719
0000004820,-0.00967192
0000004830,-0.0123345
0000004840,-0.0100995
0000004850,-0.0224859
0000004860,-0.00226044
0000004870,-0.00189404
0000004880,-0.00991544
0000004890,-0.0112394
0000004900,-0.0205969
0000004910,-0.0289788
0000004920,-0.0223843
0000004930,-0.0208692
0000004940,-0.0309666
0000004950,-0.0156276
0000004960,-0.0112158
0000004970,-0.0234721
0000004980,-0.0318184
0000004990,-0.0170579
0000005000,-0.00310851
0000005010,-0.013601
0000005020,-0.0168977
0000005030,-0.0112179
0000005040,-0.028302
0000005050,-0.0254661
0000005060,-0.00987681
0000005070,-0.0162094
0000005080,-0.0169321
0000005090,-0.0273048
0000005100,-0.0154049
0000005110,-0.0111239
0000005120,-0.0204243
0000005130,-0.0218892
0000005140,-0.0212621
0000005150,-0.0269657
0000005160,-0.0272831
0000005170,-0.0148791
0000005180,-0.0432352
0000005190,-0.0194472
0000005200,-0.00935334
0000005210,-0.0162748
0000005220,-0.0177237
0000005230,-0.0221875
0000005240,-0.0165319
0000005250,-0.0145753
0000005260,-0.0248421
0000005270,-0.0107449
0000005280,-0.0249636
0000005290,-0.0147098
0000005300,-0.0168872
0000005310,-0.0215198
0000005320,-0.0112913
0000005330,-0.0200188
0000005340,-0.0198945
0000005350,-0.0363355
0000005360,-0.0126462
0000005370,-0.0245708
0000005380,-0.0293122
0000005390,-0.0149468
0000005400,-0.00942285
0000005410,-0.0196157
0000005420,-0.00868682
0000005430,-0.0126371
0000005440,-0.0178769
0000005450,-0.0163608
0000005460,-0.0168504
0000005470,-0.0230099
0000005480,-0.0130339
0000005490,-0.022466
0000005500,-0.0162072
0000005510,-0.0136638
0000005520,-0.0217518
0000005530,-0.0277854
0000005540,-0.0147631
0000005550,-0.00917284
0000005560,-0.0263029
0000005570,-0.0318133
0000005580,-0.0127331
0000005590,-0.0212201
0000005600,-0.0193138
0000005610,-0.0203263
0000005620,-0.0161541
0000005630,-0.0387251
0000005640,-0.0137594
0000005650,-0.0124331
0000005660,-0.0143849
0000005670,-0.0188803
0000005680,-0.0187898
0000005690,-0.0318735
0000005700,-0.0129142
0000005710,-0.016925
0000005720,-0.0191308
0000005730,-0.0226089
0000005740,-0.0192079
0000005750,-0.0034329
0000005760,-0.0181585
0000005770,-0.00925268
0000005780,-0.0272455
0000005790,-0.022901
0000005800,-0.011336
0000005810,-0.00974216
0000005820,-0.0174646
0000005830,-0.0203562
0000005840,-0.0219383
0000005850,-0.0267474
0000005860,-0.0272278
0000005870,-0.0178871
0000005880,-0.00238987
0000005890,-0.0299461
0000005900,-0.0272646
0000005910,-0.0279665
0000005920,-0.0139455
0000005930,0.00110023
0000005940,-0.0047985
0000005950,-0.0207928
0000005960,-0.00969254
0000005970,-0.0188706
0000005980,-0.0165055
0000005990,-0.0228803
0000006000,-0.0109502
0000006010,-0.011997
0000006020,-0.0121064
0000006030,-0.0198137
0000006040,-0.0115036
0000006050,-0.0162461
0000006060,-0.0167422
0000006070,-0.0202341
0000006080,-0.0157748
0000006090,-0.021809
0000006100,-0.0144191
0000006110,-0.0209253
0000006120,-0.0117956
0000006130,-0.0143398
0000006140,-0.0175317
0000006150,-0.0205422
0000006160,-0.0291672
0000006170,-0.00901543
0000006180,-0.0047081
0000006190,-0.0190362
0000006200,-0.0208598
0000006210,-0.0155496
0000006220,-0.0188968
0000006230,-0.00116848
0000006240,-0.0205158
0000006250,-0.0138799
0000006260,-0.0178455
0000006270,-0.019623
0000006280,-0.0143855
0000006290,-0.0295329
0000006300,-0.0114545
0000006310,-0.0124101
0000006320,-0.0153573
0000006330,-0.0185814
0000006340,-0.0189207
0000006350,-0.0130351
0000006360,-0.0120859
0000006370,-0.0195303
0000006380,-0.011034
0000006390,-0.00878383
0000006400,-0.0083749
0000006410,-0.0154567
0000006420,-0.0236105
0000006430,-0.0203996
0000006440,-0.0103072
0000006450,-0.00469909
0000006460,-0.0267326
0000006470,-0.0146587
0000006480,-0.00914102
0000006490,-0.0206814
0000006500,-0.0187468
0000006510,-0.0305792
0000006520,-0.0182072
0000006530,-0.0100332
0000006540,-0.01762
0000006550,0.00106403
0000006560,-0.0125131
0000006570,-0.0210727
0000006580,-0.0230805
0000006590,-0.0138643
0000006600,-0.00960607
0000006610,-0.0211533
0000006620,-0.0189158
0000006630,-0.017817
0000006640,-0.0230628
0000006650,-0.02134
0000006660,-0.0030663
0000006670,-0.0048651
0000006680,-0.0159908
0000006690,-0.0190606
0000006700,-0.00766325
0000006710,-0.023644
0000006720,-0.0290321
0000006730,-0.0199317
0000006740,-0.011859
0000006750,-0.0127781
0000006760,-0.0252184
0000006770,-0.0141176
0000006780,-0.0187869
0000006790,-0.0155802
0000006800,0.000413847
0000006810,-0.0188578
0000006820,-0.0188161
0000006830,-0.0243476
0000006840,-0.0164242
0000006850,-0.0222331
0000006860,-0.0248943
0000006870,-0.0267715
0000006880,-0.0166745
0000006890,-0.0153924
0000006900,-0.0136781
0000006910,-0.0180146
0000006920,-0.0168203
0000006930,-0.0185757
0000006940,-0.0255857
0000006950,-0.0199827
0000006960,-0.0177761
0000006970,-0.00942736
0000006980,-0.0132214
0000006990,-0.0226082
0000007000,-0.0156836
0000007010,-0.0261418
0000007020,-0.0238053
0000007030,-0.024878
0000007040,-0.0340503
0000007050,-0.0147273
0000007060,-0.0235332
0000007070,-0.0163808
0000007080,-0.0224025
0000007090,-0.010011
0000007100,-0.0170764
0000007110,-0.0174628
0000007120,-0.0289905
0000007130,-0.00993327
0000007140,-0.0207798
0000007150,-0.0102276
0000007160,-0.0315001
0000007170,-0.0130556
0000007180,-0.0174773
0000007190,-0.0210968
0000007200,-0.0122221
0000007210,-0.0190859
0000007220,-0.0152978
0000007230,-0.0182776
0000007240,-0.0153666
0000007250,-0.00718694
0000007260,-0.0182575
0000007270,-0.0186856
0000007280,-0.023604
0000007290,-0.0142267
0000007300,-0.0163456
0000007310,-0.029465
0000007320,-0.0124458
0000007330,-0.0142692
0000007340,-0.017918
0000007350,-0.0242054
0000007360,-0.0111204
0000007370,-0.0247224
0000007380,-0.0160872
0000007390,-0.019176
0000007400,-0.0232066
0000007410,-0.0260395
0000007420,-0.0127805
0000007430,-0.0194903
0000007440,-0.0185928
0000007450,-0.0284185
0000007460,-0.0260816
0000007470,-0.02163
0000007480,-0.0181784
0000007490,-0.0219319
0000007500,-0.00849676
0000007510,-0.0241864
0000007520,-0.0272273
0000007530,-0.0195402
0000007540,-0.0252085
0000007550,-0.00494325
0000007560,-0.0103167
0000007570,-0.00313632
0000007580,-0.0182564
0000007590,-0.0168342
0000007600,-0.0268905
0000007610,-0.000568876
0000007620,-0.00727611
0000007630,-0.0184298
0000007640,-0.0160012
0000007650,-0.0197514
0000007660,-0.018631
0000007670,-0.0124837
0000007680,-0.0144072
0000007690,-0.0190753
0000007700,-0.0269388
0000007710,-0.0128937
0000007720,-0.0221131
0000007730,-0.0259176
0000007740,-0.0214591
0000007750,-0.0118922
0000007760,-0.0123252
0000007770,-0.0150795
0000007780,-0.0184077
0000007790,-0.0244461
0000007800,-0.0115511
0000007810,-0.0205091
0000007820,-0.014718
0000007830,-0.0261939
0000007840,-0.0103609
0000007850,-0.0157395
0000007860,-0.020275
0000007870,-0.0253068
0000007880,-0.00821343
0000007890,-0.0142397
0000007900,-0.0242753
0000007910,-0.00288687
0000007920,-0.00977926
0000007930,-0.0200509
0000007940,-0.0212072
0000007950,-0.0193268
0000007960,-4.51773e-06
0000007970,-0.0272884
0000007980,-0.0147875
0000007990,-0.0133616
0000008000,-0.0175044
0000008010,-0.0153908
0000008020,-0.00540914
0000008030,-0.0245403
0000008040,-0.0297636
0000008050,-0.0251227
0000008060,-0.0209981
0000008070,0.00149746
0000008080,-0.0208578
0000008090,-0.0156292
0000008100,-0.0249327
0000008110,-0.024597
0000008120,-0.0112049
0000008130,-0.0119468
0000008140,-0.0170281
0000008150,-0.00717863
0000008160,-0.0222328
0000008170,-0.0127108
0000008180,-0.00574159
0000008190,-0.0177723
0000008200,-0.0149507
0000008210,-0.0251249
0000008220,-0.00182965
0000008230,-0.0285787
0000008240,-0.0262195
0000008250,-0.00993486
0000008260,-0.00791876
0000008270,-0.018633
0000008280,-0.0279298
0000008290,-0.0140221
0000008300,-0.0243921
0000008310,-0.0205689
0000008320,-0.0252741
0000008330,-0.01032
0000008340,-0.0258417
0000008350,-0.0276798
0000008360,-0.00779579
0000008370,-0.0239455
0000008380,-0.0211444
0000008390,-0.010214
0000008400,-0.011069
0000008410,-0.0134889
0000008420,-0.0165685
0000008430,-0.0216782
0000008440,-0.0123249
0000008450,-0.0180345
0000008460,-0.0162169
0000008470,-0.0217837
0000008480,-0.0198382
0000008490,-0.0137394
0000008500,-0.0245493
0000008510,-0.0206485
0000008520,-0.0184083
0000008530,-0.0131028
0000008540,-0.00333973
0000008550,-0.0158528
0000008560,-0.0214748
0000008570,-0.0194351
0000008580,-0.0133996
0000008590,-0.020492
0000008600,-0.0158664
0000008610,-0.0176349
0000008620,-0.0234358
0000008630,-0.0298195
0000008640,-0.0235031
0000008650,-0.00901034
0000008660,-0.0108241
0000008670,-0.00849186
0000008680,-0.0144721
0000008690,-0.0177375
0000008700,-0.0104237
0000008710,-0.0242749
0000008720,-0.0197104
0000008730,-0.0239863
0000008740,-0.0170088
0000008750,-0.0225116
0000008760,-0.0330692
0000008770,-0.0222297
0000008780,-0.0250766
0000008790,-0.0160304
0000008800,-0.0134248
0000008810,-0.018449
0000008820,-0.00594478
0000008830,-0.0241029
0000008840,-0.0206417
0000008850,-0.0124289
0000008860,-0.0170377
0000008870,-0.0218445
0000008880,-0.0213472
0000008890,-0.0274718
0000008900,-0.0169365
0000008910,-0.0151477
0000008920,-0.00989341
0000008930,-0.0251737
0000008940,-0.026186
0000008950,-0.0306504
0000008960,-0.0201832
0000008970,-0.0272665
0000008980,-0.0176161
0000008990,-0.0132347
0000009000,-0.0104659
0000009010,-0.0279258
0000009020,-0.00867721
0000009030,-0.0120047
0000009040,-0.0242861
0000009050,-0.0126323
0000009060,-0.0102395
0000009070,-0.0191688
0000009080,-0.0335787
0000009090,-0.0207428
0000009100,-0.0109032
0000009110,-0.0175045
0000009120,-0.015949
0000009130,-0.0190787
0000009140,-0.0136076
0000009150,-0.00190242
0000009160,-0.0148707
0000009170,-0.02231
0000009180,-0.0106832
0000009190,-0.00957513
0000009200,-0.0237913
0000009210,-0.0289841
0000009220,-0.0208897
0000009230,-0.0242366
0000009240,-0.0192886
0000009250,-0.0131674
0000009260,-0.0177245
0000009270,-0.017812
0000009280,-0.0138284
0000009290,-0.0105968
0000009300,-0.0285986
0000009310,-0.0137899
0000009320,-0.0138087
0000009330,-0.011827
0000009340,-0.0103168
0000009350,-0.0236949
0000009360,-0.0265758
0000009370,-0.0107661
0000009380,-0.0178585
0000009390,-0.0160128
0000009400,-0.00769441
0000009410,-0.0245695
0000009420,-0.0228887
0000009430,-0.012574
0000009440,-0.0181414
0000009450,-0.0240447
0000009460,-0.0152569
0000009470,-0.0146744
0000009480,-0.00913159
0000009490,-0.0173849
0000009500,-0.0195225
0000009510,-0.0135212
0000009520,-0.0192969
0000009530,-0.0226278
0000009540,-0.0147084
0000009550,-0.0221365
0000009560,-0.0160507
0000009570,-0.0149361
0000009580,-0.0171747
0000009590,-0.0189363
0000009600,-0.0244027
0000009610,-0.0234261
0000009620,-0.00803821
0000009630,-0.0151931
0000009640,-0.0117518
0000009650,-0.0107322
0000009660,-0.0201228
0000009670,-0.0175664
0000009680,-0.0125427
0000009690,-0.0144864
0000009700,-0.0128724
0000009710,-0.0256715
0000009720,-0.0189615
0000009730,-0.0268112
0000009740,-0.0232604
0000009750,-0.0218324
0000009760,-0.0180648
0000009770,-0.0219124
0000009780,-0.0213446
0000009790,-0.0309348
0000009800,-0.0199807
0000009810,-0.0217072
0000009820,-0.019027
0000009830,-0.0122507
0000009840,-0.0266186
0000009850,-0.0331715
0000009860,-0.0113331
0000009870,-0.022597
0000009880,-0.0204134
0000009890,-0.021287
0000009900,-0.0238
0000009910,-0.0121228
0000009920,-0.0201745
0000009930,-0.0150075
0000009940,-0.0197061
0000009950,-0.0125813
0000009960,-0.00874805
0000009970,-0.0347813
0000009980,-0.013776
0000009990,-0.0218267
0000010000,-0.0263155
0000010010,-0.00227003
0000010020,-0.0205781
0000010030,-0.046588
0000010040,-0.0147625
0000010050,-0.0185325
0000010060,-0.0165408
0000010070,-0.0100649
0000010080,-0.0217671
0000010090,-0.0283695
0000010100,-0.0189449
0000010110,-0.024295
0000010120,-0.0276746
0000010130,-0.0240215
0000010140,-0.00571613
0000010150,-0.0134023
0000010160,-0.00734431
0000010170,-0.023846
0000010180,-0.0138452
0000010190,-0.0181464
0000010200,-0.0228875
0000010210,-0.034292
0000010220,-0.0292153
0000010230,-0.0116084
0000010240,-0.0355279
0000010250,-0.0202218
0000010260,-0.0133679
0000010270,-0.020031
0000010280,-0.0198389
0000010290,-0.00750716
0000010300,-0.0238285
0000010310,-0.0173401
0000010320,-0.030652
0000010330,-0.0183931
0000010340,-0.00764991
0000010350,-0.033152
0000010360,-0.0159979
0000010370,-0.0165544
0000010380,-0.024149
0000010390,-0.0210103
0000010400,-0.0225571
0000010410,-0.0195921
0000010420,-0.0167699
0000010430,-0.0243164
0000010440,-0.0260248
0000010450,-0.0281155
0000010460,-0.0130683
0000010470,-0.00783986
0000010480,-0.0182004
0000010490,-0.00742964
0000010500,-0.0211645
0000010510,-0.0235253
0000010520,-0.0152656
0000010530,-0.0234285
0000010540,-0.0237072
0000010550,-0.0112689
0000010560,-0.0192492
0000010570,-0.00283448
0000010580,-0.0114564
0000010590,-0.00876714
0000010600,-0.0195433
0000010610,-0.0183655
0000010620,-0.0180787
0000010630,-0.0162507
0000010640,-0.0243309
0000010650,-0.0163326
0000010660,-0.0249477
0000010670,-0.0290882
0000010680,-0.00767594
0000010690,-0.0132826
0000010700,-0.0264531
0000010710,-0.0350917
0000010720,-0.00961587
0000010730,-0.0134796
0000010740,-0.0258782
0000010750,-0.0170297
0000010760,-0.0154587
0000010770,-0.0222608
0000010780,-0.0314599
0000010790,-0.0132861
0000010800,-0.0134061
0000010810,-0.0193151
0000010820,-0.0152018
0000010830,-0.0105079
0000010840,-0.0192826
0000010850,-0.0124456
0000010860,-0.0148039
0000010870,-0.0233198
0000010880,-0.0206444
0000010890,-0.00454338
0000010900,-0.00902072
0000010910,-0.020673
0000010920,-0.0121682
0000010930,-0.0216565
0000010940,-0.0213409
0000010950,-0.0187573
0000010960,-0.0192069
0000010970,-0.0162484
0000010980,-0.0193778
0000010990,-0.0112752
0000011000,-0.0219373
0000011010,-0.0190928
0000011020,-0.0108976
0000011030,-0.0187618
0000011040,-0.0249059
0000011050,-0.0124127
0000011060,-0.0155397
0000011070,-0.0217728
0000011080,-0.0248151
0000011090,-0.0113474
0000011100,-0.0197459
0000011110,-0.0109024
0000011120,-0.00466847
0000011130,-0.0128062
0000011140,-0.0176334
0000011150,-0.0110152
0000011160,-0.00968293
0000011170,-0.0199179
0000011180,-0.0318439
0000011190,-0.0159722
0000011200,-0.00947414
0000011210,-0.0226983
0000011220,-0.00899603
0000011230,-0.0161349
0000011240,-0.0175604
0000011250,-0.0224989
0000011260,-0.0278015
0000011270,-0.0243474
0000011280,-0.0150773
0000011290,-0.0214683
0000011300,-0.0246721
0000011310,-0.0268101
0000011320,-0.012912
0000011330,-0.0103973
0000011340,-0.0127384
0000011350,-0.0111759
0000011360,-0.0244195
0000011370,-0.016388
0000011380,-0.0115635
0000011390,-0.0272259
0000011400,-0.0160235
0000011410,-0.00881854
0000011420,-0.0176477
0000011430,-0.0138296
0000011440,-0.0223306
0000011450,-0.0134757
0000011460,-0.0231929
0000011470,-0.00939149
0000011480,-0.0160239
0000011490,-0.0188902
0000011500,-0.0216305
0000011510,-0.0181988
0000011520,-0.011079
0000011530,-0.00814738
0000011540,-0.00531932
0000011550,-0.00836186
0000011560,-0.0135914
0000011570,-0.0218895
0000011580,-0.0186949
0000011590,-0.0164532
0000011600,-0.0197873
0000011610,-0.0159897
0000011620,-0.0167137
0000011630,-0.03166
0000011640,-0.0233976
0000011650,-0.0121017
0000011660,-0.00569954
0000011670,-0.0228707
0000011680,-0.031093
0000011690,-0.00732045
0000011700,-0.0118405
0000011710,-0.0153772
0000011720,-0.0270275
0000011730,-0.0155783
0000011740,-0.0250136
0000011750,-0.0227759
0000011760,-0.0285977
0000011770,-0.0150242
0000011780,-0.0236467
0000011790,-0.0153767
0000011800,-0.014493
0000011810,-0.0238453
0000011820,-0.011852
0000011830,-0.00629579
0000011840,-0.0131803
0000011850,-0.0169285
0000011860,-0.0211376
0000011870,-0.0109183
0000011880,-0.015966
0000011890,-0.0230032
0000011900,-0.0222089
0000011910,-0.0115019
0000011920,-0.0143775
0000011930,-0.0110813
0000011940,-0.0288502
0000011950,-0.0243964
0000011960,-0.0147577
0000011970,-0.0198167
0000011980,-0.00922414
0000011990,-0.019014
0000012000,-0.00874291
0000012010,-0.00501746
0000012020,-0.0104782
0000012030,-0.019893
0000012040,-0.0245734
0000012050,-0.027718
0000012060,-0.0220964
0000012070,-0.0144568
0000012080,-0.0101777
0000012090,-0.0102167
0000012100,-0.0196195
0000012110,-0.0222358
0000012120,-0.00558723
0000012130,-0.0142389
0000012140,-0.0190223
0000012150,-0.0163779
0000012160,-0.0222229
0000012170,-0.0169588
0000012180,-0.0194056
0000012190,-0.0227322
0000012200,-0.0237578
0000012210,-0.0291279
0000012220,-0.0153913
0000012230,-0.0174805
0000012240,-0.00544911
0000012250,-0.0288838
0000012260,-0.0172713
0000012270,-0.0144489
0000012280,-0.0168887
0000012290,-0.0210208
0000012300,-0.00901215
0000012310,-0.0314575
0000012320,-0.0163591
0000012330,-0.011946
0000012340,-0.0175639
0000012350,-0.0127307
0000012360,-0.0199419
0000012370,-0.0102746
0000012380,-0.0167753
0000012390,-0.0250514
0000012400,-0.018379
0000012410,-0.0182545
0000012420,-0.0238577
0000012430,-0.024932
0000012440,-0.0269762
0000012450,-0.0152349
0000012460,-0.01745
0000012470,-0.0128462
0000012480,-0.017415
0000012490,-0.0144421
0000012500,-0.00220031
0000012510,-0.0075268
0000012520,-0.0126188
0000012530,-0.00956381
0000012540,-0.0280311
0000012550,-0.0109884
0000012560,-0.014732
0000012570,-0.0156823
0000012580,-0.0159055
0000012590,-0.0240889
0000012600,-0.0192658
0000012610,-0.00879379
0000012620,-0.0178199
0000012630,-0.0138211
0000012640,-0.0253146
0000012650,-0.017347
0000012660,-0.028023
0000012670,-0.0190648
0000012680,-0.0198618
0000012690,-0.0226319
0000012700,-0.0164521
0000012710,-0.0169461
0000012720,-0.020291
0000012730,-0.0179129
0000012740,-0.0263875
0000012750,-0.0209816
0000012760,-0.0142291
0000012770,-0.0325249
0000012780,-0.0110117
0000012790,-0.0212591
0000012800,-0.0197974
0000012810,-0.010475
0000012820,-0.0210525
0000012830,-0.0259796
0000012840,-0.0263701
0000012850,-0.0188767
0000012860,-0.0114724
0000012870,-0.0169136
0000012880,-0.0250987
0000012890,-0.0138671
0000012900,-0.0176644
0000012910,-0.0249277
0000012920,-0.0176539
0000012930,-0.0205591
0000012940,-0.0176038
0000012950,-0.00855453
0000012960,-0.0253413
0000012970,-0.0164464
0000012980,-0.0166546
0000012990,-0.0177453
0000013000,-0.00902318
0000013010,-0.0176509
0000013020,-0.0149511
0000013030,-0.0174573
0000013040,-0.0142122
0000013050,-0.0147963
0000013060,-0.00604784
0000013070,-0.0267831
0000013080,-0.0146467
0000013090,-0.00880932
0000013100,-0.0210702
0000013110,-0.0242061
0000013120,-0.0240826
0000013130,-0.0200845
0000013140,-0.0163308
0000013150,-0.0156258
0000013160,-0.0222778
0000013170,-0.0260044
0000013180,-0.0128401
0000013190,-0.0147785
0000013200,-0.0153871
0000013210,-0.0136657
0000013220,-0.0156835
0000013230,-0.0165331
0000013240,-0.0114409
0000013250,-0.00457602
0000013260,-0.0197793
0000013270,-0.0167987
0000013280,-0.00331295
0000013290,-0.00974083
0000013300,-0.0244292
0000013310,-0.0193618
0000013320,-0.020821
0000013330,-0.0189655
0000013340,-0.0120233
0000013350,-0.0213803
0000013360,-0.0298779
0000013370,-0.0166521
0000013380,-0.0142194
0000013390,-0.0157047
0000013400,-0.0100638
0000013410,-0.0243937
0000013420,-0.0197339
0000013430,-0.025034
0000013440,-0.0259047
0000013450,-0.027615
0000013460,-0.0168876
0000013470,-0.0192504
0000013480,-0.0113633
0000013490,-0.0257873
0000013500,-0.0147887
0000013510,-0.0195077
0000013520,-0.0251057
0000013530,-0.0143172
0000013540,-0.0202727
0000013550,-0.0113936
0000013560,-0.0161499
0000013570,-0.0104749
0000013580,-0.0157765
0000013590,-0.012021
0000013600,-0.0146303
0000013610,-0.0118888
0000013620,-0.0124175
0000013630,-0.0294747
0000013640,-0.0111974
0000013650,-0.0188225
0000013660,-0.0249782
0000013670,-0.0140477
0000013680,-0.0273146
0000013690,-0.0121069
0000013700,-0.0174452
0000013710,-0.00536065
0000013720,-0.0160364
0000013730,-0.0101339
0000013740,-0.0185574
0000013750,-0.0207478
0000013760,-0.0127257
0000013770,-0.0137296
0000013780,-0.0223614
0000013790,-0.0228449
0000013800,-0.0219445
0000013810,-0.0176113
0000013820,-0.0263162
0000013830,-0.0260002
0000013840,-0.0189119
0000013850,-0.00435736
0000013860,-0.00766738
0000013870,-0.025541
0000013880,-0.0200248
0000013890,-0.017073
0000013900,-0.0247476
0000013910,-0.0150275
0000013920,-0.0172874
0000013930,-0.0157652
0000013940,-0.028124
0000013950,-0.0289108
0000013960,-0.0194191
0000013970,-0.0223042
0000013980,-0.0191042
0000013990,-0.017586
0000014000,-0.006665
0000014010,-0.0100787
0000014020,-0.0167415
0000014030,-0.0209861
0000014040,-0.0193595
0000014050,-0.0145838
0000014060,-0.00979935
0000014070,-0.0302853
0000014080,-0.0264767
0000014090,-0.0259057
0000014100,-0.00860525
0000014110,-0.0123899
0000014120,-0.0201809
0000014130,-0.0106996
0000014140,-0.00685379
0000014150,-0.0156534
0000014160,-0.0169573
0000014170,-0.00350287
0000014180,-0.0191042
0000014190,-0.00483133
0000014200,-0.0121624
0000014210,-0.0116322
0000014220,-0.0200424
0000014230,-0.0127653
0000014240,-0.0197756
0000014250,-0.0134355
0000014260,-0.026201
0000014270,-0.0266687
0000014280,-0.0102173
0000014290,-0.0154584
0000014300,-0.0154221
0000014310,-0.00768853
0000014320,-0.0129662
0000014330,-0.0198399
0000014340,-0.0162105
0000014350,-0.0241025
0000014360,-0.00695685
0000014370,-0.0227528
0000014380,-0.00337831
0000014390,-0.0173596
0000014400,-0.0239549
0000014410,-0.0158745
0000014420,-0.0139918
0000014430,-0.0116389
0000014440,-0.020518
0000014450,-0.020658
0000014460,-0.0132808
0000014470,-0.0227927
0000014480,-0.024491
0000014490,-0.0231701
0000014500,-0.0218084
0000014510,-0.0140475
0000014520,-0.0210853
0000014530,-0.0250617
0000014540,-0.0201085
0000014550,-0.018716
0000014560,-0.00412452
0000014570,-0.0257798
0000014580,-0.0221222
0000014590,-0.0077137
0000014600,-0.02964
0000014610,-0.0128072
0000014620,-0.0229076
0000014630,-0.0234343
0000014640,-0.0284134
0000014650,-0.009767
0000014660,-0.00971565
0000014670,-0.00241026
0000014680,-0.0188491
0000014690,-0.0142217
0000014700,-0.0198372
0000014710,-0.00880568
0000014720,-0.0169866
0000014730,-0.0216583
0000014740,-0.0330191
0000014750,-0.0146822
0000014760,-0.0184315
0000014770,-0.00428469
0000014780,-0.0206461
0000014790,-0.014077
0000014800,-0.0245069
0000014810,-0.0178932
0000014820,-0.0250157
0000014830,-0.0199613
0000014840,-0.0216897
0000014850,-0.00999748
0000014860,-0.0181789
0000014870,-0.0149412
0000014880,-0.00517099
0000014890,-0.0206388
0000014900,-0.0136239
0000014910,-0.0101806
0000014920,-0.0150375
0000014930,-0.00629628
0000014940,-0.0247574
0000014950,-0.0160777
0000014960,-0.0240683
0000014970,-0.00746699
0000014980,-0.0260725
0000014990,-0.0193321
0000015000,-0.019386
0000015010,-0.0220879
0000015020,-0.00759979
0000015030,-0.0097696
0000015040,-0.0336843
0000015050,-0.00941329
0000015060,-0.0131862
0000015070,-0.0190163
0000015080,-0.0147546
0000015090,-0.0170772
0000015100,-0.0200655
0000015110,-0.0247868
0000015120,-0.009225
0000015130,-0.0276811
0000015140,-0.0208597
0000015150,-0.0172267
0000015160,-0.0138988
0000015170,-0.0160356
0000015180,-0.0207276
0000015190,-0.0235608
0000015200,-0.0193543
0000015210,-0.0203727
0000015220,-0.013584
0000015230,-0.0249445
0000015240,-0.0191532
0000015250,-0.0123063
0000015260,-0.0162226
0000015270,-0.010671
0000015280,-0.0192391
0000015290,-0.0255244
0000015300,-0.0089057
0000015310,-0.0174679
0000015320,-0.0128772
0000015330,-0.0143253
0000015340,-0.0128288
0000015350,-0.0256203
0000015360,-0.0183659
0000015370,-0.00873343
0000015380,-0.0252552
0000015390,-0.0115742
0000015400,-0.027853
0000015410,-0.0248424
0000015420,-0.0118562
0000015430,-0.0144383
0000015440,-0.010544
0000015450,-0.0277087
0000015460,-0.0220586
0000015470,-0.0241959
0000015480,-0.0246203
0000015490,-0.0140707
0000015500,-0.0195994
0000015510,-0.0214319
0000015520,-0.0156397
0000015530,-0.0124883
0000015540,-0.0196755
0000015550,-0.027999
0000015560,-0.0180635
0000015570,-0.0124442
0000015580,-0.00660369
0000015590,-0.0250643
0000015600,-0.0170214
0000015610,-0.0197922
0000015620,-0.00769257
0000015630,-0.0214149
0000015640,-0.0178626
0000015650,-0.0175155
0000015660,-0.0228166
0000015670,-0.0135776
0000015680,-0.0169422
0000015690,-0.0132896
0000015700,-0.0280611
0000015710,-0.0246969
0000015720,-0.0147474
0000015730,-0.0173232
0000015740,-0.0121806
0000015750,-0.0177862
0000015760,-0.0213682
0000015770,-0.00509245
0000015780,-0.00456953
0000015790,-0.0194798
0000015800,-0.0167462
0000015810,-0.00332116
0000015820,-0.014521
0000015830,-0.0281148
0000015840,-0.020713
0000015850,-0.0190029
0000015860,-0.0172635
0000015870,-0.0191167
0000015880,-0.0133021
0000015890,-0.00943809
0000015900,-0.0170431
0000015910,-0.0323212
0000015920,-0.0156192
0000015930,-0.018445
0000015940,-0.0130919
0000015950,-0.0141394
0000015960,-0.0171376
0000015970,-0.02037
0000015980,-0.0120756
0000015990,-0.0223293
