0000000000,-0.0283486
0000000010,-0.0216313
0000000020,-0.0227736
0000000030,-0.0263155
0000000040,-0.0189561
0000000050,-0.0253835
0000000060,-0.0263448
0000000070,-0.0104828
0000000080,-0.0206458
0000000090,-0.0169448
0000000100,-0.0266624
0000000110,-0.0374597
0000000120,-0.0224949
0000000130,-0.0230167
0000000140,-0.0204286
0000000150,-0.0251515
0000000160,-0.0118955
0000000170,-0.0198494
0000000180,-0.0365007
0000000190,-0.0224643
0000000200,-0.0215567
0000000210,-0.021497
0000000220,-0.020609
0000000230,-0.0300928
0000000240,0.000243774
0000000250,-0.0238422
0000000260,-0.0216656
0000000270,-0.0233419
0000000280,-0.0104994
0000000290,-0.0211425
0000000300,-0.0254343
0000000310,-0.0336191
0000000320,-0.030182
0000000330,-0.0296719
0000000340,-0.01937
0000000350,-0.0167931
0000000360,-0.0196462
0000000370,-0.0260346
0000000380,-0.032548
0000000390,-0.0269217
0000000400,-0.0298407
0000000410,-0.017058
0000000420,-0.0131175
0000000430,-0.0406454
0000000440,-0.0393883
0000000450,0.000258307
0000000460,-0.0255896
0000000470,-0.0169244
0000000480,-0.0297568
0000000490,-0.0225108
0000000500,-0.0269479
0000000510,-0.0245352
0000000520,-0.0149246
0000000530,-0.0246439
0000000540,-0.0277123
0000000550,-0.0232015
0000000560,-0.0267812
0000000570,-0.0320116
0000000580,-0.019152
0000000590,-0.0272141
0000000600,-0.021671
0000000610,-0.0268993
0000000620,-0.014655
0000000630,-0.0297719
0000000640,-0.0319177
0000000650,-0.0192901
0000000660,-0.022762
0000000670,-0.0356735
0000000680,-0.0427382
0000000690,-0.0291962
0000000700,-0.0230359
0000000710,-0.0222365
0000000720,-0.0332878
0000000730,-0.0185804
0000000740,-0.0215493
0000000750,-0.00793154
0000000760,-0.0312372
0000000770,-0.0245286
0000000780,-0.0246394
0000000790,-0.0285904
0000000800,-0.0308508
0000000810,-0.0140857
0000000820,-0.025047
0000000830,-0.0336019
0000000840,-0.000135867
0000000850,-0.0262437
0000000860,-0.0201794
0000000870,-0.0251047
0000000880,-0.0299747
0000000890,-0.0349917
0000000900,-0.0288718
0000000910,-0.0172756
0000000920,-0.0118398
0000000930,-0.0217993
0000000940,-0.0235953
0000000950,-0.0142579
0000000960,-0.0265903
0000000970,-0.027653
0000000980,-0.0192411
0000000990,-0.0134486
0000001000,-0.0115333
0000001010,-0.0156219
0000001020,-0.0233668
0000001030,-0.0187343
0000001040,-0.0190532
0000001050,-0.0169536
0000001060,-0.0348052
0000001070,-0.0285845
0000001080,-0.0135839
0000001090,-0.0112228
0000001100,-0.0257151
0000001110,-0.0239741
0000001120,-0.0329547
0000001130,-0.010922
0000001140,-0.035662
0000001150,-0.00928542
0000001160,-0.0281178
0000001170,-0.0213481
0000001180,-0.0271474
0000001190,-0.0206947
0000001200,-0.0220361
0000001210,-0.0166118
0000001220,-0.0252813
0000001230,-0.0170872
0000001240,-0.0307261
0000001250,-0.0151499
0000001260,-0.0196557
0000001270,-0.0221529
0000001280,-0.0181973
0000001290,-0.0226841
0000001300,-0.0237654
0000001310,-0.0102037
0000001320,-0.00624939
0000001330,-0.00862645
0000001340,-0.0106
0000001350,-0.0208687
0000001360,-0.018544
0000001370,-0.0105422
0000001380,-0.0215039
0000001390,-0.0238465
0000001400,-0.0347242
0000001410,-0.0209203
0000001420,-0.0257589
0000001430,-0.0253316
0000001440,-0.0200807
0000001450,-0.0169797
0000001460,-0.0291454
0000001470,-0.0101735
0000001480,-0.0306736
0000001490,-0.015205
0000001500,-0.0200574
0000001510,-0.00882087
0000001520,-0.00768775
0000001530,-0.017955
0000001540,-0.0238403
0000001550,-0.0169893
0000001560,0.00480609
0000001570,-0.0235431
0000001580,-0.0135254
0000001590,-0.0207971
0000001600,-0.0021131
0000001610,-0.0176884
0000001620,-0.0291377
0000001630,-0.00834583
0000001640,-0.0264999
0000001650,-0.0303669
0000001660,-0.0246087
0000001670,-0.0183596
0000001680,-0.0215759
0000001690,-0.0256086
0000001700,-0.0315707
0000001710,-0.0240334
0000001720,-0.00981891
0000001730,-0.0338115
0000001740,-0.0209415
0000001750,-0.0216337
0000001760,-0.0362217
0000001770,-0.0228746
0000001780,-0.0205808
0000001790,-0.0163423
0000001800,-0.0111571
0000001810,-0.0218851
0000001820,-0.0247237
0000001830,-0.00907112
0000001840,-0.00747801
0000001850,-0.0254275
0000001860,-0.0281869
0000001870,0.00969547
0000001880,-0.0162313
0000001890,0.0207671
0000001900,-0.000624144
0000001910,-0.0141794
0000001920,-0.024114
0000001930,-0.0149704
0000001940,-0.0350559
0000001950,-0.0227383
0000001960,-0.0234053
0000001970,-0.0314104
0000001980,-0.0280152
0000001990,-0.0194039
0000002000,-0.0223815
0000002010,-0.0336794
0000002020,-0.0117207
0000002030,-0.0238411
0000002040,-0.0174409
0000002050,-0.0140975
0000002060,-0.0267357
0000002070,-0.0151707
0000002080,-0.0287583
0000002090,-0.0100601
0000002100,-0.0167764
0000002110,-0.0249313
0000002120,-0.0171658
0000002130,-0.00439627
0000002140,-0.0226354
0000002150,-0.0169569
0000002160,-0.0349964
0000002170,-0.0285723
0000002180,-0.0320962
0000002190,-0.0101023
0000002200,-0.023223
0000002210,-0.0324671
0000002220,-0.0244995
0000002230,-0.0283711
0000002240,-0.0217328
0000002250,-0.0334227
0000002260,-0.0122109
0000002270,-0.0194804
0000002280,-0.0364159
0000002290,-0.00908057
0000002300,-0.0197369
0000002310,-0.0194978
0000002320,-0.0310826
0000002330,-0.0296226
0000002340,-0.0246676
0000002350,-0.0230239
0000002360,-0.0242937
0000002370,-0.0330155
0000002380,-0.0173587
0000002390,-0.020742
0000002400,-0.0215151
0000002410,-0.0304834
0000002420,-0.0101455
0000002430,-0.0301888
0000002440,-0.0145702
0000002450,-0.0171209
0000002460,-0.0311794
0000002470,-0.0114841
0000002480,-0.0294514
0000002490,-0.0389321
0000002500,-0.018345
0000002510,-0.0207635
0000002520,-0.0080582
0000002530,-0.0173039
0000002540,-0.0249432
0000002550,-0.0235445
0000002560,-0.0403709
0000002570,-0.0274533
0000002580,-0.0124389
0000002590,-0.0397784
0000002600,-0.0135272
0000002610,-0.0102421
0000002620,-0.0294216
0000002630,-0.0269568
0000002640,-0.024472
0000002650,-0.0287164
0000002660,-0.0129173
0000002670,-0.0265618
0000002680,-0.0182824
0000002690,-0.032194
0000002700,-0.0302575
0000002710,-0.0153027
0000002720,-0.0183671
0000002730,-0.0183839
0000002740,-0.0273883
0000002750,-0.0284471
0000002760,-0.0279632
0000002770,-0.0114742
0000002780,-0.0334255
0000002790,-0.0207053
0000002800,-0.0221137
0000002810,-0.0353405
0000002820,-0.0264056
0000002830,-0.0266571
0000002840,-0.0324229
0000002850,-0.0114015
0000002860,-0.0128312
0000002870,-0.0168338
0000002880,-0.0243493
0000002890,-0.0130146
0000002900,-0.0216075
0000002910,-0.0322026
0000002920,-0.0276915
0000002930,-0.0136163
0000002940,-0.0172421
0000002950,-0.0219933
0000002960,-0.0252597
0000002970,-0.0324614
0000002980,-0.0284838
0000002990,-0.032984
0000003000,-0.0226322
0000003010,-0.020719
0000003020,-0.019012
0000003030,-0.0184899
0000003040,-0.0138114
0000003050,-0.0240208
0000003060,-0.0166969
0000003070,-0.0233163
0000003080,-0.0321678
0000003090,-0.0263732
0000003100,-0.0305893
0000003110,-0.0239688
0000003120,-0.027353
0000003130,-0.020905
0000003140,-0.0276591
0000003150,-0.0243213
0000003160,-0.0180799
0000003170,-0.0134445
0000003180,-0.0166954
0000003190,-0.0192895
0000003200,-0.0240037
0000003210,-0.0170467
0000003220,-0.0303367
0000003230,-0.0204923
0000003240,-0.0315457
0000003250,-0.014011
0000003260,-0.0318536
0000003270,-0.0261763
0000003280,-0.0400196
0000003290,-0.0293006
0000003300,-0.0172164
0000003310,-0.019272
0000003320,-0.0107847
0000003330,-0.0291375
0000003340,-0.0172272
0000003350,-0.0242046
0000003360,-0.0215999
0000003370,-0.047752
0000003380,-0.0163082
0000003390,-0.0175394
0000003400,-0.0219014
0000003410,-0.0220695
0000003420,-0.0226491
0000003430,-0.031312
0000003440,-0.0247387
0000003450,-0.0319236
0000003460,-0.0309218
0000003470,-0.0254651
0000003480,-0.0197731
0000003490,-0.0323743
0000003500,-0.0240141
0000003510,-0.0110101
0000003520,-0.0269822
0000003530,-0.0333989
0000003540,-0.00872015
0000003550,-0.0314662
0000003560,-0.0191931
0000003570,-0.0284575
0000003580,-0.0157052
0000003590,-0.0386386
0000003600,-0.0102022
0000003610,-0.0213609
0000003620,-0.0244415
0000003630,-0.0218779
0000003640,-0.0201421
0000003650,-0.020969
0000003660,-0.0373318
0000003670,-0.0236258
0000003680,-0.0198143
0000003690,-0.0153251
0000003700,-0.0152158
0000003710,-0.0159127
0000003720,-0.0136892
0000003730,-0.0221667
0000003740,-0.0354588
0000003750,-0.0145432
0000003760,-0.0141463
0000003770,-0.0335044
0000003780,-0.0166971
0000003790,-0.0180789
0000003800,-0.020923
0000003810,-0.0143341
0000003820,-0.0190148
0000003830,-0.0154161
0000003840,-0.0225813
0000003850,-0.0272631
0000003860,-0.0199273
0000003870,-0.0292193
0000003880,-0.0214911
0000003890,-0.025339
0000003900,-0.012844
0000003910,-0.0327488
0000003920,-0.0229021
0000003930,-0.0190554
0000003940,-0.025675
0000003950,-0.0265614
0000003960,-0.0188079
0000003970,-0.0247375
0000003980,-0.0255119
0000003990,-0.0367176
0000004000,-0.0256877
0000004010,-0.0216683
0000004020,-0.0238158
0000004030,-0.0165774
0000004040,-0.0178169
0000004050,-0.0126281
0000004060,-0.0254454
0000004070,-0.018768
0000004080,-0.0249126
0000004090,-0.0125602
0000004100,-0.0258404
0000004110,-0.00621888
0000004120,-0.0254658
0000004130,-0.0207372
0000004140,-0.0236978
0000004150,-0.00893555
0000004160,-0.0244141
0000004170,-0.027528
0000004180,-0.0274618
0000004190,-0.00916894
0000004200,-0.0307796
0000004210,-0.0260996
0000004220,-0.0135034
0000004230,-0.0290776
0000004240,-0.0327583
0000004250,-0.0122552
0000004260,-0.0220602
0000004270,-0.0341666
0000004280,-0.0304037
0000004290,-0.0180166
0000004300,-0.026794
0000004310,-0.00448112
0000004320,-0.0362671
0000004330,-0.017054
0000004340,-0.0216284
0000004350,-0.0176451
0000004360,-0.0243549
0000004370,-0.0181119
0000004380,-0.01275
0000004390,-0.0185491
0000004400,-0.0308435
0000004410,-0.0310848
0000004420,-0.016703
0000004430,-0.0227396
0000004440,-0.0129837
0000004450,-0.0252425
0000004460,-0.0185396
0000004470,-0.0111292
0000004480,-0.0190567
0000004490,-0.0235459
0000004500,-0.0349036
0000004510,-0.0258713
0000004520,-0.0260501
0000004530,-0.0373272
0000004540,-0.0311837
0000004550,-0.0232475
0000004560,-0.0370603
0000004570,-0.0198787
0000004580,-0.026684
0000004590,-0.0195078
0000004600,-0.0223543
0000004610,-0.0189131
0000004620,-0.0266392
0000004630,-0.0259326
0000004640,-0.0279333
0000004650,-0.0128661
0000004660,-0.0350587
0000004670,-0.00602905
0000004680,-0.00788552
0000004690,-0.0296856
0000004700,-0.0291467
0000004710,-0.0189391
0000004720,-0.0304627
0000004730,-0.0314243
0000004740,-0.0247613
0000004750,-0.0344377
0000004760,-0.0459194
0000004770,-0.0227294
0000004780,-0.0227874
0000004790,-0.0197375
0000004800,-0.0157714
0000004810,-0.0329034
0000004820,-0.0280027
0000004830,-0.0201639
0000004840,-0.0357006
0000004850,-0.0209142
0000004860,-0.0358742
0000004870,-0.0147145
0000004880,-0.0178962
0000004890,-0.0276584
0000004900,-0.0223409
0000004910,-0.0305399
0000004920,-0.0245981
0000004930,-0.0261027
0000004940,-0.0217951
0000004950,-0.026054
0000004960,-0.0102368
0000004970,-0.0211142
0000004980,-0.0165036
0000004990,-0.0280433
0000005000,-0.0320651
0000005010,-0.0242678
0000005020,-0.0218906
0000005030,-0.0306532
0000005040,-0.0287968
0000005050,-0.0207882
0000005060,-0.0254225
0000005070,-0.0188548
0000005080,-0.0130116
0000005090,-0.0193797
0000005100,-0.0157168
0000005110,-0.0272473
0000005120,-0.0185677
0000005130,-0.0372921
0000005140,-0.00831982
0000005150,-0.0195248
0000005160,-0.0224807
0000005170,-0.0171398
0000005180,-0.0256227
0000005190,-0.00676514
0000005200,-0.0157716
0000005210,-0.0363006
0000005220,-0.02482
0000005230,-0.0307547
0000005240,-0.0201599
0000005250,-0.0368013
0000005260,-0.0238162
0000005270,-0.0287989
0000005280,-0.0341777
0000005290,-0.0105048
0000005300,-0.0249543
0000005310,-0.0204665
0000005320,-0.0396219
0000005330,-0.019483
0000005340,-0.0319646
0000005350,-0.0198061
0000005360,-0.0336168
0000005370,-0.024153
0000005380,-0.0283279
0000005390,-0.0245363
0000005400,-0.017897
0000005410,-0.0241285
0000005420,-0.0271528
0000005430,-0.0212681
0000005440,-0.0134271
0000005450,-0.0216266
0000005460,-0.0258276
0000005470,-0.0314797
0000005480,-0.0225985
0000005490,-0.0306893
0000005500,-0.023251
0000005510,-0.02616
0000005520,-0.0250927
0000005530,-0.0367492
0000005540,-0.0305308
0000005550,-0.0219493
0000005560,-0.016055
0000005570,-0.00952936
0000005580,-0.0294446
0000005590,-0.0283759
0000005600,-0.00871419
0000005610,-0.035406
0000005620,-0.0222608
0000005630,-0.046839
0000005640,-0.0228248
0000005650,-0.0205966
0000005660,-0.0283262
0000005670,-0.0154953
0000005680,-0.0333724
0000005690,-0.0186049
0000005700,-0.0308609
0000005710,-0.0440025
0000005720,-0.0180953
0000005730,-0.0132026
0000005740,-0.0266504
0000005750,-0.0231581
0000005760,-0.0264599
0000005770,-0.0326359
0000005780,-0.0123001
0000005790,-0.0260927
0000005800,-0.0305201
0000005810,-0.0200251
0000005820,-0.0331328
0000005830,-0.0122514
0000005840,0.0030971
0000005850,-0.0167311
0000005860,-0.0245464
0000005870,-0.0119713
0000005880,-0.0187297
0000005890,-0.0361124
0000005900,-0.0233781
0000005910,-0.0114477
0000005920,-0.0151116
0000005930,-0.0498231
0000005940,-0.0152107
0000005950,-0.0274587
0000005960,-0.0265182
0000005970,-0.0213462
0000005980,-0.0311847
0000005990,-0.0278564
0000006000,-0.0145725
0000006010,-0.0335277
0000006020,-0.0387909
0000006030,-0.0139367
0000006040,-0.0180256
0000006050,-0.0189986
0000006060,-0.018416
0000006070,-0.00385149
0000006080,-0.0187955
0000006090,-0.0386172
0000006100,-0.0261654
0000006110,-0.0317977
0000006120,-0.0234616
0000006130,-0.0250416
0000006140,-0.0140644
0000006150,-0.0230028
0000006160,-0.00834563
0000006170,-0.0280305
0000006180,-0.0140983
0000006190,-0.0282498
0000006200,-0.021397
0000006210,-0.0311347
0000006220,-0.0216869
0000006230,-0.0356693
0000006240,-0.0161005
0000006250,-0.0127004
0000006260,-0.012206
0000006270,-0.0246014
0000006280,-0.0254418
0000006290,-0.0282083
0000006300,-0.0400854
0000006310,-0.0281498
0000006320,-0.0340034
0000006330,-0.0166475
0000006340,-0.0152291
0000006350,-0.0104763
0000006360,-0.0108798
0000006370,-0.0282388
0000006380,-0.0174859
0000006390,-0.0217425
0000006400,-0.0261841
0000006410,-0.0177687
0000006420,-0.0282092
0000006430,-0.0159847
0000006440,-0.0216081
0000006450,-0.0241122
0000006460,-0.0279565
0000006470,-0.0325747
0000006480,-0.0266714
0000006490,-0.0335537
0000006500,-0.0423402
0000006510,-0.0290753
0000006520,-0.0140839
0000006530,-0.0222781
0000006540,-0.0222701
0000006550,-0.0329326
0000006560,-0.0262793
0000006570,-0.0259402
0000006580,-0.0163566
0000006590,-0.030037
0000006600,-0.0113811
0000006610,0.002108
0000006620,-0.0180987
0000006630,-0.0234478
0000006640,-0.0233188
0000006650,-0.0159116
0000006660,-0.0155278
0000006670,-0.0270234
0000006680,-0.00776922
0000006690,-0.0085944
0000006700,-0.0265309
0000006710,-0.00986446
0000006720,-0.0200952
0000006730,-0.0229234
0000006740,-0.00790147
0000006750,-0.0312101
0000006760,-0.0228692
0000006770,-0.0106785
0000006780,-0.0177422
0000006790,-0.0259199
0000006800,-0.0245702
0000006810,-0.0309502
0000006820,-0.0352373
0000006830,-0.021687
0000006840,-0.0133353
0000006850,-0.0215591
0000006860,-0.0239387
0000006870,-0.0178219
0000006880,-0.017391
0000006890,-0.00934246
0000006900,-0.0271526
0000006910,-0.0128481
0000006920,-0.0173117
0000006930,-0.0170632
0000006940,-0.0156392
0000006950,-0.019505
0000006960,-0.0433479
0000006970,-0.0278878
0000006980,-0.0327705
0000006990,-0.0345189
0000007000,-0.00954518
0000007010,-0.015898
0000007020,-0.0415295
0000007030,-0.0230317
0000007040,-0.0131352
0000007050,-0.00632571
0000007060,-0.0268829
0000007070,-0.036856
0000007080,-0.017468
0000007090,-0.0138872
0000007100,-0.0238227
0000007110,-0.0180601
0000007120,-0.0314247
0000007130,-0.0236534
0000007140,-0.0229079
0000007150,-0.0225781
0000007160,-0.0184309
0000007170,-0.016514
0000007180,-0.0194302
0000007190,-0.0338701
0000007200,-0.0234316
0000007210,-0.00997436
0000007220,-0.0247389
0000007230,-0.0280727
0000007240,-0.0341405
0000007250,-0.0284586
0000007260,-0.0309717
0000007270,-0.0309564
0000007280,-0.0161449
0000007290,-0.0284589
0000007300,-0.0229004
0000007310,-0.0363758
0000007320,-0.0343049
0000007330,-0.0344045
0000007340,-0.019161
0000007350,-0.0200721
0000007360,-0.0274123
0000007370,-0.0268256
0000007380,-0.0283161
0000007390,-0.025836
0000007400,-0.029987
0000007410,-0.0348758
0000007420,-0.0217477
0000007430,-0.0191552
0000007440,-0.0178366
0000007450,-0.0429493
0000007460,-0.0140536
0000007470,-0.0186181
0000007480,-0.0312468
0000007490,-0.0298824
0000007500,-0.0225836
0000007510,-0.0210273
0000007520,-0.011593
0000007530,-0.00858516
0000007540,-0.0248408
0000007550,-0.0335616
0000007560,-0.0295191
0000007570,-0.0247784
0000007580,-0.0247821
0000007590,-0.0185019
0000007600,-0.0466477
0000007610,-0.0289533
0000007620,-0.022093
0000007630,-0.0175114
0000007640,-0.0281335
0000007650,-0.0265067
0000007660,-0.00499539
0000007670,-0.0243099
0000007680,-0.0286376
0000007690,-0.026617
0000007700,-0.0288827
0000007710,-0.0283559
0000007720,-0.00961856
0000007730,-0.00996066
0000007740,-0.0157975
0000007750,-0.0307993
0000007760,-0.0308416
0000007770,-0.0163501
0000007780,-0.0336428
0000007790,-0.0323098
0000007800,-0.019528
0000007810,-0.0242843
0000007820,-0.0074901
0000007830,-0.0201578
0000007840,-0.00975145
0000007850,-0.0328865
0000007860,-0.0350993
0000007870,-0.0179366
0000007880,-0.0189784
0000007890,-0.0234379
0000007900,-0.0138326
0000007910,-0.0154409
0000007920,-0.0213861
0000007930,-0.0417305
0000007940,-0.0181437
0000007950,-0.0156219
0000007960,-0.0153327
0000007970,-0.00447398
0000007980,-0.0187821
0000007990,-0.0278453
0000008000,-0.0201704
0000008010,-0.00355165
0000008020,-0.0179958
0000008030,-0.0113429
0000008040,-0.0240614
0000008050,-0.0287206
0000008060,-0.0207905
0000008070,-0.0184793
0000008080,-0.00923967
0000008090,-0.0309981
0000008100,-0.0268539
0000008110,-0.0260696
0000008120,-0.0226044
0000008130,-0.0287794
0000008140,-0.0252256
0000008150,-0.0243258
0000008160,-0.0266931
0000008170,-0.0254565
0000008180,-0.0445472
0000008190,-0.0307626
0000008200,-0.0213637
0000008210,-0.00948363
0000008220,-0.0156997
0000008230,-0.0294718
0000008240,-0.0155611
0000008250,-0.0268166
0000008260,-0.0216783
0000008270,-0.0209442
0000008280,-0.0192738
0000008290,-0.0230369
0000008300,-0.0233305
0000008310,-0.0333247
0000008320,-0.00566579
0000008330,-0.0391224
0000008340,-0.0127385
0000008350,-0.0083717
0000008360,-0.0193485
0000008370,-0.0174272
0000008380,-0.0122783
0000008390,-0.0147812
0000008400,-0.0293087
0000008410,-0.0207555
0000008420,-0.0365563
0000008430,-0.0256315
0000008440,-0.0137468
0000008450,-0.0294782
0000008460,-0.0167772
0000008470,-0.0306591
0000008480,-0.0166134
0000008490,-0.0307784
0000008500,-0.0447552
0000008510,-0.017277
0000008520,-0.0381208
0000008530,-0.01243
0000008540,-0.0244023
0000008550,-0.0313414
0000008560,-0.0397437
0000008570,-0.0237304
0000008580,-0.0317188
0000008590,-0.00539496
0000008600,-0.0382473
0000008610,-0.0126367
0000008620,-0.0273154
0000008630,-0.0224944
0000008640,-0.0405791
0000008650,-0.0171632
0000008660,-0.0332288
0000008670,-0.0130332
0000008680,-0.0346837
0000008690,-0.0258505
0000008700,-0.0238143
0000008710,-0.0349048
0000008720,-0.0297934
0000008730,-0.015145
0000008740,-0.0171634
0000008750,-0.012897
0000008760,-0.0212296
0000008770,-0.0302159
0000008780,-0.0245349
0000008790,-0.0150094
0000008800,-0.0233151
0000008810,-0.029863
0000008820,-0.0176915
0000008830,-0.0170956
0000008840,-0.0300293
0000008850,-0.0288025
0000008860,-0.034212
0000008870,-0.0310737
0000008880,-0.0292518
0000008890,-0.0185399
0000008900,-0.0219993
0000008910,-0.0245514
0000008920,-0.0296265
0000008930,-0.0170957
0000008940,-0.017628
0000008950,-0.0229773
0000008960,-0.0317302
0000008970,-0.0211833
0000008980,-0.036624
0000008990,-0.0202034
0000009000,-0.014738
0000009010,-0.0307446
0000009020,-0.0291573
0000009030,-0.00964587
0000009040,-0.0324619
0000009050,-0.0323835
0000009060,-0.0246809
0000009070,-0.0319658
0000009080,-0.0127888
0000009090,-0.0140457
0000009100,-0.0200446
0000009110,-0.0231337
0000009120,-0.0294818
0000009130,-0.0168886
0000009140,-0.0341776
0000009150,-0.0245105
0000009160,-0.02369
0000009170,-0.0355719
0000009180,-0.0184479
0000009190,-0.0244352
0000009200,-0.011275
0000009210,-0.0182892
0000009220,-0.0313107
0000009230,-0.0255139
0000009240,-0.0156389
0000009250,-0.0419608
0000009260,-0.0207266
0000009270,-0.0229263
0000009280,-0.0324394
0000009290,-0.0276183
0000009300,-0.0197695
0000009310,-0.0267558
0000009320,-0.0222006
0000009330,-0.0256518
0000009340,-0.00521797
0000009350,-0.0347123
0000009360,-0.0331532
0000009370,-0.0148787
0000009380,-0.0277633
0000009390,-0.0173593
0000009400,-0.0188811
0000009410,-0.0284626
0000009420,-0.0244895
0000009430,-0.0266138
0000009440,-0.0198594
0000009450,-0.0196876
0000009460,-0.0180816
0000009470,-0.0267224
0000009480,-0.019596
0000009490,-0.0220023
0000009500,-0.0202511
0000009510,-0.0181628
0000009520,-0.00778587
0000009530,-0.0359851
0000009540,-0.00972184
0000009550,-0.010643
0000009560,-0.0259806
0000009570,-0.0268698
0000009580,-0.0153483
0000009590,-0.0161852
0000009600,-0.0272666
0000009610,-0.0183781
0000009620,-0.017371
0000009630,-0.0159709
0000009640,-0.0316313
0000009650,-0.009314
0000009660,-0.014638
0000009670,-0.0236493
0000009680,-0.0332096
0000009690,-0.0187009
0000009700,-0.0282911
0000009710,-0.0105478
0000009720,-0.0262936
0000009730,-0.0148201
0000009740,-0.0224877
0000009750,-0.00843789
0000009760,-0.0221772
0000009770,-0.0259514
0000009780,-0.036901
0000009790,-0.0223188
0000009800,-0.0186635
0000009810,-0.0256226
0000009820,-0.0233091
0000009830,-0.0302282
0000009840,-0.0274746
0000009850,-0.0253923
0000009860,-0.00877445
0000009870,-0.0317606
0000009880,-0.00784676
0000009890,-0.027559
0000009900,-0.0293757
0000009910,-0.0241889
0000009920,-0.0212156
0000009930,-0.0193218
0000009940,-0.0179626
0000009950,-0.017875
0000009960,-0.0102638
0000009970,-0.0129222
0000009980,-0.00295125
0000009990,-0.0173475
0000010000,-0.0380789
0000010010,-0.00836429
0000010020,-0.0463688
0000010030,-0.0217914
0000010040,-0.0293847
0000010050,-0.0282683
0000010060,-0.0189595
0000010070,-0.0226364
0000010080,0.00297234
0000010090,-0.0094225
0000010100,-0.0200038
0000010110,-0.0252103
0000010120,-0.0127149
0000010130,-0.0297703
0000010140,-0.0360308
0000010150,-0.0230128
0000010160,-0.0323048
0000010170,-0.0114264
0000010180,-0.0277681
0000010190,-0.0144931
0000010200,-0.0222013
0000010210,-0.0333798
0000010220,-0.0306269
0000010230,-0.0227063
0000010240,-0.0395728
0000010250,-0.0359931
0000010260,-0.0419471
0000010270,-0.0278811
0000010280,-0.0297466
0000010290,-0.0302223
0000010300,-0.035723
0000010310,-0.0118878
0000010320,-0.0302893
0000010330,-0.0265388
0000010340,-0.0205459
0000010350,-0.0195008
0000010360,-0.0225277
0000010370,-0.0234049
0000010380,-0.0186669
0000010390,-0.0270846
0000010400,-0.0260272
0000010410,-0.027484
0000010420,-0.0292005
0000010430,-0.0215837
0000010440,-0.041532
0000010450,-0.0264504
0000010460,-0.0229675
0000010470,-0.0214382
0000010480,-0.0236749
0000010490,-0.0305143
0000010500,-0.0277777
0000010510,-0.0218373
0000010520,-0.0250466
0000010530,-0.00981267
0000010540,-0.014866
0000010550,-0.0209926
0000010560,-0.00723662
0000010570,-0.0239069
0000010580,-0.0305347
0000010590,-0.0284633
0000010600,-0.020935
0000010610,-0.0215182
0000010620,-0.037373
0000010630,-0.028796
0000010640,-0.0101057
0000010650,-0.0217331
0000010660,-0.0374185
0000010670,-0.0228745
0000010680,-0.0148968
0000010690,-0.0271852
0000010700,-0.0378452
0000010710,-0.0209095
0000010720,-0.0268885
0000010730,-0.00744687
0000010740,-0.0367032
0000010750,-0.0334892
0000010760,-0.0142588
0000010770,-0.020916
0000010780,-0.019072
0000010790,-0.0280649
0000010800,-0.0159394
0000010810,-0.0247127
0000010820,-0.0144323
0000010830,-0.0262531
0000010840,-0.033953
0000010850,-0.0170478
0000010860,-0.0190311
0000010870,-0.0242881
0000010880,-0.0136629
0000010890,-0.0132926
0000010900,-0.0215117
0000010910,-0.0326964
0000010920,-0.00868648
0000010930,-0.00900808
0000010940,-0.0172219
0000010950,-0.0245161
0000010960,-0.0166049
0000010970,-0.0359179
0000010980,-0.0229784
0000010990,-0.0267008
0000011000,-0.0277604
0000011010,-0.0161749
0000011020,-0.0148184
0000011030,-0.0279059
0000011040,-0.0166405
0000011050,-0.0143058
0000011060,-0.000962395
0000011070,-0.0305959
0000011080,-0.0163776
0000011090,-0.0125744
0000011100,-0.0345131
0000011110,-0.0288363
0000011120,-0.0171886
0000011130,-0.0258514
0000011140,-0.0176098
0000011150,-0.0244596
0000011160,-0.0072887
0000011170,-0.0169326
0000011180,-0.0275193
0000011190,-0.0155893
0000011200,-0.0289467
0000011210,-0.0434627
0000011220,-0.0171927
0000011230,-0.0378303
0000011240,-0.0347087
0000011250,-0.0293149
0000011260,-0.0141943
0000011270,-0.0277389
0000011280,-0.0228064
0000011290,-0.0279734
0000011300,-0.0310865
0000011310,-0.0408444
0000011320,-0.0101272
0000011330,-0.0237612
0000011340,-0.0222614
0000011350,-0.0104863
0000011360,-0.0260147
0000011370,-0.0213013
0000011380,-0.0311035
0000011390,-0.0212096
0000011400,-0.0296809
0000011410,-0.0275971
0000011420,-0.0133799
0000011430,-0.0267939
0000011440,-0.0273062
0000011450,-0.0363032
0000011460,-0.013686
0000011470,-0.0301516
0000011480,-0.0216645
0000011490,-0.00786357
0000011500,-0.0192852
0000011510,-0.0289844
0000011520,-0.0312117
0000011530,-0.014907
0000011540,-0.022734
0000011550,-0.0143743
0000011560,-0.0189454
0000011570,-0.0213278
0000011580,-0.0338697
0000011590,-0.0492072
0000011600,-0.0225612
0000011610,-0.0281451
0000011620,-0.0300742
0000011630,-0.028125
0000011640,-0.0225364
0000011650,-0.0205575
0000011660,-0.0335528
0000011670,-0.0302338
0000011680,-0.0298887
0000011690,-0.0227839
0000011700,-0.0174595
0000011710,-0.0279268
0000011720,-0.0242664
0000011730,-0.0329199
0000011740,-0.0168151
0000011750,-0.0178669
0000011760,-0.00716952
0000011770,-0.0310473
0000011780,-0.0138238
0000011790,-0.0227692
0000011800,-0.0351969
0000011810,-0.0235638
0000011820,-0.0245448
0000011830,-0.0199864
0000011840,-0.0307775
0000011850,-0.0253849
0000011860,-0.0169217
0000011870,-0.00903162
0000011880,-0.0192607
0000011890,-0.0278233
0000011900,-0.0185625
0000011910,-0.0165466
0000011920,-0.00708503
0000011930,-0.0241129
0000011940,-0.0208631
0000011950,-0.0220032
0000011960,-0.0197383
0000011970,-0.0274509
0000011980,-0.0302779
0000011990,-0.0396292
0000012000,-0.0304143
0000012010,-0.0164191
0000012020,-0.01284
0000012030,-0.0290335
0000012040,-0.0123238
0000012050,-0.0259957
0000012060,-0.0183637
0000012070,-0.0248181
0000012080,-0.0212362
0000012090,-0.0252418
0000012100,-0.0227836
0000012110,-0.025148
0000012120,-0.020968
0000012130,-0.0233418
0000012140,-0.0375549
0000012150,-0.0255014
0000012160,-0.0290267
0000012170,-0.0162096
0000012180,-0.0411353
0000012190,-0.0249452
0000012200,-0.0190014
0000012210,-0.0213336
0000012220,-0.00778525
0000012230,-0.0113871
0000012240,-0.0242305
0000012250,-0.0161498
0000012260,-0.0186178
0000012270,-0.0283148
0000012280,-0.0203507
0000012290,-0.0354832
0000012300,-0.0272165
0000012310,-0.00877246
0000012320,-0.0154751
0000012330,0.000859987
0000012340,-0.0186513
0000012350,-0.0190617
0000012360,-0.0206396
0000012370,0.00157394
0000012380,-0.0210393
0000012390,-0.0170327
0000012400,-0.0220884
0000012410,-0.00358242
0000012420,-0.0281597
0000012430,-0.0391742
0000012440,-0.0171531
0000012450,-0.0126736
0000012460,-0.0080887
0000012470,-0.0266621
0000012480,-0.0294582
0000012490,-0.0288482
0000012500,-0.0326641
0000012510,-0.0353618
0000012520,-0.035817
0000012530,-0.0138336
0000012540,-0.0312643
0000012550,-0.0161269
0000012560,-0.0162471
0000012570,-0.0359371
0000012580,-0.0247229
0000012590,-0.0210779
0000012600,-0.0100075
0000012610,-0.0248544
0000012620,-0.00506763
0000012630,-0.0314794
0000012640,-0.021959
0000012650,-0.0328397
0000012660,-0.0188198
0000012670,-0.0297245
0000012680,-0.0220603
0000012690,-0.0131851
0000012700,-0.00889432
0000012710,-0.0260132
0000012720,-0.0227806
0000012730,-0.0265766
0000012740,-0.0153335
0000012750,-0.0212175
0000012760,-0.0319603
0000012770,-0.0134306
0000012780,-0.0332243
0000012790,0.000563522
0000012800,-0.030671
0000012810,-0.0241302
0000012820,-0.0162735
0000012830,-0.0306884
0000012840,-0.0128693
0000012850,-0.0203398
0000012860,-0.0180818
0000012870,-0.0234583
0000012880,-0.0273837
0000012890,-0.0272278
0000012900,-0.0175041
0000012910,-0.00392838
0000012920,-0.0142413
0000012930,-0.0244517
0000012940,-0.0256886
0000012950,-0.0246894
0000012960,-0.0174375
0000012970,-0.0262884
0000012980,-0.0177495
0000012990,-0.0310406
0000013000,-0.0363778
0000013010,-0.0132248
0000013020,-0.0218429
0000013030,-0.0232804
0000013040,-0.0112816
0000013050,-0.0462943
0000013060,-0.0256998
0000013070,-0.0268295
0000013080,-0.0236712
0000013090,-0.0178415
0000013100,-0.0153039
0000013110,-0.0392712
0000013120,-0.0182569
0000013130,-0.0225489
0000013140,-0.016818
0000013150,-0.0273565
0000013160,-0.023427
0000013170,-0.0160379
0000013180,-0.0136795
0000013190,-0.0203841
0000013200,-0.023744
0000013210,-0.0338178
0000013220,-0.0162717
0000013230,-0.0345675
0000013240,-0.0264104
0000013250,-0.0171278
0000013260,-0.0225495
0000013270,-0.0245377
0000013280,-0.0272731
0000013290,-0.00874556
0000013300,-0.0347529
0000013310,-0.0191855
0000013320,-0.0355239
0000013330,-0.0169423
0000013340,-0.0156509
0000013350,-0.0207628
0000013360,-0.0202877
0000013370,-0.0166267
0000013380,-0.0265523
0000013390,-0.0220208
0000013400,-0.0214908
0000013410,-0.0197022
0000013420,-0.0275843
0000013430,-0.0291769
0000013440,-0.02352
0000013450,-0.0279646
0000013460,-0.0168828
0000013470,-0.0186998
0000013480,-0.0317091
0000013490,-0.037794
0000013500,-0.0119943
0000013510,-0.0176939
0000013520,-0.0234266
0000013530,-0.0241161
0000013540,-0.0322844
0000013550,-0.0280474
0000013560,-0.0194642
0000013570,-0.0322782
0000013580,-0.030644
0000013590,-0.0170656
0000013600,-0.028803
0000013610,-0.028942
0000013620,-0.0353472
0000013630,-0.0445065
0000013640,-0.0331869
0000013650,-0.0295089
0000013660,-0.0280481
0000013670,-0.0400709
0000013680,-0.0275144
0000013690,-0.0212582
0000013700,-0.00879368
0000013710,-0.0254503
0000013720,-0.0280397
0000013730,-0.0260703
0000013740,-0.0228541
0000013750,-0.0206835
0000013760,-0.033742
0000013770,-0.013056
0000013780,-0.0215543
0000013790,-0.0236752
0000013800,-0.0365311
0000013810,-0.02187
0000013820,-0.0264842
0000013830,-0.0429255
0000013840,-0.0290048
0000013850,-0.0168442
0000013860,-0.0341244
0000013870,-0.0268523
0000013880,-0.0216337
0000013890,-0.0252759
0000013900,-0.0126592
0000013910,-0.0349831
0000013920,-0.029521
0000013930,-0.025852
0000013940,-0.0191996
0000013950,-0.020491
0000013960,-0.0216438
0000013970,-0.0317962
0000013980,-0.0210227
0000013990,-0.0296382
0000014000,-0.0212438
0000014010,-0.0225827
0000014020,-0.0159505
0000014030,-0.0149963
0000014040,-0.034601
0000014050,-0.0238528
0000014060,-0.0242025
0000014070,-0.0340996
0000014080,-0.0254498
0000014090,-0.0219803
0000014100,-0.036453
0000014110,-0.0238456
0000014120,-0.0103847
0000014130,-0.0226685
0000014140,-0.0153521
0000014150,-0.0272381
0000014160,-0.0280121
0000014170,-0.025738
0000014180,-0.0275111
0000014190,-0.0275698
0000014200,-0.0257622
0000014210,-0.0153041
0000014220,-0.0174225
0000014230,-0.0307233
0000014240,-0.0218298
0000014250,-0.0263593
0000014260,-0.0125921
0000014270,-0.0244883
0000014280,-0.0265293
0000014290,-0.0183441
0000014300,-0.00175576
0000014310,-0.0216789
0000014320,-0.0338728
0000014330,-0.0178234
0000014340,-0.0312569
0000014350,-0.0330295
0000014360,-0.0351372
0000014370,-0.026622
0000014380,-0.0181188
0000014390,-0.0211132
0000014400,-0.0283513
0000014410,-0.0198901
0000014420,-0.0157068
0000014430,-0.0162767
0000014440,-0.0245764
0000014450,-0.0172617
0000014460,-0.0326754
0000014470,-0.0122823
0000014480,-0.0192274
0000014490,-0.0183799
0000014500,-0.0108418
0000014510,-0.0118357
0000014520,-0.0233257
0000014530,-0.0183872
0000014540,-0.0150346
0000014550,-0.017148
0000014560,-0.00762975
0000014570,-0.0250566
0000014580,-0.0286084
0000014590,-0.0241577
0000014600,-0.0164009
0000014610,-0.0226099
0000014620,-0.0246426
0000014630,-0.0279357
0000014640,-0.0303237
0000014650,-0.0341529
0000014660,-0.00652565
0000014670,-0.0243655
0000014680,-0.0186966
0000014690,-0.0215757
0000014700,-0.0240223
0000014710,-0.0173942
0000014720,-0.0280841
0000014730,-0.00490384
0000014740,-0.00528075
0000014750,-0.0276399
0000014760,-0.0260397
0000014770,-0.0205116
0000014780,-0.0220993
0000014790,-0.0212053
0000014800,-0.0230015
0000014810,-0.0346063
0000014820,-0.00736691
0000014830,-0.0141728
0000014840,-0.0265178
0000014850,-0.0157758
0000014860,-0.0364561
0000014870,-0.0209909
0000014880,-0.0355976
0000014890,-0.0214586
0000014900,-0.0164621
0000014910,-0.0225307
0000014920,-0.0242831
0000014930,-0.0179331
0000014940,-0.0194561
0000014950,-0.0169107
0000014960,-0.0174756
0000014970,-0.00988304
0000014980,-0.0166614
0000014990,-0.0158167
0000015000,-0.0161691
0000015010,-0.0292725
0000015020,-0.0337006
0000015030,-0.0224737
0000015040,-0.0184264
0000015050,-0.0169142
0000015060,-0.0122498
0000015070,-0.0223605
0000015080,-0.0189983
0000015090,-0.0215525
0000015100,-0.0200701
0000015110,-0.0152612
0000015120,-0.0294976
0000015130,-0.0255048
0000015140,-0.0179324
0000015150,-0.0232141
0000015160,-0.020147
0000015170,-0.0368672
0000015180,-0.0140646
0000015190,-0.0270068
0000015200,-0.0211646
0000015210,-0.0301586
0000015220,-0.0136304
0000015230,-0.0279087
0000015240,-0.00677506
0000015250,-0.0344708
0000015260,-0.0308228
0000015270,-0.0247839
0000015280,-0.0302073
0000015290,-0.0191138
0000015300,-0.0243648
0000015310,-0.0329521
0000015320,-0.00873916
0000015330,-0.0175159
0000015340,-0.00927002
0000015350,-0.0228875
0000015360,-0.0325263
0000015370,-0.0172108
0000015380,-0.0180085
0000015390,-0.0234731
0000015400,-0.0243218
0000015410,-0.0144156
0000015420,-0.0257984
0000015430,-0.023307
0000015440,-0.0123615
0000015450,-0.041698
0000015460,-0.00557396
0000015470,-0.0156824
0000015480,-0.0217834
0000015490,-0.0286762
0000015500,-0.0205738
0000015510,-0.0517966
0000015520,-0.0197303
0000015530,-0.0180495
0000015540,-0.0191804
0000015550,-0.0267987
0000015560,-0.0115345
0000015570,-0.0148518
0000015580,-0.025006
0000015590,-0.0210857
0000015600,-0.0138793
0000015610,-0.0150656
0000015620,-0.0182554
0000015630,-0.0281397
0000015640,-0.0223854
0000015650,-0.0311752
0000015660,-0.0242743
0000015670,-0.0313178
0000015680,-0.017068
0000015690,-0.0122432
0000015700,-0.0231618
0000015710,-0.025557
0000015720,-0.0121046
0000015730,-0.0310509
0000015740,-0.0225202
0000015750,0.00288884
0000015760,-0.0147832
0000015770,-0.0162663
0000015780,-0.0196268
0000015790,-0.0140507
0000015800,-0.0130842
0000015810,-0.0110291
0000015820,-0.0224877
0000015830,-0.0165923
0000015840,-0.0190906
0000015850,-0.0268702
0000015860,-0.0264206
0000015870,0.000658142
0000015880,-0.014255
0000015890,-0.0189126
0000015900,-0.0271714
0000015910,-0.0152402
0000015920,-0.023083
0000015930,-0.0264728
0000015940,-0.0285347
0000015950,-0.0264628
0000015960,-0.0202943
0000015970,-0.0214021
0000015980,-0.0181315
0000015990,-0.0193901
