0000000000,-0.0330168
0000000010,-0.0151648
0000000020,-0.0111127
0000000030,-0.0152055
0000000040,-0.0169888
0000000050,-0.0176739
0000000060,-0.0169854
0000000070,-0.0170207
0000000080,-0.0299798
0000000090,-0.00763169
0000000100,-0.00689942
0000000110,-0.0162278
0000000120,-0.02132
0000000130,-0.0123729
0000000140,-0.0206753
0000000150,-0.0161779
0000000160,-0.025525
0000000170,-0.00564354
0000000180,-0.0208281
0000000190,-0.0132433
0000000200,-0.000460397
0000000210,-0.0177202
0000000220,-0.0292247
0000000230,-0.0130326
0000000240,-0.0197774
0000000250,-0.0130552
0000000260,-0.0277252
0000000270,-0.0111118
0000000280,-0.00945667
0000000290,-0.0233712
0000000300,-0.0166793
0000000310,-0.0232994
0000000320,-0.0273992
0000000330,-0.015345
0000000340,-0.00811627
0000000350,-0.00358659
0000000360,-0.0152918
0000000370,-0.029315
0000000380,-0.0110374
0000000390,-0.0302551
0000000400,0.000364475
0000000410,-0.00827903
0000000420,-0.0143421
0000000430,-0.0090398
0000000440,-0.0189654
0000000450,-0.00798234
0000000460,-0.0232493
0000000470,-0.0319974
0000000480,-0.0168147
0000000490,-0.0183483
0000000500,-0.0123995
0000000510,-0.00494067
0000000520,-0.0147432
0000000530,-0.0212412
0000000540,-0.00507255
0000000550,-0.0115823
0000000560,-0.0205731
0000000570,-0.0148296
0000000580,-0.0231892
0000000590,-0.0050378
0000000600,-0.0172312
0000000610,-0.0104533
0000000620,-0.0178622
0000000630,-0.023878
0000000640,-0.00618435
0000000650,-0.00902801
0000000660,-0.00797197
0000000670,-0.0232291
0000000680,-0.0125032
0000000690,-0.0173133
0000000700,-0.0287769
0000000710,-0.020261
0000000720,-0.0137967
0000000730,-0.0151277
0000000740,-0.0163447
0000000750,-0.00953369
0000000760,-0.00842127
0000000770,-0.00670715
0000000780,-0.0230625
0000000790,-0.000157157
0000000800,-0.016765
0000000810,-0.0161847
0000000820,-0.0111896
0000000830,-0.0175606
0000000840,-0.0237583
0000000850,-0.0143403
0000000860,-0.0202708
0000000870,-0.0216632
0000000880,-0.0116545
0000000890,-0.011897
0000000900,-0.020699
0000000910,-0.0133469
0000000920,-0.0214624
0000000930,-0.00305463
0000000940,-0.0273274
0000000950,-0.0136695
0000000960,-0.00366761
0000000970,-0.0188817
0000000980,-0.0189764
0000000990,-0.0275715
0000001000,-0.0102534
0000001010,-0.0114915
0000001020,-0.0310667
0000001030,-0.0172434
0000001040,-0.0147322
0000001050,-0.0213835
0000001060,-0.00832691
0000001070,-0.0147177
0000001080,2.23637e-06
0000001090,-0.015142
0000001100,-0.0126335
0000001110,-0.020983
0000001120,-0.0119123
0000001130,-0.0281532
0000001140,-0.0330608
0000001150,-0.0212583
0000001160,-0.01097
0000001170,-0.00377851
0000001180,-0.0119018
0000001190,-0.00882467
0000001200,-0.0247108
0000001210,-0.00986653
0000001220,-0.0104936
0000001230,-0.00748991
0000001240,-0.0200242
0000001250,-0.0144126
0000001260,-0.0285293
0000001270,-0.0103929
0000001280,-0.0190844
0000001290,-0.0293782
0000001300,-0.0144994
0000001310,2.71444e-05
0000001320,-0.0202165
0000001330,-0.0359924
0000001340,-0.0113439
0000001350,-0.0315175
0000001360,-0.0156072
0000001370,-0.00371371
0000001380,-0.00249497
0000001390,-0.0195379
0000001400,-0.0163477
0000001410,-0.0335438
0000001420,-0.0262126
0000001430,-0.00198198
0000001440,-0.0170559
0000001450,-0.0142169
0000001460,-0.0138964
0000001470,-0.0286662
0000001480,-0.0177091
0000001490,-0.0119133
0000001500,-0.0157569
0000001510,-0.00252591
0000001520,-0.00224065
0000001530,-0.0162824
0000001540,-0.0128248
0000001550,-0.00491763
0000001560,-0.020161
0000001570,-0.0157447
0000001580,-0.000937377
0000001590,-0.0156784
0000001600,-0.0180782
0000001610,-0.0262112
0000001620,-0.0150339
0000001630,-0.0192058
0000001640,-0.0246875
0000001650,-0.00385714
0000001660,-0.0278126
0000001670,-0.0121627
0000001680,-0.0336312
0000001690,-0.015737
0000001700,-0.0139057
0000001710,-0.0015478
0000001720,-0.00305553
0000001730,-0.022651
0000001740,-0.018564
0000001750,-0.0213916
0000001760,-0.01663
0000001770,-0.016674
0000001780,-0.0151029
0000001790,-0.024794
0000001800,-0.0160212
0000001810,-0.00390589
0000001820,-0.00772679
0000001830,-0.018497
0000001840,-0.00791122
0000001850,-0.0126429
0000001860,-0.0204356
0000001870,-0.0167452
0000001880,-0.012001
0000001890,-0.0194381
0000001900,-0.0182678
0000001910,-0.0227404
0000001920,-0.0198067
0000001930,-0.0286648
0000001940,-0.010085
0000001950,-0.0133678
0000001960,-0.0142499
0000001970,-0.00927339
0000001980,-0.00587954
0000001990,0.0025817
0000002000,-0.00269844
0000002010,-0.0100561
0000002020,-0.0171402
0000002030,-0.0154206
0000002040,-0.0200503
0000002050,-0.00182305
0000002060,-0.0184878
0000002070,-0.0208131
0000002080,-0.019798
0000002090,-0.0107738
0000002100,-0.0184836
0000002110,-0.0144559
0000002120,-0.0155262
0000002130,-0.00985431
0000002140,-0.00964868
0000002150,-0.0224179
0000002160,-0.0235745
0000002170,-0.0136779
0000002180,-0.010039
0000002190,0.00549697
0000002200,-0.00956335
0000002210,-0.0161042
0000002220,0.00656521
0000002230,-0.0274786
0000002240,-0.011397
0000002250,-0.00688126
0000002260,-0.0107786
0000002270,-0.0105419
0000002280,-0.0141597
0000002290,-0.00732299
0000002300,-0.017625
0000002310,-0.0363274
0000002320,-0.0121503
0000002330,-0.0191572
0000002340,0.00356728
0000002350,-0.00988884
0000002360,-0.00638457
0000002370,-0.0122302
0000002380,-0.00975484
0000002390,0.0050256
0000002400,-0.00024256
0000002410,-0.0023021
0000002420,-0.0119935
0000002430,-0.0211333
0000002440,-0.0376669
0000002450,-0.0184225
0000002460,0.000369327
0000002470,-0.00513208
0000002480,-0.012838
0000002490,-0.00782313
0000002500,-0.013979
0000002510,-0.0230671
0000002520,-0.0286479
0000002530,-0.00737205
0000002540,-0.0242677
0000002550,-0.0110993
0000002560,-0.0124525
0000002570,-0.0232181
0000002580,-0.0239975
0000002590,-0.0141013
0000002600,-0.0184235
0000002610,-0.0182807
0000002620,-0.0250945
0000002630,-0.0296101
0000002640,0.00484954
0000002650,-0.0239305
0000002660,-0.0081647
0000002670,-0.00431128
0000002680,-0.0303048
0000002690,-0.0262541
0000002700,-0.0135124
0000002710,0.00104685
0000002720,-0.0173107
0000002730,-0.0233881
0000002740,-0.0217455
0000002750,-0.0208513
0000002760,-0.0103917
0000002770,-0.0138029
0000002780,-0.0219951
0000002790,-0.0209544
0000002800,-0.0239272
0000002810,-0.0156595
0000002820,-0.0161316
0000002830,-0.0281886
0000002840,-0.011492
0000002850,0.00239695
0000002860,-0.0174639
0000002870,0.000864865
0000002880,-0.0102482
0000002890,-0.0100218
0000002900,-0.0121799
0000002910,-0.0174653
0000002920,-0.0264748
0000002930,-0.00736868
0000002940,-0.0301206
0000002950,-0.0287694
0000002960,-0.0156857
0000002970,0.00340059
0000002980,-0.0168965
0000002990,-0.004486
0000003000,-0.024814
0000003010,-0.0006973
0000003020,-0.0259078
0000003030,-0.00501659
0000003040,-0.0072819
0000003050,-0.00972122
0000003060,-0.0235912
0000003070,-0.0161542
0000003080,-0.0209143
0000003090,-0.0240438
0000003100,-0.0254841
0000003110,-0.00841032
0000003120,-0.00894352
0000003130,-0.00427241
0000003140,0.00359474
0000003150,-0.0327095
0000003160,-0.0135554
0000003170,-0.026835
0000003180,-0.00801935
0000003190,-0.0134994
0000003200,-0.0106187
0000003210,-0.0141245
0000003220,-0.0199342
0000003230,-0.0156997
0000003240,-0.0317251
0000003250,-0.010597
0000003260,-0.0194326
0000003270,-0.00533689
0000003280,-0.014477
0000003290,-0.00661592
0000003300,-0.013753
0000003310,-0.0103491
0000003320,-0.00957352
0000003330,-0.016883
0000003340,-0.0121235
0000003350,-0.012154
0000003360,-0.0134206
0000003370,-0.0114013
0000003380,-0.0156808
0000003390,-0.0101456
0000003400,-0.0281718
0000003410,-0.00203269
0000003420,-0.01526
0000003430,-0.016492
0000003440,-0.0376125
0000003450,-0.0187144
0000003460,-0.0151733
0000003470,-0.0134241
0000003480,-0.00649668
0000003490,-0.0233516
0000003500,-0.020741
0000003510,-0.025302
0000003520,-0.00826571
0000003530,-0.027775
0000003540,-0.0285535
0000003550,-0.0118795
0000003560,-0.0460571
0000003570,-0.0135567
0000003580,-0.0121333
0000003590,-0.0181182
0000003600,-0.0334712
0000003610,-0.00393418
0000003620,-0.0123915
0000003630,-0.0162791
0000003640,-0.0356931
0000003650,-0.00581614
0000003660,-0.00424584
0000003670,-0.0131336
0000003680,-0.0317805
0000003690,-0.00522204
0000003700,0.0111865
0000003710,-0.00908476
0000003720,-0.00243289
0000003730,-0.0460127
0000003740,-0.018216
0000003750,-0.0203743
0000003760,-0.0134001
0000003770,-0.0164023
0000003780,-0.00893572
0000003790,0.00591419
0000003800,-0.0190993
0000003810,-0.00189382
0000003820,-0.0283
0000003830,-0.011449
0000003840,-0.0237399
0000003850,-0.000616796
0000003860,-0.00490613
0000003870,-0.0241889
0000003880,-0.0166275
0000003890,-0.000127767
0000003900,-0.019493
0000003910,-0.00463354
0000003920,-0.0277035
0000003930,-0.0168131
0000003940,-0.0130683
0000003950,0.00162086
0000003960,-0.0238683
0000003970,-0.0266813
0000003980,-0.0139137
0000003990,0.00280849
0000004000,-0.0142067
0000004010,-0.0282347
0000004020,-0.016272
0000004030,-0.0320667
0000004040,-0.00620284
0000004050,-0.0106684
0000004060,-0.00543785
0000004070,-0.0152446
0000004080,-0.0242247
0000004090,-0.0113483
0000004100,0.0141653
0000004110,-0.020636
0000004120,-0.00248738
0000004130,-0.0066934
0000004140,-0.0199236
0000004150,-0.0111901
0000004160,-0.00547151
0000004170,0.00640171
0000004180,-0.0233836
0000004190,-0.0299534
0000004200,-0.0232437
0000004210,-0.0154136
0000004220,-0.0257638
0000004230,-0.0116104
0000004240,-0.0151186
0000004250,-0.0126092
0000004260,-0.00357669
0000004270,-0.0168934
0000004280,0.00253027
0000004290,-0.0228563
0000004300,-0.0053313
0000004310,-0.0152748
0000004320,-0.00137105
0000004330,-0.0124603
0000004340,-0.0175145
0000004350,-0.027954
0000004360,-0.013263
0000004370,-0.013536
0000004380,-0.00293894
0000004390,-0.0137744
0000004400,-0.0289937
0000004410,-0.0234763
0000004420,-0.0157322
0000004430,-0.0227657
0000004440,-0.0200159
0000004450,-0.0112087
0000004460,-0.0208011
0000004470,-0.030333
0000004480,-0.0108066
0000004490,-0.0181092
0000004500,-0.022107
0000004510,-0.0142549
0000004520,-0.0142059
0000004530,-0.00638405
0000004540,-0.0186335
0000004550,-0.00959838
0000004560,-0.00820826
0000004570,-0.0167215
0000004580,-0.00515088
0000004590,-0.00632307
0000004600,-0.00905524
0000004610,-0.0123837
0000004620,-0.0111316
0000004630,-0.0268523
0000004640,-0.00406434
0000004650,-0.0215807
0000004660,-0.0246298
0000004670,-0.0100523
0000004680,-0.0285257
0000004690,-0.0109965
0000004700,-0.00324591
0000004710,-0.0107477
0000004720,-0.020312
0000004730,-0.0119683
0000004740,-0.020995
0000004750,-0.00628259
0000004760,-0.00689386
0000004770,-0.0214531
0000004780,-0.0148029
0000004790,-0.00442767
0000004800,-0.0228404
0000004810,-0.0090497
0000004820,-0.00113331
0000004830,-0.00547572
0000004840,-0.013782
0000004850,0.00214037
0000004860,-0.0185444
0000004870,-0.0152769
0000004880,-0.0177615
0000004890,-0.0169802
0000004900,-0.0163343
0000004910,-0.00843162
0000004920,-0.014711
0000004930,-0.00721935
0000004940,-0.0146691
0000004950,-0.0243391
0000004960,-0.0170061
0000004970,-0.0173872
0000004980,-0.0192336
0000004990,-0.0265288
0000005000,-0.00323725
0000005010,-0.0106172
0000005020,-0.0135955
0000005030,0.00193403
0000005040,-0.00577674
0000005050,-0.00548207
0000005060,-0.00834497
0000005070,-0.0100101
0000005080,-0.0272216
0000005090,-0.0200692
0000005100,-0.0113056
0000005110,-0.00918916
0000005120,-0.0170166
0000005130,0.00376755
0000005140,-0.00396375
0000005150,-0.00939691
0000005160,0.000565303
0000005170,-0.0176409
0000005180,-0.0149539
0000005190,-0.00305797
0000005200,-0.0180381
0000005210,-0.0235177
0000005220,-0.0169464
0000005230,-0.00753802
0000005240,-0.0166776
0000005250,-0.0150297
0000005260,-0.0114836
0000005270,-0.00821676
0000005280,-0.00499836
0000005290,-0.0132044
0000005300,-0.011559
0000005310,-0.0135041
0000005320,-0.0150265
0000005330,-0.0132619
0000005340,-0.0266487
0000005350,-0.014737
0000005360,-0.0123702
0000005370,-0.0207679
0000005380,-0.0053834
0000005390,-0.0187829
0000005400,-0.019569
0000005410,-0.0166798
0000005420,-7.46517e-05
0000005430,-0.0163149
0000005440,-0.0292681
0000005450,-0.0105621
0000005460,-0.0115788
0000005470,0.000241195
0000005480,-0.0190038
0000005490,-0.014189
0000005500,-0.0118292
0000005510,-0.0111383
0000005520,-0.0298282
0000005530,-0.0162997
0000005540,-0.0228761
0000005550,-0.025156
0000005560,-0.0242195
0000005570,-0.0164039
0000005580,-0.0281887
0000005590,-0.0171487
0000005600,-0.0216297
0000005610,-0.0224125
0000005620,-0.0245996
0000005630,-0.0240545
0000005640,-0.0157616
0000005650,-0.0165224
0000005660,-0.00772041
0000005670,0.00172286
0000005680,-0.00608678
0000005690,-0.00229248
0000005700,-0.0214139
0000005710,0.000407219
0000005720,-0.00597797
0000005730,-0.0291656
0000005740,-0.00770159
0000005750,-0.0170048
0000005760,0.00246847
0000005770,-0.0231016
0000005780,-0.0272947
0000005790,-0.0195064
0000005800,-0.0122023
0000005810,-0.00343138
0000005820,-0.0171588
0000005830,-0.00867939
0000005840,-0.0115029
0000005850,-0.0226509
0000005860,-0.0239438
0000005870,-0.0136074
0000005880,-0.0141716
0000005890,-0.0201586
0000005900,-0.0126691
0000005910,-0.00721285
0000005920,-0.0126016
0000005930,-0.0269666
0000005940,-0.0251846
0000005950,-0.0102076
0000005960,-0.0167928
0000005970,-0.015461
0000005980,-0.0235265
0000005990,-0.0235454
0000006000,-0.00505211
0000006010,-0.0282211
0000006020,-0.0159758
0000006030,-0.0241397
0000006040,-0.00563286
0000006050,-0.0177954
0000006060,-0.0202811
0000006070,-0.0179373
0000006080,-0.0258222
0000006090,-0.0191262
0000006100,-0.00196937
0000006110,-0.00434035
0000006120,-0.0114288
0000006130,-0.0106693
0000006140,-0.0161367
0000006150,-0.0151706
0000006160,-0.00669461
0000006170,-0.0193901
0000006180,-0.0185568
0000006190,-0.023974
0000006200,-0.0221491
0000006210,-0.0355838
0000006220,-0.00850406
0000006230,-0.0121427
0000006240,-0.0143039
0000006250,-0.0129373
0000006260,-0.0132685
0000006270,-0.021223
0000006280,-0.00957268
0000006290,0.000626958
0000006300,-0.0170341
0000006310,-0.0262555
0000006320,-0.0177496
0000006330,-0.00196855
0000006340,-0.018861
0000006350,-0.0109497
0000006360,-0.0106827
0000006370,-0.0111059
0000006380,-0.0196976
0000006390,-0.0232056
0000006400,-0.0079934
0000006410,-0.0120058
0000006420,-0.00660019
0000006430,-0.0215727
0000006440,-0.00607944
0000006450,-0.0350705
0000006460,-0.0229406
0000006470,0.000931073
0000006480,0.00218398
0000006490,-0.00630087
0000006500,-0.0214437
0000006510,-0.0183835
0000006520,-0.0161644
0000006530,-0.0169112
0000006540,-0.0155222
0000006550,-0.0191302
0000006560,-0.00659236
0000006570,-0.0235821
0000006580,-0.0198427
0000006590,-0.0325656
0000006600,-0.0159525
0000006610,-0.0332228
0000006620,-0.000828704
0000006630,-0.0226681
0000006640,-0.00665924
0000006650,-0.00738379
0000006660,-0.00168275
0000006670,-0.0271153
0000006680,-0.0184933
0000006690,-0.0136976
0000006700,-0.0257077
0000006710,-0.014683
0000006720,-0.00670061
0000006730,1.63867e-05
0000006740,-0.0157168
0000006750,-0.0238172
0000006760,-0.013448
0000006770,-0.0144247
0000006780,-0.0393135
0000006790,-0.00672219
0000006800,-0.0194429
0000006810,0.00107159
0000006820,-0.00378141
0000006830,-0.0263916
0000006840,-0.00490982
0000006850,-0.0261043
0000006860,-0.0131423
0000006870,-0.0188372
0000006880,-0.0126919
0000006890,-0.0209479
0000006900,-0.00751412
0000006910,-0.027602
0000006920,-0.0241767
0000006930,-0.00595656
0000006940,-0.0169132
0000006950,-0.0120454
0000006960,-0.0250374
0000006970,-0.00816009
0000006980,-0.024142
0000006990,-0.0281521
0000007000,-0.000138595
0000007010,-0.0102036
0000007020,-0.00951224
0000007030,-0.00706637
0000007040,-0.0161581
0000007050,-0.0278213
0000007060,-0.0117402
0000007070,-0.00442181
0000007080,-0.0200081
0000007090,-0.0203574
0000007100,-0.0219885
0000007110,-0.014833
0000007120,-0.0244865
0000007130,-0.0215559
0000007140,-0.018182
0000007150,-0.00986981
0000007160,-0.0251759
0000007170,-0.0191169
0000007180,-0.00847216
0000007190,-0.0272257
0000007200,-0.0102873
0000007210,-0.0144155
0000007220,-0.0248401
0000007230,-0.0188939
0000007240,-0.0225326
0000007250,-0.00288904
0000007260,-0.0137491
0000007270,-0.020424
0000007280,-0.0258144
0000007290,-0.0194013
0000007300,-0.0144015
0000007310,-0.00878597
0000007320,-0.0116875
0000007330,-0.00701859
0000007340,-0.0171118
0000007350,-0.0234695
0000007360,-0.0152895
0000007370,-0.014417
0000007380,-0.00625208
0000007390,-0.00556079
0000007400,-0.010052
0000007410,-0.0109217
0000007420,-0.0115475
0000007430,-0.0211663
0000007440,-0.0138752
0000007450,-0.0267719
0000007460,-0.0262178
0000007470,-0.00961043
0000007480,-0.0239314
0000007490,-0.00477775
0000007500,-0.0330518
0000007510,-0.0244124
0000007520,-0.0192038
0000007530,-0.0257355
0000007540,-0.00220354
0000007550,-0.019654
0000007560,-0.0136073
0000007570,-0.00441929
0000007580,-0.0179695
0000007590,-0.0155266
0000007600,-0.00696257
0000007610,-0.0178204
0000007620,-0.0250943
0000007630,-0.013019
0000007640,-0.00718711
0000007650,-0.00454241
0000007660,-0.019366
0000007670,-0.0154622
0000007680,-0.0215739
0000007690,-0.0146778
0000007700,-0.024158
0000007710,-0.00888316
0000007720,-0.0139285
0000007730,-0.00707016
0000007740,-0.0144421
0000007750,-0.0121663
0000007760,-0.00760216
0000007770,-0.0251488
0000007780,-0.0208724
0000007790,-0.0152882
0000007800,-0.0226448
0000007810,-0.0218833
0000007820,-0.0187387
0000007830,-0.0310741
0000007840,0.000170275
0000007850,-0.0212991
0000007860,-0.0149079
0000007870,-0.0122465
0000007880,-0.0134514
0000007890,-0.0184249
0000007900,-0.0192201
0000007910,-0.0254377
0000007920,-0.0106097
0000007930,-0.0213799
0000007940,-0.00960334
0000007950,-0.00739119
0000007960,0.00206708
0000007970,-0.0170791
0000007980,-0.0161775
0000007990,-0.00948274
0000008000,-0.0158559
0000008010,-0.0163048
0000008020,-0.0167948
0000008030,-0.0119972
0000008040,-0.0112913
0000008050,-0.0173595
0000008060,-0.0196025
0000008070,-0.0140544
0000008080,-0.0221554
0000008090,-0.0318114
0000008100,-0.0258626
0000008110,-0.00897007
0000008120,-0.0309049
0000008130,-0.0155736
0000008140,-0.0208201
0000008150,-0.00869458
0000008160,-0.0104785
0000008170,-0.010534
0000008180,-0.0147524
0000008190,-0.0195428
0000008200,-0.0175046
0000008210,-0.0108496
0000008220,-0.0286925
0000008230,-0.01137
0000008240,-0.0235882
0000008250,-0.0178059
0000008260,-0.018507
0000008270,-0.0108331
0000008280,-0.00889534
0000008290,-0.0191787
0000008300,-0.0104176
0000008310,-0.0170419
0000008320,-0.0189694
0000008330,-0.0143768
0000008340,-0.0071013
0000008350,-0.00830567
0000008360,-0.032027
0000008370,-0.013943
0000008380,-0.0174198
0000008390,-0.0287716
0000008400,-0.0141484
0000008410,-0.0246649
0000008420,-0.00484639
0000008430,-0.0168407
0000008440,-0.0109012
0000008450,-0.0150765
0000008460,-0.0175428
0000008470,-0.00879284
0000008480,-0.0155326
0000008490,-0.0141287
0000008500,-0.0223636
0000008510,-0.016017
0000008520,-0.0263005
0000008530,-0.0202395
0000008540,-0.017082
0000008550,-0.0158334
0000008560,-0.0199962
0000008570,-0.00581483
0000008580,-0.00309966
0000008590,-0.0201788
0000008600,-0.0185106
0000008610,-0.0108276
0000008620,-0.0168573
0000008630,-0.01818
0000008640,-0.0148048
0000008650,-0.00815779
0000008660,-0.0184473
0000008670,-0.0221806
0000008680,-0.0145645
0000008690,-0.0186079
0000008700,-0.00422149
0000008710,-0.0235489
0000008720,-0.0136745
0000008730,-0.0147323
0000008740,-0.00280688
0000008750,-0.0226907
0000008760,-0.0156453
0000008770,-0.0103077
0000008780,-0.0246687
0000008790,-0.0193415
0000008800,-0.00577762
0000008810,0.000243976
0000008820,-0.0265632
0000008830,-0.0208367
0000008840,-0.0148469
0000008850,-0.00818191
0000008860,-0.0113089
0000008870,-0.0291311
0000008880,-0.0248439
0000008890,0.000392868
0000008900,-0.0138996
0000008910,-0.00710127
0000008920,-0.0120948
0000008930,-0.032582
0000008940,-0.00709134
0000008950,-0.0107832
0000008960,-0.0054574
0000008970,-0.004883
0000008980,-0.0168974
0000008990,-0.0135965
0000009000,-0.00698851
0000009010,-0.0257349
0000009020,-0.0176763
0000009030,-0.0233322
0000009040,-0.0309911
0000009050,-0.017601
0000009060,-0.0168875
0000009070,-0.0217423
0000009080,-0.0202153
0000009090,-0.014076
0000009100,-0.00743228
0000009110,-0.00697483
0000009120,-0.0228238
0000009130,-0.0110056
0000009140,0.000400535
0000009150,-0.0233033
0000009160,-0.0214352
0000009170,-0.0292787
0000009180,-0.023151
0000009190,-0.0216201
0000009200,-0.0137685
0000009210,-0.0214838
0000009220,-0.0182815
0000009230,-0.0246658
0000009240,-0.0114395
0000009250,-0.027885
0000009260,-0.0114394
0000009270,-0.0147472
0000009280,-0.0140369
0000009290,-0.0196878
0000009300,-0.00842728
0000009310,-0.0124971
0000009320,-0.00968466
0000009330,-0.0225836
0000009340,-0.0280588
0000009350,-0.00297876
0000009360,-0.00533343
0000009370,-0.00537468
0000009380,-0.0236479
0000009390,-0.018002
0000009400,-0.0165258
0000009410,-0.0187867
0000009420,-0.00238462
0000009430,-0.00904234
0000009440,-0.0110937
0000009450,-0.0128871
0000009460,-0.0127668
0000009470,-0.0287595
0000009480,-0.0269758
0000009490,-0.01964
0000009500,-0.00945294
0000009510,-0.0120236
0000009520,-0.020133
0000009530,-0.0142752
0000009540,-0.0222864
0000009550,0.000857185
0000009560,-0.0337093
0000009570,-0.0144987
0000009580,-0.0167329
0000009590,-0.0093755
0000009600,-0.0144486
0000009610,-0.0222978
0000009620,-0.0232851
0000009630,-0.0162179
0000009640,-0.0186835
0000009650,-0.0253905
0000009660,-0.00710137
0000009670,-0.0100356
0000009680,-0.0167201
0000009690,-0.0136018
0000009700,-0.00314743
0000009710,-0.0316873
0000009720,-0.0378749
0000009730,-0.0130007
0000009740,-0.00163471
0000009750,-0.00764904
0000009760,-0.0197932
0000009770,-0.0166787
0000009780,-0.0310405
0000009790,-0.0133638
0000009800,-0.0311748
0000009810,-0.0316661
0000009820,-0.031914
0000009830,-0.0228939
0000009840,-0.0226056
0000009850,-0.012777
0000009860,-0.0133261
0000009870,-0.024066
0000009880,-0.00423037
0000009890,-0.0255869
0000009900,-0.0159558
0000009910,-0.0143016
0000009920,-0.0154163
0000009930,-0.0123709
0000009940,-0.0097803
0000009950,-0.0215267
0000009960,-0.0113334
0000009970,-0.00560116
0000009980,-0.0166606
0000009990,-0.0319838
0000010000,-0.00575778
0000010010,-0.0162818
0000010020,-0.0067102
0000010030,-0.0111399
0000010040,-0.0122739
0000010050,-0.0345245
0000010060,-0.00159441
0000010070,-0.019935
0000010080,-0.0255848
0000010090,0.00241168
0000010100,-0.013912
0000010110,-0.00879399
0000010120,-0.00838405
0000010130,-0.0191792
0000010140,-0.00845933
0000010150,-0.0215005
0000010160,-0.0072685
0000010170,-0.00959186
0000010180,-0.0217354
0000010190,-0.0228933
0000010200,-0.0113992
0000010210,-0.0277513
0000010220,-0.0324721
0000010230,-0.01816
0000010240,-0.0184585
0000010250,-0.0163275
0000010260,-0.00884566
0000010270,-0.00493533
0000010280,-0.0103016
0000010290,-0.0138997
0000010300,-0.0147219
0000010310,-0.0102017
0000010320,-0.0154739
0000010330,-0.0232453
0000010340,-0.0333053
0000010350,-0.0152321
0000010360,-0.0264888
0000010370,-0.0195713
0000010380,-0.0195959
0000010390,-0.00705766
0000010400,-0.0164257
0000010410,-0.0123078
0000010420,-0.0129524
0000010430,-0.0240253
0000010440,-0.0258674
0000010450,-0.00493687
0000010460,-0.0106126
0000010470,-0.0107204
0000010480,-0.000831144
0000010490,-0.019993
0000010500,-0.00790757
0000010510,-0.0153951
0000010520,-0.0229303
0000010530,-0.00969273
0000010540,-0.0402751
0000010550,-0.011828
0000010560,-0.00698688
0000010570,-0.0224744
0000010580,-0.0140053
0000010590,-0.0161231
0000010600,-0.0196067
0000010610,-0.0161998
0000010620,-0.0245318
0000010630,-0.0208638
0000010640,-0.0262667
0000010650,-0.00846985
0000010660,-0.0242771
0000010670,-0.0109943
0000010680,-0.0208117
0000010690,-0.0121947
0000010700,-0.017719
0000010710,-0.0125634
0000010720,-0.010919
0000010730,-0.00661359
0000010740,-0.0137804
0000010750,-0.0161574
0000010760,0.00129982
0000010770,-0.036893
0000010780,-0.017463
0000010790,-0.0207819
0000010800,-0.0132949
0000010810,-0.018548
0000010820,-0.0252821
0000010830,-0.0159583
0000010840,-0.00213994
0000010850,-0.0205194
0000010860,-0.0165798
0000010870,-0.0125558
0000010880,0.000124083
0000010890,-0.0188525
0000010900,-0.022997
0000010910,-0.00237017
0000010920,-0.0279569
0000010930,-0.021858
0000010940,-0.0190462
0000010950,-0.00252551
0000010960,-0.00829994
0000010970,-0.0208683
0000010980,-0.019812
0000010990,-0.0122922
0000011000,-0.00714749
0000011010,-0.00375741
0000011020,-0.0135966
0000011030,-0.00674301
0000011040,-0.0204563
0000011050,-0.0261921
0000011060,-0.022088
0000011070,-0.0104328
0000011080,0.000413214
0000011090,-0.00913576
0000011100,-0.0106576
0000011110,-0.0042368
0000011120,-0.0256634
0000011130,-0.0190873
0000011140,-0.00687236
0000011150,-0.0157716
0000011160,1.41895e-06
0000011170,-0.0152704
0000011180,-0.0203316
0000011190,-0.0257324
0000011200,-0.0029438
0000011210,-0.0170319
0000011220,-0.0173083
0000011230,-0.00579015
0000011240,-0.0174762
0000011250,-0.0284806
0000011260,-0.00431574
0000011270,-0.0118931
0000011280,-0.0327123
0000011290,-0.0198801
0000011300,-0.0267091
0000011310,-0.0239751
0000011320,-0.022342
0000011330,-0.0331741
0000011340,-0.0108137
0000011350,-0.0191407
0000011360,-0.0177954
0000011370,-0.0210546
0000011380,-0.0127093
0000011390,-0.0152408
0000011400,-0.0111393
0000011410,-0.0133272
0000011420,-0.0116787
0000011430,-0.0243217
0000011440,-0.0287411
0000011450,-0.00699755
0000011460,-0.0301177
0000011470,-0.0222373
0000011480,-0.0164604
0000011490,-0.0177987
0000011500,-0.0216625
0000011510,-0.0225022
0000011520,-0.020848
0000011530,-0.00725784
0000011540,-0.0191366
0000011550,-0.0100857
0000011560,-0.0181473
0000011570,-0.00761566
0000011580,-0.0145257
0000011590,-0.0144424
0000011600,-0.0106169
0000011610,-0.0106622
0000011620,-0.00509533
0000011630,-0.00901311
0000011640,-0.0222066
0000011650,-0.0234822
0000011660,-0.0197435
0000011670,-0.017083
0000011680,-0.0242567
0000011690,-0.0169261
0000011700,-0.0123424
0000011710,-0.0217467
0000011720,-0.0143605
0000011730,-0.00454687
0000011740,-0.0253427
0000011750,-0.0125541
0000011760,-0.0126773
0000011770,-0.00814899
0000011780,-0.0103747
0000011790,-0.0291327
0000011800,-0.0248002
0000011810,-0.0168244
0000011820,0.000440939
0000011830,-0.0215628
0000011840,-0.0108496
0000011850,-0.0151708
0000011860,-0.00933778
0000011870,-0.00606542
0000011880,-0.0295737
0000011890,-0.0200742
0000011900,-0.0087668
0000011910,-0.0092865
0000011920,-0.0204331
0000011930,-0.0265915
0000011940,-0.00912609
0000011950,-0.0111481
0000011960,-0.00227533
0000011970,-0.011469
0000011980,-0.0233111
0000011990,-0.0190782
0000012000,-0.014909
0000012010,-0.00288975
0000012020,-0.0243793
0000012030,-0.0123897
0000012040,-0.0163585
0000012050,-0.0277226
0000012060,-0.0149297
0000012070,-0.0324729
0000012080,-0.0171818
0000012090,-0.0022592
0000012100,-0.0276072
0000012110,0.000585242
0000012120,-0.016626
0000012130,-0.0149947
0000012140,-0.0281863
0000012150,-0.0135402
0000012160,-0.00508164
0000012170,-0.00139204
0000012180,-0.00922935
0000012190,-0.00633117
0000012200,-0.00986455
0000012210,-0.0267593
0000012220,-0.0184295
0000012230,-0.00629489
0000012240,0.00182349
0000012250,-0.00987832
0000012260,-0.0161267
0000012270,-0.00645025
0000012280,-0.0161767
0000012290,-0.0304159
0000012300,-0.013689
0000012310,-0.02272
0000012320,-0.0209315
0000012330,-0.0146285
0000012340,-0.0108954
0000012350,-0.0127485
0000012360,-0.0251357
0000012370,-0.0155901
0000012380,-0.0260819
0000012390,0.00104447
0000012400,-0.0111709
0000012410,-0.011623
0000012420,-0.0253286
0000012430,-0.0243263
0000012440,-0.0249438
0000012450,-0.00998864
0000012460,-0.0216607
0000012470,-0.0144164
0000012480,-0.0150737
0000012490,-0.0157229
0000012500,-0.0145335
0000012510,-0.00866779
0000012520,-0.0178733
0000012530,-0.0269883
0000012540,-0.00592087
0000012550,-0.0112766
0000012560,-0.02222
0000012570,-0.00145246
0000012580,-0.00757216
0000012590,-0.00145145
0000012600,-0.0198281
0000012610,-0.00421077
0000012620,-0.0154138
0000012630,-0.0236501
0000012640,-0.0136894
0000012650,-0.0185518
0000012660,-0.0260186
0000012670,-0.00989992
0000012680,-0.0154457
0000012690,-0.0112864
0000012700,-0.00262097
0000012710,-0.0145932
0000012720,-0.0161097
0000012730,-0.0117837
0000012740,-0.0290176
0000012750,-0.0290682
0000012760,-0.013183
0000012770,-0.0327179
0000012780,0.00173981
0000012790,-0.0132639
0000012800,-0.0139204
0000012810,0.0040229
0000012820,-0.0245489
0000012830,-0.00300857
0000012840,-0.0143828
0000012850,-0.0212434
0000012860,-0.0171523
0000012870,-0.0150628
0000012880,-0.0144654
0000012890,-0.0182834
0000012900,-0.0175706
0000012910,-0.0258071
0000012920,-0.0177827
0000012930,-0.00920954
0000012940,-0.0108133
0000012950,-0.0316097
0000012960,-0.00812555
0000012970,-0.0300793
0000012980,-0.00940373
0000012990,-0.0108829
0000013000,-0.009083
0000013010,-0.0172943
0000013020,-0.0259467
0000013030,-0.0200561
0000013040,-0.0195337
0000013050,-0.026113
0000013060,-0.0115303
0000013070,-0.00688898
0000013080,-0.0181621
0000013090,-0.0182738
0000013100,-0.0124235
0000013110,-0.007363
0000013120,-0.0143527
0000013130,-0.0191753
0000013140,-0.0168145
0000013150,-0.0128535
0000013160,-0.0154423
0000013170,-0.0107776
0000013180,-0.0176838
0000013190,-0.0174493
0000013200,-0.0332507
0000013210,-0.0228728
0000013220,-0.015633
0000013230,-0.00671158
0000013240,-0.0160398
0000013250,-0.0382844
0000013260,-0.00372379
0000013270,-0.0213927
0000013280,-0.0232564
0000013290,-0.00904755
0000013300,-0.0187585
0000013310,-0.00441071
0000013320,-0.0108695
0000013330,-0.0201709
0000013340,-0.023341
0000013350,-0.0134666
0000013360,-0.0180855
0000013370,-0.01215
0000013380,-0.0141851
0000013390,-0.0144625
0000013400,-0.0204447
0000013410,-0.0193014
0000013420,-0.00667487
0000013430,-0.019648
0000013440,-0.00539859
0000013450,-0.0179202
0000013460,-0.020431
0000013470,-0.0213633
0000013480,-0.0212207
0000013490,-0.0111855
0000013500,-0.0153092
0000013510,-0.00999857
0000013520,-0.00913494
0000013530,-0.0189972
0000013540,-0.0160585
0000013550,-0.0205036
0000013560,-0.00962962
0000013570,-0.019668
0000013580,-0.00653506
0000013590,-0.013314
0000013600,-0.0161823
0000013610,-0.0283891
0000013620,-0.012968
0000013630,0.000379171
0000013640,-0.0136044
0000013650,-0.013147
0000013660,-0.0231455
0000013670,-0.00620423
0000013680,-0.0329802
0000013690,-0.00486297
0000013700,-0.00913908
0000013710,-0.0027339
0000013720,-0.00859728
0000013730,-0.0171303
0000013740,-0.00694047
0000013750,-0.0113972
0000013760,-0.024125
0000013770,-0.0184476
0000013780,-0.00331343
0000013790,-0.018815
0000013800,-0.00756451
0000013810,-0.0156259
0000013820,-0.00987878
0000013830,-0.0198871
0000013840,-0.0175165
0000013850,-0.0171732
0000013860,-0.018327
0000013870,-0.0208802
0000013880,-0.0122152
0000013890,0.00378164
0000013900,-0.00356735
0000013910,-0.0166009
0000013920,-0.0142197
0000013930,-0.0317134
0000013940,-0.0172609
0000013950,-0.00813498
0000013960,-0.0287987
0000013970,-0.0123996
0000013980,-0.0150023
0000013990,-0.0108004
0000014000,-0.015211
0000014010,-0.00528791
0000014020,-0.00616502
0000014030,-0.0213752
0000014040,-0.0134335
0000014050,-0.0180455
0000014060,-0.0156992
0000014070,-0.0116063
0000014080,-0.018392
0000014090,-0.0168038
0000014100,-0.00822605
0000014110,-0.0199751
0000014120,-0.0119782
0000014130,-0.0104928
0000014140,-0.0126805
0000014150,-0.00708761
0000014160,-0.0166632
0000014170,-0.00567046
0000014180,-0.0196201
0000014190,-0.013056
0000014200,-0.0268814
0000014210,-0.0154345
0000014220,-0.0101227
0000014230,-0.00567864
0000014240,-0.0118344
0000014250,-0.0327247
0000014260,-0.0174591
0000014270,-0.0246262
0000014280,-0.0233588
0000014290,-0.0028676
0000014300,-0.0150536
0000014310,-0.00986055
0000014320,-0.0131978
0000014330,-0.00578119
0000014340,-0.00760193
0000014350,-0.00935063
0000014360,-0.0113291
0000014370,-0.0232248
0000014380,-0.0150218
0000014390,-0.0136775
0000014400,-0.00494501
0000014410,-0.00294488
0000014420,-0.0286811
0000014430,-0.0151227
0000014440,-0.0114007
0000014450,-0.00836094
0000014460,-0.0146659
0000014470,-0.00361373
0000014480,-0.000909755
0000014490,-0.0157518
0000014500,-0.0225583
0000014510,-0.0123374
0000014520,-0.02428
0000014530,-0.00542214
0000014540,-0.0135577
0000014550,-0.00623426
0000014560,-0.0188594
0000014570,-0.0141079
0000014580,-0.0131629
0000014590,-0.0256527
0000014600,-0.0178254
0000014610,-0.0173351
0000014620,-0.0141125
0000014630,-0.0134963
0000014640,-0.0219553
0000014650,-0.00644433
0000014660,-0.0162531
0000014670,-0.0126937
0000014680,-0.0238873
0000014690,-0.0135114
0000014700,-0.0161272
0000014710,-0.0272195
0000014720,-0.0246262
0000014730,-0.0231604
0000014740,-0.0168798
0000014750,-0.0144557
0000014760,-0.0090123
0000014770,-0.0158403
0000014780,-0.031879
0000014790,-0.0220149
0000014800,-0.0204389
0000014810,-0.023575
0000014820,-0.0125629
0000014830,-0.00700398
0000014840,-0.00518849
0000014850,-0.0224893
0000014860,-0.017623
0000014870,-0.0244321
0000014880,-0.0152057
0000014890,-0.0220092
0000014900,-0.0147261
0000014910,-0.0232657
0000014920,-0.0247002
0000014930,-0.00607723
0000014940,-0.0273442
0000014950,-0.00796771
0000014960,-0.020027
0000014970,-0.0125135
0000014980,-0.0268668
0000014990,-0.0166948
0000015000,-0.0112036
0000015010,-0.0185359
0000015020,-0.0143553
0000015030,-0.00314448
0000015040,-0.022063
0000015050,-0.0180133
0000015060,-0.0143083
0000015070,-0.0123654
0000015080,-0.023048
0000015090,-0.00403112
0000015100,-0.00357714
0000015110,-0.0154901
0000015120,-0.0210318
0000015130,-0.0242431
0000015140,-0.0187547
0000015150,-0.00555011
0000015160,-0.0196249
0000015170,-0.0271963
0000015180,-0.010596
0000015190,-0.00556456
0000015200,-0.0172983
0000015210,-0.0242927
0000015220,-0.0111175
0000015230,-0.0269686
0000015240,-0.0200772
0000015250,-0.0185788
0000015260,-0.00874786
0000015270,-0.0182065
0000015280,-0.0110273
0000015290,-0.0157335
0000015300,-0.0166605
0000015310,-0.00921935
0000015320,-0.0208919
0000015330,-0.0105823
0000015340,-0.0226259
0000015350,-0.0221347
0000015360,-0.00418391
0000015370,-0.0187685
0000015380,-0.0153112
0000015390,-0.017312
0000015400,-0.00892805
0000015410,-0.00399179
0000015420,-0.0133268
0000015430,-0.0100931
0000015440,-0.00523059
0000015450,-0.00518113
0000015460,-0.00911013
0000015470,-0.0216223
0000015480,-0.00639172
0000015490,-0.0156722
0000015500,-0.0108659
0000015510,-0.0217081
0000015520,-0.0141153
0000015530,-0.0176593
0000015540,-0.0285506
0000015550,-0.00990355
0000015560,-0.0090999
0000015570,-0.0145052
0000015580,-0.0158005
0000015590,-0.0153434
0000015600,-0.0239842
0000015610,-0.0103021
0000015620,-0.00318623
0000015630,-0.0121036
0000015640,-0.0131667
0000015650,-0.0155106
0000015660,-0.0169469
0000015670,-0.00984923
0000015680,-0.0251482
0000015690,-0.0122197
0000015700,-0.0152332
0000015710,-0.00800469
0000015720,-0.00247437
0000015730,0.0062626
0000015740,-0.0158466
0000015750,-0.0198349
0000015760,-0.0207318
0000015770,-0.0128991
0000015780,-0.00691991
0000015790,-0.00722544
0000015800,-0.0317723
0000015810,-0.00879699
0000015820,-0.0195596
0000015830,-0.0122542
0000015840,-0.0189245
0000015850,-0.0278311
0000015860,-0.013824
0000015870,-0.0215665
0000015880,-0.0131851
0000015890,-0.00848374
0000015900,-0.014077
0000015910,-0.00548175
0000015920,-0.0174292
0000015930,0.00106155
0000015940,-0.010812
0000015950,-0.0188023
0000015960,-0.00884721
0000015970,-0.0043627
0000015980,-0.0253297
0000015990,-0.00576222
0000016000,-0.0221721
0000016010,-0.0224697
0000016020,-0.0192591
0000016030,-0.00592218
0000016040,-0.0126095
0000016050,-0.0156987
0000016060,-0.0170693
0000016070,-0.00748534
0000016080,-0.0155852
0000016090,-0.0173432
0000016100,-0.000788204
0000016110,-0.0146899
0000016120,-0.0297721
0000016130,-0.0201503
0000016140,-0.0283188
0000016150,-0.0197419
0000016160,-0.00499946
0000016170,-0.00866347
0000016180,-0.0152214
0000016190,-0.0103188
0000016200,-0.011637
0000016210,-0.0198982
0000016220,-0.0159037
0000016230,-0.0150113
0000016240,-0.00934007
0000016250,-0.00999603
0000016260,-0.0153475
0000016270,-0.016228
0000016280,-0.0125578
0000016290,-0.00442742
0000016300,-0.0203379
0000016310,-0.0242228
0000016320,-0.016746
0000016330,-0.0240041
0000016340,-0.0153629
0000016350,-0.013996
0000016360,-0.0119232
0000016370,-0.00581487
0000016380,-0.0191673
0000016390,-0.0210719
0000016400,-0.0111479
0000016410,-0.0135125
0000016420,-0.0191645
0000016430,-0.0206284
0000016440,-0.0115372
0000016450,-0.0118158
0000016460,-0.0180286
0000016470,-0.0121417
0000016480,-0.0204247
0000016490,-0.0102419
0000016500,-0.00980503
0000016510,-0.000827596
0000016520,-0.013163
0000016530,0.00151616
0000016540,-0.0213296
0000016550,-0.00804756
0000016560,-0.0295151
0000016570,-0.00605991
0000016580,-0.0196856
0000016590,-0.0277229
0000016600,-0.0111053
0000016610,-0.0154552
0000016620,-0.0115954
0000016630,0.00147166
0000016640,-0.0184927
0000016650,-0.010269
0000016660,-0.00162958
0000016670,-0.00396798
0000016680,-0.0233674
0000016690,-0.0282351
0000016700,-0.0255482
0000016710,0.000304237
0000016720,-0.0247283
0000016730,-0.0204167
0000016740,-0.020075
0000016750,-0.00740393
0000016760,-0.0214426
0000016770,-0.0215288
0000016780,-0.0210473
0000016790,-0.0232514
0000016800,-0.0180019
0000016810,-0.0183022
0000016820,-0.0107973
0000016830,-0.0118488
0000016840,-0.0151606
0000016850,-0.0166116
0000016860,-0.0136869
0000016870,-0.0127298
0000016880,-0.00415395
0000016890,-0.0266563
0000016900,-0.00878345
0000016910,-0.0290528
0000016920,-0.0131392
0000016930,-0.0148457
0000016940,-0.0210674
0000016950,-0.0130912
0000016960,-0.00502247
0000016970,-0.0153582
0000016980,-0.0127814
0000016990,-0.01369
0000017000,-0.00367618
0000017010,-0.0355598
0000017020,-0.0203431
0000017030,-0.0117436
0000017040,-0.0242588
0000017050,-0.0203173
0000017060,-0.034582
0000017070,-0.0170279
0000017080,-0.0123686
0000017090,-0.0127639
0000017100,-0.0256033
0000017110,-0.0203072
0000017120,-0.00634983
0000017130,-0.0221915
0000017140,-0.0102391
0000017150,-0.0131113
0000017160,-0.0151028
0000017170,-0.00695243
0000017180,0.000392221
0000017190,-0.0225829
0000017200,-0.00786857
0000017210,-0.0108227
0000017220,-0.0199479
0000017230,-0.0122831
0000017240,-0.0221865
0000017250,-0.0187829
0000017260,-0.0117515
0000017270,-0.0282488
0000017280,-0.0232729
0000017290,-0.00329247
0000017300,-0.0114197
0000017310,-0.0151677
0000017320,-0.0024828
0000017330,-0.0115899
0000017340,-0.00632036
0000017350,-0.0112908
0000017360,-0.0011919
0000017370,-0.00507708
0000017380,-0.0273438
0000017390,-0.0184144
0000017400,-0.0185302
0000017410,-0.0217613
0000017420,-0.00661627
0000017430,-0.0251699
0000017440,-0.0155378
0000017450,-0.0225158
0000017460,-0.0181972
0000017470,-0.0160284
0000017480,-0.0281581
0000017490,-0.0114841
0000017500,-0.0140165
0000017510,-0.0131409
0000017520,-0.0183146
0000017530,-0.0158554
0000017540,-0.021646
0000017550,-0.00100449
0000017560,-0.00509598
0000017570,-0.0210597
0000017580,-0.0113671
0000017590,0.00103906
0000017600,-0.02688
0000017610,-0.0166912
0000017620,-0.00839398
0000017630,-0.0133248
0000017640,-0.0232159
0000017650,-0.012359
0000017660,-0.010703
0000017670,-0.0163504
0000017680,0.00354942
0000017690,-0.0157905
0000017700,-0.00586769
0000017710,-0.0202429
0000017720,-0.0226897
0000017730,-0.0317471
0000017740,-0.00891799
0000017750,-0.0201399
0000017760,-0.0230348
0000017770,-0.0108363
0000017780,-0.0298218
0000017790,-0.0238228
0000017800,-0.0322288
0000017810,-0.00306754
0000017820,-0.00783787
0000017830,-0.00305838
0000017840,-0.0259807
0000017850,-0.0161356
0000017860,-0.0124226
0000017870,-0.0080737
0000017880,-0.0155813
0000017890,-0.0169943
0000017900,-0.0120669
0000017910,-0.00339022
0000017920,-0.0212188
0000017930,-0.011812
0000017940,-0.0113493
0000017950,-0.0147025
0000017960,-0.00465627
0000017970,-0.0236162
0000017980,-0.0261664
0000017990,-0.0131581
