0000000000,-0.0249202
0000000010,0.00364577
0000000020,-0.0134333
0000000030,-0.00244254
0000000040,-0.0320396
0000000050,-0.0343346
0000000060,0.0299962
0000000070,-0.016631
0000000080,-0.0312635
0000000090,0.00135273
0000000100,-0.0342002
0000000110,-0.0202489
0000000120,0.0121218
0000000130,-0.00994373
0000000140,-0.0110522
0000000150,-0.0324008
0000000160,-0.0269588
0000000170,0.0190515
0000000180,-0.0202015
0000000190,-0.00587794
0000000200,-0.0327024
0000000210,-0.0377402
0000000220,0.0322534
0000000230,-0.00440138
0000000240,-0.0235665
0000000250,-0.0238217
0000000260,-0.0219639
0000000270,-0.0122877
0000000280,-0.0286827
0000000290,-0.0126182
0000000300,-0.0261731
0000000310,-0.0135184
0000000320,-0.0207134
0000000330,-0.0111935
0000000340,-0.0194867
0000000350,-0.0201383
0000000360,-0.0145592
0000000370,-0.0114585
0000000380,-0.00787665
0000000390,-0.00986532
0000000400,-0.00232902
0000000410,-0.0484105
0000000420,0.0133831
0000000430,-0.0108933
0000000440,-0.0433213
0000000450,0.0144493
0000000460,-0.00661457
0000000470,-0.00274105
0000000480,0.00673549
0000000490,-0.113322
0000000500,0.0437325
0000000510,-0.0245599
0000000520,-0.0508319
0000000530,-0.0238519
0000000540,0.0151365
0000000550,-0.0177035
0000000560,-0.0514217
0000000570,-0.0642726
0000000580,-0.0213661
0000000590,0.0308844
0000000600,0.00969626
0000000610,-0.0568052
0000000620,0.0153389
0000000630,-0.0547787
0000000640,-0.022942
0000000650,-0.107541
0000000660,-0.0286303
0000000670,0.025894
0000000680,-0.0266167
0000000690,-0.0177741
0000000700,-0.0230481
0000000710,-0.0186268
0000000720,-0.0130709
0000000730,-0.00707071
0000000740,-0.0270019
0000000750,-0.00696201
0000000760,-0.023067
0000000770,-0.017201
0000000780,-0.00952995
0000000790,-0.0276653
0000000800,-0.00954043
0000000810,0.00257732
0000000820,0.0292372
0000000830,-0.0138953
0000000840,-0.00645246
0000000850,-0.0093891
0000000860,-0.0403221
0000000870,0.00416053
0000000880,-0.0355389
0000000890,-0.00277583
0000000900,-0.00982275
0000000910,-0.010483
0000000920,-0.0144403
0000000930,-0.0124422
0000000940,-0.00392962
0000000950,0.00693142
0000000960,0.0225882
0000000970,-0.0290442
0000000980,-0.0254257
0000000990,-0.0273948
0000001000,-0.042041
0000001010,-0.0216091
0000001020,-0.0212263
0000001030,0.00836245
0000001040,-0.0340376
0000001050,-0.00600516
0000001060,-0.0166523
0000001070,-0.0194169
0000001080,-0.0278586
0000001090,-0.00911992
0000001100,-0.00881054
0000001110,-0.0193167
0000001120,-0.0176578
0000001130,-0.00106566
0000001140,-0.0168303
0000001150,-0.019435
0000001160,-0.0244257
0000001170,-0.00831866
0000001180,0.0223455
0000001190,-0.0225984
0000001200,0.0042731
0000001210,-0.0149057
0000001220,-0.026207
0000001230,-0.00890362
0000001240,-0.0516368
0000001250,0.00671513
0000001260,-0.0637328
0000001270,0.0596441
0000001280,-0.0193086
0000001290,-0.00808994
0000001300,-0.00232225
0000001310,-0.0259757
0000001320,-0.0173768
0000001330,-0.0140765
0000001340,-0.0146501
0000001350,-0.0251667
0000001360,-0.0156309
0000001370,-0.0259168
0000001380,-0.0148635
0000001390,0.0025688
0000001400,-0.00997141
0000001410,-0.015618
0000001420,-0.0575542
0000001430,-0.0429009
0000001440,-0.0336243
0000001450,-0.0250021
0000001460,-0.0418392
0000001470,-0.0598796
0000001480,-0.0538975
0000001490,-0.00647843
0000001500,0.0154328
0000001510,0.0143538
0000001520,-0.0078983
0000001530,-0.0523122
0000001540,-0.0179747
0000001550,-0.0334283
0000001560,-0.00343034
0000001570,0.00356207
0000001580,-0.00232675
0000001590,-0.0174725
0000001600,0.00788632
0000001610,0.00684019
0000001620,-0.0346178
0000001630,-0.0169108
0000001640,-0.00472526
0000001650,-0.00923079
0000001660,0.00211561
0000001670,-0.0202968
0000001680,-0.0159945
0000001690,-0.0157606
0000001700,-0.000615966
0000001710,-0.019396
0000001720,-0.00168847
0000001730,0.00206553
0000001740,-0.00941302
0000001750,-0.0212297
0000001760,-0.0121288
0000001770,-0.0123552
0000001780,-0.0332297
0000001790,-0.0225651
0000001800,-0.0136171
0000001810,-0.00400344
0000001820,-0.0230109
0000001830,-0.0198548
0000001840,-0.0130475
0000001850,-0.0118728
0000001860,-0.003358
0000001870,-0.0344531
0000001880,-0.0118157
0000001890,-0.00809408
0000001900,-0.000459334
0000001910,-0.00455771
0000001920,-0.0287797
0000001930,-0.030101
0000001940,-0.0227127
0000001950,-0.0179864
0000001960,-0.0118683
0000001970,-0.0064429
0000001980,-0.0202468
0000001990,-0.0282257
0000002000,-0.0198839
0000002010,-0.0176873
0000002020,-0.0121726
0000002030,-0.026994
0000002040,-0.0157628
0000002050,-0.0121702
0000002060,-0.0211975
0000002070,0.00420035
0000002080,-0.00274379
0000002090,-0.0250409
0000002100,-0.0199601
0000002110,-0.0171301
0000002120,-0.00919648
0000002130,-0.0030503
0000002140,-0.0240172
0000002150,-0.0191439
0000002160,-0.0198824
0000002170,-0.0269578
0000002180,-0.022322
0000002190,-0.0166033
0000002200,-0.012197
0000002210,-0.0163473
0000002220,-0.00755854
0000002230,-0.0195969
0000002240,-0.0128422
0000002250,-0.0291723
0000002260,-0.0374921
0000002270,-0.00810233
0000002280,-0.0299908
0000002290,0.000236528
0000002300,-0.0190034
0000002310,-0.026338
0000002320,-0.0053251
0000002330,-0.0230223
0000002340,-0.0145009
0000002350,-0.0324023
0000002360,-0.0267717
0000002370,-0.0194766
0000002380,-0.0110563
0000002390,-0.00825664
0000002400,-0.0235137
0000002410,-0.0102717
0000002420,-0.0107193
0000002430,-0.00609827
0000002440,-0.00696003
0000002450,-0.0177206
0000002460,-0.0292219
0000002470,-0.016007
0000002480,-0.0241994
0000002490,-0.0221731
0000002500,-0.0261518
0000002510,-0.00987529
0000002520,-0.0234291
0000002530,-0.00571372
0000002540,-0.0188927
0000002550,-0.0126259
0000002560,-0.0182418
0000002570,-0.036924
0000002580,0.00196374
0000002590,-0.00209709
0000002600,-0.0228346
0000002610,-0.0342077
0000002620,-0.0105764
0000002630,-0.0260267
0000002640,-0.00193724
0000002650,-0.00789177
0000002660,-0.0043528
0000002670,-0.0127792
0000002680,-0.00969633
0000002690,-0.014588
0000002700,-0.0250451
0000002710,-0.00560088
0000002720,-0.013694
0000002730,-0.0189673
0000002740,-0.0155151
0000002750,-0.0153201
0000002760,-0.0173045
0000002770,-0.0298306
0000002780,-0.0241251
0000002790,-0.0176489
0000002800,-0.0204116
0000002810,-0.0198944
0000002820,-0.0179434
0000002830,-0.0132442
0000002840,-0.011839
0000002850,-0.0245951
0000002860,-0.00312164
0000002870,-0.00355939
0000002880,-0.00976006
0000002890,-0.0277003
0000002900,-0.0331035
0000002910,-0.0294778
0000002920,-0.00856532
0000002930,-0.0200709
0000002940,-0.0147303
0000002950,-0.0124492
0000002960,-0.0200684
0000002970,-0.0206087
0000002980,-0.0105594
0000002990,-0.00845618
0000003000,-0.0135857
0000003010,-0.0169068
0000003020,-0.0228974
0000003030,-0.01004
0000003040,-0.0183269
0000003050,-0.0206768
0000003060,-0.0199264
0000003070,-0.00488039
0000003080,-0.0195539
0000003090,-0.0282853
0000003100,-0.00643524
0000003110,-0.0181559
0000003120,-0.0240521
0000003130,-0.0187684
0000003140,-0.0147687
0000003150,-0.023241
0000003160,-0.0349723
0000003170,-0.0198882
0000003180,-0.0198689
0000003190,-0.00702261
0000003200,-0.00646577
0000003210,-0.016084
0000003220,-0.0172374
0000003230,-0.00775511
0000003240,0.00164146
0000003250,-0.0296667
0000003260,-0.0125464
0000003270,-0.00695903
0000003280,-0.0219099
0000003290,-0.0138707
0000003300,0.00163552
0000003310,-0.0184089
0000003320,-0.0163141
0000003330,0.002497
0000003340,-0.0174972
0000003350,-0.0116113
0000003360,-0.0227827
0000003370,-0.028657
0000003380,-0.0163771
0000003390,-0.0230444
0000003400,-0.0171683
0000003410,-0.0113798
0000003420,-0.00813874
0000003430,-0.0234161
0000003440,-0.0275867
0000003450,-0.0119215
0000003460,-0.0103252
0000003470,-0.01066
0000003480,-0.0128697
0000003490,-0.020769
0000003500,-0.0184892
0000003510,-0.0251774
0000003520,-0.0232639
0000003530,-0.0180779
0000003540,-0.00388231
0000003550,-0.0174815
0000003560,-0.0260177
0000003570,-0.0164384
0000003580,-0.0164142
0000003590,-0.0020989
0000003600,-0.0219646
0000003610,-0.011069
0000003620,-0.0102253
0000003630,-0.0094846
0000003640,-0.0146004
0000003650,-0.019366
0000003660,-0.00653017
0000003670,-0.0148364
0000003680,-0.0139272
0000003690,-0.02657
0000003700,-0.0200661
0000003710,-0.0166411
0000003720,-0.02393
0000003730,-0.022122
0000003740,-0.0093482
0000003750,-0.0245368
0000003760,-0.0119436
0000003770,-0.0210401
0000003780,-0.0124868
0000003790,-0.0232983
0000003800,-0.0263877
0000003810,-0.01979
0000003820,-0.0115043
0000003830,-0.0316465
0000003840,-0.0118765
0000003850,-0.00968136
0000003860,-0.00466155
0000003870,-0.0117581
0000003880,-0.0175754
0000003890,-0.0186521
0000003900,-0.0075249
0000003910,-0.0276865
0000003920,-0.0242805
0000003930,-0.0121348
0000003940,-0.0434201
0000003950,-0.0246216
0000003960,-0.00727605
0000003970,-0.0070115
0000003980,-0.00195064
0000003990,-0.0259181
0000004000,-0.011644
0000004010,-0.0261129
0000004020,-0.00668137
0000004030,-0.00742845
0000004040,-0.0210845
0000004050,-0.00818574
0000004060,-0.0209085
0000004070,-0.0138164
0000004080,-0.00690972
0000004090,-0.0314889
0000004100,-0.0115384
0000004110,-0.01745
0000004120,0.000922376
0000004130,-0.0162032
0000004140,-0.0105887
0000004150,-0.00101764
0000004160,-0.020275
0000004170,-0.0164943
0000004180,-0.0327642
0000004190,-0.00657539
0000004200,-0.00935908
0000004210,-0.00837865
0000004220,-0.000928812
0000004230,-0.0161409
0000004240,-0.0155601
0000004250,-0.0151791
0000004260,-0.0365167
0000004270,-0.0115059
0000004280,-0.0252325
0000004290,-0.00192748
0000004300,-0.0189412
0000004310,0.00760909
0000004320,-0.0247323
0000004330,-0.013061
0000004340,-0.0101959
0000004350,-0.0117459
0000004360,-0.00404788
0000004370,-0.0244897
0000004380,-0.0213788
0000004390,-0.0108369
0000004400,-0.0190616
0000004410,-0.00407698
0000004420,-0.0168137
0000004430,-0.0140101
0000004440,-0.0181188
0000004450,-0.0290076
0000004460,-0.0152299
0000004470,-0.00597276
0000004480,-0.0141111
0000004490,-0.0173445
0000004500,-0.0185005
0000004510,-0.0110169
0000004520,-0.0293478
0000004530,-0.026237
0000004540,-0.00155487
0000004550,-0.0292898
0000004560,-0.0184544
0000004570,-0.0145181
0000004580,-0.0171404
0000004590,-0.00446284
0000004600,-0.00582002
0000004610,0.0019257
0000004620,-0.02686
0000004630,-0.00947186
0000004640,-0.0162049
0000004650,-0.0106699
0000004660,-0.000593275
0000004670,-0.0126333
0000004680,-0.00432062
0000004690,-0.0268047
0000004700,-0.0122638
0000004710,-0.00325993
0000004720,-0.00323351
0000004730,-0.0182603
0000004740,-0.0240613
0000004750,-0.0157595
0000004760,-0.0123516
0000004770,-0.0122223
0000004780,-0.0258642
0000004790,-0.0242707
0000004800,-0.0281538
0000004810,-0.0139255
0000004820,-0.0162811
0000004830,-0.00563777
0000004840,-0.0248831
0000004850,-0.0215032
0000004860,-0.0295033
0000004870,-0.0147911
0000004880,-0.0282822
0000004890,-0.00904753
0000004900,-0.0108035
0000004910,-0.0295381
0000004920,-0.00826044
0000004930,0.00124089
0000004940,-0.0315484
0000004950,-0.00173996
0000004960,-0.0465462
0000004970,-0.0222193
0000004980,-0.00556532
0000004990,-0.0144436
0000005000,-0.0147493
0000005010,-0.0182465
0000005020,-0.0181227
0000005030,-0.0193439
0000005040,-0.000944863
0000005050,-0.0332873
0000005060,-0.0209947
0000005070,-0.0235589
0000005080,-0.0096471
0000005090,-0.0196741
0000005100,-0.0099118
0000005110,0.00130089
0000005120,-0.010866
0000005130,-0.0073958
0000005140,-0.00785926
0000005150,-0.00688387
0000005160,-0.0142997
0000005170,-0.00493948
0000005180,-0.0260523
0000005190,-0.0223703
0000005200,-0.00810249
0000005210,-0.0184829
0000005220,-0.0197973
0000005230,-7.97771e-05
0000005240,-0.0113934
0000005250,-0.0122642
0000005260,-0.0240574
0000005270,-0.0191285
0000005280,-0.0299538
0000005290,-0.0190466
0000005300,-0.00407826
0000005310,-0.0130622
0000005320,-0.015472
0000005330,-0.000102169
0000005340,-0.0368428
0000005350,-0.00715449
0000005360,-0.0258778
0000005370,-0.00674567
0000005380,-0.0322602
0000005390,-0.0276909
0000005400,-0.0211765
0000005410,-0.0217771
0000005420,-0.0148275
0000005430,-0.009944
0000005440,-0.0074127
0000005450,-0.0293156
0000005460,-0.0144576
0000005470,-0.0203928
0000005480,-0.0326465
0000005490,-0.0156452
0000005500,-0.00975497
0000005510,-0.0192293
0000005520,-0.0241828
0000005530,-0.0246192
0000005540,-0.0151614
0000005550,-0.0242153
0000005560,-0.0172494
0000005570,-0.0264591
0000005580,-0.0224467
0000005590,-0.00821568
0000005600,-0.0155624
0000005610,0.00263601
0000005620,-0.00538377
0000005630,-0.00440532
0000005640,-0.0178794
0000005650,-0.0184898
0000005660,-0.0137992
0000005670,-0.0193447
0000005680,-0.00478016
0000005690,-0.0240583
0000005700,0.00379855
0000005710,-0.0143765
0000005720,-0.0206172
0000005730,-0.0116026
0000005740,-0.0149889
0000005750,0.00257021
0000005760,-0.0191365
0000005770,-0.0156667
0000005780,-0.00915894
0000005790,-0.0121576
0000005800,-0.00393955
0000005810,-0.0301532
0000005820,-0.00523917
0000005830,0.00402368
0000005840,0.009355
0000005850,-0.0166377
0000005860,-0.00537751
0000005870,-0.0111782
0000005880,0.00523105
0000005890,0.0133898
0000005900,-0.021857
0000005910,-0.0331881
0000005920,-0.0116137
0000005930,0.00371547
0000005940,-0.0119851
0000005950,-0.0146422
0000005960,-0.0172113
0000005970,-0.0229551
0000005980,-0.00691514
0000005990,-0.00878189
0000006000,-0.0218647
0000006010,-0.00691732
0000006020,-0.0254231
0000006030,-0.0246431
0000006040,-0.0151654
0000006050,-0.00492538
0000006060,-0.00483782
0000006070,-0.0166928
0000006080,-0.0143992
0000006090,-0.0294908
0000006100,-0.00178029
0000006110,-0.0135274
0000006120,0.0048517
0000006130,0.00345141
0000006140,-0.0301556
0000006150,-0.00431973
0000006160,-0.0107536
0000006170,-0.0113975
0000006180,-0.0261205
0000006190,-0.00678174
0000006200,-0.0359619
0000006210,-0.00307526
0000006220,0.00120646
0000006230,-0.0218039
0000006240,-0.023855
0000006250,-0.0219654
0000006260,-0.00956462
0000006270,0.00396431
0000006280,-0.00667936
0000006290,-0.0222782
0000006300,-0.0261392
0000006310,-0.0084848
0000006320,-0.00986878
0000006330,-0.00922512
0000006340,-0.0184211
0000006350,-0.00433989
0000006360,-0.0149361
0000006370,-0.0273987
0000006380,0.00065691
0000006390,-0.00164706
0000006400,-0.0265413
0000006410,-0.016793
0000006420,0.0124903
0000006430,-0.00690912
0000006440,-0.0323118
0000006450,-0.0174017
0000006460,-0.0090312
0000006470,-0.00326406
0000006480,-0.0113087
0000006490,-0.00638922
0000006500,-0.024077
0000006510,-0.0278865
0000006520,-0.0196849
0000006530,-0.0149534
0000006540,-0.00303886
0000006550,-0.0316662
0000006560,-0.0235834
0000006570,0.00378561
0000006580,-0.0196609
0000006590,-0.0201093
0000006600,-0.0237296
0000006610,-0.0191146
0000006620,-0.0253871
0000006630,-0.00855971
0000006640,-0.0244779
0000006650,-0.0266069
0000006660,0.000111928
0000006670,0.0041453
0000006680,-0.0239887
0000006690,0.00854321
0000006700,-0.0319815
0000006710,-0.0165701
0000006720,-0.0142612
0000006730,-0.0170522
0000006740,-0.0342054
0000006750,-0.0145654
0000006760,-0.000314391
0000006770,-0.0094327
0000006780,-0.0213545
0000006790,-0.0271761
0000006800,-0.0229318
0000006810,-0.0102928
0000006820,-0.0271797
0000006830,-0.0319648
0000006840,-0.0232679
0000006850,-0.0310305
0000006860,-0.018669
0000006870,-0.0103271
0000006880,-0.0219589
0000006890,-0.0157766
0000006900,-0.0152286
0000006910,-0.0122537
0000006920,-0.00435097
0000006930,-0.0201492
0000006940,-0.0251302
0000006950,0.000407698
0000006960,-0.0176239
0000006970,-0.0212937
0000006980,-0.0234771
0000006990,-0.0326035
0000007000,-0.0102983
0000007010,-0.00724385
0000007020,-0.0159945
0000007030,-0.0095199
0000007040,-0.0143416
0000007050,-0.00748255
0000007060,0.00373278
0000007070,-0.0141707
0000007080,-0.0258125
0000007090,0.00304033
0000007100,-0.0205178
0000007110,-0.0218772
0000007120,-0.0202902
0000007130,-0.0297807
0000007140,-0.0172519
0000007150,-0.0279163
0000007160,-0.00503945
0000007170,-0.0144076
0000007180,-0.00104089
0000007190,-0.0286675
0000007200,-0.0236759
0000007210,0.00255467
0000007220,-0.0100058
0000007230,-0.00835083
0000007240,-0.032932
0000007250,-0.00158052
0000007260,-0.00866702
0000007270,-0.00882755
0000007280,-0.0204876
0000007290,-0.0153156
0000007300,-0.0432273
0000007310,-0.0113728
0000007320,0.00228702
0000007330,-0.00235741
0000007340,-0.00812527
0000007350,-0.0195
0000007360,-0.0185068
0000007370,-0.00798208
0000007380,-0.0170322
0000007390,-0.0205913
0000007400,-0.0125783
0000007410,-0.0197145
0000007420,-0.00446002
0000007430,-0.0271425
0000007440,-0.000830169
0000007450,-0.0325099
0000007460,-0.0231478
0000007470,-0.0119062
0000007480,-0.0128787
0000007490,-0.00371326
0000007500,-0.0169408
0000007510,-0.0254002
0000007520,-0.0183213
0000007530,-0.0126728
0000007540,-0.0203007
0000007550,-0.00335263
0000007560,-0.00801366
0000007570,-0.0110272
0000007580,-0.0232094
0000007590,-0.0154458
0000007600,-0.0217731
0000007610,-0.0157289
0000007620,0.000448469
0000007630,-0.00724976
0000007640,-0.0144967
0000007650,-0.0080776
0000007660,-0.0217823
0000007670,-0.0137013
0000007680,-0.0310432
0000007690,-0.00213122
0000007700,0.00188323
0000007710,-0.00910453
0000007720,-0.0164416
0000007730,-0.00798447
0000007740,-0.0146625
0000007750,-0.0157284
0000007760,-0.0150435
0000007770,-0.0151133
0000007780,-0.015973
0000007790,-0.0322331
0000007800,-0.0133024
0000007810,-0.00435496
0000007820,-0.00668574
0000007830,-0.0165454
0000007840,-0.0100669
0000007850,-0.023877
0000007860,-0.0214843
0000007870,-0.0180886
0000007880,-0.0138319
0000007890,-0.00302703
0000007900,-0.00274453
0000007910,-0.0163676
0000007920,-0.0154742
0000007930,-0.00142507
0000007940,-0.0087329
0000007950,-0.0155167
0000007960,-0.0293138
0000007970,0.00133552
0000007980,-0.0264125
0000007990,-0.0207492
0000008000,-0.0241594
0000008010,-0.0016885
0000008020,-0.00800038
0000008030,0.00600399
0000008040,-0.0266637
0000008050,-0.0143349
0000008060,-0.0261776
0000008070,-0.0210284
0000008080,-0.0143102
0000008090,-0.0100248
0000008100,-0.00623873
0000008110,0.010517
0000008120,-0.0155502
0000008130,-0.005939
0000008140,-0.0103207
0000008150,0.00865404
0000008160,-0.0297754
0000008170,-0.019416
0000008180,0.000575282
0000008190,-0.0172426
0000008200,-0.00882175
0000008210,-0.0202225
0000008220,-0.00199562
0000008230,-0.0248623
0000008240,-0.0193334
0000008250,-0.00471297
0000008260,-0.0129352
0000008270,-0.0166953
0000008280,-0.0204639
0000008290,-0.0188414
0000008300,-0.00496707
0000008310,-0.0127346
0000008320,-0.0283326
0000008330,-0.017352
0000008340,-0.0242828
0000008350,0.00226726
0000008360,-0.0133199
0000008370,-0.0152569
0000008380,-0.0192946
0000008390,-0.0306117
0000008400,-0.0181186
0000008410,-0.0187432
0000008420,-0.0509601
0000008430,-0.0441779
0000008440,-0.00379986
0000008450,-0.0389849
0000008460,-0.00380619
0000008470,-0.02964
0000008480,-0.0288571
0000008490,-0.0311858
0000008500,0.00159078
0000008510,-0.022027
0000008520,-0.0373447
0000008530,-0.0263022
0000008540,-0.0239683
0000008550,-0.00684412
0000008560,-0.0295729
0000008570,-0.0257008
0000008580,-0.0156615
0000008590,-0.016659
0000008600,-0.00323758
0000008610,-0.0234873
0000008620,-0.00895805
0000008630,-0.0140227
0000008640,-0.0138029
0000008650,-0.00352933
0000008660,-0.00345317
0000008670,-0.0180412
0000008680,-0.00995692
0000008690,0.00955678
0000008700,-0.0278164
0000008710,-0.0248039
0000008720,-0.0224884
0000008730,-0.00841462
0000008740,-0.0126591
0000008750,-0.0218504
0000008760,-0.0107723
0000008770,-0.0223364
0000008780,-0.00535018
0000008790,-0.0231495
0000008800,-0.0188436
0000008810,-0.00549667
0000008820,-0.0258963
0000008830,-0.00269039
0000008840,-0.0235712
0000008850,-0.0184141
0000008860,-0.00408397
0000008870,-0.00973603
0000008880,-0.00514191
0000008890,-0.0143237
0000008900,-0.0249881
0000008910,-0.03091
0000008920,-0.00124079
0000008930,-0.0163917
0000008940,-0.0264226
0000008950,-0.0227802
0000008960,-0.00484206
0000008970,-0.017349
0000008980,-0.00863331
0000008990,0.00629068
0000009000,-0.0261068
0000009010,-0.0327658
0000009020,-0.0082281
0000009030,-0.0193431
0000009040,-0.0317761
0000009050,-0.00761449
0000009060,-0.00516639
0000009070,-0.0174201
0000009080,-0.00668623
0000009090,-0.00868332
0000009100,-0.0210592
0000009110,0.000266781
0000009120,-0.0247646
0000009130,-0.0110112
0000009140,-0.0355719
0000009150,-0.0202612
0000009160,-0.00160121
0000009170,-0.0208604
0000009180,-0.0129172
0000009190,-0.00272289
0000009200,-0.0119163
0000009210,-0.0178685
0000009220,-0.0195955
0000009230,-0.0235798
0000009240,-0.0166135
0000009250,-0.0083699
0000009260,0.00117197
0000009270,-0.00579254
0000009280,-0.00481891
0000009290,-0.0175943
0000009300,-0.0193654
0000009310,-0.0123208
0000009320,-0.0224759
0000009330,-0.00571283
0000009340,-0.018961
0000009350,-0.0185724
0000009360,-0.0135667
0000009370,-0.0212963
0000009380,-0.024338
0000009390,-0.0206592
0000009400,-0.0173303
0000009410,-0.0106381
0000009420,0.00510628
0000009430,-0.0161716
0000009440,-0.023704
0000009450,-0.00991155
0000009460,-0.0307898
0000009470,-0.0228059
0000009480,-0.0146307
0000009490,-0.00634938
0000009500,-0.0161099
0000009510,-0.0147829
0000009520,-0.00636014
0000009530,0.00432013
0000009540,-0.0103425
0000009550,-0.00479323
0000009560,-0.00681923
0000009570,-0.0130846
0000009580,-0.00541
0000009590,-0.00897138
0000009600,-0.0223845
0000009610,-0.00616904
0000009620,-0.0100077
0000009630,-0.00929986
0000009640,-0.0221282
0000009650,-0.014932
0000009660,-0.0200409
0000009670,-0.011216
0000009680,-0.00658922
0000009690,-0.00397236
0000009700,-0.0096903
0000009710,-0.0272016
0000009720,-0.0188465
0000009730,-0.019997
0000009740,-0.0147235
0000009750,-0.0111751
0000009760,-0.0177921
0000009770,-0.00839895
0000009780,-0.0106757
0000009790,-0.0118281
0000009800,-0.00560443
0000009810,-0.0155399
0000009820,-0.0140203
0000009830,-0.0133547
0000009840,-0.0226475
0000009850,-0.0136454
0000009860,-0.0206082
0000009870,-0.00358205
0000009880,-0.0300123
0000009890,-0.0191007
0000009900,-0.0204439
0000009910,-0.00864081
0000009920,-0.0198225
0000009930,-0.0150008
0000009940,-0.0129971
0000009950,-0.00334854
0000009960,-0.0257478
0000009970,-0.0158295
0000009980,-0.0127383
0000009990,-0.0355689
0000010000,-0.0162487
0000010010,-0.00839198
0000010020,-0.013326
0000010030,-0.00635913
0000010040,-0.00979364
0000010050,-0.0249389
0000010060,-0.00610612
0000010070,-0.0110789
0000010080,-0.00855384
0000010090,-0.00119655
0000010100,-0.00483545
0000010110,-0.0229499
0000010120,-0.00906602
0000010130,-0.0133527
0000010140,-0.0215109
0000010150,-0.0163732
0000010160,-0.00593631
0000010170,-0.0122266
0000010180,-0.0142954
0000010190,-0.0379184
0000010200,-0.0125638
0000010210,-0.0183821
0000010220,-0.00801832
0000010230,-0.00425692
0000010240,-0.0112657
0000010250,0.0031126
0000010260,-0.0186206
0000010270,-0.00904457
0000010280,-0.0136718
0000010290,-0.00571465
0000010300,-0.0203348
0000010310,-0.0122487
0000010320,-0.0153556
0000010330,-0.0244191
0000010340,-0.0116253
0000010350,-0.0229387
0000010360,-0.00628768
0000010370,-0.0137266
0000010380,-0.0184427
0000010390,-0.0302393
0000010400,-0.0349354
0000010410,-0.0114274
0000010420,-0.0158186
0000010430,-0.00413652
0000010440,-0.0288477
0000010450,-0.0193654
0000010460,-0.0129188
0000010470,-0.0210715
0000010480,-0.0119306
0000010490,-0.0119798
0000010500,-0.0154556
0000010510,0.00756631
0000010520,-0.0124697
0000010530,-0.0311317
0000010540,-0.0140724
0000010550,-0.0101815
0000010560,-0.0220661
0000010570,-0.0218049
0000010580,-0.0155346
0000010590,-0.0187355
0000010600,-0.0109342
0000010610,-0.0269067
0000010620,-0.0129261
0000010630,-0.0218424
0000010640,-0.0139365
0000010650,-0.022246
0000010660,-0.00652244
0000010670,-0.0249623
0000010680,-0.0103335
0000010690,-0.0141996
0000010700,-0.0191178
0000010710,-0.0132115
0000010720,-0.00724755
0000010730,-0.0265994
0000010740,-0.0282039
0000010750,-0.0284037
0000010760,-0.00728516
0000010770,-0.00160639
0000010780,-0.0199067
0000010790,-0.0233481
0000010800,-0.0123975
0000010810,-0.0150599
0000010820,-0.00676006
0000010830,-0.00650591
0000010840,-0.0198174
0000010850,-0.0355567
0000010860,-0.0100684
0000010870,-0.0014164
0000010880,-0.0264751
0000010890,-0.0166444
0000010900,-0.0115249
0000010910,-0.0120046
0000010920,-0.015089
0000010930,-0.0421233
0000010940,-0.0166548
0000010950,-0.000363439
0000010960,-0.000640663
0000010970,-0.0266799
0000010980,-0.0201106
0000010990,-0.0138251
0000011000,-0.0210451
0000011010,-0.0134931
0000011020,-0.0016083
0000011030,-0.0185259
0000011040,-0.0245732
0000011050,-0.00777057
0000011060,0.000123928
0000011070,-0.0221041
0000011080,-0.0111853
0000011090,-0.00690323
0000011100,-0.00392013
0000011110,-0.0167629
0000011120,-0.0139218
0000011130,-0.0237248
0000011140,-0.0156377
0000011150,-0.0283761
0000011160,-0.0190123
0000011170,-0.00925566
0000011180,-0.0082602
0000011190,-0.0241539
0000011200,-0.0114804
0000011210,-0.0161537
0000011220,-0.00994699
0000011230,-0.0120936
0000011240,-0.0178595
0000011250,-0.00816303
0000011260,-0.00954471
0000011270,-0.0200752
0000011280,-0.0154469
0000011290,-0.0189905
0000011300,-0.0170153
0000011310,-0.0338153
0000011320,0.00660237
0000011330,-0.000187809
0000011340,-0.0213664
0000011350,-0.0134266
0000011360,-0.0134021
0000011370,-0.0340063
0000011380,0.00113521
0000011390,-0.0333913
0000011400,-0.0332681
0000011410,-0.0163661
0000011420,-0.0176069
0000011430,-0.00763301
0000011440,-0.0155355
0000011450,-0.0181333
0000011460,0.000634639
0000011470,0.00218935
0000011480,-0.0110727
0000011490,-0.0261343
0000011500,-0.0152784
0000011510,-0.0106798
0000011520,-0.00731281
0000011530,-0.0289156
0000011540,-0.0113535
0000011550,-0.0235692
0000011560,-0.0211677
0000011570,-0.017035
0000011580,-0.0219547
0000011590,-0.0190609
0000011600,-0.0160242
0000011610,-0.0174867
0000011620,-0.0165287
0000011630,-0.021982
0000011640,-0.0203016
0000011650,-0.019004
0000011660,-0.0237951
0000011670,0.00336433
0000011680,-0.0164689
0000011690,-0.010845
0000011700,-0.0154415
0000011710,-0.0128697
0000011720,-0.00712679
0000011730,-0.0156954
0000011740,-0.0136254
0000011750,-0.0324813
0000011760,-0.0154165
0000011770,-0.0129064
0000011780,-0.0296506
0000011790,-0.00238213
0000011800,-0.0111825
0000011810,-0.0121821
0000011820,-0.024877
0000011830,-0.0329489
0000011840,-0.0100889
0000011850,-0.0187289
0000011860,-0.0260436
0000011870,-0.0113709
0000011880,-0.0116896
0000011890,-0.0140054
0000011900,-0.0108452
0000011910,-0.00729079
0000011920,-0.0104894
0000011930,-0.00715799
0000011940,-0.0190788
0000011950,-0.0101987
0000011960,-0.0174868
0000011970,-0.016226
0000011980,-0.0164817
0000011990,-0.0100842
0000012000,-0.00753134
0000012010,-0.0182028
0000012020,-0.00725708
0000012030,-0.00847531
0000012040,-0.0318819
0000012050,-0.0198531
0000012060,-0.019603
0000012070,-0.0243063
0000012080,-0.00627042
0000012090,0.00296186
0000012100,-0.0249174
0000012110,-0.0166482
0000012120,-0.0102562
0000012130,-0.00854804
0000012140,-0.00767719
0000012150,-0.00668272
0000012160,-0.0245822
0000012170,-0.0272209
0000012180,0.00203734
0000012190,-0.00505604
0000012200,-0.0114635
0000012210,-0.018157
0000012220,-0.0107987
0000012230,-0.0123952
0000012240,-0.00642781
0000012250,-0.0219529
0000012260,-0.0287635
0000012270,-0.018298
0000012280,-0.015112
0000012290,-0.0145983
0000012300,-0.00876686
0000012310,-0.0251543
0000012320,-0.0270258
0000012330,-0.0122074
0000012340,-0.0219879
0000012350,-0.00886282
0000012360,-0.0219089
0000012370,-0.0271148
0000012380,-0.0144931
0000012390,-0.0218451
0000012400,-0.00984404
0000012410,-0.0109671
0000012420,-0.015368
0000012430,0.00105096
0000012440,-0.00698231
0000012450,-0.00991793
0000012460,-0.0148594
0000012470,-0.0243994
0000012480,-0.0120281
0000012490,-0.018752
0000012500,-0.0109804
0000012510,-0.0216878
0000012520,-0.00432729
0000012530,-0.0168803
0000012540,-0.0140909
0000012550,-0.0251768
0000012560,-0.0072669
0000012570,-0.012273
0000012580,-0.0267707
0000012590,-0.00643874
0000012600,-0.0216297
0000012610,-0.00816594
0000012620,-0.026349
0000012630,-0.0242461
0000012640,-0.0209032
0000012650,0.00104667
0000012660,-0.0162852
0000012670,-0.0194676
0000012680,0.00230909
0000012690,-0.0182875
0000012700,-0.0108537
0000012710,-0.0240629
0000012720,-0.0207072
0000012730,-0.0329674
0000012740,-0.0152681
0000012750,-0.0144616
0000012760,-0.0120825
0000012770,-0.0109956
0000012780,-0.0127311
0000012790,-0.0244387
0000012800,-0.012897
0000012810,-0.0295673
0000012820,-0.0147567
0000012830,-0.0291251
0000012840,-0.0285849
0000012850,-0.0095507
0000012860,-0.0138918
0000012870,-0.0117311
0000012880,-0.0130464
0000012890,-0.0056096
0000012900,-0.0180694
0000012910,-0.0184436
0000012920,-0.00648809
0000012930,-0.0279243
0000012940,-0.0268659
0000012950,-0.0204772
0000012960,-0.0150202
0000012970,-0.0233637
0000012980,0.00271741
0000012990,-0.013783
0000013000,-0.000664831
0000013010,-0.0105059
0000013020,-0.0112975
0000013030,-0.0178428
0000013040,-0.0179849
0000013050,-0.0242557
0000013060,-0.00996376
0000013070,-0.015973
0000013080,-0.0247726
0000013090,-0.0104973
0000013100,-0.0198109
0000013110,-0.0188317
0000013120,-0.0183041
0000013130,-0.0271447
0000013140,-0.0154843
0000013150,-0.0169314
0000013160,-0.0195679
0000013170,-0.0245549
0000013180,-0.017584
0000013190,-0.0188809
0000013200,-0.0178964
0000013210,-0.0256661
0000013220,-0.0163675
0000013230,-0.00155616
0000013240,-0.027931
0000013250,-0.0260979
0000013260,0.00450891
0000013270,-0.0164469
0000013280,-0.018363
0000013290,-0.00250301
0000013300,-0.00858387
0000013310,-0.0235064
0000013320,-0.0171966
0000013330,-0.0148042
0000013340,-0.0101283
0000013350,-0.02446
0000013360,-0.0128498
0000013370,-0.0187441
0000013380,0.00265424
0000013390,-0.0358827
0000013400,-0.0156287
0000013410,-5.59519e-05
0000013420,-0.0185006
0000013430,-0.0253867
0000013440,-0.017219
0000013450,-0.0222886
0000013460,-0.0118591
0000013470,-0.00919881
0000013480,-0.0161708
0000013490,-0.020473
0000013500,-0.0114976
0000013510,-0.022152
0000013520,-0.0115907
0000013530,-0.0304767
0000013540,-0.0164165
0000013550,-0.00897494
0000013560,0.00129082
0000013570,-0.0181496
0000013580,-0.0262316
0000013590,-0.0270941
0000013600,0.00113459
0000013610,-0.0292627
0000013620,-0.0180761
0000013630,-0.0137606
0000013640,0.0108328
0000013650,0.00154112
0000013660,-0.0276455
0000013670,-0.00973689
0000013680,-0.024549
0000013690,-0.00352857
0000013700,-0.00994243
0000013710,-0.01683
0000013720,-0.00824387
0000013730,-0.0145016
0000013740,-0.0177078
0000013750,-0.0176579
0000013760,-0.0031393
0000013770,-0.0304878
0000013780,-0.0184807
0000013790,-0.0159305
0000013800,-0.0233308
0000013810,-0.0218853
0000013820,-0.00766051
0000013830,0.00113048
0000013840,-0.0112785
0000013850,-0.0168842
0000013860,-0.0239026
0000013870,-0.0021129
0000013880,-0.00692946
0000013890,-0.0349349
0000013900,-0.016987
0000013910,-0.0322886
0000013920,-0.0157806
0000013930,-0.00951138
0000013940,-0.0326895
0000013950,-0.0107062
0000013960,-0.0205449
0000013970,-0.0127909
0000013980,-0.0229901
0000013990,-0.0436684
0000014000,-0.0149773
0000014010,-0.0187229
0000014020,-0.0250039
0000014030,-0.0243104
0000014040,-0.0215288
0000014050,-0.00937863
0000014060,-0.0128939
0000014070,-0.0214727
0000014080,0.00329363
0000014090,-0.0124404
0000014100,-0.0333663
0000014110,0.00377397
0000014120,-0.0170571
0000014130,-0.0193662
0000014140,-0.0125929
0000014150,-0.0117223
0000014160,-0.0230621
0000014170,-0.0201381
0000014180,-0.0351437
0000014190,-0.016735
0000014200,-0.0112417
0000014210,-0.00839115
0000014220,0.00561948
0000014230,-0.0254946
0000014240,-0.00971125
0000014250,-0.00867674
0000014260,-0.0159658
0000014270,-0.0153893
0000014280,-0.0172734
0000014290,-0.0104546
0000014300,-0.0121231
0000014310,0.00314602
0000014320,-0.0174081
0000014330,-0.0205505
0000014340,-0.00903664
0000014350,-0.0245018
0000014360,-0.019743
0000014370,-0.0243631
0000014380,-0.0198763
0000014390,-0.0166323
0000014400,-0.0274403
0000014410,-0.00731785
0000014420,-0.0103955
0000014430,-0.00702922
0000014440,-0.0156149
0000014450,-0.0223623
0000014460,-0.0114993
0000014470,-0.0172909
0000014480,0.0053177
0000014490,-0.00379979
0000014500,-0.0341843
0000014510,-0.0157209
0000014520,-0.00532265
0000014530,-0.0223034
0000014540,-0.0285919
0000014550,-0.0213462
0000014560,-0.0140436
0000014570,-0.0174597
0000014580,-0.0218771
0000014590,-0.0193464
0000014600,-0.0108386
0000014610,-0.0226386
0000014620,-0.0120146
0000014630,-0.0297103
0000014640,-0.00955487
0000014650,-0.0136667
0000014660,-0.0236532
0000014670,-0.0376835
0000014680,-0.0234039
0000014690,-0.0354241
0000014700,-0.022501
0000014710,-0.0200894
0000014720,-0.0180118
0000014730,-0.0207774
0000014740,0.00689215
0000014750,-0.0206192
0000014760,-0.0162982
0000014770,-0.0205815
0000014780,-0.0188942
0000014790,-0.0322524
0000014800,-0.0255396
0000014810,-0.0272201
0000014820,-0.00221447
0000014830,-0.0266415
0000014840,-0.0180343
0000014850,0.00240768
0000014860,-0.0156818
0000014870,-0.00922727
0000014880,-0.0255172
0000014890,-0.0089459
0000014900,-0.0129639
0000014910,-0.00620663
0000014920,-0.00696901
0000014930,-0.00762132
0000014940,-0.0188444
0000014950,-0.026401
0000014960,-0.0166129
0000014970,-0.00910892
0000014980,-0.018094
0000014990,-0.0181038
0000015000,-0.00818899
0000015010,-0.0141655
0000015020,-0.00468183
0000015030,-0.0187354
0000015040,-0.0279905
0000015050,-0.018971
0000015060,-0.0120168
0000015070,-0.0127499
0000015080,-0.00986228
0000015090,-0.0167587
0000015100,-0.0217269
0000015110,-0.0180382
0000015120,-0.0101826
0000015130,0.00457726
0000015140,0.0056514
0000015150,-0.0247834
0000015160,-0.00652185
0000015170,-0.0115612
0000015180,-0.0151089
0000015190,-0.0221702
0000015200,-0.0121453
0000015210,-0.0098779
0000015220,-0.0133248
0000015230,-0.0205273
0000015240,-0.0154315
0000015250,-0.0308002
0000015260,-0.0149594
0000015270,-0.0102235
0000015280,-0.000540633
0000015290,-0.0163172
0000015300,-0.00471044
0000015310,-0.0175497
0000015320,-0.015372
0000015330,-0.00201371
0000015340,-0.0278802
0000015350,-0.0157811
0000015360,-0.0290453
0000015370,-0.0190825
0000015380,-0.00302807
0000015390,-0.0118632
0000015400,-0.0157769
0000015410,-0.0240656
0000015420,-0.0249865
0000015430,-0.0272837
0000015440,-0.00973623
0000015450,-0.000285976
0000015460,0.00934313
0000015470,-0.018718
0000015480,-0.0261384
0000015490,-0.0186232
0000015500,-0.0233948
0000015510,-0.012717
0000015520,-0.0273399
0000015530,-0.030218
0000015540,-0.0125547
0000015550,-0.0204744
0000015560,-0.026645
0000015570,0.0027504
0000015580,-0.0258118
0000015590,-0.0212012
0000015600,-0.00838765
0000015610,-0.0210608
0000015620,-0.0201523
0000015630,-0.0163353
0000015640,-0.0230329
0000015650,-0.0352006
0000015660,-0.028449
0000015670,-0.0312222
0000015680,-0.017787
0000015690,-0.00634114
0000015700,-0.00588674
0000015710,-0.0203705
0000015720,-0.0243696
0000015730,-0.0223625
0000015740,-0.00671877
0000015750,0.0160837
0000015760,-0.0225515
0000015770,-0.0145696
0000015780,-0.0265914
0000015790,-0.0207749
0000015800,-0.0255062
0000015810,0.00768709
0000015820,0.00192378
0000015830,-0.0140868
0000015840,-0.0140414
0000015850,-0.0253334
0000015860,-0.039536
0000015870,-0.0232233
0000015880,-0.0146049
0000015890,-0.00755564
0000015900,-0.0124179
0000015910,-0.0145616
0000015920,-0.0138231
0000015930,-0.0124394
0000015940,-0.0190044
0000015950,-0.011677
0000015960,-0.025551
0000015970,-0.00510578
0000015980,0.0136495
0000015990,-0.029815
