0000000000,0.000397963
0000000010,-0.00136248
0000000020,-0.0290032
0000000030,-0.00689533
0000000040,-0.0252012
0000000050,-0.0232926
0000000060,-0.026788
0000000070,-0.0141374
0000000080,-0.0122353
0000000090,-0.0197984
0000000100,-0.00974692
0000000110,-0.0137931
0000000120,-0.0167642
0000000130,-0.00843907
0000000140,-0.0136743
0000000150,-0.00947098
0000000160,-0.0189628
0000000170,-0.0127318
0000000180,-0.0199489
0000000190,-0.0102177
0000000200,-0.0198922
0000000210,-0.0163717
0000000220,-0.00858672
0000000230,-0.0195067
0000000240,-0.00710901
0000000250,-0.0272237
0000000260,-0.0037988
0000000270,-0.0135411
0000000280,-0.0100357
0000000290,-0.0123634
0000000300,-0.00722481
0000000310,-0.0132337
0000000320,-0.0235988
0000000330,-0.0176043
0000000340,-0.0122747
0000000350,-0.0139147
0000000360,-0.00537954
0000000370,-0.0135812
0000000380,-0.0235374
0000000390,-0.00404975
0000000400,-0.0237196
0000000410,-0.013308
0000000420,-0.0103657
0000000430,-0.0208106
0000000440,-0.0155672
0000000450,-0.0146461
0000000460,-0.0128237
0000000470,0.000591571
0000000480,-0.0209991
0000000490,-0.0271848
0000000500,-0.027794
0000000510,-0.0115716
0000000520,-0.0197195
0000000530,-0.00577637
0000000540,-0.00750677
0000000550,-0.0123862
0000000560,-0.0119694
0000000570,-0.0169089
0000000580,-0.0177296
0000000590,-0.0125876
0000000600,-0.0177461
0000000610,-0.0205158
0000000620,-0.0193506
0000000630,-0.00853161
0000000640,-0.0136245
0000000650,-0.0230058
0000000660,-0.0179646
0000000670,-0.0217777
0000000680,-0.00851396
0000000690,-0.0146821
0000000700,-0.0152663
0000000710,-0.0143367
0000000720,-0.0129449
0000000730,-0.0221799
0000000740,-0.0161797
0000000750,-0.0325197
0000000760,-0.00993088
0000000770,-0.0191636
0000000780,-0.0179951
0000000790,-0.0182673
0000000800,-0.0181966
0000000810,-0.0137563
0000000820,-0.0100846
0000000830,-0.0245133
0000000840,-0.0108719
0000000850,-0.00789748
0000000860,-0.0192661
0000000870,-0.0320256
0000000880,-0.0200054
0000000890,-0.00923677
0000000900,-0.0118856
0000000910,-0.018531
0000000920,-0.00830454
0000000930,-0.0279806
0000000940,-0.00566656
0000000950,-0.0137086
0000000960,-0.0339486
0000000970,-0.0160841
0000000980,-0.00685364
0000000990,-0.00466083
0000001000,-0.016558
0000001010,-0.0065216
0000001020,-0.00791268
0000001030,-0.0156092
0000001040,-0.00404163
0000001050,-0.00616778
0000001060,-0.0133815
0000001070,-0.0195557
0000001080,-0.0106485
0000001090,-0.00612106
0000001100,-0.0234604
0000001110,-0.0211038
0000001120,-0.027361
0000001130,-0.0300899
0000001140,-0.0147334
0000001150,-0.0248021
0000001160,-0.0139201
0000001170,-0.0110662
0000001180,-0.0196168
0000001190,-0.0142842
0000001200,-0.0109164
0000001210,-0.0103422
0000001220,-0.0175921
0000001230,-0.00951824
0000001240,-0.00763888
0000001250,-0.0222347
0000001260,-0.013832
0000001270,-0.018588
0000001280,-0.0198483
0000001290,-0.0153995
0000001300,-0.0207279
0000001310,-0.0307929
0000001320,-0.0201422
0000001330,-0.0161039
0000001340,-0.0139602
0000001350,-0.0212727
0000001360,-0.015175
0000001370,-0.00103053
0000001380,-0.0153573
0000001390,-0.0185824
0000001400,-0.0212349
0000001410,-0.00183435
0000001420,-0.00265813
0000001430,-0.00628924
0000001440,-0.00481752
0000001450,-0.00658246
0000001460,-0.0147682
0000001470,-0.0248413
0000001480,-0.0194037
0000001490,-0.0203941
0000001500,-0.0111782
0000001510,-0.0221337
0000001520,-0.0056112
0000001530,0.000722626
0000001540,-0.0145086
0000001550,-0.0275471
0000001560,-0.0128896
0000001570,-0.010428
0000001580,-0.0162818
0000001590,-0.028891
0000001600,0.000278737
0000001610,-0.0179458
0000001620,-0.0150958
0000001630,-0.0114022
0000001640,-0.0219063
0000001650,-0.0174792
0000001660,-0.0199787
0000001670,-0.0215276
0000001680,-0.0185755
0000001690,-0.0111136
0000001700,-0.0150306
0000001710,-0.0139136
0000001720,-0.0348521
0000001730,-0.0161707
0000001740,-0.0282839
0000001750,-0.022395
0000001760,-0.00943676
0000001770,-0.0178788
0000001780,-0.0223758
0000001790,-0.00811253
0000001800,-0.0215573
0000001810,-0.0138836
0000001820,-0.0298525
0000001830,-0.0201853
0000001840,-0.0150737
0000001850,-0.0104855
0000001860,-0.0200385
0000001870,-0.0344608
0000001880,-0.0187471
0000001890,-0.0166067
0000001900,-0.0219737
0000001910,-0.0198518
0000001920,-0.00592945
0000001930,-0.015029
0000001940,-0.0168826
0000001950,-0.009964
0000001960,-0.00750351
0000001970,-0.0269698
0000001980,-0.0168553
0000001990,-0.00629339
0000002000,-0.0145618
0000002010,-0.0141204
0000002020,-0.0273457
0000002030,-0.00530782
0000002040,-0.0102577
0000002050,-0.0184399
0000002060,-0.0208773
0000002070,-0.0116169
0000002080,-0.0121073
0000002090,-0.0160893
0000002100,-0.0266759
0000002110,-0.0207688
0000002120,-0.0223961
0000002130,-0.0134548
0000002140,-0.0167385
0000002150,-0.0163975
0000002160,-0.0177329
0000002170,-0.0234095
0000002180,-0.00539754
0000002190,-0.018492
0000002200,-0.0193809
0000002210,-0.00618836
0000002220,-0.0117898
0000002230,-0.0307216
0000002240,-0.0120543
0000002250,-0.0169562
0000002260,-0.0132046
0000002270,-0.0109468
0000002280,-0.0151389
0000002290,-0.000397092
0000002300,-0.0096478
0000002310,-0.0224951
0000002320,-0.0103638
0000002330,-0.0108905
0000002340,-0.00708418
0000002350,-0.0247245
0000002360,-0.0124269
0000002370,0.00585534
0000002380,-0.0268095
0000002390,-0.00322135
0000002400,-0.0297746
0000002410,-0.027361
0000002420,-0.0199762
0000002430,-0.0155802
0000002440,-0.0112266
0000002450,0.00197172
0000002460,-0.031402
0000002470,-0.0163766
0000002480,-0.0152309
0000002490,-0.0140628
0000002500,0.00628116
0000002510,-0.0149253
0000002520,-0.0194722
0000002530,-0.0100537
0000002540,-0.010851
0000002550,-0.0111814
0000002560,-0.0111365
0000002570,-0.0114781
0000002580,-0.014647
0000002590,-0.0155548
0000002600,-0.0179957
0000002610,-0.0219435
0000002620,-0.0118171
0000002630,-0.025239
0000002640,-0.00895014
0000002650,-0.0214061
0000002660,-0.022558
0000002670,-0.0142518
0000002680,0.000167028
0000002690,-0.0188015
0000002700,-0.0195336
0000002710,-0.0162014
0000002720,-0.0143411
0000002730,-0.0109214
0000002740,-0.0123258
0000002750,-0.00862755
0000002760,-0.0258646
0000002770,-0.0163535
0000002780,-0.0134695
0000002790,-0.0130132
0000002800,-0.0148477
0000002810,-0.0147731
0000002820,-0.0142908
0000002830,-0.0151446
0000002840,-0.0104251
0000002850,-0.0257609
0000002860,-0.0185335
0000002870,-0.0200466
0000002880,-0.0220822
0000002890,-0.0222328
0000002900,-0.0225382
0000002910,0.00521499
0000002920,-0.0145323
0000002930,0.00140775
0000002940,-0.0130589
0000002950,-0.00176964
0000002960,-0.0182368
0000002970,-0.0256995
0000002980,0.0013104
0000002990,0.00310446
0000003000,-0.0111742
0000003010,0.00410651
0000003020,-0.0178594
0000003030,-0.00989141
0000003040,-0.00726543
0000003050,-0.0192897
0000003060,-0.0281326
0000003070,-0.013564
0000003080,-0.00802675
0000003090,-0.00782558
0000003100,-0.0225581
0000003110,-0.0170014
0000003120,-0.0156329
0000003130,-0.0194375
0000003140,-0.00888757
0000003150,-0.0110923
0000003160,0.000167724
0000003170,-0.0155844
0000003180,-0.0160916
0000003190,-0.00957196
0000003200,-0.011748
0000003210,-0.012815
0000003220,-0.0335173
0000003230,-0.0131044
0000003240,-0.0237704
0000003250,-0.007182
0000003260,-0.0221898
0000003270,-0.0145031
0000003280,-0.0048773
0000003290,-0.0237001
0000003300,-0.0289548
0000003310,-0.0211359
0000003320,-0.025764
0000003330,-0.0198464
0000003340,-0.0210808
0000003350,-0.0127527
0000003360,-0.00138382
0000003370,-0.00268443
0000003380,-0.0206727
0000003390,-0.0167626
0000003400,-0.00612397
0000003410,-0.0246555
0000003420,-0.0128638
0000003430,-0.00922316
0000003440,-0.0233544
0000003450,-0.00756897
0000003460,-0.0169818
0000003470,-0.0171094
0000003480,-0.0113278
0000003490,-0.0178703
0000003500,-0.0138159
0000003510,-0.0189403
0000003520,-0.0126556
0000003530,0.00211947
0000003540,-0.0242069
0000003550,-0.0109998
0000003560,-0.0167452
0000003570,-0.00109902
0000003580,-0.014115
0000003590,-0.0227837
0000003600,-0.0346747
0000003610,-0.0165104
0000003620,-0.0126387
0000003630,-0.00557537
0000003640,-0.0314025
0000003650,-0.0172924
0000003660,-0.0348187
0000003670,-0.010545
0000003680,-0.0132232
0000003690,-0.0115385
0000003700,-0.0197611
0000003710,-0.0183144
0000003720,-0.0195354
0000003730,-0.0101866
0000003740,-0.00439299
0000003750,-0.0209144
0000003760,-0.00292862
0000003770,-0.0160834
0000003780,-0.00600852
0000003790,-0.0144523
0000003800,-0.0147686
0000003810,-0.021589
0000003820,-0.0310776
0000003830,-0.0284794
0000003840,-0.0182237
0000003850,-0.0056277
0000003860,-0.0132445
0000003870,-0.0241462
0000003880,-0.0166653
0000003890,-0.0205153
0000003900,-0.00702304
0000003910,-0.0214968
0000003920,-0.0214164
0000003930,-0.0243711
0000003940,-0.0127467
0000003950,-0.0137327
0000003960,-0.00898934
0000003970,-0.00749565
0000003980,-0.0223709
0000003990,-0.0102264
0000004000,-0.019909
0000004010,-0.0227178
0000004020,-0.00948427
0000004030,-0.00631585
0000004040,-0.0155041
0000004050,-0.0245375
0000004060,-0.0206552
0000004070,-0.00798607
0000004080,-0.0131399
0000004090,-0.0191687
0000004100,-0.0257607
0000004110,-0.0114244
0000004120,-0.0124306
0000004130,-0.0232902
0000004140,-0.0134168
0000004150,-0.0158256
0000004160,-0.0214034
0000004170,-0.0267577
0000004180,-0.0254661
0000004190,-0.0275093
0000004200,-0.0144757
0000004210,-0.0105581
0000004220,-0.0152892
0000004230,-0.0217198
0000004240,-0.0303663
0000004250,-0.0144592
0000004260,-0.0227918
0000004270,-0.0168431
0000004280,-0.0351277
0000004290,-0.0140021
0000004300,-0.0185155
0000004310,-0.00851423
0000004320,-0.0114502
0000004330,-0.0113896
0000004340,-0.0110627
0000004350,-0.0187785
0000004360,-0.00950374
0000004370,-0.00294938
0000004380,-0.0176959
0000004390,-0.00922795
0000004400,-0.0129734
0000004410,-0.00136212
0000004420,-0.0219324
0000004430,-0.0243305
0000004440,-0.00789726
0000004450,-0.00779048
0000004460,-0.003295
0000004470,-0.0167309
0000004480,-0.0125874
0000004490,-0.00549973
0000004500,-0.00328862
0000004510,-0.0140816
0000004520,-0.0215701
0000004530,-0.0144422
0000004540,-0.00725469
0000004550,-0.0203693
0000004560,-0.0130176
0000004570,-0.0143114
0000004580,-0.0235439
0000004590,-0.0203776
0000004600,-0.0230817
0000004610,-0.000996611
0000004620,-0.0131597
0000004630,-0.0228264
0000004640,-0.01388
0000004650,-0.00024359
0000004660,-0.019915
0000004670,-0.0180174
0000004680,-0.0132257
0000004690,-0.0138859
0000004700,-0.0202374
0000004710,-0.0036261
0000004720,-0.0082399
0000004730,-0.00373385
0000004740,-0.010824
0000004750,-0.0119288
0000004760,-0.0141964
0000004770,-0.0118889
0000004780,-0.0165986
0000004790,-0.0302006
0000004800,-0.00634883
0000004810,-0.0193634
0000004820,-0.0185523
0000004830,-0.0104171
0000004840,-0.0153456
0000004850,-0.00904476
0000004860,-0.00880021
0000004870,-0.00499178
0000004880,-0.0230951
0000004890,-0.0150295
0000004900,-0.0142441
0000004910,-0.0289435
0000004920,0.00237146
0000004930,-0.0064997
0000004940,-0.0236255
0000004950,-0.0174132
0000004960,-0.022778
0000004970,-0.0198484
0000004980,0.00630424
0000004990,-0.0290827
0000005000,-0.00444426
0000005010,-0.0212052
0000005020,-0.0289148
0000005030,-0.0211338
0000005040,-0.00976205
0000005050,-0.0165836
0000005060,-0.00942935
0000005070,-0.015881
0000005080,-0.0176389
0000005090,-0.00503163
0000005100,-0.00687819
0000005110,-0.0129544
0000005120,0.00415434
0000005130,-0.0222692
0000005140,-0.00663123
0000005150,0.00376168
0000005160,-0.0345414
0000005170,-0.00817262
0000005180,-0.0109278
0000005190,-0.0157
0000005200,-0.0212723
0000005210,-0.0107642
0000005220,-0.0262983
0000005230,-0.0203879
0000005240,-0.02018
0000005250,-0.0253092
0000005260,-0.00329633
0000005270,-0.0174907
0000005280,-0.000206884
0000005290,-0.0251808
0000005300,-0.0119158
0000005310,-0.00669463
0000005320,-0.0103536
0000005330,-0.019473
0000005340,-0.0132593
0000005350,-0.0192937
0000005360,-0.022285
0000005370,-0.0279134
0000005380,-0.00513763
0000005390,-0.00982859
0000005400,-0.0113278
0000005410,-0.00757637
0000005420,-0.00517955
0000005430,-0.0169703
0000005440,-0.0175397
0000005450,-0.000164568
0000005460,-0.0166654
0000005470,0.00104701
0000005480,-0.00766888
0000005490,-0.0180549
0000005500,-0.0152447
0000005510,-0.0102478
0000005520,-0.0187269
0000005530,-0.0173306
0000005540,-0.0184214
0000005550,-0.0083521
0000005560,-0.0205533
0000005570,-0.0121923
0000005580,-0.0224978
0000005590,-0.0174396
0000005600,-0.0112636
0000005610,-0.00987115
0000005620,-0.0217489
0000005630,-0.0136617
0000005640,-0.00605702
0000005650,-0.0268202
0000005660,-0.0206819
0000005670,-0.0249776
0000005680,-0.0135003
0000005690,-0.0231224
0000005700,-0.00916319
0000005710,-0.00422854
0000005720,-0.0224907
0000005730,-0.0145475
0000005740,-0.00748538
0000005750,-0.0123871
0000005760,-0.00773356
0000005770,-0.0195844
0000005780,-0.00919639
0000005790,-0.0245318
0000005800,-0.0138768
0000005810,-0.0253682
0000005820,-0.00231265
0000005830,-0.015245
0000005840,-0.00694489
0000005850,-0.023005
0000005860,-0.0282516
0000005870,-0.0251818
0000005880,-0.00584405
0000005890,-0.00445849
0000005900,-0.0129516
0000005910,-0.0205931
0000005920,-0.00996276
0000005930,-0.0255034
0000005940,-0.0358005
0000005950,-0.0123932
0000005960,-0.0164965
0000005970,-0.0156468
0000005980,-0.0315737
0000005990,-0.0139104
0000006000,-0.010182
0000006010,-0.0137834
0000006020,-0.0227783
0000006030,-0.00919737
0000006040,-0.0217712
0000006050,-0.0181737
0000006060,-0.0174126
0000006070,-0.00773635
0000006080,-0.0207353
0000006090,-0.0142161
0000006100,-0.0194434
0000006110,-0.0125602
0000006120,-0.0213908
0000006130,-0.00548275
0000006140,-0.00304362
0000006150,-0.00882389
0000006160,-0.0122832
0000006170,-0.0144754
0000006180,-0.00202554
0000006190,-0.0162205
0000006200,-0.00879699
0000006210,-0.00379423
0000006220,-0.0130481
0000006230,-0.0331476
0000006240,-0.0186273
0000006250,-0.00929011
0000006260,-0.0100167
0000006270,-0.0183003
0000006280,-0.0234908
0000006290,-0.0187143
0000006300,-0.012654
0000006310,-0.0266108
0000006320,-0.0243037
0000006330,-0.0111876
0000006340,-0.00995808
0000006350,-0.0343778
0000006360,-0.0127526
0000006370,-0.0141157
0000006380,-0.0172263
0000006390,-0.0158796
0000006400,-0.0223853
0000006410,-0.0226119
0000006420,-0.0156366
0000006430,-0.0250591
0000006440,-0.0130971
0000006450,-0.0208691
0000006460,-0.0216407
0000006470,-0.0178361
0000006480,-0.00906493
0000006490,-0.0329317
0000006500,-0.0206698
0000006510,-0.0150961
0000006520,-0.0225564
0000006530,-0.0132744
0000006540,-0.00909191
0000006550,-0.0139723
0000006560,-0.0159408
0000006570,-0.00320162
0000006580,-0.0199195
0000006590,-0.0211473
0000006600,-0.00346113
0000006610,-0.0207474
0000006620,-0.0137755
0000006630,-0.0235339
0000006640,-0.0142299
0000006650,-0.00568286
0000006660,-0.0169186
0000006670,-0.0179814
0000006680,-0.0186172
0000006690,-0.0207894
0000006700,-0.00961828
0000006710,-0.0192014
0000006720,-0.0170157
0000006730,-0.011221
0000006740,-0.0107504
0000006750,0.00147278
0000006760,-0.0175495
0000006770,-0.0195947
0000006780,-0.0168468
0000006790,-0.0288613
0000006800,-0.022363
0000006810,-0.0102925
0000006820,-0.0111958
0000006830,-0.00128826
0000006840,-0.0172353
0000006850,-0.0222087
0000006860,-0.0185522
0000006870,-0.0167124
0000006880,-0.0166258
0000006890,-0.0169767
0000006900,-0.0081738
0000006910,-0.0163234
0000006920,-0.0072959
0000006930,-0.018157
0000006940,-0.0256664
0000006950,-0.0225491
0000006960,-0.0115615
0000006970,-0.00803395
0000006980,-0.0173445
0000006990,-0.0133641
0000007000,0.00104321
0000007010,-0.00204635
0000007020,-0.018922
0000007030,-0.0178001
0000007040,-0.00957966
0000007050,-0.0128366
0000007060,-0.00788735
0000007070,-0.00553325
0000007080,-0.00808813
0000007090,-0.0179023
0000007100,-0.0154664
0000007110,-0.0217841
0000007120,-0.0107499
0000007130,-0.0129374
0000007140,-0.0171954
0000007150,-0.00797185
0000007160,-0.0170073
0000007170,-0.00599778
0000007180,-0.0371775
0000007190,0.00557559
0000007200,-0.0251129
0000007210,-0.0105185
0000007220,-0.0220633
0000007230,-0.00947537
0000007240,-0.0108922
0000007250,-0.0134797
0000007260,-0.0277097
0000007270,-0.00607223
0000007280,-0.0229647
0000007290,-0.0225348
0000007300,-0.00984852
0000007310,-0.0294877
0000007320,-0.0127516
0000007330,-0.0202029
0000007340,-0.00759052
0000007350,-0.0156482
0000007360,-0.00396407
0000007370,-0.0156735
0000007380,-0.0134559
0000007390,-0.0327857
0000007400,0.00959219
0000007410,-0.0344729
0000007420,-0.00692993
0000007430,-0.0116177
0000007440,-0.0190734
0000007450,-0.00440447
0000007460,-0.00940714
0000007470,-0.0277594
0000007480,0.0069114
0000007490,-0.0212595
0000007500,-0.0132691
0000007510,-0.0307663
0000007520,-0.0297525
0000007530,-0.022188
0000007540,-0.0276675
0000007550,-0.00395322
0000007560,-0.00377515
0000007570,-0.0223078
0000007580,0.00105958
0000007590,-0.00481873
0000007600,-0.0124615
0000007610,-0.0202785
0000007620,-0.0160062
0000007630,-0.0227864
0000007640,-0.00646721
0000007650,-0.0192098
0000007660,-0.00371484
0000007670,-0.0109114
0000007680,-0.0321522
0000007690,-0.0164588
0000007700,-0.023707
0000007710,-0.0237477
0000007720,-0.0147768
0000007730,-0.0277959
0000007740,-0.00319396
0000007750,-0.0239694
0000007760,-0.0121531
0000007770,-0.00726831
0000007780,-0.00652842
0000007790,-0.00649508
0000007800,-0.0175209
0000007810,-0.00769867
0000007820,-0.0238728
0000007830,-0.0103533
0000007840,-0.0345651
0000007850,-0.0163825
0000007860,-0.0133254
0000007870,-0.0269656
0000007880,-0.0103569
0000007890,-0.0137973
0000007900,-0.0113318
0000007910,-0.0196206
0000007920,-0.0235308
0000007930,-0.0262679
0000007940,-0.00533865
0000007950,-0.0127891
0000007960,-0.0232607
0000007970,-0.013011
0000007980,-0.0170582
0000007990,-0.016495
0000008000,-0.0308922
0000008010,-0.00537857
0000008020,-0.0233353
0000008030,-0.0103148
0000008040,-0.0179392
0000008050,-0.0175553
0000008060,-0.0142688
0000008070,-0.010651
0000008080,-0.00825512
0000008090,-0.0245504
0000008100,-0.00924349
0000008110,-0.0142637
0000008120,-0.0303034
0000008130,-0.0259024
0000008140,-0.0201032
0000008150,-0.0186654
0000008160,-0.0132561
0000008170,-0.00693213
0000008180,-0.0190884
0000008190,-0.0139512
0000008200,-0.0267331
0000008210,-0.0177865
0000008220,-0.00314921
0000008230,-0.0156693
0000008240,-0.0111037
0000008250,-0.0139767
0000008260,-0.0143467
0000008270,-0.00642594
0000008280,-0.00694699
0000008290,-0.00884258
0000008300,-0.000236805
0000008310,-0.0123758
0000008320,-0.0239498
0000008330,-0.0203033
0000008340,-0.00316262
0000008350,-0.0202518
0000008360,-0.0307025
0000008370,-0.0194051
0000008380,0.000104736
0000008390,-0.0219353
0000008400,-0.0145543
0000008410,-0.0133367
0000008420,-0.0121405
0000008430,-0.0229401
0000008440,-0.00495775
0000008450,-0.0064909
0000008460,-0.0219676
0000008470,-0.0115734
0000008480,-0.024479
0000008490,-0.0273558
0000008500,-0.017101
0000008510,-0.0105102
0000008520,-0.0160791
0000008530,-0.0105512
0000008540,-0.0111407
0000008550,0.000758537
0000008560,-0.0127698
0000008570,-0.0199381
0000008580,-0.0192043
0000008590,-0.00760326
0000008600,-0.000117803
0000008610,-0.0257237
0000008620,-0.0105111
0000008630,-0.0117895
0000008640,-0.013295
0000008650,-0.00782407
0000008660,-0.0273729
0000008670,-0.0194959
0000008680,-0.0370693
0000008690,-0.019685
0000008700,-0.00353127
0000008710,-0.0118166
0000008720,-0.0213272
0000008730,0.00628218
0000008740,-0.0240633
0000008750,-0.0194416
0000008760,-0.0167602
0000008770,-0.0171568
0000008780,-0.0143522
0000008790,-0.0180596
0000008800,-0.00817476
0000008810,-0.014649
0000008820,-0.00647243
0000008830,0.00555096
0000008840,-0.012302
0000008850,-0.00884769
0000008860,0.0151405
0000008870,-0.0127473
0000008880,-0.0130378
0000008890,-0.0102822
0000008900,-0.0171309
0000008910,-0.0142171
0000008920,-0.00394743
0000008930,-0.0238864
0000008940,-0.00388633
0000008950,0.0125346
0000008960,-0.0177684
0000008970,-0.0216426
0000008980,-0.0297512
0000008990,-0.00436636
0000009000,-0.0321319
0000009010,-0.0290692
0000009020,-0.0163022
0000009030,-0.0115566
0000009040,-0.0235794
0000009050,-0.0202749
0000009060,-0.0190495
0000009070,-0.00928676
0000009080,-0.00617689
0000009090,-0.0213197
0000009100,-0.00872786
0000009110,-0.0142253
0000009120,-0.0167591
0000009130,-0.0171102
0000009140,-0.0178053
0000009150,-0.00301225
0000009160,-0.0090972
0000009170,-0.0200957
0000009180,-0.0201351
0000009190,-0.0187641
0000009200,-0.0139344
0000009210,-0.0242121
0000009220,-0.0188655
0000009230,-0.0103913
0000009240,-0.0123333
0000009250,-0.0144486
0000009260,-0.0219396
0000009270,-0.00981998
0000009280,-0.0165071
0000009290,-0.0285685
0000009300,-0.0280378
0000009310,-0.0109741
0000009320,0.00219003
0000009330,-0.0227741
0000009340,-0.0217293
0000009350,-0.01457
0000009360,-0.0253814
0000009370,-0.0183414
0000009380,-0.0188526
0000009390,-0.0231541
0000009400,-0.0106643
0000009410,-0.00785479
0000009420,-0.0279775
0000009430,-0.0193181
0000009440,-0.0313225
0000009450,-0.0169302
0000009460,-0.00160581
0000009470,-0.0155379
0000009480,-0.0249823
0000009490,-0.014783
0000009500,-0.0257373
0000009510,-0.0107787
0000009520,-0.0166837
0000009530,-0.0136188
0000009540,-0.0152811
0000009550,-0.0237901
0000009560,-0.0159378
0000009570,0.00323465
0000009580,-0.0149252
0000009590,-0.006636
0000009600,0.00202252
0000009610,-0.00624026
0000009620,-0.0121726
0000009630,-0.0203831
0000009640,-0.0128054
0000009650,-0.0197567
0000009660,-0.0197516
0000009670,-0.0127461
0000009680,-0.0168037
0000009690,-0.0200693
0000009700,-0.00801435
0000009710,-0.0275065
0000009720,-0.0232147
0000009730,-0.000984846
0000009740,-0.0196977
0000009750,-0.016731
0000009760,-0.0225853
0000009770,0.000710886
0000009780,-0.00725191
0000009790,-0.0193482
0000009800,-0.0089607
0000009810,-0.010793
0000009820,-0.00421547
0000009830,-0.0250436
0000009840,-0.00717647
0000009850,-0.0228645
0000009860,-0.022656
0000009870,-0.0152296
0000009880,-0.0149341
0000009890,-0.0171085
0000009900,-0.0104315
0000009910,-0.0108843
0000009920,-0.0276287
0000009930,-0.0201071
0000009940,-0.0211939
0000009950,-0.0155361
0000009960,-0.0148921
0000009970,-0.0168763
0000009980,0.0010019
0000009990,-0.0206452
0000010000,-0.0150834
0000010010,-0.0150081
0000010020,-0.0222295
0000010030,-0.00751573
0000010040,-0.0192495
0000010050,-0.0259154
0000010060,-0.0168907
0000010070,-0.0196757
0000010080,-0.0269379
0000010090,-0.0250661
0000010100,-0.0127357
0000010110,-0.019498
0000010120,-0.012368
0000010130,-0.0137042
0000010140,0.0010291
0000010150,-0.0116166
0000010160,-0.0192641
0000010170,-0.0138853
0000010180,-0.000147072
0000010190,-0.0287595
0000010200,0.00892208
0000010210,-0.0116027
0000010220,-0.0107456
0000010230,-0.0118377
0000010240,2.07174e-05
0000010250,-0.0287699
0000010260,-0.0283271
0000010270,-0.018534
0000010280,-0.00664638
0000010290,-0.0108393
0000010300,0.0115204
0000010310,-0.0185985
0000010320,-0.0202893
0000010330,-0.00951753
0000010340,-0.031131
0000010350,-0.024712
0000010360,-0.028844
0000010370,-0.0193955
0000010380,-0.023774
0000010390,-0.00884388
0000010400,-0.0156564
0000010410,-0.0255512
0000010420,-0.0252586
0000010430,-0.0221772
0000010440,-0.0197622
0000010450,-0.0203974
0000010460,-0.0277452
0000010470,-0.0212906
0000010480,-0.0155752
0000010490,-0.0195746
0000010500,-0.00267283
0000010510,-0.02015
0000010520,-0.0184167
0000010530,-0.0212565
0000010540,-0.0183348
0000010550,-0.0171352
0000010560,-0.0348002
0000010570,-0.0128895
0000010580,-0.020996
0000010590,-0.00516065
0000010600,-0.0130356
0000010610,-0.0102179
0000010620,-0.0163179
0000010630,-0.0213241
0000010640,-0.0200362
0000010650,-0.0153802
0000010660,-0.0303541
0000010670,-0.0102523
0000010680,-0.0112737
0000010690,-0.00649225
0000010700,-0.0236744
0000010710,-0.0269285
0000010720,-0.0186534
0000010730,0.00176756
0000010740,-0.00509776
0000010750,-0.00984403
0000010760,-0.0254467
0000010770,-0.020885
0000010780,-0.0220137
0000010790,-0.0129793
0000010800,-0.0179325
0000010810,-0.0142665
0000010820,-0.00140322
0000010830,-0.0151995
0000010840,-0.0208266
0000010850,-0.0202918
0000010860,-0.0185891
0000010870,-0.0266507
0000010880,-0.00758717
0000010890,-0.0139338
0000010900,-0.0175556
0000010910,-0.027358
0000010920,-0.0167245
0000010930,-0.019119
0000010940,-0.00689576
0000010950,-0.0162294
0000010960,-0.0136036
0000010970,-0.00787323
0000010980,-0.011385
0000010990,-0.0141071
0000011000,-0.0218631
0000011010,-0.0163756
0000011020,-0.0128466
0000011030,-0.0108429
0000011040,-0.0212688
0000011050,-0.00765378
0000011060,-0.0226486
0000011070,-0.0119243
0000011080,-0.0218786
0000011090,-0.0247712
0000011100,-0.0356172
0000011110,-0.0244974
0000011120,-0.013119
0000011130,-0.0150077
0000011140,-0.0092847
0000011150,-0.00749691
0000011160,-0.0187311
0000011170,-0.018945
0000011180,-0.0113992
0000011190,-0.0285509
0000011200,-0.0135069
0000011210,-0.0122849
0000011220,-0.0103516
0000011230,-0.0105525
0000011240,-0.0196535
0000011250,-0.0280608
0000011260,-0.0204214
0000011270,-0.0209112
0000011280,-0.0239366
0000011290,-0.0201846
0000011300,-0.0224753
0000011310,-0.00818846
0000011320,-0.0141464
0000011330,-0.0059012
0000011340,-0.0262406
0000011350,-0.0204179
0000011360,-0.0130363
0000011370,-0.0173781
0000011380,-0.00629814
0000011390,-0.0191056
0000011400,-0.012328
0000011410,-0.0107242
0000011420,0.000849708
0000011430,-0.0126468
0000011440,-0.00840972
0000011450,-0.0219208
0000011460,-0.023117
0000011470,-0.0229116
0000011480,-0.0103891
0000011490,-0.0164378
0000011500,-0.00424636
0000011510,-0.021665
0000011520,-0.0113243
0000011530,-0.0221838
0000011540,-0.0049207
0000011550,-0.0137924
0000011560,-0.0177151
0000011570,-0.0117317
0000011580,-0.0183503
0000011590,-0.0186598
0000011600,-0.00724161
0000011610,-0.0151046
0000011620,-0.00284774
0000011630,-0.010644
0000011640,-0.00994213
0000011650,-0.0125427
0000011660,-0.0217429
0000011670,-0.017146
0000011680,-0.006977
0000011690,-0.00237762
0000011700,-0.0275834
0000011710,-0.0102672
0000011720,-0.00398774
0000011730,-0.00275066
0000011740,-0.0119164
0000011750,-0.0179235
0000011760,-0.0213618
0000011770,-0.0117665
0000011780,0.00373146
0000011790,-0.0110645
0000011800,-0.0244205
0000011810,-0.00427167
0000011820,-0.00121114
0000011830,-0.0206292
0000011840,-0.00394426
0000011850,-0.0085006
0000011860,-0.0313473
0000011870,-0.0133164
0000011880,-0.02186
0000011890,-0.0251752
0000011900,-0.0131907
0000011910,-0.011709
0000011920,-0.0179054
0000011930,-0.00602823
0000011940,-0.0150495
0000011950,-0.00562271
0000011960,-0.00650513
0000011970,-0.0245935
0000011980,-0.00893983
0000011990,-0.00817559
0000012000,-0.00886133
0000012010,-0.0110376
0000012020,-0.0244218
0000012030,-0.010313
0000012040,-0.00407756
0000012050,-0.0144358
0000012060,-0.012175
0000012070,-0.0152159
0000012080,-0.0021
0000012090,-0.0150925
0000012100,-0.0105682
0000012110,-0.00281425
0000012120,-0.00936319
0000012130,-0.0174918
0000012140,-0.0206993
0000012150,-0.0118957
0000012160,-0.0213193
0000012170,-0.0205988
0000012180,-0.0248236
0000012190,-0.0123924
0000012200,-0.0189824
0000012210,-0.0116481
0000012220,-0.0228018
0000012230,-0.00709493
0000012240,-0.0197356
0000012250,-0.0174201
0000012260,-0.0200204
0000012270,-0.0222083
0000012280,-0.0155295
0000012290,0.000278345
0000012300,-0.00584128
0000012310,-0.00909703
0000012320,-0.025098
0000012330,-0.00466917
0000012340,-0.016053
0000012350,-0.0224831
0000012360,-0.0198909
0000012370,-0.0318532
0000012380,-0.0245676
0000012390,-0.0209842
0000012400,-0.0296165
0000012410,-0.0240149
0000012420,-0.0215247
0000012430,-0.020371
0000012440,-0.0286976
0000012450,-0.000966154
0000012460,-0.0142597
0000012470,-0.0232787
0000012480,-0.0183555
0000012490,-0.0197176
0000012500,-0.0105146
0000012510,-0.0275566
0000012520,-0.0107322
0000012530,-0.00370272
0000012540,-0.0181544
0000012550,-0.0213107
0000012560,-0.017616
0000012570,-0.0126555
0000012580,-0.00574549
0000012590,-0.00265493
0000012600,-0.0254763
0000012610,0.00185063
0000012620,-0.0180521
0000012630,-0.0171728
0000012640,-0.00846046
0000012650,-0.0160442
0000012660,-0.0272341
0000012670,-0.01037
0000012680,-0.0222021
0000012690,-0.0156168
0000012700,-0.00767245
0000012710,-0.018661
0000012720,-0.0104338
0000012730,-0.0237168
0000012740,-0.01672
0000012750,-0.0206692
0000012760,-0.0211419
0000012770,-0.0243721
0000012780,-0.0221605
0000012790,-0.0021715
0000012800,-0.0133837
0000012810,-0.00910204
0000012820,-0.0168494
0000012830,-0.00631796
0000012840,0.00261466
0000012850,-0.0344074
0000012860,-0.0172753
0000012870,-0.00838609
0000012880,-0.00177129
0000012890,-0.0112157
0000012900,-0.0218572
0000012910,-0.0130722
0000012920,-0.0227567
0000012930,-0.0133068
0000012940,-0.0123969
0000012950,-0.0189182
0000012960,-0.0141913
0000012970,-0.00175258
0000012980,-0.0184267
0000012990,-0.0107583
0000013000,-0.0102129
0000013010,-0.0169445
0000013020,-0.0132512
0000013030,-0.0115987
0000013040,-0.0284888
0000013050,-0.0218359
0000013060,-0.0284694
0000013070,-0.00979581
0000013080,-0.0128693
0000013090,-0.0161
0000013100,-0.0230273
0000013110,-0.0195146
0000013120,-0.014426
0000013130,-0.0258854
0000013140,-0.0143106
0000013150,-0.00718255
0000013160,-0.0114714
0000013170,-0.0180777
0000013180,-0.0189896
0000013190,-0.0142623
0000013200,-0.00684132
0000013210,-0.0120496
0000013220,-0.00263199
0000013230,-0.00531154
0000013240,-0.00543658
0000013250,-0.0161041
0000013260,-0.01308
0000013270,-0.024063
0000013280,-0.00994257
0000013290,-0.0165638
0000013300,-0.0175678
0000013310,-0.0107282
0000013320,-0.021016
0000013330,-0.0164644
0000013340,-0.0150229
0000013350,-0.0183903
0000013360,-0.0200457
0000013370,0.00162719
0000013380,-0.00755548
0000013390,-0.013779
0000013400,-0.0134261
0000013410,-0.0320419
0000013420,-0.000682657
0000013430,-0.0123317
0000013440,-0.0193439
0000013450,-0.0314197
0000013460,-0.0237336
0000013470,-0.0117625
0000013480,-0.0123487
0000013490,-0.0267457
0000013500,-0.00180624
0000013510,-0.0147074
0000013520,-0.0173086
0000013530,-0.0125387
0000013540,-0.0206556
0000013550,-0.0221562
0000013560,-0.0233716
0000013570,-0.00902858
0000013580,-0.0325706
0000013590,-0.0214579
0000013600,-0.0250295
0000013610,-0.0158606
0000013620,-0.0172777
0000013630,-0.0065534
0000013640,-0.024747
0000013650,-0.0128411
0000013660,-0.00746093
0000013670,-0.022081
0000013680,-0.0160742
0000013690,-0.0202839
0000013700,-0.0202638
0000013710,-0.00675389
0000013720,-0.0266318
0000013730,-0.00722337
0000013740,-0.0108771
0000013750,-0.0222682
0000013760,-0.0169076
0000013770,-0.0130972
0000013780,-0.0134562
0000013790,-0.0137972
0000013800,-0.0184064
0000013810,-0.0123079
0000013820,-0.00362625
0000013830,-0.00985181
0000013840,-0.0115301
0000013850,-0.00298313
0000013860,-0.0163512
0000013870,-0.0140287
0000013880,-0.0106213
0000013890,-0.0137326
0000013900,-0.0127779
0000013910,-0.0103699
0000013920,-0.0116821
0000013930,-0.00578988
0000013940,-0.0142031
0000013950,-0.0211409
0000013960,-0.0182461
0000013970,0.00425536
0000013980,-0.0226736
0000013990,-0.0173984
0000014000,-0.0233645
0000014010,-0.00158509
0000014020,-0.0209551
0000014030,-0.00795999
0000014040,-0.00972573
0000014050,-0.00838534
0000014060,-0.00911126
0000014070,-0.00928279
0000014080,-0.0100689
0000014090,-0.0299137
0000014100,-0.0152906
0000014110,-0.0209179
0000014120,-0.0158995
0000014130,-0.0214368
0000014140,-0.0149864
0000014150,-0.0225462
0000014160,-0.0178702
0000014170,-0.00814176
0000014180,-0.0222703
0000014190,0.000824289
0000014200,-0.0145738
0000014210,-0.0113439
0000014220,-0.0229492
0000014230,-0.0240378
0000014240,-0.00849323
0000014250,-0.0120713
0000014260,-0.0115919
0000014270,-0.0167305
0000014280,-0.0170314
0000014290,-0.01486
0000014300,-0.014501
0000014310,-0.023637
0000014320,-0.0289892
0000014330,-0.0116494
0000014340,-0.0100863
0000014350,-0.00977999
0000014360,-0.00958136
0000014370,-0.021946
0000014380,-0.0294126
0000014390,-0.0168676
0000014400,-0.0134499
0000014410,-0.0157694
0000014420,-0.00981847
0000014430,-0.0194895
0000014440,-0.00842054
0000014450,-0.0165474
0000014460,-0.0262139
0000014470,-0.00706071
0000014480,-0.00422629
0000014490,-0.0290312
0000014500,-0.0138045
0000014510,-0.00393701
0000014520,-0.000695986
0000014530,-0.0156918
0000014540,-0.00657742
0000014550,-0.00377284
0000014560,-0.0137703
0000014570,-0.00375618
0000014580,-0.0103189
0000014590,-0.00228335
0000014600,-0.0212637
0000014610,-0.0161233
0000014620,0.00328816
0000014630,-0.00652951
0000014640,-0.0154587
0000014650,-0.00124262
0000014660,-0.000959145
0000014670,-0.00593645
0000014680,-0.00195487
0000014690,0.00216837
0000014700,-0.028654
0000014710,-0.0183103
0000014720,-0.0237122
0000014730,-0.010733
0000014740,-0.0259078
0000014750,-0.0160612
0000014760,-0.0176085
0000014770,-0.0142293
0000014780,-0.0238905
0000014790,-0.0216668
0000014800,-0.0235154
0000014810,-0.0255681
0000014820,-0.0016256
0000014830,-0.0215853
0000014840,-0.00292309
0000014850,-0.0187208
0000014860,-0.0216009
0000014870,-0.0126214
0000014880,-0.0205809
0000014890,-0.017472
0000014900,-0.00975308
0000014910,-0.0169307
0000014920,-0.0183841
0000014930,-0.0211859
0000014940,-0.00746667
0000014950,-0.0168114
0000014960,-0.00291991
0000014970,-0.0299819
0000014980,-0.0385228
0000014990,-0.00519295
0000015000,-0.0104844
0000015010,-0.0221271
0000015020,-0.0229375
0000015030,-0.0257525
0000015040,-0.0179921
0000015050,-0.00651473
0000015060,-0.0203603
0000015070,-0.00723473
0000015080,-0.0182026
0000015090,-0.0171653
0000015100,-0.0192048
0000015110,-0.0149697
0000015120,-0.00307151
0000015130,-0.016998
0000015140,-0.00210985
0000015150,-0.0113634
0000015160,-0.0153285
0000015170,-0.0130384
0000015180,-0.00934697
0000015190,-0.0280917
0000015200,-0.00431461
0000015210,-0.00868259
0000015220,-0.00947083
0000015230,-0.0134479
0000015240,-0.0200538
0000015250,-0.0148734
0000015260,-0.0143964
0000015270,-0.0154146
0000015280,-0.0249738
0000015290,-0.0156039
0000015300,-0.0180715
0000015310,-0.0149283
0000015320,-0.017424
0000015330,-0.00943582
0000015340,-0.0151379
0000015350,-0.0159804
0000015360,-0.0134154
0000015370,-0.0148822
0000015380,-0.0168542
0000015390,-0.0330366
0000015400,-0.0228403
0000015410,-0.0139654
0000015420,-0.0163828
0000015430,-0.0185064
0000015440,0.00191798
0000015450,-0.0131911
0000015460,-0.00598398
0000015470,-0.0293412
0000015480,-0.0197986
0000015490,-0.0175696
0000015500,-0.0294561
0000015510,-0.0190877
0000015520,-0.0062045
0000015530,-0.0206613
0000015540,-0.0230243
0000015550,-0.0204058
0000015560,-0.0163753
0000015570,-0.0235492
0000015580,-0.0277549
0000015590,-0.0252826
0000015600,0.00301994
0000015610,-0.00721388
0000015620,-0.0341951
0000015630,-0.0170478
0000015640,-0.0233247
0000015650,-0.0213541
0000015660,-0.0134308
0000015670,-0.00778744
0000015680,-0.0192625
0000015690,-0.0197326
0000015700,-0.0210889
0000015710,-0.0141223
0000015720,-0.0236665
0000015730,-0.0160492
0000015740,-0.0167366
0000015750,-0.00186506
0000015760,-0.00963747
0000015770,-0.0181049
0000015780,-0.0129421
0000015790,-0.0262346
0000015800,-0.00239088
0000015810,-0.0142954
0000015820,-0.0165358
0000015830,-0.00596666
0000015840,-0.0217053
0000015850,-0.020956
0000015860,-0.0203718
0000015870,-0.014592
0000015880,-0.0148442
0000015890,-0.000220939
0000015900,-0.0146478
0000015910,-0.023269
0000015920,-0.00631729
0000015930,-0.0119276
0000015940,-0.0141814
0000015950,-0.0128271
0000015960,-0.0182112
0000015970,-0.0122941
0000015980,-0.00296255
0000015990,-0.0156641
