0000000000,-0.0118684
0000000010,0.00780092
0000000020,-0.0171275
0000000030,-0.0248451
0000000040,0.0144238
0000000050,-0.0227596
0000000060,-0.0235867
0000000070,0.00234978
0000000080,-0.00938882
0000000090,-0.0233443
0000000100,0.000589387
0000000110,-0.0116517
0000000120,-0.0305976
0000000130,-0.00522413
0000000140,-0.0204835
0000000150,-0.0296489
0000000160,-0.0229973
0000000170,-0.00693871
0000000180,-0.0182966
0000000190,-0.0272283
0000000200,-0.021948
0000000210,-0.0152598
0000000220,0.00401869
0000000230,-0.0230437
0000000240,-0.0130613
0000000250,-0.0113328
0000000260,-0.0198144
0000000270,-0.044877
0000000280,-0.0353544
0000000290,-0.0275872
0000000300,-0.00872305
0000000310,-0.0217337
0000000320,-0.00430985
0000000330,-0.0295805
0000000340,-0.0139186
0000000350,-0.0161171
0000000360,-0.00719513
0000000370,-0.00923337
0000000380,-0.0113948
0000000390,-0.00421045
0000000400,-0.0181576
0000000410,-0.0128016
0000000420,-0.0051179
0000000430,-0.0222069
0000000440,0.00947533
0000000450,-0.0225478
0000000460,-0.0117052
0000000470,-0.0206208
0000000480,-0.00540143
0000000490,-0.00819454
0000000500,-0.0259213
0000000510,-0.0267095
0000000520,-0.013026
0000000530,-0.0150219
0000000540,-0.0144987
0000000550,-0.0202649
0000000560,-0.0171858
0000000570,-0.0197387
0000000580,-0.00877288
0000000590,-0.0145248
0000000600,-0.0089163
0000000610,-0.0134954
0000000620,-0.0131092
0000000630,-0.0388985
0000000640,-0.0365513
0000000650,-0.0335487
0000000660,-0.014576
0000000670,-0.0319511
0000000680,-0.0146679
0000000690,-0.0296155
0000000700,-0.0241371
0000000710,-0.00965367
0000000720,-0.00785271
0000000730,-0.0337218
0000000740,-0.0134255
0000000750,-0.0140695
0000000760,-0.0092624
0000000770,-0.00527615
0000000780,-0.00433783
0000000790,0.000702954
0000000800,-0.0169475
0000000810,-0.00393906
0000000820,-0.0209302
0000000830,-0.0144899
0000000840,-0.0314607
0000000850,-0.0138627
0000000860,-0.00509332
0000000870,-0.0279388
0000000880,0.00112987
0000000890,-0.0178727
0000000900,-0.00292897
0000000910,-0.00835536
0000000920,-0.013757
0000000930,-0.0172286
0000000940,0.0154717
0000000950,-0.00928818
0000000960,-0.00967894
0000000970,-0.0195941
0000000980,-0.00383281
0000000990,-0.00440596
0000001000,-0.0118475
0000001010,-0.0135845
0000001020,0.0390022
0000001030,0.00924493
0000001040,-0.0386849
0000001050,0.0145953
0000001060,-0.0514852
0000001070,-0.0314151
0000001080,0.012316
0000001090,0.0335963
0000001100,0.00324196
0000001110,0.0033635
0000001120,0.0169087
0000001130,-0.0439069
0000001140,-0.0226785
0000001150,-0.000291096
0000001160,-0.0113786
0000001170,-0.0130577
0000001180,-0.0398015
0000001190,-0.0121316
0000001200,-0.0336906
0000001210,-0.0270503
0000001220,0.0207862
0000001230,-0.0140685
0000001240,-0.0377657
0000001250,-0.0249088
0000001260,0.00879481
0000001270,-0.0148999
0000001280,-0.020386
0000001290,0.0158986
0000001300,-0.0388324
0000001310,0.0149674
0000001320,-0.0374563
0000001330,-0.0101982
0000001340,-0.00147731
0000001350,0.00153878
0000001360,-0.0106176
0000001370,-0.010215
0000001380,-0.011152
0000001390,-0.00884433
0000001400,-0.0235435
0000001410,-0.0205402
0000001420,-0.0315143
0000001430,-0.00661487
0000001440,-0.00337621
0000001450,-0.000712584
0000001460,-0.0298948
0000001470,-0.0153832
0000001480,-0.0362108
0000001490,-0.00584075
0000001500,-0.00603006
0000001510,-0.00787372
0000001520,-0.0112413
0000001530,-0.0211018
0000001540,-0.0310195
0000001550,-0.00906704
0000001560,-0.0283883
0000001570,-0.00365213
0000001580,-0.00657629
0000001590,-0.0280847
0000001600,-0.0289782
0000001610,-0.0266962
0000001620,-0.0221078
0000001630,-0.00168457
0000001640,-0.0155587
0000001650,-0.0310722
0000001660,-0.0095987
0000001670,-0.00843702
0000001680,-0.00592733
0000001690,-0.0293916
0000001700,-0.0187309
0000001710,-0.0220331
0000001720,-0.00775881
0000001730,-0.00686485
0000001740,-0.00695932
0000001750,-0.0157471
0000001760,-0.0125112
0000001770,-0.02602
0000001780,-0.0203525
0000001790,-0.0152796
0000001800,0.00532326
0000001810,0.00254208
0000001820,-0.022904
0000001830,-0.0302479
0000001840,-0.00928716
0000001850,-0.0260031
0000001860,-0.0204623
0000001870,-0.00911586
0000001880,-0.0154945
0000001890,-0.045308
0000001900,-0.00983226
0000001910,-0.0210353
0000001920,-0.0155522
0000001930,-0.00887195
0000001940,0.000356724
0000001950,0.00104674
0000001960,-0.0143107
0000001970,-0.0146043
0000001980,-0.0207891
0000001990,-0.0241511
0000002000,-0.00210115
0000002010,-0.0158103
0000002020,-0.0018609
0000002030,0.0245471
0000002040,-0.011955
0000002050,-0.00491616
0000002060,-0.0244796
0000002070,-0.0219212
0000002080,-0.0138427
0000002090,-0.018761
0000002100,-0.0197644
0000002110,-0.0129752
0000002120,-0.00962294
0000002130,-0.019721
0000002140,-0.0351522
0000002150,0.00621627
0000002160,-0.025302
0000002170,-0.00301057
0000002180,-0.0185219
0000002190,-0.0111333
0000002200,-0.0205932
0000002210,-0.0411713
0000002220,-0.0202987
0000002230,-0.00836472
0000002240,-0.0036968
0000002250,-0.0190463
0000002260,-0.0137695
0000002270,-0.0108809
0000002280,-0.0226803
0000002290,-0.0145923
0000002300,-0.0100558
0000002310,-0.0077472
0000002320,-0.0307282
0000002330,-0.0244644
0000002340,-0.0217909
0000002350,-0.0183225
0000002360,0.00108181
0000002370,-0.0114923
0000002380,-0.0394512
0000002390,-0.0111392
0000002400,-0.0253168
0000002410,-0.0292421
0000002420,-0.0335588
0000002430,-0.00300123
0000002440,-0.0130282
0000002450,-0.0220186
0000002460,-0.00145273
0000002470,-0.0404963
0000002480,-0.0174071
0000002490,-0.0220153
0000002500,-0.0213734
0000002510,-0.00905802
0000002520,-0.010631
0000002530,-0.00649006
0000002540,0.000526855
0000002550,-0.0115511
0000002560,-0.0102971
0000002570,-0.0275575
0000002580,-0.00969377
0000002590,-0.0305907
0000002600,-0.0150585
0000002610,0.00231216
0000002620,-0.0293436
0000002630,-0.00723157
0000002640,-0.0117419
0000002650,-0.0137904
0000002660,-0.000206334
0000002670,-0.0216329
0000002680,-0.0163642
0000002690,-0.010728
0000002700,-0.0375269
0000002710,-0.0238814
0000002720,-0.0324635
0000002730,-0.0144826
0000002740,-0.0291319
0000002750,-0.0279881
0000002760,-0.00602229
0000002770,-0.0281744
0000002780,-0.0252554
0000002790,-0.00645149
0000002800,-0.046606
0000002810,-0.019812
0000002820,-0.0199464
0000002830,-0.00875561
0000002840,-0.0243667
0000002850,-0.0145773
0000002860,-0.0229334
0000002870,-0.0114974
0000002880,-0.0264906
0000002890,-0.0329056
0000002900,-0.00568505
0000002910,-0.023343
0000002920,-0.00925056
0000002930,-0.0202027
0000002940,-0.0209594
0000002950,0.00198358
0000002960,-0.00909503
0000002970,-0.00806789
0000002980,0.0175156
0000002990,-0.0265643
0000003000,0.00179394
0000003010,-0.019577
0000003020,-0.0144871
0000003030,-0.00745602
0000003040,-0.0315266
0000003050,-0.00107785
0000003060,-0.00475626
0000003070,-0.0104197
0000003080,-0.0203146
0000003090,-0.0067065
0000003100,-0.0318961
0000003110,-0.0257888
0000003120,-0.0182736
0000003130,-0.0260089
0000003140,-0.0294354
0000003150,-0.0232463
0000003160,-0.00408724
0000003170,-0.0136541
0000003180,-0.0139232
0000003190,0.0011295
0000003200,-0.00881076
0000003210,0.0126228
0000003220,-0.00903165
0000003230,-0.00799748
0000003240,-0.0222266
0000003250,-0.0101918
0000003260,-0.0120952
0000003270,0.005011
0000003280,-0.0368923
0000003290,-0.0315774
0000003300,-0.0134179
0000003310,0.000566633
0000003320,-0.0287249
0000003330,0.000510142
0000003340,-0.0123167
0000003350,-0.00491742
0000003360,-0.0336436
0000003370,-0.00713849
0000003380,-0.0288372
0000003390,-0.0243491
0000003400,-0.00708478
0000003410,-0.00976879
0000003420,-0.0207327
0000003430,-0.0145684
0000003440,0.00524717
0000003450,-0.0459328
0000003460,-0.0159685
0000003470,-0.0183572
0000003480,-0.00887652
0000003490,-0.0170053
0000003500,-0.0105401
0000003510,-0.0303105
0000003520,-0.0121604
0000003530,-0.0177178
0000003540,-0.00985262
0000003550,-0.000797628
0000003560,-0.00685657
0000003570,-0.0102396
0000003580,-0.0185145
0000003590,-0.0231101
0000003600,-0.025906
0000003610,-0.0405423
0000003620,-0.0153157
0000003630,-0.00305072
0000003640,-0.0282776
0000003650,-0.0121515
0000003660,0.00593547
0000003670,-0.0207078
0000003680,-0.00344288
0000003690,-0.0163032
0000003700,-0.0113629
0000003710,-0.0236678
0000003720,-0.0309606
0000003730,-0.0217855
0000003740,-0.00817229
0000003750,-0.0230341
0000003760,-0.0225378
0000003770,-0.0178204
0000003780,-0.00667842
0000003790,-0.0302865
0000003800,-0.00165291
0000003810,-0.0315318
0000003820,-0.00951677
0000003830,-0.0227195
0000003840,-0.00548513
0000003850,-0.0191112
0000003860,0.00203651
0000003870,-0.0183811
0000003880,-0.0180435
0000003890,-0.0198967
0000003900,-0.0125601
0000003910,0.0130905
0000003920,-0.0117442
0000003930,-0.00583089
0000003940,0.00139715
0000003950,-0.0172554
0000003960,-0.00829916
0000003970,0.00524522
0000003980,-0.0324219
0000003990,-0.0132876
0000004000,-0.00279907
0000004010,-3.69086e-05
0000004020,-0.00577215
0000004030,-0.0136402
0000004040,-0.00930602
0000004050,-0.0286819
0000004060,-0.0218452
0000004070,-0.0192757
0000004080,-0.00283937
0000004090,-0.0253129
0000004100,-0.0140489
0000004110,-0.0145948
0000004120,-0.0228309
0000004130,-0.0293736
0000004140,-0.0211107
0000004150,-0.0202849
0000004160,-0.01486
0000004170,-0.0180127
0000004180,-0.00864156
0000004190,-0.0181409
0000004200,-0.0438598
0000004210,-0.00839185
0000004220,-0.0322297
0000004230,-0.00686192
0000004240,-0.0238092
0000004250,-0.026962
0000004260,-0.0135925
0000004270,-0.00713395
0000004280,-0.0313995
0000004290,-0.0146672
0000004300,-0.0279319
0000004310,-0.000240538
0000004320,-0.0129392
0000004330,-0.0249964
0000004340,-0.0190358
0000004350,-0.00720844
0000004360,-0.0218956
0000004370,-0.0328837
0000004380,-0.0111439
0000004390,-0.00548358
0000004400,-0.0319636
0000004410,0.00528777
0000004420,-0.0151519
0000004430,-0.00448723
0000004440,0.00865299
0000004450,-0.0307532
0000004460,0.008989
0000004470,-0.00887982
0000004480,8.01808e-05
0000004490,-0.00429936
0000004500,-0.00288118
0000004510,-0.018075
0000004520,-0.0228311
0000004530,-0.0311002
0000004540,-0.0262287
0000004550,-0.00740656
0000004560,-0.0347442
0000004570,0.000649958
0000004580,-0.0104319
0000004590,-0.0201767
0000004600,-0.00376929
0000004610,-0.0360587
0000004620,-0.0143792
0000004630,-0.0212763
0000004640,-0.0121794
0000004650,-0.0292285
0000004660,-0.0309071
0000004670,-0.00904202
0000004680,-0.0180641
0000004690,-0.0252157
0000004700,-0.000648299
0000004710,-0.00669178
0000004720,-0.0236753
0000004730,0.00495804
0000004740,-0.0168442
0000004750,-0.0183174
0000004760,-0.0159995
0000004770,-0.011683
0000004780,-0.0155115
0000004790,-0.0166801
0000004800,-0.0133512
0000004810,-0.00662162
0000004820,-0.00774816
0000004830,-0.026983
0000004840,-0.0385502
0000004850,0.00969877
0000004860,-0.0350568
0000004870,0.00479306
0000004880,-0.0206908
0000004890,-0.0128021
0000004900,-0.0122321
0000004910,-0.0138156
0000004920,-0.0192726
0000004930,-0.0487696
0000004940,0.00174879
0000004950,-0.00433842
0000004960,-0.0482712
0000004970,0.0140064
0000004980,-0.0291204
0000004990,-2.21951e-05
0000005000,-0.0145122
0000005010,-0.0134653
0000005020,0.00857109
0000005030,0.00155832
0000005040,-0.0263377
0000005050,-0.0181064
0000005060,0.000148922
0000005070,0.0016718
0000005080,-0.0331226
0000005090,-0.0247972
0000005100,-0.0127425
0000005110,-0.00143117
0000005120,-0.0313239
0000005130,-0.0228952
0000005140,0.00234088
0000005150,-0.0165335
0000005160,-0.0158605
0000005170,-0.0110451
0000005180,-0.0148109
0000005190,-0.025313
0000005200,0.0176103
0000005210,-0.012151
0000005220,0.00258109
0000005230,-0.00708577
0000005240,0.00490917
0000005250,-0.0256272
0000005260,0.00696811
0000005270,0.0144805
0000005280,2.66632e-05
0000005290,-0.0479527
0000005300,0.0030302
0000005310,-0.025335
0000005320,0.0021829
0000005330,-0.02642
0000005340,-0.0275003
0000005350,-0.0233825
0000005360,-0.0147239
0000005370,-0.00522574
0000005380,0.00109038
0000005390,-0.0170741
0000005400,-0.0357431
0000005410,-0.00649951
0000005420,-0.0116802
0000005430,-0.0051223
0000005440,-0.00148321
0000005450,-0.00429595
0000005460,-0.0135919
0000005470,-0.0246043
0000005480,-0.0320381
0000005490,-0.0132707
0000005500,-0.0393172
0000005510,-0.0143398
0000005520,-0.0217775
0000005530,-0.0103859
0000005540,-0.0119682
0000005550,-0.000404082
0000005560,-0.0283595
0000005570,-0.0262011
0000005580,-0.00746929
0000005590,-0.0149624
0000005600,-0.0218163
0000005610,-0.00281152
0000005620,-0.015179
0000005630,-0.0218199
0000005640,-0.00465307
0000005650,-0.038078
0000005660,-0.00107577
0000005670,0.000131589
0000005680,-0.0265964
0000005690,-0.0285238
0000005700,-0.0300202
0000005710,-0.0140152
0000005720,-0.00221558
0000005730,-0.0272596
0000005740,-0.0334168
0000005750,-0.00786737
0000005760,-0.0168197
0000005770,-0.0358191
0000005780,-0.00366675
0000005790,-0.0256757
0000005800,-0.0225943
0000005810,-0.0242312
0000005820,-0.00474337
0000005830,-0.00458329
0000005840,-0.0234851
0000005850,-0.0199843
0000005860,-0.00897501
0000005870,-0.0290147
0000005880,-0.0122842
0000005890,-0.00752243
0000005900,-0.00311133
0000005910,0.00369199
0000005920,-0.0289865
0000005930,0.0141373
0000005940,0.000338097
0000005950,-0.0101639
0000005960,-0.00804905
0000005970,-0.00924409
0000005980,-0.0228698
0000005990,-0.0087288
0000006000,-0.0362437
0000006010,-0.0092603
0000006020,-0.0358581
0000006030,-0.0175404
0000006040,-0.0194761
0000006050,-0.00977044
0000006060,-0.0287599
0000006070,-0.0171004
0000006080,-0.0246261
0000006090,0.00166456
0000006100,-0.0253588
0000006110,-0.000496023
0000006120,0.0104176
0000006130,-0.0437637
0000006140,-0.00806534
0000006150,-0.0205939
0000006160,-0.0283147
0000006170,-0.0227554
0000006180,-0.00601586
0000006190,-0.0208334
0000006200,-0.0352327
0000006210,0.00115395
0000006220,-0.0156641
0000006230,-0.0147059
0000006240,-0.0246623
0000006250,-0.0140134
0000006260,-0.00928101
0000006270,-0.0150324
0000006280,-0.0103807
0000006290,-0.0285806
0000006300,-0.0166242
0000006310,-0.0184299
0000006320,-0.0249205
0000006330,-0.0176659
0000006340,-0.036443
0000006350,-0.0279715
0000006360,-0.0230027
0000006370,-0.0286169
0000006380,-0.0169366
0000006390,-0.0226239
0000006400,0.00830098
0000006410,-0.0279053
0000006420,-0.0286396
0000006430,0.00449048
0000006440,-0.0262902
0000006450,0.00456517
0000006460,-0.0210343
0000006470,-0.0129143
0000006480,-0.0252077
0000006490,-0.0197622
0000006500,-0.0164295
0000006510,-0.0384402
0000006520,-0.0136748
0000006530,-0.0167108
0000006540,-0.00760453
0000006550,-0.0168977
0000006560,-0.00975007
0000006570,-0.0143247
0000006580,-0.00801581
0000006590,-0.0329706
0000006600,-0.0378497
0000006610,-0.00170113
0000006620,-0.00382801
0000006630,-0.0206825
0000006640,-0.0117077
0000006650,-0.0306579
0000006660,-0.037905
0000006670,0.00860461
0000006680,-0.0246054
0000006690,-0.00116899
0000006700,-0.000627884
0000006710,-0.0219802
0000006720,-0.0313608
0000006730,-0.00164085
0000006740,-0.00422566
0000006750,-0.0231331
0000006760,-0.0279272
0000006770,-0.0171732
0000006780,-0.0104494
0000006790,-0.020006
0000006800,-0.0122669
0000006810,-0.0326474
0000006820,-0.0214104
0000006830,-0.0220785
0000006840,-0.0307638
0000006850,-0.0151247
0000006860,-0.0361662
0000006870,-0.00562178
0000006880,-0.00539933
0000006890,-0.0246815
0000006900,-0.0160951
0000006910,-0.0223328
0000006920,-0.0265791
0000006930,-0.0158022
0000006940,-0.0146787
0000006950,-0.0125261
0000006960,-0.0177418
0000006970,-0.0255582
0000006980,-0.0143439
0000006990,-0.0159114
0000007000,-0.00487055
0000007010,-0.0260474
0000007020,-0.0112368
0000007030,-0.00807782
0000007040,-0.0311401
0000007050,-0.00796761
0000007060,-0.0169603
0000007070,-0.0261967
0000007080,-0.0221958
0000007090,-0.025329
0000007100,-0.0373276
0000007110,-0.0227698
0000007120,0.00276317
0000007130,-0.0329658
0000007140,-0.00961371
0000007150,0.00255082
0000007160,-0.00918454
0000007170,-0.00787398
0000007180,-0.00517724
0000007190,0.00278352
0000007200,0.00474206
0000007210,0.00477184
0000007220,-0.0075881
0000007230,-0.0101518
0000007240,-0.0135749
0000007250,0.0204832
0000007260,-0.0131774
0000007270,-0.0168219
0000007280,-0.0316007
0000007290,-0.00890469
0000007300,0.0111843
0000007310,-0.00797395
0000007320,-0.0317559
0000007330,-0.0281847
0000007340,0.026398
0000007350,-0.0378554
0000007360,-0.0260942
0000007370,-0.0168861
0000007380,0.00200418
0000007390,-0.0613721
0000007400,-0.00626996
0000007410,-0.0215397
0000007420,0.00221314
0000007430,-0.000855931
0000007440,-0.0274799
0000007450,-0.0371902
0000007460,-0.0189586
0000007470,-0.00285755
0000007480,-0.0149234
0000007490,0.000255681
0000007500,-0.0130672
0000007510,-0.0118315
0000007520,-0.0125614
0000007530,-0.0121974
0000007540,0.0231101
0000007550,-0.0173182
0000007560,-0.0179132
0000007570,-0.023229
0000007580,0.004564
0000007590,-0.00845763
0000007600,-0.0244872
0000007610,-0.0180738
0000007620,-0.0178242
0000007630,-0.00972613
0000007640,-0.0204366
0000007650,-0.0166738
0000007660,-0.0305886
0000007670,0.00120569
0000007680,-0.0364727
0000007690,-0.0290157
0000007700,-0.0295289
0000007710,-0.0160096
0000007720,-0.0153153
0000007730,-0.0248491
0000007740,-0.00819925
0000007750,-0.0120019
0000007760,-0.0186787
0000007770,-0.0261737
0000007780,0.00464954
0000007790,-0.032922
0000007800,-0.00349845
0000007810,-0.00778768
0000007820,-0.00457782
0000007830,-0.0213847
0000007840,-0.0241548
0000007850,-0.0292936
0000007860,-0.0233837
0000007870,-0.0146938
0000007880,-0.00701097
0000007890,-0.00411403
0000007900,-0.0355053
0000007910,-0.000409665
0000007920,-0.0105964
0000007930,-0.0083798
0000007940,-0.0149749
0000007950,-0.020313
0000007960,-0.0159709
0000007970,-0.0163306
0000007980,-0.0127237
0000007990,-0.0245731
0000008000,-0.00831514
0000008010,0.000347653
0000008020,-0.014641
0000008030,-0.0153204
0000008040,-0.0408716
0000008050,-0.0306845
0000008060,-0.00365337
0000008070,-0.00767642
0000008080,-0.00726679
0000008090,-0.0332197
0000008100,-0.0111529
0000008110,0.00841111
0000008120,0.00436842
0000008130,-0.00233727
0000008140,-0.0229177
0000008150,-0.0106648
0000008160,-0.0292506
0000008170,-0.0138209
0000008180,-0.0107895
0000008190,0.00047043
0000008200,-0.0294246
0000008210,0.00144995
0000008220,-0.0195801
0000008230,-0.0347544
0000008240,-0.00646661
0000008250,-0.0277445
0000008260,-0.00561806
0000008270,-0.0070022
0000008280,-0.0247814
0000008290,-0.00405616
0000008300,-0.00419894
0000008310,-0.0269294
0000008320,-0.0269537
0000008330,-0.00917737
0000008340,-0.01103
0000008350,0.00996092
0000008360,-0.013105
0000008370,-0.00205363
0000008380,0.00231467
0000008390,-0.0266102
0000008400,0.0204338
0000008410,0.0122786
0000008420,0.0126612
0000008430,-0.0329063
0000008440,-0.0257892
0000008450,0.00784758
0000008460,-0.0274567
0000008470,-0.0263948
0000008480,-0.017181
0000008490,-0.00728162
0000008500,0.00308238
0000008510,-0.0150157
0000008520,-0.0192704
0000008530,-0.006202
0000008540,-0.0165768
0000008550,-0.0203988
0000008560,-0.0156667
0000008570,-0.0252657
0000008580,-0.0472851
0000008590,-0.00865038
0000008600,-0.0276841
0000008610,-0.00461463
0000008620,-0.0193935
0000008630,-0.00762993
0000008640,-0.0306646
0000008650,-0.0120105
0000008660,-0.0131734
0000008670,-0.0159718
0000008680,-0.0192901
0000008690,-0.0274986
0000008700,0.0167589
0000008710,-0.0127802
0000008720,-0.0139766
0000008730,0.0066477
0000008740,-0.0266304
0000008750,-0.0174107
0000008760,-0.0173964
0000008770,-0.0218047
0000008780,-0.0141293
0000008790,-0.0214035
0000008800,-0.00625676
0000008810,-0.0105531
0000008820,-0.0124543
0000008830,-0.00588369
0000008840,0.0110023
0000008850,-0.0120121
0000008860,0.00746804
0000008870,-0.00267659
0000008880,-0.0195033
0000008890,-0.0236938
0000008900,-0.0535133
0000008910,0.00795575
0000008920,-0.00946288
0000008930,-0.000925104
0000008940,-0.0113958
0000008950,-0.0157539
0000008960,-0.035665
0000008970,-0.0245855
0000008980,-0.0280803
0000008990,-0.0122935
0000009000,-0.0214636
0000009010,-0.0202219
0000009020,-0.0173947
0000009030,0.00286209
0000009040,-0.0210397
0000009050,-0.0310795
0000009060,-0.014244
0000009070,0.00665332
0000009080,-0.0233967
0000009090,-0.00538969
0000009100,-0.0012828
0000009110,-0.0263494
0000009120,-0.0172676
0000009130,-0.0240165
0000009140,-0.0314752
0000009150,-0.00356455
0000009160,-0.0287032
0000009170,-0.0503871
0000009180,-0.00215868
0000009190,-0.0345701
0000009200,-0.0136073
0000009210,-0.0221975
0000009220,0.00794818
0000009230,-0.0439111
0000009240,-0.00182684
0000009250,0.00547514
0000009260,-0.0227746
0000009270,0.010616
0000009280,-0.0296782
0000009290,-0.0118257
0000009300,-0.0133678
0000009310,0.0105793
0000009320,0.00212356
0000009330,-0.00694088
0000009340,-0.00886134
0000009350,-0.0123493
0000009360,-0.0176834
0000009370,-0.0184586
0000009380,0.002253
0000009390,-0.0198923
0000009400,-0.0319478
0000009410,-0.00800442
0000009420,-0.0192756
0000009430,-0.019068
0000009440,-0.0275759
0000009450,-0.0179742
0000009460,-0.00704091
0000009470,-0.0112001
0000009480,-0.0195493
0000009490,-0.0343637
0000009500,-0.00346099
0000009510,-0.0194274
0000009520,-0.0116753
0000009530,-0.0141541
0000009540,-0.0282381
0000009550,-0.00290938
0000009560,-0.0062833
0000009570,-0.0289544
0000009580,-0.00390326
0000009590,-0.00117966
0000009600,-0.0397491
0000009610,-0.0433636
0000009620,-0.0236177
0000009630,-0.0268439
0000009640,-0.0111016
0000009650,-0.0116698
0000009660,-0.0175632
0000009670,-0.00216185
0000009680,0.00364519
0000009690,-0.0192863
0000009700,-0.0253889
0000009710,-0.00851873
0000009720,-0.00343736
0000009730,-0.0287289
0000009740,-0.0480901
0000009750,-0.0182606
0000009760,-0.00884394
0000009770,-0.00443567
0000009780,-0.0105451
0000009790,-0.013449
0000009800,-0.0136126
0000009810,-0.0193402
0000009820,-0.0244281
0000009830,-0.0225134
0000009840,-0.00942011
0000009850,-0.01868
0000009860,-0.0255747
0000009870,-0.0187842
0000009880,-0.00273971
0000009890,-0.0349806
0000009900,-0.00468209
0000009910,-0.021297
0000009920,-0.0253961
0000009930,-0.0176122
0000009940,-0.0169292
0000009950,0.00271928
0000009960,-0.0202984
0000009970,-0.0245028
0000009980,-0.0283208
0000009990,-0.019871
0000010000,-0.0436085
0000010010,-0.0217033
0000010020,-0.0363908
0000010030,-0.00260314
0000010040,-0.0219855
0000010050,-0.0234149
0000010060,-0.015159
0000010070,-0.0503494
0000010080,-0.0153649
0000010090,-0.0275491
0000010100,-0.00360444
0000010110,0.00887675
0000010120,-0.0237591
0000010130,-0.0265139
0000010140,-0.0179056
0000010150,-0.00798784
0000010160,0.00333647
0000010170,-0.0274285
0000010180,-0.0214802
0000010190,-0.0278306
0000010200,-0.017447
0000010210,-0.0164015
0000010220,-0.027558
0000010230,-0.015874
0000010240,-0.028539
0000010250,-0.0249545
0000010260,-0.0194541
0000010270,-0.030629
0000010280,-0.0155083
0000010290,-0.0349436
0000010300,0.00206305
0000010310,-0.00821135
0000010320,-0.0105899
0000010330,-0.00200585
0000010340,-0.00762296
0000010350,-0.0449409
0000010360,-0.00253298
0000010370,-0.0195225
0000010380,-0.0293297
0000010390,-0.0193085
0000010400,-0.0196014
0000010410,-0.021056
0000010420,-0.0357799
0000010430,-0.0138199
0000010440,-0.00654064
0000010450,-0.02901
0000010460,-0.0164057
0000010470,-0.0031312
0000010480,-0.00823864
0000010490,-0.0397069
0000010500,-0.00351676
0000010510,-0.0183047
0000010520,-0.0202472
0000010530,-0.0230833
0000010540,-0.0214421
0000010550,-0.0400115
0000010560,-0.0226278
0000010570,-0.0164062
0000010580,-0.00609886
0000010590,-0.0351822
0000010600,-0.00684773
0000010610,-0.011031
0000010620,-0.0121934
0000010630,-0.0126061
0000010640,-0.0323188
0000010650,-0.0265044
0000010660,0.00532673
0000010670,-0.0115114
0000010680,-0.0123168
0000010690,0.00111239
0000010700,-0.019146
0000010710,-0.0178182
0000010720,-0.0154853
0000010730,-0.0149373
0000010740,-0.00122019
0000010750,-0.00889082
0000010760,-0.0351732
0000010770,-0.00910266
0000010780,-0.0121281
0000010790,-0.0356257
0000010800,-0.0106711
0000010810,-0.0151946
0000010820,-0.010905
0000010830,-0.0183939
0000010840,0.0125084
0000010850,-0.00964934
0000010860,-0.00721504
0000010870,-0.0049423
0000010880,-0.00702531
0000010890,-0.00962582
0000010900,-0.00734271
0000010910,-0.0175548
0000010920,-0.00806173
0000010930,-0.0202541
0000010940,-0.00551029
0000010950,0.00747965
0000010960,0.0128051
0000010970,-0.016943
0000010980,-0.0215015
0000010990,-0.00426701
0000011000,-0.0131921
0000011010,-0.0139422
0000011020,-0.0144886
0000011030,-0.0109891
0000011040,-0.0105125
0000011050,-0.0173325
0000011060,-0.00942706
0000011070,-0.021293
0000011080,-0.00382513
0000011090,-0.0143236
0000011100,-0.011913
0000011110,-0.0155288
0000011120,-0.0271297
0000011130,-0.0261761
0000011140,-0.00560317
0000011150,-0.024874
0000011160,-0.0265219
0000011170,-0.0180964
0000011180,-0.0169131
0000011190,0.00415567
0000011200,0.000838518
0000011210,-0.00302103
0000011220,-0.0188884
0000011230,-0.0149708
0000011240,-0.0384571
0000011250,0.00301377
0000011260,0.00256978
0000011270,-0.0212137
0000011280,-0.0380361
0000011290,-0.0254476
0000011300,-0.0166266
0000011310,-0.0290042
0000011320,-0.00546394
0000011330,-0.0114094
0000011340,-0.00511068
0000011350,-0.02149
0000011360,-0.0030416
0000011370,-0.00817911
0000011380,-0.011712
0000011390,-0.0116076
0000011400,-0.0178944
0000011410,-0.00512312
0000011420,-0.0280286
0000011430,-0.0182715
0000011440,-0.0084023
0000011450,0.00243869
0000011460,-0.0380462
0000011470,-0.0137595
0000011480,-0.011821
0000011490,-0.0165312
0000011500,-0.0263274
0000011510,-0.015914
0000011520,-0.0106634
0000011530,-0.00402794
0000011540,-0.027217
0000011550,-0.0325801
0000011560,-0.0267699
0000011570,-0.0216796
0000011580,0.00180218
0000011590,-0.0214324
0000011600,-0.0119595
0000011610,-0.0421907
0000011620,-0.0182683
0000011630,-0.0176216
0000011640,-0.0241932
0000011650,-0.00638122
0000011660,-0.00185158
0000011670,-0.0179454
0000011680,-0.027667
0000011690,-0.00703782
0000011700,-0.00222201
0000011710,-0.00695856
0000011720,-0.00517277
0000011730,-0.0141567
0000011740,-0.0191884
0000011750,-0.0344727
0000011760,-0.0177413
0000011770,-0.0206129
0000011780,0.00290844
0000011790,-0.00069959
0000011800,-0.0361892
0000011810,-0.00853409
0000011820,-0.029448
0000011830,-0.00104587
0000011840,0.00297988
0000011850,-0.0125351
0000011860,-0.0245877
0000011870,-0.0106735
0000011880,-0.00743338
0000011890,-0.0172353
0000011900,-0.0145507
0000011910,-0.0106903
0000011920,-0.0143129
0000011930,-0.0120388
0000011940,-0.0370384
0000011950,-0.0257048
0000011960,-0.0318388
0000011970,-0.0133418
0000011980,-0.00561045
0000011990,-0.0212483
0000012000,0.00255329
0000012010,-0.00682714
0000012020,-0.0103884
0000012030,-0.0180763
0000012040,-0.0174254
0000012050,-0.0156984
0000012060,0.0128912
0000012070,-0.0232568
0000012080,0.00197458
0000012090,-0.00491281
0000012100,-0.00504087
0000012110,-0.00608407
0000012120,-0.0292682
0000012130,-0.0393368
0000012140,-0.0204775
0000012150,-3.59455e-05
0000012160,-0.00545434
0000012170,-0.00207917
0000012180,-0.00500888
0000012190,-0.00395508
0000012200,-0.0197441
0000012210,-0.0195929
0000012220,-0.015213
0000012230,-0.00222163
0000012240,-0.0263164
0000012250,-0.00387424
0000012260,-0.00523825
0000012270,-0.0143665
0000012280,-0.01942
0000012290,-0.019389
0000012300,-0.0134821
0000012310,-0.0179834
0000012320,-0.00490924
0000012330,-0.0187406
0000012340,-0.00466434
0000012350,-0.0124273
0000012360,0.00314128
0000012370,-0.00676726
0000012380,-0.0171291
0000012390,-0.0160892
0000012400,-0.0438961
0000012410,-0.0189499
0000012420,-0.0204122
0000012430,-0.0152712
0000012440,-0.0167597
0000012450,-0.0193517
0000012460,-0.0257753
0000012470,-0.0251162
0000012480,-0.0218894
0000012490,-0.00922805
0000012500,-0.0194244
0000012510,-0.0132633
0000012520,-0.0180047
0000012530,0.00467684
0000012540,0.000733839
0000012550,-0.0178013
0000012560,-0.0140532
0000012570,-0.0225295
0000012580,-0.0207685
0000012590,-0.0153648
0000012600,-0.0271424
0000012610,-0.0287314
0000012620,0.00454781
0000012630,-0.00738626
0000012640,-0.0348693
0000012650,-0.02874
0000012660,-0.0197204
0000012670,-0.0303804
0000012680,-0.0181945
0000012690,-0.00682932
0000012700,-0.0180292
0000012710,-0.0182859
0000012720,-0.0229895
0000012730,-0.020452
0000012740,0.00829256
0000012750,-0.0170872
0000012760,-0.0167939
0000012770,-0.00568466
0000012780,-0.00826338
0000012790,0.00123471
0000012800,-0.0137498
0000012810,-0.0175846
0000012820,-0.0197394
0000012830,-0.0124409
0000012840,-0.0325185
0000012850,0.00661042
0000012860,-0.0142565
0000012870,0.00325797
0000012880,-0.00535426
0000012890,-0.0242902
0000012900,-0.0305757
0000012910,0.0056516
0000012920,-0.0112311
0000012930,-0.029279
0000012940,-0.0210003
0000012950,-0.0240629
0000012960,-0.000460261
0000012970,-0.00937276
0000012980,-0.0161721
0000012990,-0.0146407
0000013000,-0.0104945
0000013010,-0.000147539
0000013020,-0.0209214
0000013030,-0.0343948
0000013040,-0.027803
0000013050,-0.00348273
0000013060,0.0057572
0000013070,-0.0124456
0000013080,-0.0108389
0000013090,-0.0212118
0000013100,-0.0247527
0000013110,-0.0138186
0000013120,-0.00643344
0000013130,-0.0140704
0000013140,0.000366269
0000013150,-0.00984107
0000013160,-0.0224548
0000013170,-0.001961
0000013180,-0.0168054
0000013190,-0.0333316
0000013200,-0.00682159
0000013210,-0.0104488
0000013220,-0.0235963
0000013230,-0.0298987
0000013240,-0.0276198
0000013250,-0.0137013
0000013260,-0.023466
0000013270,-0.0134804
0000013280,-0.0204628
0000013290,-0.0410967
0000013300,0.0111858
0000013310,-0.0333228
0000013320,-0.0211351
0000013330,-0.00998872
0000013340,0.00329756
0000013350,-0.0242755
0000013360,-0.0175708
0000013370,-0.0285209
0000013380,-0.00690616
0000013390,-0.0173827
0000013400,-0.0189337
0000013410,-0.0225563
0000013420,-0.0202428
0000013430,-0.0174391
0000013440,-0.0364086
0000013450,-0.0249663
0000013460,8.34934e-05
0000013470,-0.00440493
0000013480,-0.0254678
0000013490,-0.0011091
0000013500,-0.0408915
0000013510,-0.0189242
0000013520,-0.0259289
0000013530,-0.00901454
0000013540,-0.0144766
0000013550,-0.0306337
0000013560,-0.00158086
0000013570,-0.013266
0000013580,-0.0329329
0000013590,-0.0162183
0000013600,-0.0248996
0000013610,-0.00354511
0000013620,-0.00790036
0000013630,-0.0219061
0000013640,0.0174084
0000013650,-0.00303035
0000013660,-0.00712484
0000013670,-0.0126436
0000013680,-0.0113514
0000013690,-0.02157
0000013700,-0.0102123
0000013710,-0.0289383
0000013720,-0.0130407
0000013730,-0.0170982
0000013740,-0.0232489
0000013750,0.00343607
0000013760,-0.0252004
0000013770,-0.0241999
0000013780,-0.00248643
0000013790,-0.0387449
0000013800,-0.0259099
0000013810,0.00538273
0000013820,-0.022296
0000013830,-0.0112132
0000013840,-0.00984612
0000013850,-0.011373
0000013860,-0.0405271
0000013870,-0.00943818
0000013880,0.00147032
0000013890,-0.0338062
0000013900,-0.0311927
0000013910,-0.0244158
0000013920,-0.00647691
0000013930,-0.0297588
0000013940,-0.0278448
0000013950,-0.0155899
0000013960,-0.0178508
0000013970,-0.0178594
0000013980,-0.0293168
0000013990,-0.0155223
0000014000,-0.016344
0000014010,-0.0132785
0000014020,-0.0196195
0000014030,-0.0274414
0000014040,-0.0160717
0000014050,-0.014644
0000014060,-0.0102607
0000014070,-0.0223796
0000014080,0.00257131
0000014090,-0.0157662
0000014100,-0.0063141
0000014110,-0.0220234
0000014120,-0.000812525
0000014130,0.000942787
0000014140,-0.0090496
0000014150,-0.0400736
0000014160,-0.0242062
0000014170,-0.00480219
0000014180,-0.0196729
0000014190,-0.00263096
0000014200,-0.00962418
0000014210,-0.0219953
0000014220,0.00560761
0000014230,-0.0135546
0000014240,-0.0379273
0000014250,-0.0209481
0000014260,-0.00469504
0000014270,-0.0152605
0000014280,-0.00824968
0000014290,-0.0132986
0000014300,-0.00896238
0000014310,-0.028674
0000014320,-0.0222544
0000014330,-0.0201578
0000014340,-0.0176225
0000014350,-0.0313111
0000014360,-0.0240601
0000014370,-0.0179359
0000014380,-0.0178223
0000014390,-0.0225301
0000014400,-0.0204338
0000014410,-0.0210988
0000014420,-0.00926523
0000014430,-0.0235339
0000014440,-0.014106
0000014450,-0.0174381
0000014460,-0.0283908
0000014470,-0.0263351
0000014480,-0.0152875
0000014490,0.00148389
0000014500,-0.025053
0000014510,-0.0293344
0000014520,-0.0359779
0000014530,-0.0121045
0000014540,-0.0201975
0000014550,-0.0362463
0000014560,-0.023901
0000014570,-0.0179875
0000014580,-0.0151622
0000014590,-0.0110226
0000014600,-0.00681299
0000014610,-0.00714243
0000014620,-0.00909743
0000014630,-0.0172809
0000014640,-0.00995001
0000014650,-0.0330785
0000014660,-0.041054
0000014670,-0.0221089
0000014680,0.00403322
0000014690,-0.0197289
0000014700,-0.0338646
0000014710,-0.0109429
0000014720,-0.0203709
0000014730,-0.0178378
0000014740,-0.0142277
0000014750,-0.0123928
0000014760,-0.0203902
0000014770,-0.0287386
0000014780,-0.0263211
0000014790,-0.0276915
0000014800,-0.0137705
0000014810,-0.00914784
0000014820,-0.0324996
0000014830,-0.00450676
0000014840,-0.0111271
0000014850,-0.0039474
0000014860,-0.0246825
0000014870,-0.00712082
0000014880,-0.0287625
0000014890,-0.0170411
0000014900,-0.0142149
0000014910,-0.00774381
0000014920,0.00142417
0000014930,-0.0241959
0000014940,-0.021573
0000014950,-0.0293
0000014960,-0.0192142
0000014970,-0.0077677
0000014980,-0.0278211
0000014990,-0.0239415
0000015000,-0.00721861
0000015010,-0.014676
0000015020,-0.018568
0000015030,0.00441149
0000015040,-0.0032656
0000015050,-0.0110382
0000015060,-0.0143977
0000015070,-0.023545
0000015080,-0.00694074
0000015090,-0.0151801
0000015100,-0.0214978
0000015110,-0.0280846
0000015120,-0.000242259
0000015130,-0.0245204
0000015140,-0.0269283
0000015150,-0.0185749
0000015160,-0.00383628
0000015170,-0.0190047
0000015180,-0.0148427
0000015190,-0.00107107
0000015200,-0.0276547
0000015210,-0.036073
0000015220,-0.0236176
0000015230,-0.00993993
0000015240,-0.00526807
0000015250,-0.0345586
0000015260,-0.00860288
0000015270,-0.0257559
0000015280,-0.0156465
0000015290,-0.027793
0000015300,-0.0139864
0000015310,-0.0216507
0000015320,-0.0121687
0000015330,-0.021442
0000015340,-0.0117478
0000015350,-0.015547
0000015360,-0.0384964
0000015370,-0.00842342
0000015380,-0.0141318
0000015390,-0.0222832
0000015400,-0.0267682
0000015410,-0.00864297
0000015420,-0.0114272
0000015430,0.0147625
0000015440,-0.0108073
0000015450,-0.0195626
0000015460,-0.0140862
0000015470,-0.0110138
0000015480,-0.0270302
0000015490,-0.00122272
0000015500,-0.00126432
0000015510,-0.00755453
0000015520,-0.00749251
0000015530,-0.0197421
0000015540,-0.0112917
0000015550,-0.00584228
0000015560,-0.0123211
0000015570,-0.0291723
0000015580,-0.0233019
0000015590,-0.0351914
0000015600,-0.0330838
0000015610,0.0157955
0000015620,-0.0255048
0000015630,-0.00496713
0000015640,-0.0325485
0000015650,-0.036644
0000015660,-0.0242858
0000015670,-0.00976167
0000015680,-0.00980458
0000015690,-0.0242153
0000015700,-0.0172542
0000015710,-0.0107013
0000015720,-0.0410878
0000015730,-0.0352374
0000015740,-0.0162749
0000015750,-0.0201919
0000015760,-0.0275075
0000015770,-0.0257042
0000015780,-0.00431171
0000015790,-0.00219754
0000015800,0.00141131
0000015810,-0.0124831
0000015820,-0.022605
0000015830,-0.00122994
0000015840,-0.012129
0000015850,0.000474159
0000015860,-0.0278707
0000015870,-0.0266812
0000015880,-0.024378
0000015890,-0.0280046
0000015900,-0.0115538
0000015910,-0.0281299
0000015920,-0.0107044
0000015930,-0.0129986
0000015940,0.00353203
0000015950,-0.0204051
0000015960,-0.00517966
0000015970,0.00643128
0000015980,-0.0197849
0000015990,-0.00266004
