0000000000,-0.0166827
0000000010,-0.00176869
0000000020,-0.0133957
0000000030,-0.019587
0000000040,-0.0312031
0000000050,-0.0080784
0000000060,-0.0219475
0000000070,-0.00465383
0000000080,-0.00210888
0000000090,-0.0167848
0000000100,-0.0198321
0000000110,-0.024452
0000000120,-0.0132654
0000000130,-0.0107779
0000000140,-0.0188028
0000000150,-0.01743
0000000160,-0.0137425
0000000170,-0.00879369
0000000180,-0.0167096
0000000190,-0.00581515
0000000200,-0.0108652
0000000210,-0.0202526
0000000220,-0.0139672
0000000230,-0.0218551
0000000240,-0.0268242
0000000250,-0.0172357
0000000260,-0.0184174
0000000270,-0.0198586
0000000280,-0.0116489
0000000290,-0.0152997
0000000300,-0.012812
0000000310,-0.0128363
0000000320,-0.00821245
0000000330,-0.0286546
0000000340,-0.0142529
0000000350,-0.0155645
0000000360,-0.00804647
0000000370,-0.0182266
0000000380,-0.0170841
0000000390,-0.0147838
0000000400,-0.02155
0000000410,-0.00594584
0000000420,-0.0117765
0000000430,-0.0232684
0000000440,-0.00452475
0000000450,-0.0170389
0000000460,-0.0169385
0000000470,-0.00832433
0000000480,-0.0124168
0000000490,-0.00854016
0000000500,-0.0213041
0000000510,-0.0167648
0000000520,-0.00911982
0000000530,-0.0190905
0000000540,-0.0139993
0000000550,-0.0243314
0000000560,-0.00797278
0000000570,-0.0180548
0000000580,-0.0274247
0000000590,-0.0218341
0000000600,-0.0147488
0000000610,-0.0169842
0000000620,-0.010061
0000000630,-0.0145558
0000000640,-0.0130607
0000000650,-0.00967862
0000000660,-0.0197377
0000000670,-0.0214541
0000000680,0.000632162
0000000690,-0.0175994
0000000700,-0.0133559
0000000710,-0.0156874
0000000720,-0.0267413
0000000730,-0.0170787
0000000740,-0.0102409
0000000750,-0.0134307
0000000760,-0.00896636
0000000770,-0.0232356
0000000780,-0.0114365
0000000790,-0.00740106
0000000800,-0.016272
0000000810,-0.0219271
0000000820,-0.0198179
0000000830,-0.0193437
0000000840,-0.0158805
0000000850,-0.0202829
0000000860,-0.0127611
0000000870,-0.0138482
0000000880,-0.0113103
0000000890,-0.0262857
0000000900,-0.0106633
0000000910,-0.0110414
0000000920,-0.0152854
0000000930,-0.0119076
0000000940,-0.00602708
0000000950,-0.0235956
0000000960,-0.0149403
0000000970,-0.0211988
0000000980,-0.0127505
0000000990,-0.00676189
0000001000,-0.015999
0000001010,-0.0187032
0000001020,-0.0171668
0000001030,-0.0164785
0000001040,-0.0189913
0000001050,-0.0209264
0000001060,-0.0147393
0000001070,-0.0227559
0000001080,-0.00879322
0000001090,-0.0225658
0000001100,-0.0135402
0000001110,-0.0134417
0000001120,-0.00701376
0000001130,-0.0178659
0000001140,-0.0136217
0000001150,-0.0135971
0000001160,-0.00868319
0000001170,-0.0160004
0000001180,-0.0110585
0000001190,-0.0144405
0000001200,-0.0144487
0000001210,-0.0198523
0000001220,-0.0164817
0000001230,-0.0256686
0000001240,-0.0166026
0000001250,-0.0237891
0000001260,-0.0226388
0000001270,-0.015796
0000001280,-0.0223095
0000001290,-0.0217307
0000001300,-0.01963
0000001310,-0.0153377
0000001320,-0.012854
0000001330,-0.0142063
0000001340,-0.0234413
0000001350,-0.0132896
0000001360,-0.0203503
0000001370,-0.0144495
0000001380,-0.0156764
0000001390,-0.0171606
0000001400,-0.0205991
0000001410,-0.0163886
0000001420,-0.0177468
0000001430,-0.0192037
0000001440,-0.0127968
0000001450,-0.0223639
0000001460,-0.0189367
0000001470,-0.0118627
0000001480,-0.0174937
0000001490,-0.0216222
0000001500,-0.0202424
0000001510,-0.0097583
0000001520,-0.0197523
0000001530,-0.00950059
0000001540,-0.0152727
0000001550,-0.0197306
0000001560,-0.0317146
0000001570,-0.015281
0000001580,-0.0234042
0000001590,-0.0185278
0000001600,-0.0149993
0000001610,-0.0159094
0000001620,-0.0164549
0000001630,-0.0144201
0000001640,-0.0170952
0000001650,0.000804509
0000001660,-0.0226674
0000001670,-0.0243393
0000001680,-0.0230837
0000001690,-0.0120454
0000001700,-0.00771019
0000001710,-0.0185376
0000001720,-0.0172265
0000001730,-0.0195566
0000001740,-0.014521
0000001750,-0.01853
0000001760,-0.0114925
0000001770,-0.0192552
0000001780,-0.0204902
0000001790,-0.0117561
0000001800,-0.0104944
0000001810,-0.0110566
0000001820,-0.0154146
0000001830,-0.00934761
0000001840,-0.0131762
0000001850,-0.0200145
0000001860,-0.0202159
0000001870,-0.0170646
0000001880,-0.0164009
0000001890,-0.0249311
0000001900,-0.00468566
0000001910,-0.00483651
0000001920,-0.0225372
0000001930,-0.0116086
0000001940,-0.0148471
0000001950,-0.0120009
0000001960,-0.0149311
0000001970,-0.0172539
0000001980,-0.0181414
0000001990,-0.012535
0000002000,-0.0119466
0000002010,-0.0157871
0000002020,-0.0206335
0000002030,-0.0133226
0000002040,-0.0144327
0000002050,-0.0202551
0000002060,-0.0110379
0000002070,-0.0246151
0000002080,-0.00723304
0000002090,-0.0161517
0000002100,-0.0252649
0000002110,-0.0110778
0000002120,-0.0127259
0000002130,-0.0187669
0000002140,-0.0197723
0000002150,-0.0200305
0000002160,-0.0155161
0000002170,-0.0199975
0000002180,-0.0130112
0000002190,-0.0145101
0000002200,-0.0186743
0000002210,-0.0105846
0000002220,-0.0140646
0000002230,-0.0167556
0000002240,-0.00618286
0000002250,-0.0235959
0000002260,-0.0204907
0000002270,-0.0212284
0000002280,-0.0192107
0000002290,-0.0176603
0000002300,-0.0284702
0000002310,-0.023381
0000002320,-0.0138513
0000002330,-0.0123341
0000002340,-0.0170233
0000002350,-0.019889
0000002360,-0.0210479
0000002370,-0.0161861
0000002380,-0.0196022
0000002390,-0.0138688
0000002400,-0.000265211
0000002410,-0.0223212
0000002420,-0.0239824
0000002430,-0.015172
0000002440,-0.0065705
0000002450,-0.0195803
0000002460,-0.0202633
0000002470,-0.0171629
0000002480,-0.00790022
0000002490,-0.0207784
0000002500,-0.0218431
0000002510,-0.011457
0000002520,-0.0133693
0000002530,-0.0149533
0000002540,-0.0303716
0000002550,-0.0245578
0000002560,-0.0228596
0000002570,-0.0165327
0000002580,-0.0137335
0000002590,-0.00962022
0000002600,-0.00537397
0000002610,-0.00972611
0000002620,-0.0140215
0000002630,-0.0134006
0000002640,-0.0145352
0000002650,-0.00888535
0000002660,-0.0162074
0000002670,-0.00378461
0000002680,-0.0187717
0000002690,-0.0222089
0000002700,-0.0186595
0000002710,-0.0124213
0000002720,-0.0133229
0000002730,-0.0258785
0000002740,-0.0128403
0000002750,-0.0219029
0000002760,-0.0184814
0000002770,-0.0200012
0000002780,-0.0195646
0000002790,-0.00104071
0000002800,-0.028315
0000002810,-0.012663
0000002820,-0.015339
0000002830,-0.0221874
0000002840,-0.0120242
0000002850,-0.0163887
0000002860,-0.0157172
0000002870,-0.0177221
0000002880,-0.0186328
0000002890,-0.0163177
0000002900,-0.0257915
0000002910,-0.0183502
0000002920,-0.0250546
0000002930,-0.0331724
0000002940,-0.0100586
0000002950,0.00738916
0000002960,-0.0523211
0000002970,0.00587131
0000002980,-0.000180518
0000002990,0.0102019
0000003000,-0.0358894
0000003010,-0.00480491
0000003020,-0.0296498
0000003030,-0.0163114
0000003040,-0.0153772
0000003050,-0.0276193
0000003060,-0.0219656
0000003070,-0.00679039
0000003080,-0.00840772
0000003090,-0.00923087
0000003100,-0.029028
0000003110,-0.00903322
0000003120,-0.0256546
0000003130,-0.0223461
0000003140,-0.00918171
0000003150,0.0082536
0000003160,-0.0624101
0000003170,-0.0313819
0000003180,-0.0430053
0000003190,-0.000753941
0000003200,-0.00782287
0000003210,-0.0260269
0000003220,-0.00547527
0000003230,-0.00715638
0000003240,-0.0174034
0000003250,-0.014263
0000003260,-0.0259118
0000003270,-0.0149107
0000003280,-0.0152543
0000003290,-0.0327998
0000003300,-0.0210432
0000003310,-0.0273872
0000003320,-0.0194962
0000003330,-0.00233233
0000003340,-0.0110856
0000003350,-0.0179619
0000003360,-0.00863853
0000003370,-0.017672
0000003380,-0.0137973
0000003390,-0.00476726
0000003400,-0.015295
0000003410,-0.00556199
0000003420,-0.00613339
0000003430,-0.0096226
0000003440,-0.0373531
0000003450,-0.013332
0000003460,-0.0115868
0000003470,-0.014221
0000003480,-0.00124472
0000003490,-0.00797316
0000003500,-0.00562066
0000003510,-0.0174855
0000003520,-0.0173253
0000003530,-0.0155552
0000003540,-0.0274752
0000003550,-0.0118272
0000003560,-0.0192161
0000003570,-0.0212311
0000003580,-0.0259578
0000003590,-0.0196127
0000003600,-0.0156098
0000003610,-0.019397
0000003620,-0.0157098
0000003630,-0.00894966
0000003640,-0.0142172
0000003650,-0.00709033
0000003660,-0.0148359
0000003670,-0.0107028
0000003680,-0.0198929
0000003690,-0.0169136
0000003700,-0.0182349
0000003710,-0.0206078
0000003720,-0.0240945
0000003730,-0.0158647
0000003740,-0.00771768
0000003750,-0.023958
0000003760,-0.0151059
0000003770,-0.00911281
0000003780,-0.0185291
0000003790,-0.0125208
0000003800,-0.0181656
0000003810,-0.0173837
0000003820,-0.0208219
0000003830,-0.0135894
0000003840,-0.00849753
0000003850,-0.0190359
0000003860,-0.0168902
0000003870,-0.0186642
0000003880,-0.0276151
0000003890,-0.0177393
0000003900,-0.014812
0000003910,-0.0111688
0000003920,-0.0168195
0000003930,-0.0161948
0000003940,-0.0058603
0000003950,-0.0201827
0000003960,-0.0177324
0000003970,-0.00604816
0000003980,-0.00478791
0000003990,-0.00994832
0000004000,-0.0176662
0000004010,-0.0250983
0000004020,-0.0182935
0000004030,-0.0148859
0000004040,-0.0147038
0000004050,-0.013569
0000004060,-0.00424226
0000004070,-0.0221757
0000004080,-0.0253402
0000004090,-0.0162306
0000004100,-0.00809536
0000004110,-0.0352776
0000004120,-0.0190013
0000004130,-0.0186442
0000004140,-0.0168756
0000004150,-0.0153131
0000004160,-0.00639842
0000004170,-0.0212795
0000004180,-0.0167367
0000004190,-0.00899501
0000004200,-0.0107922
0000004210,-0.0152785
0000004220,-0.0149959
0000004230,-0.00639444
0000004240,-0.0159532
0000004250,-0.018051
0000004260,-0.00209364
0000004270,-0.0192915
0000004280,-0.0160992
0000004290,-0.0252114
0000004300,-0.0130531
0000004310,-0.00976933
0000004320,-0.0170084
0000004330,-0.00962937
0000004340,-0.0155894
0000004350,-0.0215005
0000004360,-0.0082606
0000004370,-0.0176901
0000004380,-0.0148538
0000004390,-0.00559618
0000004400,-0.0107363
0000004410,-0.00864873
0000004420,-0.0167132
0000004430,-0.0102167
0000004440,-0.0261926
0000004450,-0.00937996
0000004460,-0.0164103
0000004470,-0.0104584
0000004480,0.0114847
0000004490,-0.0191478
0000004500,-0.0091066
0000004510,-0.0232078
0000004520,-0.0237374
0000004530,-0.0104383
0000004540,-0.00645875
0000004550,-0.0266146
0000004560,-0.0255471
0000004570,-0.019857
0000004580,-0.0145079
0000004590,-0.0228512
0000004600,-0.0169703
0000004610,-0.0100654
0000004620,-0.0354774
0000004630,0.00100706
0000004640,-0.00636579
0000004650,-0.0037334
0000004660,-0.0299677
0000004670,-0.0278891
0000004680,-0.0106493
0000004690,-0.0168423
0000004700,-0.0183018
0000004710,-0.01233
0000004720,-0.016824
0000004730,-0.0157594
0000004740,-0.0349828
0000004750,-0.0219232
0000004760,-0.00707066
0000004770,-0.0174478
0000004780,-0.0187285
0000004790,-0.0151174
0000004800,-0.0213223
0000004810,-0.00956793
0000004820,-0.0128145
0000004830,-0.0341112
0000004840,-0.00379794
0000004850,-0.0234965
0000004860,-0.00864516
0000004870,-0.014535
0000004880,-0.015944
0000004890,-0.0127565
0000004900,-0.0127112
0000004910,-0.0339851
0000004920,-0.018339
0000004930,-0.00710641
0000004940,-0.0196016
0000004950,-0.0109206
0000004960,-0.0189628
0000004970,-0.0103241
0000004980,-0.015748
0000004990,-0.0193419
0000005000,-0.0123753
0000005010,-0.0192021
0000005020,0.00535577
0000005030,-0.00933665
0000005040,-0.0246654
0000005050,-0.0105436
0000005060,-0.0203143
0000005070,-0.0154695
0000005080,-0.0162333
0000005090,-0.0118157
0000005100,-0.0197456
0000005110,-0.0211076
0000005120,-0.00796018
0000005130,-0.0147845
0000005140,-0.0136674
0000005150,-0.0153119
0000005160,-0.0174924
0000005170,-0.0174994
0000005180,-0.0113204
0000005190,-0.0179277
0000005200,-0.0101683
0000005210,-0.0185796
0000005220,-0.027825
0000005230,-0.0146125
0000005240,-0.0147614
0000005250,-0.00595339
0000005260,-0.00356543
0000005270,-0.0115846
0000005280,-0.0205312
0000005290,-0.0322774
0000005300,-0.00744101
0000005310,-0.00688488
0000005320,-0.0181638
0000005330,-0.00867845
0000005340,-0.0297513
0000005350,-0.00974023
0000005360,-0.0263111
0000005370,-0.0124982
0000005380,-0.0129541
0000005390,-0.00927858
0000005400,-0.0131741
0000005410,-0.0229764
0000005420,-0.00545931
0000005430,-0.0192966
0000005440,-0.0115754
0000005450,-0.0250934
0000005460,-0.00858195
0000005470,-0.00843381
0000005480,-0.000495384
0000005490,-0.0148273
0000005500,-0.0130364
0000005510,-0.0342401
0000005520,-0.0281805
0000005530,-0.0278535
0000005540,-0.0177138
0000005550,-0.00471654
0000005560,-0.0134041
0000005570,-0.0133073
0000005580,-0.0255446
0000005590,-0.0173229
0000005600,-0.0154234
0000005610,-0.000361595
0000005620,-0.017324
0000005630,-0.0141638
0000005640,-0.0150774
0000005650,-0.0200912
0000005660,-0.000308429
0000005670,-0.0123922
0000005680,-0.0288426
0000005690,-0.022527
0000005700,-0.00513554
0000005710,-0.0147122
0000005720,-0.0284742
0000005730,-0.0124806
0000005740,-0.0177757
0000005750,-0.00832997
0000005760,-0.0307314
0000005770,-0.0133555
0000005780,-0.0204688
0000005790,-0.000802201
0000005800,-0.0306193
0000005810,-0.0209358
0000005820,-0.0209726
0000005830,-0.00413119
0000005840,-0.0209241
0000005850,-0.0271297
0000005860,-0.0128599
0000005870,-0.0238479
0000005880,-0.0208043
0000005890,-0.0168936
0000005900,-0.0228488
0000005910,-0.0214977
0000005920,-0.0249608
0000005930,-0.0244861
0000005940,-0.00845861
0000005950,-0.00741151
0000005960,-0.0207635
0000005970,-0.0107717
0000005980,-0.0176247
0000005990,-0.0151537
0000006000,-0.00849245
0000006010,-0.0190683
0000006020,-0.022499
0000006030,-0.0152554
0000006040,-0.0220627
0000006050,-0.00446999
0000006060,-0.0132823
0000006070,-0.0102343
0000006080,-0.0144098
0000006090,-0.0121596
0000006100,-0.00925729
0000006110,-0.0137655
0000006120,-0.027518
0000006130,-0.0203982
0000006140,-0.0176027
0000006150,-0.00648459
0000006160,-0.0180053
0000006170,-0.0161635
0000006180,-0.0253864
0000006190,-0.011425
0000006200,-0.0140871
0000006210,-0.0265347
0000006220,-0.0107397
0000006230,-0.0200076
0000006240,-0.0180842
0000006250,-0.0172998
0000006260,-0.026629
0000006270,-0.0144586
0000006280,-0.0230304
0000006290,-0.00368101
0000006300,-0.0127137
0000006310,-0.00917239
0000006320,-0.0113093
0000006330,-0.00634132
0000006340,-0.00372291
0000006350,-0.0228896
0000006360,-0.0129937
0000006370,-0.0181849
0000006380,-0.00944709
0000006390,-0.00319951
0000006400,-0.0151667
0000006410,-0.0276285
0000006420,-0.0256596
0000006430,-0.009177
0000006440,-0.00556271
0000006450,-0.00656057
0000006460,-0.0192287
0000006470,-0.0209419
0000006480,-0.0208981
0000006490,-0.0199538
0000006500,-0.0142768
0000006510,-0.0149715
0000006520,-0.0147316
0000006530,-0.0201898
0000006540,-0.014781
0000006550,-0.0149117
0000006560,-0.0168993
0000006570,-0.0166348
0000006580,-0.0160805
0000006590,-0.0214898
0000006600,-0.0153145
0000006610,-0.0122343
0000006620,-0.0154844
0000006630,-0.0117175
0000006640,-0.0156157
0000006650,-0.0266942
0000006660,-0.0249536
0000006670,-0.0242879
0000006680,-0.00351311
0000006690,-0.0030314
0000006700,-0.0263238
0000006710,-0.0256063
0000006720,-0.00815547
0000006730,-0.0110307
0000006740,-0.0188989
0000006750,-0.0215659
0000006760,-0.0117334
0000006770,-0.0113002
0000006780,-0.00531893
0000006790,-0.0155234
0000006800,-0.000978352
0000006810,-0.0221547
0000006820,-0.0114268
0000006830,-0.00965229
0000006840,-0.0137016
0000006850,-0.00802334
0000006860,0.00148052
0000006870,-0.0132882
0000006880,-0.0164709
0000006890,-0.00583332
0000006900,-0.0192904
0000006910,-0.015443
0000006920,-0.022187
0000006930,-0.0278192
0000006940,-0.010311
0000006950,-0.0185101
0000006960,-0.00118687
0000006970,-0.0302338
0000006980,-0.0144533
0000006990,-0.0152132
0000007000,-0.0199643
0000007010,-0.0185047
0000007020,-0.0191021
0000007030,-0.0111637
0000007040,-0.0205402
0000007050,0.00650937
0000007060,0.0073993
0000007070,-0.0206079
0000007080,-0.0432812
0000007090,0.00473762
0000007100,-0.0191541
0000007110,-0.012868
0000007120,-0.0311819
0000007130,0.0165083
0000007140,-0.0286444
0000007150,0.00143306
0000007160,-0.0100182
0000007170,-0.0339066
0000007180,-0.0101925
0000007190,-0.0253465
0000007200,0.0194326
0000007210,-0.0315679
0000007220,-0.0067172
0000007230,-0.0250992
0000007240,-0.0194335
0000007250,-0.00455671
0000007260,-0.0331685
0000007270,-0.00465146
0000007280,-0.0176909
0000007290,-0.00971013
0000007300,-0.0186562
0000007310,-0.033318
0000007320,-0.0271121
0000007330,-0.0167493
0000007340,-0.0189902
0000007350,-0.0212254
0000007360,-0.0180969
0000007370,-0.0206044
0000007380,-0.00352587
0000007390,-0.0128094
0000007400,-0.0264199
0000007410,-0.00705266
0000007420,-0.0268601
0000007430,-0.0016999
0000007440,-0.0398484
0000007450,-0.0104771
0000007460,-0.0226592
0000007470,-0.0219277
0000007480,-0.0129914
0000007490,-0.0264623
0000007500,-0.0263702
0000007510,-0.0190691
0000007520,-0.00324933
0000007530,-0.0265844
0000007540,-0.00925926
0000007550,-0.0114562
0000007560,-0.0095705
0000007570,-0.00692354
0000007580,-0.00876065
0000007590,-0.0115369
0000007600,-0.0222448
0000007610,-0.0149405
0000007620,-0.0113429
0000007630,-0.0233826
0000007640,-0.0233248
0000007650,-0.0157575
0000007660,-0.0270252
0000007670,-0.00849767
0000007680,-0.0190086
0000007690,-0.000146216
0000007700,-0.0262001
0000007710,-0.0157151
0000007720,-0.0131682
0000007730,-0.0154932
0000007740,-0.00742291
0000007750,-0.0221976
0000007760,-0.0186505
0000007770,-0.0204111
0000007780,-0.0150304
0000007790,-0.0123129
0000007800,-0.0243573
0000007810,-0.00378225
0000007820,-0.0312513
0000007830,-0.00339216
0000007840,-0.0104272
0000007850,-0.0116731
0000007860,-0.0180951
0000007870,-0.00324982
0000007880,-0.0155045
0000007890,-0.0133841
0000007900,-0.0120124
0000007910,-0.0228983
0000007920,-0.0234309
0000007930,-0.015007
0000007940,-0.0272062
0000007950,-0.0238216
0000007960,-0.0182027
0000007970,-0.0157606
0000007980,-0.027506
0000007990,-0.00896842
0000008000,-0.0266951
0000008010,-0.0142769
0000008020,-0.0140408
0000008030,-0.00646034
0000008040,-0.0263281
0000008050,-0.0185981
0000008060,-0.00305165
0000008070,-0.0204218
0000008080,-0.00900235
0000008090,-0.0148131
0000008100,-0.021623
0000008110,-0.00511299
0000008120,-0.013393
0000008130,-0.0149773
0000008140,-0.0156297
0000008150,-0.0099974
0000008160,-0.0180074
0000008170,-0.0230426
0000008180,-0.0212612
0000008190,-0.0306256
0000008200,-0.0130179
0000008210,-0.00373277
0000008220,-0.0121534
0000008230,-0.0303725
0000008240,-0.0156021
0000008250,-0.00439394
0000008260,-0.0180736
0000008270,-0.0190683
0000008280,-0.0217273
0000008290,-0.0119996
0000008300,-0.0217785
0000008310,-0.0300759
0000008320,-0.0292078
0000008330,-0.00963166
0000008340,-0.00483877
0000008350,-0.0287935
0000008360,-0.0161639
0000008370,-0.0139388
0000008380,-0.0245287
0000008390,-0.0293586
0000008400,-0.0213121
0000008410,-0.020191
0000008420,-0.0211901
0000008430,-0.0222354
0000008440,-0.0119602
0000008450,-0.0119897
0000008460,-0.0358468
0000008470,-0.0199727
0000008480,-0.0114358
0000008490,-0.0186528
0000008500,-0.0224948
0000008510,-0.0126515
0000008520,-0.00802209
0000008530,-0.0200208
0000008540,-0.0033683
0000008550,-0.0156403
0000008560,-0.0184767
0000008570,-0.0117456
0000008580,-0.0309869
0000008590,0.00213839
0000008600,-0.0201547
0000008610,-0.0131895
0000008620,-0.0175775
0000008630,-0.0326625
0000008640,-0.0176624
0000008650,-0.0236526
0000008660,-0.035488
0000008670,-0.0281343
0000008680,-0.0133785
0000008690,-0.024108
0000008700,-0.0104172
0000008710,-0.004594
0000008720,-0.0282553
0000008730,-0.0220018
0000008740,-0.0237455
0000008750,-0.0152175
0000008760,-0.01929
0000008770,-0.0128459
0000008780,-0.0178798
0000008790,0.00546231
0000008800,-0.019527
0000008810,-0.00817581
0000008820,-0.0158214
0000008830,-0.00858338
0000008840,-0.0190937
0000008850,-0.00648677
0000008860,-0.00919007
0000008870,-0.0223256
0000008880,-0.0267271
0000008890,-0.0257178
0000008900,-0.00810035
0000008910,-0.0132671
0000008920,-0.0047572
0000008930,-0.0256312
0000008940,0.00240488
0000008950,-0.00824214
0000008960,-0.0344431
0000008970,-0.00631894
0000008980,-0.0163174
0000008990,-0.00709258
0000009000,-0.0257489
0000009010,-0.000653058
0000009020,0.00396231
0000009030,-0.0189561
0000009040,-0.0267373
0000009050,-0.0282264
0000009060,-0.0148659
0000009070,-0.0286154
0000009080,-0.0480142
0000009090,-0.0148519
0000009100,-0.0174572
0000009110,-0.0230951
0000009120,-0.0154153
0000009130,-0.0116233
0000009140,-0.0264446
0000009150,-0.00438298
0000009160,-0.0203077
0000009170,-0.0253191
0000009180,-0.00315502
0000009190,-0.0133415
0000009200,-0.0166031
0000009210,-0.0162761
0000009220,0.00349022
0000009230,-0.0233601
0000009240,-0.0192743
0000009250,-0.0208153
0000009260,-0.0331719
0000009270,-0.0172189
0000009280,-0.0153506
0000009290,-0.0114418
0000009300,-0.0338892
0000009310,-0.0270964
0000009320,-0.0151942
0000009330,-0.019096
0000009340,0.0095474
0000009350,0.000434968
0000009360,-0.00954605
0000009370,-0.00670354
0000009380,-0.0208627
0000009390,-0.00270012
0000009400,-0.00550941
0000009410,-0.0115606
0000009420,-0.0131104
0000009430,-0.0125143
0000009440,-0.00188498
0000009450,-0.0128593
0000009460,-0.00457944
0000009470,-0.0063024
0000009480,-0.0320537
0000009490,-0.0269577
0000009500,-0.00854084
0000009510,-0.00200021
0000009520,-0.0129497
0000009530,-0.025775
0000009540,-0.0197983
0000009550,-0.0205757
0000009560,-0.0289057
0000009570,-0.00844904
0000009580,-0.0257636
0000009590,-0.0340345
0000009600,-0.0165433
0000009610,-0.0276571
0000009620,-0.0152002
0000009630,-0.0183091
0000009640,-0.0116827
0000009650,-0.000903506
0000009660,-0.0178926
0000009670,-0.0202742
0000009680,-0.0282035
0000009690,-0.0171901
0000009700,-0.0214406
0000009710,-0.0110414
0000009720,-0.0203937
0000009730,-0.0117277
0000009740,-0.0158607
0000009750,-0.0173672
0000009760,-0.0173487
0000009770,-0.023816
0000009780,-0.0117523
0000009790,-0.0111226
0000009800,-0.00729437
0000009810,-0.0125366
0000009820,-0.000777555
0000009830,-0.0250158
0000009840,-0.0155798
0000009850,-0.0126585
0000009860,-0.019519
0000009870,-0.0218371
0000009880,-0.0209355
0000009890,-0.0231823
0000009900,-0.0116333
0000009910,-0.0243512
0000009920,-0.00759378
0000009930,-0.0231977
0000009940,-0.00580484
0000009950,-0.0270611
0000009960,-0.02474
0000009970,-0.0167537
0000009980,-0.00430858
0000009990,-0.0185312
0000010000,-0.0161781
0000010010,-0.0306799
0000010020,-0.0142066
0000010030,-0.0298592
0000010040,-0.00893244
0000010050,-0.0119807
0000010060,-0.0098382
0000010070,-0.00750661
0000010080,-0.0155651
0000010090,-0.0125048
0000010100,-0.0176794
0000010110,-0.0217512
0000010120,-0.0160513
0000010130,-0.0159614
0000010140,-0.00970731
0000010150,-0.0123005
0000010160,-0.00636947
0000010170,-0.0280163
0000010180,-0.0216941
0000010190,-0.0144535
0000010200,-0.0152439
0000010210,-0.0137145
0000010220,-0.0334981
0000010230,-0.0103099
0000010240,-0.0043311
0000010250,-0.0281344
0000010260,-0.0150744
0000010270,-0.00254463
0000010280,-0.0241085
0000010290,-0.0143348
0000010300,-0.00676673
0000010310,-0.025306
0000010320,-0.00386309
0000010330,-0.0113105
0000010340,-0.0234419
0000010350,-0.00150824
0000010360,-0.0234135
0000010370,-0.0159522
0000010380,-0.0162664
0000010390,-0.0265693
0000010400,-0.00895523
0000010410,0.00298339
0000010420,-0.00953021
0000010430,-0.0195967
0000010440,-0.0284243
0000010450,-0.0352003
0000010460,-0.0103167
0000010470,-0.0131892
0000010480,0.000660012
0000010490,-0.0104434
0000010500,-0.0253016
0000010510,-0.0268254
0000010520,-0.0206158
0000010530,-0.0123924
0000010540,-0.0122364
0000010550,-0.0227721
0000010560,-0.0203294
0000010570,-0.0140094
0000010580,-0.0132296
0000010590,-0.0171347
0000010600,-0.00641344
0000010610,-0.0173088
0000010620,-0.0165197
0000010630,-3.19126e-05
0000010640,-0.0067514
0000010650,-0.00927541
0000010660,-0.0344137
0000010670,-0.0160128
0000010680,-0.0196392
0000010690,-0.0213812
0000010700,-0.0125203
0000010710,-0.0128202
0000010720,-0.014452
0000010730,-0.00511292
0000010740,-0.0111742
0000010750,-0.0202593
0000010760,-0.0208063
0000010770,-0.0159207
0000010780,-0.0121066
0000010790,-0.0175304
0000010800,-0.0180771
0000010810,-0.0170701
0000010820,-0.0157314
0000010830,-0.00990685
0000010840,-0.0109875
0000010850,-0.027412
0000010860,-0.0252655
0000010870,-0.00772279
0000010880,-0.0276975
0000010890,-0.017989
0000010900,-0.00618393
0000010910,-0.0214036
0000010920,-0.0183151
0000010930,-0.0155916
0000010940,-0.000851378
0000010950,-0.000577263
0000010960,-0.0139683
0000010970,-0.00980161
0000010980,-0.0136891
0000010990,-0.0104884
0000011000,-0.0211434
0000011010,-0.0155203
0000011020,-0.0156373
0000011030,-0.0180835
0000011040,-0.0187258
0000011050,-0.000526126
0000011060,-0.0169815
0000011070,-0.0124371
0000011080,-0.0193002
0000011090,-0.0133189
0000011100,-0.0172268
0000011110,-0.0187993
0000011120,-0.00501891
0000011130,-0.0184846
0000011140,-0.0176279
0000011150,-0.00780427
0000011160,-0.00227914
0000011170,-0.0228603
0000011180,-0.0220776
0000011190,-0.0120025
0000011200,-0.0284998
0000011210,-0.0150882
0000011220,-0.0207698
0000011230,-0.0183752
0000011240,-0.0041511
0000011250,-0.0223041
0000011260,-0.0287669
0000011270,-0.0132944
0000011280,-0.0228215
0000011290,-0.0153447
0000011300,-0.0161115
0000011310,-0.0124036
0000011320,-0.0142801
0000011330,-0.0171354
0000011340,-0.0161888
0000011350,-0.0409183
0000011360,-0.0120383
0000011370,-0.00622759
0000011380,-0.00917929
0000011390,-0.00127551
0000011400,-0.00893944
0000011410,-0.0130651
0000011420,-0.0259971
0000011430,-0.0259068
0000011440,-0.00759835
0000011450,-0.0239831
0000011460,-0.0116066
0000011470,-0.0106276
0000011480,-0.00918081
0000011490,-0.011849
0000011500,-0.017445
0000011510,-0.011641
0000011520,-0.00945706
0000011530,-0.0207838
0000011540,-0.00818685
0000011550,-0.0263821
0000011560,-0.0131154
0000011570,-0.00437779
0000011580,-0.0137286
0000011590,-0.0177945
0000011600,-0.0123962
0000011610,-0.00498908
0000011620,-0.0195427
0000011630,-0.016428
0000011640,-0.015316
0000011650,-0.0129024
0000011660,-0.0166535
0000011670,-0.0196814
0000011680,-0.010587
0000011690,-0.00620551
0000011700,-0.00664922
0000011710,-0.0143578
0000011720,-0.0109232
0000011730,-0.0221204
0000011740,-0.0302153
0000011750,-0.00615986
0000011760,-0.017874
0000011770,-0.0129103
0000011780,-0.0211184
0000011790,0.00600203
0000011800,-0.0109111
0000011810,-0.0228055
0000011820,-0.0242228
0000011830,-0.000334941
0000011840,-0.0199352
0000011850,-0.0208043
0000011860,-0.0163415
0000011870,-0.016716
0000011880,-0.0208048
0000011890,-0.016075
0000011900,-0.0155272
0000011910,-0.0186726
0000011920,-0.0133647
0000011930,-0.0199832
0000011940,-0.0156103
0000011950,-0.0144222
0000011960,-0.0293944
0000011970,-0.0100539
0000011980,-0.00705162
0000011990,-0.0127317
0000012000,-0.0247726
0000012010,-0.0138349
0000012020,-0.0175372
0000012030,-0.0153745
0000012040,-0.00560391
0000012050,-0.0176978
0000012060,-0.0248599
0000012070,-0.00886643
0000012080,-0.0167172
0000012090,-0.00778881
0000012100,-0.00135399
0000012110,-0.0155754
0000012120,-0.0115843
0000012130,-0.0145853
0000012140,-0.0219541
0000012150,-0.0171536
0000012160,-0.0164665
0000012170,-0.00707508
0000012180,-0.0173938
0000012190,-0.0172612
0000012200,-0.0121816
0000012210,-0.0228274
0000012220,-0.0238495
0000012230,-0.0177946
0000012240,-0.0121366
0000012250,-0.00947024
0000012260,-0.0185252
0000012270,-0.0168722
0000012280,-0.019881
0000012290,-0.0125508
0000012300,-0.0199317
0000012310,-0.0280954
0000012320,-0.0382417
0000012330,-0.0213973
0000012340,-0.0401225
0000012350,-0.0113503
0000012360,-0.0281672
0000012370,-0.00655601
0000012380,-0.0267754
0000012390,0.00354761
0000012400,-0.0269734
0000012410,-0.005806
0000012420,-0.0209609
0000012430,0.00698996
0000012440,-0.027352
0000012450,-0.00517831
0000012460,-0.0240555
0000012470,-0.0113444
0000012480,-0.0218097
0000012490,-0.021718
0000012500,-0.0127589
0000012510,-0.0224967
0000012520,-0.0251342
0000012530,-0.010529
0000012540,-0.0124717
0000012550,-0.0215186
0000012560,-0.027543
0000012570,-0.0120238
0000012580,-0.021127
0000012590,-0.0116678
0000012600,-0.0139847
0000012610,-0.0120993
0000012620,-0.0138073
0000012630,-0.015176
0000012640,-0.0148455
0000012650,-0.0145949
0000012660,-0.0229353
0000012670,-0.0201264
0000012680,-0.0145093
0000012690,-0.0134206
0000012700,-0.0260883
0000012710,-0.0146682
0000012720,-0.0102999
0000012730,-0.0427058
0000012740,0.000510811
0000012750,-0.0234338
0000012760,-0.0108911
0000012770,-0.0260109
0000012780,-0.0170312
0000012790,-0.0209716
0000012800,-0.0223787
0000012810,-0.0141084
0000012820,-0.027068
0000012830,-0.0079326
0000012840,-0.01418
0000012850,-0.0111646
0000012860,-0.00832188
0000012870,-0.0317199
0000012880,-0.0108742
0000012890,-0.0211211
0000012900,-0.00488883
0000012910,-0.0083201
0000012920,-0.0135224
0000012930,-0.0200622
0000012940,-0.0130199
0000012950,-0.011758
0000012960,-0.0104877
0000012970,-0.0229632
0000012980,-0.012206
0000012990,-0.00578261
0000013000,-0.0168226
0000013010,-0.0137981
0000013020,-0.0269582
0000013030,-0.0127995
0000013040,-0.0176794
0000013050,-0.0177964
0000013060,-0.00723693
0000013070,-0.0152427
0000013080,-0.0113885
0000013090,-0.0219254
0000013100,-0.0183024
0000013110,-0.00960221
0000013120,-0.0219703
0000013130,-0.0059014
0000013140,-0.0246936
0000013150,-0.0106949
0000013160,-0.0175044
0000013170,-0.0065846
0000013180,-0.0115754
0000013190,0.00475385
0000013200,-0.0276216
0000013210,-0.0232248
0000013220,-0.0176634
0000013230,-0.0108384
0000013240,-0.0185266
0000013250,-0.00725434
0000013260,-0.0160903
0000013270,-0.0132391
0000013280,-0.0167493
0000013290,-0.0155257
0000013300,-0.00716469
0000013310,-0.0170208
0000013320,-0.0220732
0000013330,-0.0162127
0000013340,-0.00847849
0000013350,-0.0229405
0000013360,-0.013737
0000013370,-0.0127355
0000013380,-0.0113351
0000013390,-0.0258235
0000013400,-0.0225209
0000013410,-0.00978841
0000013420,-0.0137973
0000013430,-0.0196008
0000013440,-0.0123376
0000013450,-0.00494094
0000013460,-0.00429528
0000013470,-0.0181287
0000013480,-0.0245728
0000013490,-0.0105685
0000013500,-0.0221077
0000013510,-0.0153009
0000013520,-0.0219791
0000013530,-0.00920915
0000013540,-0.0151058
0000013550,-0.0157163
0000013560,-0.0175802
0000013570,-0.00376491
0000013580,-0.0108217
0000013590,-0.0164816
0000013600,-0.0237407
0000013610,-0.0242442
0000013620,-0.0174277
0000013630,-0.0202646
0000013640,-0.0270362
0000013650,-0.0146412
0000013660,-0.0102307
0000013670,-0.0125095
0000013680,-0.0123181
0000013690,-0.00243825
0000013700,-0.00379995
0000013710,-0.0234929
0000013720,-0.00506066
0000013730,-0.00815403
0000013740,-0.0175922
0000013750,-0.0150135
0000013760,-0.020075
0000013770,-0.01682
0000013780,-0.0175313
0000013790,-0.024613
0000013800,-0.0270861
0000013810,-0.0129822
0000013820,-0.0205918
0000013830,-0.0101135
0000013840,-0.0273121
0000013850,-0.0101453
0000013860,-0.0152886
0000013870,-0.00642542
0000013880,-0.0173221
0000013890,-0.0109455
0000013900,-0.0142189
0000013910,-0.0227969
0000013920,-0.0164424
0000013930,-0.0161916
0000013940,-0.0144263
0000013950,-0.0101412
0000013960,-0.0266284
0000013970,-0.00654439
0000013980,0.00164604
0000013990,-0.0152413
0000014000,-0.0138767
0000014010,-0.0234152
0000014020,-0.0123868
0000014030,-0.00938564
0000014040,-0.0162504
0000014050,-0.0218716
0000014060,-0.0151782
0000014070,-0.0233371
0000014080,-0.0196839
0000014090,-0.0145892
0000014100,-0.00396984
0000014110,-0.0105572
0000014120,-0.00987092
0000014130,-0.0126262
0000014140,-0.0222432
0000014150,-0.0101306
0000014160,-0.0141435
0000014170,-0.0182696
0000014180,-0.0279425
0000014190,-0.0176705
0000014200,-0.0157725
0000014210,-0.0155159
0000014220,-0.0250175
0000014230,-0.0151489
0000014240,-0.020382
0000014250,-0.0189769
0000014260,-0.0161635
0000014270,-0.0221158
0000014280,-0.0150509
0000014290,-0.0185766
0000014300,-0.0260132
0000014310,-0.0164516
0000014320,-0.0194621
0000014330,-0.0112999
0000014340,-0.0214949
0000014350,-0.0237905
0000014360,-0.00569225
0000014370,-0.0182655
0000014380,-0.0292436
0000014390,-0.0191346
0000014400,-0.0247337
0000014410,-0.00492195
0000014420,-0.0175422
0000014430,-0.0120974
0000014440,-0.00149967
0000014450,-0.0217869
0000014460,-0.0206684
0000014470,-0.0162923
0000014480,-0.0139783
0000014490,-0.0286581
0000014500,-0.0108495
0000014510,-0.0148861
0000014520,-0.013364
0000014530,-0.0116553
0000014540,-0.0179222
0000014550,-0.0215783
0000014560,-0.0193983
0000014570,-0.00534719
0000014580,-0.0248605
0000014590,-0.0160997
0000014600,-0.013991
0000014610,-0.0161752
0000014620,-0.0124798
0000014630,-0.0289852
0000014640,-0.0227403
0000014650,-0.0117491
0000014660,-0.0182894
0000014670,-0.0104496
0000014680,-0.0168982
0000014690,-0.0198042
0000014700,-0.0173048
0000014710,-0.00812921
0000014720,-0.0191131
0000014730,-0.0195391
0000014740,-0.0137449
0000014750,-0.00753481
0000014760,-0.0128791
0000014770,-0.00586184
0000014780,-0.0178284
0000014790,-0.0155572
0000014800,-0.00981909
0000014810,-0.00452567
0000014820,-0.00831658
0000014830,-0.0204075
0000014840,-0.0176341
0000014850,-0.0241416
0000014860,-0.0151019
0000014870,-0.0126158
0000014880,-0.0132321
0000014890,-0.0216659
0000014900,-0.0102537
0000014910,-0.00437226
0000014920,-0.0135855
0000014930,-0.0151348
0000014940,-0.0216089
0000014950,-0.00787492
0000014960,-0.0111982
0000014970,-0.010933
0000014980,-0.0196844
0000014990,-0.0162975
0000015000,-0.0102808
0000015010,-0.0127967
0000015020,-0.0139315
0000015030,-0.018884
0000015040,-0.0144429
0000015050,-0.0292017
0000015060,-0.0195212
0000015070,-0.0162865
0000015080,-0.00437878
0000015090,-0.00917715
0000015100,-0.0165247
0000015110,-0.0108983
0000015120,-0.0197608
0000015130,-0.0171641
0000015140,0.000461176
0000015150,-0.0120898
0000015160,-0.0197068
0000015170,-0.0134183
0000015180,-0.0217731
0000015190,-0.0145253
0000015200,-0.0113713
0000015210,-0.0170166
0000015220,-0.0204556
0000015230,-0.0110711
0000015240,-0.0267904
0000015250,-0.019372
0000015260,-0.0161451
0000015270,-0.00811678
0000015280,-0.0210458
0000015290,-0.0229969
0000015300,-0.0108919
0000015310,-0.0086432
0000015320,-0.0129082
0000015330,-0.00605145
0000015340,-0.0219764
0000015350,-0.0175926
0000015360,-0.00762438
0000015370,-0.022678
0000015380,-0.0180892
0000015390,-0.0115206
0000015400,-0.0150588
0000015410,-0.0194047
0000015420,-0.013357
0000015430,-0.0136686
0000015440,-0.0175471
0000015450,-0.0161334
0000015460,-0.0133186
0000015470,-0.00781618
0000015480,-0.0254948
0000015490,-0.0132776
0000015500,-0.0151055
0000015510,-0.00765906
0000015520,-0.0261476
0000015530,-0.0147979
0000015540,-0.0184362
0000015550,-0.0123798
0000015560,-0.0192255
0000015570,-0.020234
0000015580,-0.00832421
0000015590,-0.0174746
0000015600,-0.00939594
0000015610,-0.0118692
0000015620,-0.012861
0000015630,-0.0216412
0000015640,-0.0146939
0000015650,-0.0177275
0000015660,-0.0167177
0000015670,-0.018693
0000015680,-0.0142839
0000015690,-0.0121811
0000015700,-0.0220707
0000015710,-0.0202304
0000015720,-0.0100602
0000015730,-0.0113112
0000015740,-0.0206548
0000015750,-0.0208565
0000015760,-0.0206724
0000015770,-0.0237524
0000015780,-0.0259001
0000015790,-0.0114748
0000015800,-0.00437035
0000015810,-0.0162707
0000015820,-0.0148286
0000015830,-0.00282606
0000015840,-0.0228388
0000015850,-0.0216132
0000015860,-0.012411
0000015870,-0.0135066
0000015880,-0.0175924
0000015890,-0.0178224
0000015900,-0.00819947
0000015910,-0.0249017
0000015920,-0.014154
0000015930,-0.0131304
0000015940,-0.0187768
0000015950,-0.012402
0000015960,-0.00778258
0000015970,-0.0146661
0000015980,-0.0202926
0000015990,-0.0181985
