0000000000,-0.033939
0000000010,-0.00186945
0000000020,-0.0041807
0000000030,-0.0180912
0000000040,-0.00314239
0000000050,-0.00680897
0000000060,-0.012108
0000000070,-0.0160784
0000000080,-0.0141396
0000000090,-0.00954021
0000000100,-0.0358838
0000000110,-0.0121256
0000000120,-0.00766201
0000000130,-0.0101883
0000000140,-0.00486587
0000000150,-0.0319281
0000000160,-0.0177561
0000000170,-0.0176078
0000000180,-0.0373855
0000000190,-0.0417447
0000000200,-0.0371866
0000000210,0.00612696
0000000220,-0.020598
0000000230,-0.00758519
0000000240,-0.0111843
0000000250,-0.0109256
0000000260,-0.0228908
0000000270,-0.00549906
0000000280,-0.0217612
0000000290,0.00744262
0000000300,-0.00464713
0000000310,-0.0121293
0000000320,-0.0260611
0000000330,0.00825606
0000000340,-0.00948657
0000000350,-0.02857
0000000360,-0.00365837
0000000370,-0.0172843
0000000380,-0.020089
0000000390,-0.0238957
0000000400,-0.000179086
0000000410,-0.0175291
0000000420,-0.0238997
0000000430,-0.0132177
0000000440,-0.0183328
0000000450,-0.0199607
0000000460,0.00287513
0000000470,-0.0135052
0000000480,-0.0215344
0000000490,-0.0329148
0000000500,-0.0159015
0000000510,-0.00337508
0000000520,-0.00474119
0000000530,-0.00232738
0000000540,-0.0204583
0000000550,0.00296821
0000000560,-0.0400632
0000000570,-0.0182718
0000000580,-0.0144728
0000000590,-0.0260347
0000000600,-0.0102709
0000000610,-0.0325502
0000000620,0.00389058
0000000630,-0.0199709
0000000640,-0.0217511
0000000650,-0.0129282
0000000660,-0.026224
0000000670,-0.00738007
0000000680,0.00303396
0000000690,-0.0378489
0000000700,-0.0246033
0000000710,-0.0263151
0000000720,-0.0254644
0000000730,0.000156381
0000000740,0.0101594
0000000750,-0.0186036
0000000760,-0.0242965
0000000770,-0.0284984
0000000780,-0.0136944
0000000790,-0.0212993
0000000800,0.00292089
0000000810,-0.0151978
0000000820,-0.027367
0000000830,-0.0225423
0000000840,-0.00085614
0000000850,-0.0191322
0000000860,0.000519443
0000000870,0.0106405
0000000880,-0.0132548
0000000890,-0.0053357
0000000900,0.00314381
0000000910,-0.0258552
0000000920,-0.00208292
0000000930,0.00745439
0000000940,-0.0236487
0000000950,-0.0231476
0000000960,-0.0310315
0000000970,-0.0205786
0000000980,-0.0418474
0000000990,-0.0175332
0000001000,-0.0196667
0000001010,-0.0213055
0000001020,-0.0254512
0000001030,-0.0341849
0000001040,-0.026273
0000001050,-0.0307101
0000001060,-0.0018401
0000001070,-0.013949
0000001080,-0.0120389
0000001090,-0.0318935
0000001100,-0.0235158
0000001110,-0.0393352
0000001120,-0.0196399
0000001130,0.00609367
0000001140,0.00603531
0000001150,-0.0152867
0000001160,-0.0038314
0000001170,-0.0112181
0000001180,-0.0236249
0000001190,-0.0109521
0000001200,-0.0244217
0000001210,-0.0568442
0000001220,0.00441676
0000001230,-0.0106338
0000001240,-0.0119157
0000001250,-0.0126852
0000001260,-0.00454293
0000001270,-0.0208675
0000001280,-0.0166827
0000001290,-0.0246246
0000001300,-0.0127536
0000001310,-0.0460464
0000001320,-0.00764622
0000001330,-0.0102217
0000001340,-0.0131761
0000001350,-0.00898203
0000001360,-0.0202803
0000001370,-0.0256902
0000001380,-0.0308105
0000001390,-0.0264988
0000001400,-0.0198825
0000001410,-0.00875209
0000001420,-0.0358527
0000001430,-0.0140553
0000001440,-0.00366546
0000001450,-0.00836287
0000001460,-0.0238054
0000001470,-0.0194543
0000001480,-0.0391132
0000001490,-0.0293965
0000001500,-0.0155285
0000001510,-0.0139079
0000001520,-0.0184061
0000001530,-0.0234563
0000001540,-0.02017
0000001550,-0.0108205
0000001560,-0.0115296
0000001570,-0.0153075
0000001580,-0.0139067
0000001590,-0.0114026
0000001600,-0.0144139
0000001610,0.00426539
0000001620,-0.0279343
0000001630,-0.0181443
0000001640,-0.00335862
0000001650,-0.0224461
0000001660,-0.00144249
0000001670,-0.00294943
0000001680,-0.0236287
0000001690,0.00532013
0000001700,-0.0201885
0000001710,-0.0284089
0000001720,-0.0108019
0000001730,-0.0257256
0000001740,-0.0367617
0000001750,-0.0253278
0000001760,-0.0244467
0000001770,-0.0292597
0000001780,-0.00387423
0000001790,-0.00673115
0000001800,-0.00773838
0000001810,-0.0241638
0000001820,0.00175579
0000001830,-0.0159824
0000001840,-0.0121519
0000001850,-0.0275723
0000001860,-0.0279524
0000001870,-0.00774386
0000001880,-0.0270407
0000001890,-0.0129096
0000001900,-0.0200577
0000001910,-0.0209705
0000001920,0.00541926
0000001930,-0.000884985
0000001940,-0.0268169
0000001950,-0.0167282
0000001960,0.000585305
0000001970,-0.0258258
0000001980,-0.00934676
0000001990,-0.0242801
0000002000,-0.0157362
0000002010,-0.0251544
0000002020,-0.000522296
0000002030,-0.00778467
0000002040,0.0117919
0000002050,-0.0207368
0000002060,-0.0226548
0000002070,-0.0276705
0000002080,-0.0218091
0000002090,-0.0201608
0000002100,-0.00551578
0000002110,-0.0147908
0000002120,-0.0248931
0000002130,-0.0281953
0000002140,-0.0314621
0000002150,0.00756673
0000002160,-0.0204688
0000002170,-0.00241255
0000002180,-0.00838801
0000002190,-0.020923
0000002200,-0.0160568
0000002210,-0.0220725
0000002220,-0.00452815
0000002230,-0.0277553
0000002240,-0.017528
0000002250,-0.0131993
0000002260,0.00203518
0000002270,-0.0246027
0000002280,-0.0287222
0000002290,-0.00919702
0000002300,0.00428635
0000002310,-0.00633221
0000002320,-0.0188711
0000002330,-0.0156003
0000002340,-0.0207408
0000002350,-0.0230876
0000002360,-0.00446179
0000002370,-0.0145659
0000002380,-0.00583504
0000002390,-0.0059861
0000002400,-0.0208956
0000002410,-0.0105996
0000002420,-0.0238726
0000002430,-0.0165975
0000002440,-0.00385248
0000002450,-0.00576481
0000002460,-0.0124319
0000002470,-0.0197892
0000002480,-0.0133173
0000002490,-0.00467733
0000002500,-0.0158239
0000002510,-0.0220301
0000002520,-0.0348888
0000002530,-0.0345939
0000002540,-0.000231606
0000002550,-0.0101575
0000002560,-0.00459659
0000002570,-0.00906239
0000002580,0.000132763
0000002590,-0.0189376
0000002600,-0.0225576
0000002610,-0.0164637
0000002620,-0.0161481
0000002630,-0.0139109
0000002640,-0.0259817
0000002650,-0.00647004
0000002660,-0.0183537
0000002670,-0.016515
0000002680,-0.0221126
0000002690,-0.00242187
0000002700,-0.0279824
0000002710,-0.0130843
0000002720,-0.0181023
0000002730,-0.00833357
0000002740,-0.0296156
0000002750,-0.0233262
0000002760,-0.0203433
0000002770,-0.00611828
0000002780,-0.0219105
0000002790,-0.0289853
0000002800,-0.0188119
0000002810,-0.0124643
0000002820,-0.0389529
0000002830,-0.0319844
0000002840,-0.0134173
0000002850,0.0106073
0000002860,-0.00715234
0000002870,-0.0161303
0000002880,-0.00945484
0000002890,-0.0188718
0000002900,-0.0196409
0000002910,-0.0198688
0000002920,-0.00960523
0000002930,-0.0156766
0000002940,-0.0218725
0000002950,0.00262844
0000002960,-0.0419046
0000002970,0.00526424
0000002980,-0.0149591
0000002990,0.0331818
0000003000,-0.0406308
0000003010,-0.0222638
0000003020,-0.0298172
0000003030,-0.00857663
0000003040,-0.0314559
0000003050,-0.00469346
0000003060,-0.0126403
0000003070,-0.00730339
0000003080,-0.0213191
0000003090,-0.0137358
0000003100,-0.0265411
0000003110,-0.000386347
0000003120,-0.0317027
0000003130,-0.0243975
0000003140,0.0239631
0000003150,0.0175416
0000003160,-0.0621689
0000003170,0.00539094
0000003180,-0.0367157
0000003190,0.00678964
0000003200,-0.00044949
0000003210,-0.0182403
0000003220,-0.00528907
0000003230,0.0101027
0000003240,-0.00329138
0000003250,-0.0302642
0000003260,-0.034147
0000003270,-0.0113968
0000003280,-0.0109468
0000003290,-0.0168159
0000003300,-0.0220019
0000003310,-0.0137941
0000003320,0.0124533
0000003330,-0.00332806
0000003340,-0.0336856
0000003350,-0.0195086
0000003360,-0.0236622
0000003370,-0.0424663
0000003380,-0.012411
0000003390,0.00509225
0000003400,-0.0220459
0000003410,-0.0225264
0000003420,-0.0185008
0000003430,-0.00732643
0000003440,0.0027795
0000003450,0.00516664
0000003460,-0.0189095
0000003470,-0.0204148
0000003480,-0.0119342
0000003490,-0.00566246
0000003500,-0.0110065
0000003510,0.0015347
0000003520,-0.0162495
0000003530,0.0133374
0000003540,-0.0140912
0000003550,-0.0097405
0000003560,-0.0254257
0000003570,0.00840236
0000003580,-0.0074549
0000003590,-0.0266683
0000003600,-0.0208434
0000003610,-0.0156711
0000003620,0.00029015
0000003630,-0.000834018
0000003640,-0.00410163
0000003650,-0.0177253
0000003660,-0.0305828
0000003670,-0.0149736
0000003680,-0.020168
0000003690,-0.0313667
0000003700,-0.0148306
0000003710,-0.0190553
0000003720,-0.0138479
0000003730,-0.0206363
0000003740,-0.0159884
0000003750,0.00473415
0000003760,0.00217357
0000003770,-0.00275591
0000003780,-0.0112397
0000003790,-0.0244084
0000003800,-0.00236026
0000003810,-0.00288251
0000003820,-0.00943919
0000003830,-0.00300232
0000003840,0.00433266
0000003850,-0.0399557
0000003860,-0.0205604
0000003870,-0.0422862
0000003880,-0.0199792
0000003890,-0.00220543
0000003900,-0.00324494
0000003910,-0.0292203
0000003920,-0.0301347
0000003930,-0.0306483
0000003940,-0.0206864
0000003950,-0.0236412
0000003960,-0.019054
0000003970,-0.0136771
0000003980,-0.0100157
0000003990,-0.000153446
0000004000,-0.0178523
0000004010,-0.00960193
0000004020,-0.0207878
0000004030,-0.0291603
0000004040,-0.0251554
0000004050,-0.00332283
0000004060,-0.0166756
0000004070,-0.0276038
0000004080,-0.00158852
0000004090,-0.0194976
0000004100,-0.00466527
0000004110,-0.0569594
0000004120,-0.0107707
0000004130,-0.0295824
0000004140,-0.0363966
0000004150,-0.024604
0000004160,-0.0436336
0000004170,-0.0240174
0000004180,-0.0177999
0000004190,-0.0249018
0000004200,-0.0226832
0000004210,-0.0120047
0000004220,-0.0130047
0000004230,-0.00430157
0000004240,-0.00252132
0000004250,-0.0133349
0000004260,-0.0118181
0000004270,-0.0140121
0000004280,-0.0182517
0000004290,-0.0267488
0000004300,-0.00437133
0000004310,0.0151974
0000004320,-0.0203523
0000004330,-0.0372685
0000004340,-0.00663857
0000004350,-0.0202182
0000004360,-0.00161979
0000004370,-0.0317382
0000004380,0.0044774
0000004390,-0.00206407
0000004400,-0.0149155
0000004410,0.00109939
0000004420,0.0174989
0000004430,-0.00100161
0000004440,-0.0185886
0000004450,-0.01346
0000004460,-0.0132127
0000004470,-0.0133785
0000004480,0.00560083
0000004490,-0.0241085
0000004500,0.000709559
0000004510,-0.0310561
0000004520,-0.00119126
0000004530,-0.0332752
0000004540,-0.00631895
0000004550,-0.0223313
0000004560,-0.0176669
0000004570,-0.00114564
0000004580,-0.0188639
0000004590,-0.0220003
0000004600,-0.0281332
0000004610,-0.0194851
0000004620,-0.0462707
0000004630,-0.0250439
0000004640,-0.0268492
0000004650,-0.00139973
0000004660,-0.0287326
0000004670,-0.0416673
0000004680,-0.00987004
0000004690,-0.00598486
0000004700,-0.00537377
0000004710,-0.0415351
0000004720,-0.00378227
0000004730,0.00214538
0000004740,-0.0377411
0000004750,-0.00216076
0000004760,-0.0144259
0000004770,-0.0303544
0000004780,-0.0263585
0000004790,0.00418515
0000004800,-0.016556
0000004810,-0.0142806
0000004820,-0.0226025
0000004830,-0.0293122
0000004840,-0.00616572
0000004850,-0.0182396
0000004860,-0.0347405
0000004870,-0.0269564
0000004880,-0.00996179
0000004890,0.000388286
0000004900,-0.00559408
0000004910,-0.0376414
0000004920,-0.0172684
0000004930,-0.0456841
0000004940,-0.0235472
0000004950,-0.0132682
0000004960,0.00540662
0000004970,-0.0225566
0000004980,-0.0144335
0000004990,0.0225465
0000005000,-0.00904016
0000005010,-0.0239952
0000005020,0.00648234
0000005030,-0.00430728
0000005040,-0.0149184
0000005050,0.00173183
0000005060,-0.0111041
0000005070,-0.0277149
0000005080,-0.0182064
0000005090,-0.0216073
0000005100,-0.0144191
0000005110,0.0176924
0000005120,-0.0407932
0000005130,-0.0233737
0000005140,-0.0177046
0000005150,-0.0175887
0000005160,-0.00224566
0000005170,0.0084171
0000005180,-0.0182142
0000005190,-0.0247689
0000005200,-0.013242
0000005210,-0.033793
0000005220,-0.030782
0000005230,-0.0197273
0000005240,-0.018469
0000005250,-0.00522158
0000005260,-0.0363557
0000005270,-0.00823151
0000005280,-0.0218333
0000005290,-0.0321741
0000005300,-0.0254064
0000005310,-0.0304928
0000005320,-0.0304014
0000005330,-0.0026375
0000005340,-0.0325152
0000005350,0.00777606
0000005360,-0.00941462
0000005370,-0.00821263
0000005380,-0.012845
0000005390,-0.00674671
0000005400,-0.0130052
0000005410,-0.0292884
0000005420,-0.0110614
0000005430,-0.0307679
0000005440,-0.0217008
0000005450,-0.0365926
0000005460,-0.0108481
0000005470,-0.0263253
0000005480,-0.011611
0000005490,-0.00396188
0000005500,-0.0243666
0000005510,-0.0182313
0000005520,-0.0247957
0000005530,-0.00633871
0000005540,-0.00747578
0000005550,-0.00150239
0000005560,-0.0290354
0000005570,0.00628244
0000005580,-0.0236577
0000005590,-0.0011968
0000005600,-0.0402893
0000005610,-0.021394
0000005620,-0.00361677
0000005630,-0.0262839
0000005640,0.00802251
0000005650,-0.0315196
0000005660,-0.000167287
0000005670,-0.00856481
0000005680,-0.0249308
0000005690,-0.0133232
0000005700,-0.0331304
0000005710,-0.0150122
0000005720,-0.0179135
0000005730,-0.0335554
0000005740,-0.0206014
0000005750,-0.020947
0000005760,-0.0180424
0000005770,-0.0120853
0000005780,-0.0278093
0000005790,0.00521866
0000005800,-0.0346462
0000005810,-0.00492677
0000005820,0.01185
0000005830,-0.0159174
0000005840,-0.0135338
0000005850,-0.0203795
0000005860,-0.0117404
0000005870,-0.0286596
0000005880,0.00253727
0000005890,-0.0156283
0000005900,-0.0307566
0000005910,-0.0102242
0000005920,-0.0328315
0000005930,-0.0167562
0000005940,-0.0255107
0000005950,-0.000642698
0000005960,-0.014189
0000005970,0.000728202
0000005980,-0.0219223
0000005990,-0.0271797
0000006000,-0.014999
0000006010,-0.0140548
0000006020,-0.0303503
0000006030,-0.0118073
0000006040,-0.0112754
0000006050,-0.0191551
0000006060,-0.00685163
0000006070,-0.0253264
0000006080,-0.013079
0000006090,-0.0110715
0000006100,-0.00977984
0000006110,-0.0113826
0000006120,-0.0321117
0000006130,0.000400157
0000006140,-0.0227327
0000006150,-0.0173575
0000006160,-0.0347151
0000006170,-0.0151284
0000006180,-0.023455
0000006190,-0.00435247
0000006200,-0.0098759
0000006210,-0.0296342
0000006220,-0.00371369
0000006230,-0.031891
0000006240,-0.0219394
0000006250,-0.0435434
0000006260,-0.00576918
0000006270,-0.0037984
0000006280,-0.00478025
0000006290,-0.0223456
0000006300,-0.0141613
0000006310,-0.0218682
0000006320,-0.00209095
0000006330,-0.0155262
0000006340,-0.00902914
0000006350,-0.0193239
0000006360,-0.0162975
0000006370,-0.0255112
0000006380,-0.0161955
0000006390,-0.0169798
0000006400,-0.0121643
0000006410,-0.0302228
0000006420,-0.00251894
0000006430,-0.0237369
0000006440,-0.00871032
0000006450,-0.0218317
0000006460,-0.0288564
0000006470,-0.0222131
0000006480,-0.0193837
0000006490,-0.0121585
0000006500,-0.00420021
0000006510,-0.0131589
0000006520,-0.00809949
0000006530,-0.0229215
0000006540,-0.00618408
0000006550,-0.0362754
0000006560,0.00449984
0000006570,-0.011229
0000006580,-0.0141631
0000006590,0.00433753
0000006600,-0.0306107
0000006610,-0.0151436
0000006620,-0.027464
0000006630,-0.0244716
0000006640,-0.0112599
0000006650,0.00142259
0000006660,-0.0311351
0000006670,-0.0257418
0000006680,0.00252814
0000006690,0.00366669
0000006700,-0.0173476
0000006710,-0.0054963
0000006720,-0.0246099
0000006730,-0.00660441
0000006740,-0.0296421
0000006750,-0.00748398
0000006760,-0.00326439
0000006770,-0.00711078
0000006780,-0.012955
0000006790,-0.023346
0000006800,-0.00812384
0000006810,-0.0370571
0000006820,-0.0266419
0000006830,-0.00562784
0000006840,-0.0325032
0000006850,-0.0155788
0000006860,-0.01338
0000006870,0.00646958
0000006880,-0.0192802
0000006890,-0.0247473
0000006900,-0.0314835
0000006910,0.00173842
0000006920,-0.0230892
0000006930,-0.0194097
0000006940,-0.0281014
0000006950,-0.00607877
0000006960,-0.0204614
0000006970,-0.0397438
0000006980,-0.0187703
0000006990,-0.00444402
0000007000,-0.022279
0000007010,-0.014035
0000007020,-0.0350731
0000007030,-0.0172595
0000007040,-0.0207281
0000007050,0.00579623
0000007060,-0.00398516
0000007070,-0.0270123
0000007080,-0.0325035
0000007090,-0.00520178
0000007100,-0.029979
0000007110,-0.0321749
0000007120,-0.0436469
0000007130,0.013576
0000007140,-0.0231528
0000007150,-0.00817518
0000007160,-0.0110824
0000007170,-0.00937869
0000007180,-0.00240067
0000007190,-0.0355928
0000007200,0.020157
0000007210,-0.02685
0000007220,0.0128812
0000007230,-0.037235
0000007240,-0.0280147
0000007250,0.00530115
0000007260,-0.039079
0000007270,0.0118602
0000007280,-0.0254136
0000007290,-0.00606648
0000007300,-0.0245987
0000007310,-0.0205247
0000007320,-0.0542713
0000007330,-0.0103387
0000007340,-0.011816
0000007350,-0.0157577
0000007360,-0.00293828
0000007370,-0.0192534
0000007380,0.00615745
0000007390,0.00069898
0000007400,-0.0111358
0000007410,-0.00760724
0000007420,-0.0155218
0000007430,-0.0086047
0000007440,-0.0383443
0000007450,-0.0102362
0000007460,-0.0270811
0000007470,-0.0111184
0000007480,-0.0193243
0000007490,-0.0282394
0000007500,-0.0297639
0000007510,-0.0360889
0000007520,0.00397884
0000007530,-0.0169472
0000007540,-0.0206178
0000007550,-0.0341876
0000007560,0.0135921
0000007570,-0.000184543
0000007580,-0.0241288
0000007590,-0.0158317
0000007600,-0.0142
0000007610,-0.00847253
0000007620,-0.00242157
0000007630,-0.00244094
0000007640,-0.0203143
0000007650,-0.000514598
0000007660,-0.0307307
0000007670,-0.016155
0000007680,-0.0208236
0000007690,-0.0109851
0000007700,-0.00846162
0000007710,-0.0236032
0000007720,-0.0189993
0000007730,-0.000297172
0000007740,-0.038049
0000007750,-0.0150233
0000007760,-0.0244209
0000007770,-0.0373838
0000007780,-0.00978084
0000007790,-0.00381891
0000007800,-0.0351613
0000007810,-0.0151331
0000007820,0.00145338
0000007830,-0.0202943
0000007840,-0.00816174
0000007850,-0.0519163
0000007860,-0.0272148
0000007870,-0.00361084
0000007880,-0.00817371
0000007890,-0.0141765
0000007900,-0.00358031
0000007910,-0.01683
0000007920,0.000694225
0000007930,-0.0138349
0000007940,-0.0357464
0000007950,-0.0243276
0000007960,0.00047713
0000007970,-0.00140109
0000007980,-0.0457026
0000007990,-0.00917852
0000008000,-0.0119816
0000008010,-0.0142458
0000008020,-0.0341756
0000008030,-0.00817536
0000008040,-0.0145333
0000008050,-0.0207881
0000008060,-0.019451
0000008070,-0.0316687
0000008080,-0.0198213
0000008090,-0.0270805
0000008100,-0.0198756
0000008110,-0.0132196
0000008120,-0.0214528
0000008130,-0.00505034
0000008140,-0.0337453
0000008150,-0.0159226
0000008160,-0.0176433
0000008170,-0.0174986
0000008180,-0.017669
0000008190,-0.0474201
0000008200,-0.00799774
0000008210,-0.0125349
0000008220,-0.0247275
0000008230,-0.0154415
0000008240,-0.02906
0000008250,-0.0359747
0000008260,-0.0116073
0000008270,-0.0323414
0000008280,-0.035201
0000008290,-0.00353401
0000008300,-0.0192005
0000008310,-0.0257236
0000008320,-0.0114648
0000008330,-0.00945216
0000008340,0.00987771
0000008350,-0.0331047
0000008360,-0.025553
0000008370,-0.0224744
0000008380,-0.0229178
0000008390,-0.0250762
0000008400,-0.0375332
0000008410,-0.0417517
0000008420,-0.016411
0000008430,-0.0128837
0000008440,-0.035326
0000008450,-0.00370985
0000008460,-0.00977698
0000008470,0.0112518
0000008480,-0.02573
0000008490,-0.0126381
0000008500,-0.0249765
0000008510,-0.0154064
0000008520,0.000679084
0000008530,-0.00797016
0000008540,-0.0190046
0000008550,-0.0175968
0000008560,-0.0286855
0000008570,-0.0254047
0000008580,-0.0248973
0000008590,-0.00599257
0000008600,0.00260522
0000008610,-0.00477937
0000008620,-0.000164714
0000008630,-0.0304655
0000008640,-0.0106307
0000008650,-0.0142205
0000008660,-0.0314154
0000008670,-0.0348106
0000008680,-0.0267501
0000008690,0.0038491
0000008700,-0.0169935
0000008710,-0.0327283
0000008720,-0.00263774
0000008730,-0.0474363
0000008740,-0.0171437
0000008750,-0.010729
0000008760,-0.0193068
0000008770,-0.0219898
0000008780,-0.0153024
0000008790,-0.0220352
0000008800,-0.0244252
0000008810,0.00230962
0000008820,0.00107325
0000008830,-0.0282186
0000008840,-0.0350509
0000008850,-0.0223001
0000008860,0.00887797
0000008870,-0.0242435
0000008880,-0.00200297
0000008890,-0.0300651
0000008900,0.00328184
0000008910,-0.0283912
0000008920,0.0286016
0000008930,-0.0472006
0000008940,0.00486942
0000008950,-0.00426137
0000008960,-0.0343641
0000008970,0.00418767
0000008980,-0.0102519
0000008990,-0.00776224
0000009000,-0.0149689
0000009010,-0.00943562
0000009020,-0.00989025
0000009030,-0.0188479
0000009040,0.00886407
0000009050,-0.0345632
0000009060,-0.0291952
0000009070,-0.0281212
0000009080,-0.0305181
0000009090,-0.00489299
0000009100,0.000822745
0000009110,-0.00433085
0000009120,-0.00358169
0000009130,-0.047278
0000009140,-0.0209099
0000009150,-0.0184892
0000009160,-0.0295571
0000009170,-0.0119164
0000009180,-0.00933227
0000009190,0.00211742
0000009200,0.00166718
0000009210,-0.0270028
0000009220,0.019707
0000009230,-0.0210173
0000009240,-0.0237138
0000009250,-0.0284915
0000009260,-0.0135745
0000009270,-0.00815867
0000009280,-0.00270003
0000009290,-0.0294786
0000009300,-0.0321728
0000009310,-0.0277077
0000009320,-0.0257954
0000009330,0.0203039
0000009340,-0.00556564
0000009350,0.0143547
0000009360,-0.025427
0000009370,-0.015424
0000009380,-0.0173506
0000009390,-0.015112
0000009400,0.00233472
0000009410,-0.0184588
0000009420,-0.0129026
0000009430,-0.017208
0000009440,-0.00860062
0000009450,-0.00821904
0000009460,-0.0224751
0000009470,-0.00692056
0000009480,-0.0291998
0000009490,-0.0263506
0000009500,-0.00648884
0000009510,-0.00589242
0000009520,-0.028534
0000009530,-0.0065426
0000009540,-0.0058946
0000009550,-0.0205906
0000009560,-0.00736731
0000009570,0.000901289
0000009580,-0.0067575
0000009590,-0.0446203
0000009600,-0.0208917
0000009610,-0.0308685
0000009620,-0.0411374
0000009630,-0.0155846
0000009640,-0.0211303
0000009650,-0.0179816
0000009660,-0.0203441
0000009670,-0.0121051
0000009680,-0.00962034
0000009690,0.0094593
0000009700,-0.0101393
0000009710,-0.0188822
0000009720,-0.0284807
0000009730,-0.010907
0000009740,-0.00457369
0000009750,-0.023013
0000009760,0.00743176
0000009770,-0.00563378
0000009780,-0.001352
0000009790,-0.00648543
0000009800,-0.00750997
0000009810,-0.0207448
0000009820,0.00934229
0000009830,-0.0186957
0000009840,-0.0161077
0000009850,-0.0221854
0000009860,-0.0290636
0000009870,-0.0404742
0000009880,0.00362344
0000009890,-0.0188309
0000009900,-0.00550765
0000009910,-0.0241058
0000009920,0.00454109
0000009930,-0.0435488
0000009940,-0.00572997
0000009950,-0.0158427
0000009960,-0.0257881
0000009970,-0.0234185
0000009980,-0.0102342
0000009990,-0.0132645
0000010000,-0.0211044
0000010010,-0.0283175
0000010020,-0.0142103
0000010030,-0.0387106
0000010040,-0.00435304
0000010050,0.00128999
0000010060,-0.0192522
0000010070,0.0126894
0000010080,-0.0102495
0000010090,-0.0108796
0000010100,-0.0128881
0000010110,-0.0318918
0000010120,-0.00779616
0000010130,-0.0188228
0000010140,0.00893443
0000010150,-0.0290951
0000010160,-0.000887849
0000010170,-0.0123894
0000010180,0.000731265
0000010190,-0.00789657
0000010200,-0.0184778
0000010210,-0.0226009
0000010220,-0.0307413
0000010230,-0.0069479
0000010240,-0.0226394
0000010250,-0.00193436
0000010260,-0.0162656
0000010270,-0.0148633
0000010280,-0.0157752
0000010290,-0.0183352
0000010300,-0.0280133
0000010310,-0.0246383
0000010320,-0.00229754
0000010330,-0.0156816
0000010340,-0.0167812
0000010350,-0.0121119
0000010360,-0.0421557
0000010370,-0.0218386
0000010380,-0.0207598
0000010390,-0.0156038
0000010400,0.013747
0000010410,0.00409523
0000010420,-0.00891191
0000010430,-0.00136962
0000010440,-0.0251508
0000010450,-0.0246242
0000010460,-0.010292
0000010470,-0.00384847
0000010480,-0.0148286
0000010490,-0.016433
0000010500,-0.00219551
0000010510,0.00301306
0000010520,-0.0243648
0000010530,0.00657933
0000010540,-0.0102355
0000010550,0.0128974
0000010560,-0.00614864
0000010570,-0.023507
0000010580,-0.0160876
0000010590,-0.00814191
0000010600,-0.033782
0000010610,-0.0502314
0000010620,-0.00730559
0000010630,-0.00264595
0000010640,-0.00475526
0000010650,-0.010031
0000010660,-0.0195352
0000010670,-0.0193542
0000010680,-0.0219589
0000010690,-0.00674647
0000010700,-0.0348096
0000010710,-0.0296867
0000010720,-0.0274397
0000010730,-0.0181196
0000010740,-0.00851778
0000010750,-0.0277624
0000010760,-0.0187973
0000010770,-0.0371763
0000010780,-0.0291123
0000010790,-0.0212151
0000010800,-0.00607889
0000010810,-0.0229419
0000010820,-0.000421521
0000010830,-0.00641097
0000010840,-0.0360868
0000010850,-0.0240342
0000010860,-0.0116991
0000010870,-0.00627033
0000010880,-0.0301907
0000010890,-0.0350797
0000010900,-0.0307277
0000010910,-0.0314804
0000010920,-0.00653351
0000010930,-0.0124825
0000010940,-0.0194967
0000010950,-0.0291784
0000010960,-0.0381422
0000010970,-0.0245966
0000010980,0.00167353
0000010990,0.0236966
0000011000,-0.00594654
0000011010,-0.0274067
0000011020,-0.0360185
0000011030,-0.0244939
0000011040,-0.00332757
0000011050,0.00194412
0000011060,-0.0335629
0000011070,-0.018487
0000011080,-0.048107
0000011090,-0.0208546
0000011100,-0.0197153
0000011110,-0.0275717
0000011120,0.00657696
0000011130,-0.0254
0000011140,-0.0166263
0000011150,-0.0340719
0000011160,0.0190271
0000011170,-0.0075621
0000011180,-0.0332641
0000011190,-0.0179727
0000011200,-0.0241266
0000011210,-0.0111475
0000011220,0.0150939
0000011230,-0.020194
0000011240,-0.0137357
0000011250,-0.0146203
0000011260,-0.0117054
0000011270,-0.02176
0000011280,-0.00944692
0000011290,-0.0204714
0000011300,-0.0208231
0000011310,-0.0285981
0000011320,-0.0137142
0000011330,-0.000192115
0000011340,-0.0244635
0000011350,-0.0247426
0000011360,-0.0230952
0000011370,-0.0287034
0000011380,-0.00364743
0000011390,0.0079368
0000011400,-0.0166271
0000011410,-0.0209743
0000011420,-0.0210341
0000011430,-0.0151042
0000011440,-0.0103849
0000011450,-0.0165832
0000011460,-0.0224087
0000011470,-0.00796217
0000011480,-0.025878
0000011490,-0.0150219
0000011500,-0.00499263
0000011510,0.00368706
0000011520,-0.0145995
0000011530,-0.0119035
0000011540,-0.0157407
0000011550,-0.0179151
0000011560,-0.01587
0000011570,-0.0175631
0000011580,-0.0150794
0000011590,-0.00668267
0000011600,-0.00234407
0000011610,0.000548189
0000011620,-0.0251398
0000011630,-0.0456752
0000011640,0.00650194
0000011650,-0.0142074
0000011660,-0.00608214
0000011670,-0.0246585
0000011680,-0.0230541
0000011690,-0.00825189
0000011700,-0.00933069
0000011710,-0.0117199
0000011720,-0.0180053
0000011730,-0.0266181
0000011740,-0.0203957
0000011750,-0.0283369
0000011760,-0.0116761
0000011770,-0.0323317
0000011780,-0.010247
0000011790,-0.00235098
0000011800,-0.00488957
0000011810,-0.0258135
0000011820,-0.026028
0000011830,-0.021673
0000011840,-0.00450461
0000011850,-0.00719717
0000011860,-0.0370011
0000011870,-0.0168166
0000011880,-0.0168773
0000011890,-0.0124592
0000011900,-0.0290072
0000011910,-0.0184662
0000011920,-0.00948166
0000011930,0.0118549
0000011940,-0.0170526
0000011950,-0.0244286
0000011960,-0.0204613
0000011970,-0.0136189
0000011980,-0.00373282
0000011990,-0.047884
0000012000,-0.0300542
0000012010,-0.0256089
0000012020,-0.0254953
0000012030,0.00169632
0000012040,0.000438963
0000012050,-0.00565858
0000012060,-0.0238095
0000012070,-0.0106701
0000012080,-0.0246618
0000012090,-0.0373608
0000012100,-0.00971371
0000012110,-0.0121073
0000012120,0.00155263
0000012130,-0.0309314
0000012140,-0.023754
0000012150,-0.0193888
0000012160,-0.00315595
0000012170,-0.00133816
0000012180,-0.0169916
0000012190,-0.0257921
0000012200,0.0050311
0000012210,0.00696641
0000012220,-0.0242816
0000012230,-0.0522832
0000012240,-0.0181598
0000012250,-0.0155111
0000012260,-0.0100689
0000012270,-0.00777921
0000012280,-0.00909204
0000012290,-0.0163639
0000012300,0.00438307
0000012310,-0.0339433
0000012320,-0.0278059
0000012330,-0.000963212
0000012340,-0.0350522
0000012350,0.00165136
0000012360,-0.0161728
0000012370,-0.0151765
0000012380,-0.00750168
0000012390,0.0121003
0000012400,-0.0419733
0000012410,-0.012827
0000012420,-0.0266146
0000012430,0.00634845
0000012440,0.00299104
0000012450,-0.0120616
0000012460,-0.00889862
0000012470,-0.00454721
0000012480,-0.0327889
0000012490,-0.0212514
0000012500,-0.031068
0000012510,-0.0286139
0000012520,-0.0188017
0000012530,0.0011147
0000012540,-0.00585028
0000012550,0.00322947
0000012560,-0.0181522
0000012570,-0.0149788
0000012580,-0.00139949
0000012590,0.00228866
0000012600,-0.0081705
0000012610,-0.0132301
0000012620,-0.0222946
0000012630,-0.0236095
0000012640,-0.0242773
0000012650,-0.0102142
0000012660,-0.0332936
0000012670,-0.0360261
0000012680,-0.00577903
0000012690,0.000186106
0000012700,-0.0163506
0000012710,-0.0205575
0000012720,-0.0212693
0000012730,-0.0308047
0000012740,-0.0297879
0000012750,-0.0186416
0000012760,-0.000726101
0000012770,-0.0196321
0000012780,-0.0249495
0000012790,-0.0145677
0000012800,-0.0178502
0000012810,-0.0065397
0000012820,-0.0174998
0000012830,-0.0150466
0000012840,-0.0107103
0000012850,-0.0217509
0000012860,-0.0329466
0000012870,0.0049988
0000012880,-0.00868885
0000012890,-0.0251294
0000012900,-0.0120757
0000012910,0.00040921
0000012920,-0.0106446
0000012930,-0.0188438
0000012940,-0.0124351
0000012950,0.000538561
0000012960,0.00419065
0000012970,-0.00915887
0000012980,-0.0269306
0000012990,-0.00457019
0000013000,-0.00959837
0000013010,-0.0172393
0000013020,-0.029548
0000013030,-0.0249974
0000013040,-0.0241325
0000013050,-0.0105073
0000013060,-0.0102177
0000013070,0.000638579
0000013080,-8.92075e-05
0000013090,-0.013665
0000013100,-0.00992293
0000013110,-0.0312282
0000013120,-0.00849317
0000013130,-0.0041586
0000013140,-0.0102566
0000013150,0.00160864
0000013160,0.0036624
0000013170,-0.0167201
0000013180,0.00326458
0000013190,-0.00947338
0000013200,-0.0109181
0000013210,-0.0196779
0000013220,-0.00849117
0000013230,-0.0129219
0000013240,-0.00357583
0000013250,-0.030744
0000013260,-0.0182438
0000013270,-0.0114225
0000013280,-0.0159357
0000013290,-0.00600521
0000013300,-0.0193962
0000013310,-0.0298301
0000013320,-0.0163617
0000013330,-0.0253106
0000013340,-0.0224107
0000013350,-0.0301854
0000013360,-0.00658003
0000013370,-0.00880696
0000013380,-0.0145786
0000013390,-0.026638
0000013400,-0.0214735
0000013410,-0.0143396
0000013420,-0.0177915
0000013430,-0.0182284
0000013440,-0.0303065
0000013450,-0.00900527
0000013460,-0.0325075
0000013470,-0.0185905
0000013480,-0.010753
0000013490,-0.00800751
0000013500,-0.0156421
0000013510,-0.000417139
0000013520,-0.0494368
0000013530,-0.011186
0000013540,-0.0243992
0000013550,-0.0287713
0000013560,-0.0105808
0000013570,-0.0172558
0000013580,-0.0317415
0000013590,-0.0375323
0000013600,0.00738724
0000013610,-0.0269029
0000013620,-0.0308096
0000013630,-0.0159813
0000013640,-0.0150852
0000013650,-0.0299938
0000013660,-0.0268287
0000013670,-0.0226165
0000013680,0.0027791
0000013690,-0.00642113
0000013700,-0.0256134
0000013710,-0.0215104
0000013720,-0.0146127
0000013730,-0.0162076
0000013740,0.00721186
0000013750,-0.00323259
0000013760,-0.00198077
0000013770,-0.0225516
0000013780,-0.00517169
0000013790,-0.040686
0000013800,-0.0412839
0000013810,0.00244209
0000013820,-0.0139009
0000013830,-0.00226695
0000013840,-0.0294135
0000013850,-0.027774
0000013860,-0.0209763
0000013870,0.00805693
0000013880,-0.0199923
0000013890,-0.0269192
0000013900,-0.00633321
0000013910,-0.0201937
0000013920,-0.0114971
0000013930,-0.0194867
0000013940,-0.0284618
0000013950,-0.0118533
0000013960,-0.0287949
0000013970,-0.0039486
0000013980,-0.0321304
0000013990,0.00529086
0000014000,-0.0106383
0000014010,-0.0112814
0000014020,-0.0275796
0000014030,-0.0270044
0000014040,-0.0249846
0000014050,-0.00711655
0000014060,-0.00128089
0000014070,-0.00746008
0000014080,-0.000558028
0000014090,0.0100911
0000014100,-0.0259305
0000014110,-0.00385123
0000014120,0.00399454
0000014130,-0.00958149
0000014140,-0.00256744
0000014150,-0.0182613
0000014160,-0.0203964
0000014170,-0.0283429
0000014180,-0.0207458
0000014190,-0.0186809
0000014200,0.00229638
0000014210,-0.0264622
0000014220,-0.0164235
0000014230,-0.00254482
0000014240,-0.00306677
0000014250,-0.0223632
0000014260,-0.0234923
0000014270,-0.0115914
0000014280,-0.00529248
0000014290,-0.0196211
0000014300,-0.0410477
0000014310,-0.0184981
0000014320,-0.0156033
0000014330,-0.0138354
0000014340,-0.0141849
0000014350,-0.0177131
0000014360,-0.0299982
0000014370,-0.00138479
0000014380,-0.0119915
0000014390,-0.0322078
0000014400,-0.0229344
0000014410,-0.0256129
0000014420,-0.00293802
0000014430,-0.00991946
0000014440,-0.0100438
0000014450,-0.0258204
0000014460,-0.0011711
0000014470,-0.0168914
0000014480,-0.0179053
0000014490,-0.0200319
0000014500,-0.0225134
0000014510,-0.0246855
0000014520,0.0140308
0000014530,-0.0178524
0000014540,-0.0247056
0000014550,-0.0260337
0000014560,-0.0236741
0000014570,-0.00766199
0000014580,-0.0181918
0000014590,-0.0315398
0000014600,-0.014195
0000014610,-0.00795214
0000014620,-0.00563263
0000014630,-0.0156667
0000014640,-0.0179555
0000014650,-0.0130353
0000014660,0.00467665
0000014670,-0.044187
0000014680,-0.0231439
0000014690,-0.00158753
0000014700,-0.0114446
0000014710,0.0012255
0000014720,-0.0104482
0000014730,-0.0211329
0000014740,-0.015038
0000014750,-0.0148507
0000014760,-0.0353224
0000014770,-0.0296863
0000014780,-0.0055478
0000014790,-0.0232704
0000014800,-0.0134252
0000014810,-0.0227117
0000014820,0.000598561
0000014830,-0.0237293
0000014840,-0.00956058
0000014850,-0.0233679
0000014860,-0.0265725
0000014870,-0.0226666
0000014880,-0.00832905
0000014890,-0.019666
0000014900,-0.0170656
0000014910,-0.0203733
0000014920,-0.0082009
0000014930,-0.0431494
0000014940,-0.0124543
0000014950,-0.0336232
0000014960,-0.0208822
0000014970,-0.0170864
0000014980,-0.0276652
0000014990,-0.0103831
0000015000,-0.00257979
0000015010,-0.0077346
0000015020,-0.0328579
0000015030,-0.00955546
0000015040,-0.0283066
0000015050,-0.00160753
0000015060,-0.00187881
0000015070,0.00815233
0000015080,-0.0167937
0000015090,-0.017061
0000015100,-0.0247776
0000015110,-0.0101311
0000015120,-0.0076841
0000015130,-0.0149486
0000015140,-0.0038398
0000015150,-0.00784192
0000015160,0.00350078
0000015170,-0.0157629
0000015180,-0.0263613
0000015190,-0.00538038
0000015200,-0.0247469
0000015210,-0.0168272
0000015220,-0.0197052
0000015230,0.0158888
0000015240,-0.0145488
0000015250,-0.0423981
0000015260,-0.0111596
0000015270,-0.0222025
0000015280,-0.00578071
0000015290,-0.00664394
0000015300,-0.0281769
0000015310,-0.00871181
0000015320,-0.0131854
0000015330,-0.0133333
0000015340,-0.00920712
0000015350,-0.0474165
0000015360,-0.01162
0000015370,-0.00426788
0000015380,-0.0216227
0000015390,-0.0199832
0000015400,-0.039424
0000015410,0.000248106
0000015420,-0.0149299
0000015430,-0.0260098
0000015440,-0.0209495
0000015450,-0.00424205
0000015460,-0.0300755
0000015470,0.00287154
0000015480,-0.00243552
0000015490,-0.020667
0000015500,-0.017516
0000015510,0.00626565
0000015520,-0.0260127
0000015530,-0.0401856
0000015540,-0.000469337
0000015550,-0.0292041
0000015560,-0.0238133
0000015570,-0.0104282
0000015580,-0.014834
0000015590,-0.0151902
0000015600,-0.0203358
0000015610,-0.035136
0000015620,-0.0279227
0000015630,-0.0157084
0000015640,-0.000743242
0000015650,-0.000881691
0000015660,-0.032363
0000015670,-0.0109002
0000015680,-0.0282169
0000015690,-0.0240736
0000015700,-0.0292077
0000015710,-0.0145468
0000015720,0.00306443
0000015730,-0.0181168
0000015740,-0.0131755
0000015750,-0.0164038
0000015760,-0.00582446
0000015770,-0.0284031
0000015780,-0.0246807
0000015790,-0.0336502
0000015800,-0.0318044
0000015810,-0.0127968
0000015820,-0.0375414
0000015830,-0.0347128
0000015840,-0.0176966
0000015850,-0.0337572
0000015860,0.000152416
0000015870,-0.0292564
0000015880,0.00649385
0000015890,-0.00917657
0000015900,-0.00441643
0000015910,-0.00424537
0000015920,-0.0253297
0000015930,-0.0181387
0000015940,-0.0102181
0000015950,-0.000246155
0000015960,-0.0385062
0000015970,-0.0154999
0000015980,-4.7462e-05
0000015990,-0.011488
