0000000000,-0.0231258
0000000010,-0.0342762
0000000020,-0.00704092
0000000030,-0.00707563
0000000040,-0.0220071
0000000050,-0.0257968
0000000060,-0.0336376
0000000070,-0.032409
0000000080,-0.0120317
0000000090,-0.0172902
0000000100,-0.0176033
0000000110,-0.0278216
0000000120,-0.037292
0000000130,-0.0192087
0000000140,-0.00747937
0000000150,-0.0261586
0000000160,-0.0253777
0000000170,-0.0279002
0000000180,-0.0220099
0000000190,-0.0118827
0000000200,-0.0261948
0000000210,-0.02408
0000000220,-0.0276559
0000000230,-0.0149926
0000000240,-0.0199857
0000000250,-0.00352221
0000000260,-0.007158
0000000270,-0.0348563
0000000280,-0.0166435
0000000290,-0.010644
0000000300,-0.0126345
0000000310,-0.0154969
0000000320,-0.0219849
0000000330,-0.026443
0000000340,-0.0306846
0000000350,-0.0135361
0000000360,-0.0209623
0000000370,-0.0100246
0000000380,-0.0195672
0000000390,-0.0173123
0000000400,-0.0247685
0000000410,-0.0209386
0000000420,-0.00821149
0000000430,-0.0233795
0000000440,-0.00884856
0000000450,-0.0233985
0000000460,-0.00168617
0000000470,-0.0177039
0000000480,-0.0282489
0000000490,-0.00477103
0000000500,-0.0149006
0000000510,-0.0140638
0000000520,-0.0246548
0000000530,-0.0264161
0000000540,-0.0308098
0000000550,-0.0114289
0000000560,-0.0145638
0000000570,-0.0204175
0000000580,-0.0268654
0000000590,-0.0132506
0000000600,-0.0264753
0000000610,-0.0100192
0000000620,-0.0104386
0000000630,-0.0147553
0000000640,-0.0110216
0000000650,-0.0186634
0000000660,-0.0136153
0000000670,-0.015257
0000000680,-0.00269406
0000000690,-0.0236489
0000000700,-0.0114448
0000000710,-0.0228252
0000000720,-0.0369499
0000000730,-0.0233178
0000000740,-2.81739e-05
0000000750,-0.0328397
0000000760,-0.0086444
0000000770,-0.0133812
0000000780,-0.0108097
0000000790,-0.0233739
0000000800,-0.00944346
0000000810,-0.0247539
0000000820,-0.0201561
0000000830,-0.00871967
0000000840,-0.0226732
0000000850,-0.0343383
0000000860,-0.0228662
0000000870,-0.0312195
0000000880,-0.0154174
0000000890,-0.0118942
0000000900,-0.0213046
0000000910,-0.0123739
0000000920,-0.0266306
0000000930,-0.0221744
0000000940,-0.0190047
0000000950,-0.0282435
0000000960,-0.00867435
0000000970,-0.0279956
0000000980,-0.0116359
0000000990,-0.029316
0000001000,0.00054072
0000001010,-0.0268162
0000001020,-0.0125148
0000001030,-0.0124978
0000001040,-0.0033263
0000001050,-0.0250857
0000001060,-0.0205475
0000001070,-0.0337766
0000001080,-0.0082294
0000001090,-0.0203106
0000001100,0.00755461
0000001110,-0.0218952
0000001120,-0.0297995
0000001130,-0.0202572
0000001140,-0.0458771
0000001150,-0.0195341
0000001160,-0.0292911
0000001170,-0.011241
0000001180,-0.031934
0000001190,-0.0217988
0000001200,-0.0150692
0000001210,-0.0276775
0000001220,-0.00557069
0000001230,-0.00932105
0000001240,-0.0257203
0000001250,-0.0219351
0000001260,-0.0107525
0000001270,-0.0179856
0000001280,-0.0244981
0000001290,-0.0310039
0000001300,-0.020174
0000001310,-0.0095763
0000001320,-0.0240703
0000001330,0.00474607
0000001340,-0.0156743
0000001350,-0.0197629
0000001360,-0.0113375
0000001370,-0.0290968
0000001380,-0.0188034
0000001390,-0.00877516
0000001400,-0.0065382
0000001410,-0.0039023
0000001420,-0.015354
0000001430,-0.0179725
0000001440,-0.00746058
0000001450,-0.0139088
0000001460,-0.0138692
0000001470,-0.0364183
0000001480,-0.0242285
0000001490,-0.00861962
0000001500,-0.0145029
0000001510,-0.0176301
0000001520,-0.0289416
0000001530,-0.0194711
0000001540,-0.0147004
0000001550,-0.0256461
0000001560,-0.0177725
0000001570,-0.0264091
0000001580,-0.010992
0000001590,-0.0168535
0000001600,-0.0141106
0000001610,-0.0315523
0000001620,-0.0270194
0000001630,-0.0346034
0000001640,-0.0236664
0000001650,-0.0225744
0000001660,-0.0242004
0000001670,-0.0192644
0000001680,-0.0249229
0000001690,-0.00501358
0000001700,-0.0186857
0000001710,-0.0218457
0000001720,-0.00520356
0000001730,-0.0091916
0000001740,-0.0170828
0000001750,-0.031218
0000001760,-0.0165169
0000001770,-0.0231686
0000001780,-0.0279258
0000001790,-0.0343799
0000001800,-0.010895
0000001810,-0.0226267
0000001820,-0.00740069
0000001830,-0.0132092
0000001840,-0.0123299
0000001850,-0.0298318
0000001860,-0.0146137
0000001870,-0.0283805
0000001880,-0.00935918
0000001890,-0.0181589
0000001900,-0.0170606
0000001910,-0.0187273
0000001920,-0.030072
0000001930,-0.0225335
0000001940,-0.0139613
0000001950,-0.0234819
0000001960,-0.0110462
0000001970,-0.00988115
0000001980,-0.0124406
0000001990,-0.0182194
0000002000,-0.00834868
0000002010,-0.0159743
0000002020,-0.0180708
0000002030,-0.0197806
0000002040,-0.0210237
0000002050,-0.0269122
0000002060,-0.00442921
0000002070,-0.0159053
0000002080,-0.0400602
0000002090,0.0207935
0000002100,-0.00860268
0000002110,-0.0226851
0000002120,0.0143694
0000002130,-0.0392609
0000002140,-0.0301032
0000002150,-0.0202417
0000002160,-0.00308938
0000002170,-0.0247661
0000002180,0.000848298
0000002190,-0.0266715
0000002200,-0.0282767
0000002210,-0.0338799
0000002220,-0.0258864
0000002230,-0.013192
0000002240,-0.030054
0000002250,-0.0113339
0000002260,-0.0139817
0000002270,-0.0129095
0000002280,-0.0186945
0000002290,-0.0255008
0000002300,-0.005261
0000002310,-0.0219735
0000002320,-0.00991192
0000002330,-0.00255813
0000002340,-0.019356
0000002350,-0.00683953
0000002360,-0.0167699
0000002370,-0.0053529
0000002380,-0.028961
0000002390,-0.00342362
0000002400,-0.022284
0000002410,-0.00446368
0000002420,0.00679993
0000002430,-0.026269
0000002440,-0.0156851
0000002450,-0.0198185
0000002460,-0.0447653
0000002470,-0.0287473
0000002480,-0.0104311
0000002490,-0.00280009
0000002500,-0.00488924
0000002510,-0.0166746
0000002520,-0.0279047
0000002530,-0.0313416
0000002540,-0.00992864
0000002550,-0.0166327
0000002560,-0.0146244
0000002570,-0.0137274
0000002580,-0.0140485
0000002590,-0.0178912
0000002600,-0.0213463
0000002610,-0.0234329
0000002620,-0.0184608
0000002630,-0.0196461
0000002640,-0.0172534
0000002650,-0.0109377
0000002660,-0.020976
0000002670,-0.0141505
0000002680,-0.0128494
0000002690,-0.0274979
0000002700,-0.0172654
0000002710,-0.02362
0000002720,-0.0157055
0000002730,-0.0225791
0000002740,-0.0178252
0000002750,-0.0159773
0000002760,-0.0185892
0000002770,-0.0264365
0000002780,-0.0208234
0000002790,-0.0145232
0000002800,-0.024157
0000002810,-0.0146487
0000002820,0.00620037
0000002830,-0.0179359
0000002840,-0.0241068
0000002850,-0.0227075
0000002860,-0.0164246
0000002870,-0.0174686
0000002880,-0.0414059
0000002890,-0.0206411
0000002900,-0.0212844
0000002910,-0.022415
0000002920,-0.0220054
0000002930,-0.0146437
0000002940,-0.0259296
0000002950,-0.0225515
0000002960,-0.0180441
0000002970,-0.0250702
0000002980,-0.0068568
0000002990,-0.0277857
0000003000,-0.024238
0000003010,-0.011046
0000003020,-0.0125132
0000003030,-0.0134178
0000003040,-0.027705
0000003050,0.00643898
0000003060,-0.00531591
0000003070,-0.00794847
0000003080,0.00289993
0000003090,-0.0135032
0000003100,-0.0227927
0000003110,-0.0231999
0000003120,-0.0274184
0000003130,-0.018903
0000003140,-0.0275726
0000003150,-0.0146356
0000003160,-0.0119306
0000003170,-0.0195855
0000003180,-0.031152
0000003190,-0.0278757
0000003200,-0.0140711
0000003210,-0.0243608
0000003220,-0.0260892
0000003230,-0.00530214
0000003240,-0.00631913
0000003250,-0.0329813
0000003260,-0.0223686
0000003270,-0.0173272
0000003280,-0.0165987
0000003290,-0.0159497
0000003300,-0.0171296
0000003310,-0.0209569
0000003320,-0.0153752
0000003330,-0.0059503
0000003340,-0.0163711
0000003350,-0.0243024
0000003360,-0.0195869
0000003370,-0.0186844
0000003380,-0.0266237
0000003390,-0.0246932
0000003400,-0.00495955
0000003410,-0.0301038
0000003420,-0.0177065
0000003430,-0.00485378
0000003440,-0.0173082
0000003450,-0.0226023
0000003460,-0.0169143
0000003470,-0.0212091
0000003480,-0.0162975
0000003490,-0.0148533
0000003500,-0.0185274
0000003510,-0.00880827
0000003520,-0.0236604
0000003530,-0.0259422
0000003540,-0.0131906
0000003550,-0.0167182
0000003560,-0.00966478
0000003570,-0.0291753
0000003580,-0.0227797
0000003590,-0.0341276
0000003600,-0.0170898
0000003610,-0.0239689
0000003620,-0.0183922
0000003630,-0.0183552
0000003640,-0.0154851
0000003650,-0.0415994
0000003660,-0.0259339
0000003670,-0.00952672
0000003680,-0.00843442
0000003690,-0.014864
0000003700,-0.00847373
0000003710,-0.0204978
0000003720,-0.00340456
0000003730,-0.0284229
0000003740,-0.0120276
0000003750,-0.0191389
0000003760,-0.0208909
0000003770,-0.0201535
0000003780,-0.00543599
0000003790,-0.0255954
0000003800,-0.0112601
0000003810,-0.019838
0000003820,-0.0238111
0000003830,-0.0119739
0000003840,-0.0279159
0000003850,-0.021353
0000003860,-0.00894555
0000003870,-0.00930085
0000003880,-0.0168079
0000003890,-0.00827344
0000003900,-0.0330874
0000003910,-0.0209585
0000003920,-0.0206225
0000003930,-0.0349208
0000003940,-0.0347221
0000003950,-0.0124809
0000003960,-0.0234696
0000003970,-0.0149243
0000003980,-0.0161673
0000003990,-0.0143753
0000004000,-0.0240222
0000004010,-0.0328586
0000004020,-0.0371222
0000004030,-0.0163578
0000004040,-0.0236491
0000004050,-0.0364578
0000004060,-0.0184356
0000004070,-0.020981
0000004080,-0.0187124
0000004090,-0.0200265
0000004100,-0.0256977
0000004110,0.00550319
0000004120,-0.00981104
0000004130,-0.0237963
0000004140,-0.00909816
0000004150,-0.00783817
0000004160,-0.0263195
0000004170,-0.0190549
0000004180,-0.0275817
0000004190,-0.0491851
0000004200,-0.0189663
0000004210,-0.00783161
0000004220,-0.0261817
0000004230,-0.0166511
0000004240,-0.0159463
0000004250,-0.0363011
0000004260,-0.025699
0000004270,-0.0369909
0000004280,-0.00523805
0000004290,-0.0121695
0000004300,-0.0167081
0000004310,-0.02624
0000004320,-0.0124257
0000004330,-0.00859132
0000004340,-0.0191677
0000004350,-0.0247544
0000004360,-0.0202979
0000004370,-0.0159967
0000004380,-0.0293645
0000004390,-0.00815692
0000004400,-0.0251228
0000004410,-0.0321234
0000004420,-0.0234978
0000004430,-0.0207113
0000004440,-0.00799452
0000004450,-0.0392299
0000004460,-0.0440355
0000004470,-0.00223977
0000004480,-0.0211333
0000004490,-0.0168642
0000004500,-0.0251125
0000004510,-0.02035
0000004520,-0.0169785
0000004530,-0.012113
0000004540,-0.0106028
0000004550,-0.019088
0000004560,-0.00815832
0000004570,-0.00601737
0000004580,-0.00920226
0000004590,-0.019157
0000004600,-0.0243251
0000004610,-0.0360161
0000004620,-0.021603
0000004630,-0.0170235
0000004640,-0.0043569
0000004650,-0.00198611
0000004660,-0.00742267
0000004670,-0.0178552
0000004680,-0.0109842
0000004690,-0.0230401
0000004700,-0.0101145
0000004710,-0.0178766
0000004720,-0.0353169
0000004730,-0.0236588
0000004740,-0.02206
0000004750,-0.0152197
0000004760,-0.0187986
0000004770,-0.0159474
0000004780,-0.0224263
0000004790,-0.0101313
0000004800,-0.00971344
0000004810,-0.0108046
0000004820,-0.00794342
0000004830,-0.00876441
0000004840,-0.0262633
0000004850,-0.0132124
0000004860,-0.0312828
0000004870,-0.0034249
0000004880,-0.0240512
0000004890,-0.0181844
0000004900,-0.034874
0000004910,-0.0167989
0000004920,-0.0160156
0000004930,-0.0213743
0000004940,-0.0211055
0000004950,-0.0206884
0000004960,-0.0129986
0000004970,-0.0262284
0000004980,-0.0234223
0000004990,-0.02825
0000005000,-0.0205457
0000005010,-0.00525429
0000005020,-0.0235872
0000005030,0.000892039
0000005040,-0.0239183
0000005050,-0.0141715
0000005060,-0.00985954
0000005070,-0.0254621
0000005080,-0.0130807
0000005090,-0.0181144
0000005100,-0.0151897
0000005110,-0.0218735
0000005120,-0.0324003
0000005130,-0.0179114
0000005140,-0.0092155
0000005150,-0.0159144
0000005160,-0.0238726
0000005170,-0.0121453
0000005180,-0.0169871
0000005190,-0.0305074
0000005200,-0.0136262
0000005210,-0.0161259
0000005220,-0.00744655
0000005230,-0.0259631
0000005240,-0.0318388
0000005250,-0.0150911
0000005260,-0.00443676
0000005270,-0.0269855
0000005280,-0.0357292
0000005290,-0.0131213
0000005300,-0.032117
0000005310,-0.0106817
0000005320,0.00289889
0000005330,-0.0188917
0000005340,-0.0260109
0000005350,-0.0117656
0000005360,0.00152829
0000005370,-0.0204755
0000005380,-0.0194348
0000005390,-0.023006
0000005400,-0.0189993
0000005410,-0.0256576
0000005420,-0.0300892
0000005430,-0.0267101
0000005440,-0.0213025
0000005450,-0.00472607
0000005460,-0.0265532
0000005470,-0.0216791
0000005480,0.000905864
0000005490,-0.0200041
0000005500,-0.0149176
0000005510,-0.0375704
0000005520,-0.0103761
0000005530,-0.0118518
0000005540,-0.0229513
0000005550,-0.0138095
0000005560,-0.00200889
0000005570,-0.013786
0000005580,-0.0105678
0000005590,-0.0160525
0000005600,-0.0316047
0000005610,-0.0121791
0000005620,-0.0158589
0000005630,-0.0231902
0000005640,-0.0205541
0000005650,-0.0223436
0000005660,-0.0170898
0000005670,-0.0233042
0000005680,0.00224343
0000005690,-0.0193183
0000005700,-0.0222601
0000005710,-0.0149702
0000005720,-0.0242863
0000005730,-0.0151465
0000005740,-0.0241161
0000005750,-0.0141679
0000005760,-0.0145096
0000005770,-0.0109657
0000005780,-0.0191216
0000005790,-0.0102369
0000005800,-0.0341487
0000005810,-0.00682287
0000005820,-0.00331821
0000005830,-0.00520046
0000005840,-0.0175696
0000005850,-0.00980163
0000005860,-0.0288851
0000005870,0.00784284
0000005880,-0.0156287
0000005890,-0.0216043
0000005900,-0.0132378
0000005910,-0.0240294
0000005920,-0.0194125
0000005930,-0.021344
0000005940,-0.0265428
0000005950,-0.016928
0000005960,-0.0247944
0000005970,-0.0193595
0000005980,-0.00643148
0000005990,-0.0267655
0000006000,-0.00240803
0000006010,-0.0193383
0000006020,-0.0237625
0000006030,-0.0156086
0000006040,-0.0177385
0000006050,-0.00446777
0000006060,-0.0200271
0000006070,-0.0229821
0000006080,-0.0216437
0000006090,-0.0268145
0000006100,-0.0167982
0000006110,-0.023785
0000006120,-0.0162143
0000006130,-0.0260708
0000006140,-0.0230859
0000006150,-0.031403
0000006160,-0.0285231
0000006170,-0.0250115
0000006180,-0.0214669
0000006190,-0.00402925
0000006200,-0.0119785
0000006210,-0.0208591
0000006220,-0.0186176
0000006230,8.871e-06
0000006240,-0.00955519
0000006250,-0.0180256
0000006260,-0.0235786
0000006270,-0.019607
0000006280,-0.0246959
0000006290,-0.0133695
0000006300,-0.0319044
0000006310,-0.0356905
0000006320,-0.0135799
0000006330,-0.0046535
0000006340,-0.0184762
0000006350,0.0165536
0000006360,-0.0136871
0000006370,-0.0230499
0000006380,-0.0185806
0000006390,-0.0182592
0000006400,-0.0126251
0000006410,-0.0125831
0000006420,-0.0239738
0000006430,-0.00903699
0000006440,-0.0174065
0000006450,-0.0260911
0000006460,-0.0186139
0000006470,-0.014838
0000006480,-0.0115225
0000006490,-0.031391
0000006500,-0.00259929
0000006510,-0.0241288
0000006520,-0.0156401
0000006530,-0.000596413
0000006540,-0.00942313
0000006550,-0.0369473
0000006560,-0.016486
0000006570,-0.0202902
0000006580,-0.00433481
0000006590,-0.0244107
0000006600,-0.0216573
0000006610,-0.014003
0000006620,-0.0236729
0000006630,-0.0138382
0000006640,-0.0209237
0000006650,-0.0265373
0000006660,-0.0172204
0000006670,-0.021631
0000006680,-0.00475675
0000006690,-0.0175356
0000006700,-0.0159247
0000006710,-0.00961953
0000006720,-0.0294013
0000006730,-0.00528177
0000006740,-0.0202403
0000006750,-0.0181789
0000006760,-0.0125889
0000006770,-0.0121472
0000006780,-0.00626869
0000006790,-0.0160506
0000006800,-0.0346138
0000006810,-0.0197265
0000006820,-0.0106911
0000006830,-0.0167526
0000006840,-0.0261264
0000006850,-0.0165882
0000006860,-0.0142419
0000006870,-0.03875
0000006880,0.000186723
0000006890,-0.0285113
0000006900,-0.029588
0000006910,-0.0159038
0000006920,-0.0290668
0000006930,-0.0247367
0000006940,-0.0116488
0000006950,-0.0271742
0000006960,-0.0291253
0000006970,-0.0150519
0000006980,-0.0167908
0000006990,-0.0127469
0000007000,-0.0317882
0000007010,-0.00736793
0000007020,-0.0255684
0000007030,-0.0222367
0000007040,-0.0306952
0000007050,-0.01488
0000007060,-0.0145723
0000007070,-0.0189379
0000007080,-0.0228928
0000007090,-0.00645436
0000007100,-0.0252735
0000007110,-0.011439
0000007120,-0.0351094
0000007130,-0.0237936
0000007140,-0.0087729
0000007150,-0.0125821
0000007160,-0.0222507
0000007170,-0.0102988
0000007180,-0.0287959
0000007190,-0.0343589
0000007200,-0.0239224
0000007210,-0.0237167
0000007220,-0.0413842
0000007230,-0.00776264
0000007240,-0.00901048
0000007250,-0.0185133
0000007260,-0.00270847
0000007270,-0.0136069
0000007280,-0.00625862
0000007290,-0.016754
0000007300,-0.0147766
0000007310,-0.028785
0000007320,-0.0105591
0000007330,-0.00984486
0000007340,-0.0187337
0000007350,-0.00326927
0000007360,-0.0272539
0000007370,0.00680739
0000007380,-0.00761449
0000007390,-0.0259257
0000007400,-0.0181696
0000007410,-0.0113116
0000007420,-0.0147518
0000007430,-0.0230158
0000007440,-0.0173031
0000007450,-0.0222889
0000007460,-0.0240654
0000007470,-0.0159349
0000007480,-0.00937617
0000007490,-0.00755427
0000007500,-0.0111095
0000007510,-0.0348033
0000007520,-0.0248612
0000007530,-0.014666
0000007540,-0.0389602
0000007550,-0.0115794
0000007560,-0.0114106
0000007570,-0.00351192
0000007580,-0.00859871
0000007590,-0.0384202
0000007600,-0.0281433
0000007610,-0.0116986
0000007620,-0.0270471
0000007630,-0.0053286
0000007640,-0.0203111
0000007650,-0.0262302
0000007660,-0.0259433
0000007670,-0.0322426
0000007680,-0.0288475
0000007690,-0.0369133
0000007700,-0.00745978
0000007710,-0.02106
0000007720,-0.0248921
0000007730,-0.0250531
0000007740,-0.0311534
0000007750,-0.0104927
0000007760,-0.0187048
0000007770,-0.00979424
0000007780,-0.00689645
0000007790,-0.0108727
0000007800,-0.0214688
0000007810,-0.0140009
0000007820,-0.0202187
0000007830,-0.00681667
0000007840,-0.00941077
0000007850,-0.0240127
0000007860,-0.0271045
0000007870,-0.0309904
0000007880,-0.0148171
0000007890,-0.00727483
0000007900,-0.0175819
0000007910,-0.0280693
0000007920,-0.0154019
0000007930,-0.00432335
0000007940,-0.0219288
0000007950,0.0037698
0000007960,-0.0119196
0000007970,-0.020073
0000007980,-0.0125454
0000007990,-0.0164816
0000008000,-0.00115272
0000008010,-0.0159131
0000008020,-0.00840948
0000008030,-0.0349151
0000008040,-0.0206389
0000008050,-0.011553
0000008060,-0.0249818
0000008070,-0.018258
0000008080,-0.00809491
0000008090,-0.0109613
0000008100,-0.0214742
0000008110,-0.0334592
0000008120,-0.00912222
0000008130,-0.0173166
0000008140,-0.0172311
0000008150,-0.0307349
0000008160,-0.0260525
0000008170,-0.0104676
0000008180,0.000279226
0000008190,-0.0148793
0000008200,-0.00924061
0000008210,-0.00552513
0000008220,-0.0274591
0000008230,-0.0374946
0000008240,-0.0232057
0000008250,-0.0308653
0000008260,-0.0414162
0000008270,-0.0029672
0000008280,-0.00989254
0000008290,-0.0254769
0000008300,-0.0254948
0000008310,-0.00713336
0000008320,-0.0138831
0000008330,-0.0163261
0000008340,-0.00199932
0000008350,-0.0312865
0000008360,-0.00929384
0000008370,-0.0141116
0000008380,-0.0103948
0000008390,-0.0149638
0000008400,-0.0348688
0000008410,-0.0122224
0000008420,-0.0163349
0000008430,-0.0211411
0000008440,-0.0284349
0000008450,-0.0093065
0000008460,-0.0139221
0000008470,-0.0216444
0000008480,-0.0249009
0000008490,-0.0357187
0000008500,-0.0205635
0000008510,0.00251386
0000008520,-0.0107409
0000008530,-0.0080629
0000008540,-0.0227332
0000008550,-0.0261354
0000008560,-0.0232255
0000008570,-0.00637386
0000008580,-0.015321
0000008590,-0.0135696
0000008600,-0.0190763
0000008610,-0.0307682
0000008620,-0.0183354
0000008630,-0.0246036
0000008640,-0.0380992
0000008650,-0.0202894
0000008660,-0.0166259
0000008670,-0.00670492
0000008680,-0.0206858
0000008690,-0.00872526
0000008700,-0.0080795
0000008710,-0.0162053
0000008720,-0.0182635
0000008730,-0.0194587
0000008740,-0.01637
0000008750,-0.0316438
0000008760,-0.0226811
0000008770,-0.0163782
0000008780,-0.0195129
0000008790,-0.0178788
0000008800,-0.028052
0000008810,-0.0187286
0000008820,-0.017559
0000008830,-0.0174901
0000008840,-0.02122
0000008850,-0.01345
0000008860,-0.0204883
0000008870,-0.0229706
0000008880,-0.00612465
0000008890,-0.0100318
0000008900,-0.0134346
0000008910,-0.0105836
0000008920,-0.00440749
0000008930,0.00490116
0000008940,-0.025082
0000008950,-0.0136115
0000008960,-0.0195458
0000008970,-0.038091
0000008980,-0.0228332
0000008990,-0.0142777
0000009000,0.000346253
0000009010,-0.029162
0000009020,-0.00676389
0000009030,-0.0168615
0000009040,-0.0317334
0000009050,-0.0207293
0000009060,-0.0232863
0000009070,-0.0246034
0000009080,-0.0223165
0000009090,-0.0316474
0000009100,-0.0247259
0000009110,-0.010957
0000009120,-0.0196109
0000009130,-0.00315258
0000009140,-0.0174673
0000009150,-0.0246713
0000009160,-0.018557
0000009170,-0.0285982
0000009180,-0.0175239
0000009190,0.00446487
0000009200,-0.020743
0000009210,-0.0197769
0000009220,-0.00945607
0000009230,-0.027066
0000009240,-0.0158731
0000009250,-0.0249897
0000009260,-0.0118017
0000009270,-0.0142966
0000009280,-0.00211286
0000009290,-0.0156798
0000009300,-0.0208831
0000009310,-0.0164025
0000009320,-0.040597
0000009330,-0.0249787
0000009340,-0.0136967
0000009350,-0.00881765
0000009360,-0.021738
0000009370,-0.00777111
0000009380,-0.00440833
0000009390,-0.0105995
0000009400,-0.0187212
0000009410,-0.00763423
0000009420,-0.0271433
0000009430,-0.0340546
0000009440,-0.014455
0000009450,-0.0261985
0000009460,-0.00982682
0000009470,-0.0294868
0000009480,-0.0168228
0000009490,-0.0185116
0000009500,-0.0182744
0000009510,-0.03114
0000009520,-0.00618799
0000009530,-0.0264254
0000009540,-0.0269707
0000009550,-0.0215059
0000009560,-0.0235202
0000009570,-0.0255587
0000009580,-0.0075212
0000009590,-0.0142331
0000009600,-0.0085025
0000009610,-0.00379662
0000009620,-0.0255114
0000009630,-0.0307305
0000009640,-0.0246543
0000009650,-0.0282686
0000009660,-0.0143791
0000009670,-0.0133251
0000009680,-0.0210673
0000009690,-0.025789
0000009700,-0.0109617
0000009710,-0.00395172
0000009720,-0.0192626
0000009730,-0.00953399
0000009740,0.00421376
0000009750,-0.0153811
0000009760,-0.0239894
0000009770,-0.0116796
0000009780,-0.0214657
0000009790,-0.024749
0000009800,-0.0229297
0000009810,-0.00515199
0000009820,-0.0105546
0000009830,-0.031689
0000009840,-0.0135607
0000009850,-0.0359125
0000009860,-0.0135951
0000009870,-0.0130547
0000009880,-0.0213292
0000009890,0.000893672
0000009900,-0.0377261
0000009910,-0.0274814
0000009920,-0.0353679
0000009930,-0.00255579
0000009940,-0.0100332
0000009950,-0.0275381
0000009960,-0.0107198
0000009970,-0.0422967
0000009980,-0.019737
0000009990,-0.0302943
0000010000,-0.0246557
0000010010,-0.0189712
0000010020,-0.0102857
0000010030,-0.0194161
0000010040,-0.0269634
0000010050,-0.0118693
0000010060,-0.0225538
0000010070,-0.00897004
0000010080,-0.0320715
0000010090,-0.0103445
0000010100,-0.0239269
0000010110,-0.030328
0000010120,-0.00614822
0000010130,-0.0383244
0000010140,-0.0285753
0000010150,-0.00759465
0000010160,-0.0146585
0000010170,-0.0164335
0000010180,-0.0262328
0000010190,-0.0232357
0000010200,-0.0188485
0000010210,-0.00595242
0000010220,-0.0298891
0000010230,-0.0278948
0000010240,-0.0242571
0000010250,-0.0146614
0000010260,-0.0282643
0000010270,-0.0169458
0000010280,-0.0124784
0000010290,-0.00863273
0000010300,-0.0145902
0000010310,-0.0398046
0000010320,-0.0115225
0000010330,-0.00888619
0000010340,-0.0187224
0000010350,-0.00422201
0000010360,0.00360196
0000010370,-0.0306025
0000010380,-0.012037
0000010390,-0.00944619
0000010400,-0.0247139
0000010410,-0.0167082
0000010420,-0.0187181
0000010430,-0.0265123
0000010440,-0.0141229
0000010450,-0.0229781
0000010460,-0.0327688
0000010470,-0.0268641
0000010480,-0.0154598
0000010490,-0.0184688
0000010500,-0.0128122
0000010510,0.00198065
0000010520,-0.000253402
0000010530,-0.0378817
0000010540,-0.00711055
0000010550,-0.0311831
0000010560,-0.0225035
0000010570,-0.0266782
0000010580,-0.0207132
0000010590,-0.0235032
0000010600,-0.0211094
0000010610,-0.00889485
0000010620,-0.0138929
0000010630,-0.0298248
0000010640,-0.0239379
0000010650,-0.0259556
0000010660,-0.00689755
0000010670,-0.0331738
0000010680,-0.0198751
0000010690,-0.0117492
0000010700,-0.0292679
0000010710,-0.00767951
0000010720,-0.00991728
0000010730,-0.00348093
0000010740,-0.0266852
0000010750,-0.00777878
0000010760,-0.0193121
0000010770,-0.0129658
0000010780,-0.00298294
0000010790,-0.0133645
0000010800,-0.0181916
0000010810,-0.00731358
0000010820,0.0140447
0000010830,-0.0219317
0000010840,-0.00759125
0000010850,-0.024642
0000010860,-0.0119469
0000010870,-0.010505
0000010880,-0.0126113
0000010890,-0.0213814
0000010900,-0.00107113
0000010910,-0.0253731
0000010920,-0.017583
0000010930,-0.00809622
0000010940,-0.0138318
0000010950,-0.0309436
0000010960,-0.0180945
0000010970,-0.0143481
0000010980,-0.0175578
0000010990,-0.0173276
0000011000,-0.0116288
0000011010,-0.0146893
0000011020,-0.0130429
0000011030,-0.0279822
0000011040,-0.0136099
0000011050,-0.0149767
0000011060,-0.0211426
0000011070,-0.0232558
0000011080,-0.00256228
0000011090,-0.0171836
0000011100,-0.0172709
0000011110,-0.020957
0000011120,-0.00166413
0000011130,-0.0324913
0000011140,-0.030338
0000011150,-0.0248192
0000011160,-0.0245227
0000011170,-0.0154558
0000011180,-0.0286473
0000011190,-0.0260277
0000011200,-0.0352575
0000011210,-0.00252663
0000011220,-0.0211406
0000011230,-0.0275615
0000011240,-0.00425564
0000011250,-0.0226148
0000011260,-0.0258766
0000011270,-0.00418291
0000011280,-0.0184168
0000011290,-0.011192
0000011300,-0.0320055
0000011310,-0.0257436
0000011320,-0.00763545
0000011330,-0.0265253
0000011340,-0.0215296
0000011350,-0.0232725
0000011360,-0.012259
0000011370,-0.00888089
0000011380,-0.0159791
0000011390,-0.0198246
0000011400,-0.0292606
0000011410,-0.0145597
0000011420,-0.024711
0000011430,-0.0189263
0000011440,-0.0239828
0000011450,-0.0288087
0000011460,-0.0247699
0000011470,-0.0181041
0000011480,-0.00968968
0000011490,-0.0339031
0000011500,-0.013357
0000011510,-0.00133208
0000011520,-0.0284029
0000011530,-0.00106111
0000011540,-0.0261603
0000011550,-0.0183299
0000011560,-0.0084488
0000011570,-0.0234207
0000011580,-0.0129016
0000011590,-0.012627
0000011600,-0.00675496
0000011610,-0.0131464
0000011620,-0.0134557
0000011630,0.00603542
0000011640,-0.0179917
0000011650,-0.0151998
0000011660,-0.0145259
0000011670,-0.009673
0000011680,-0.0166643
0000011690,-0.0359538
0000011700,-0.0270918
0000011710,-0.0152146
0000011720,-0.0143849
0000011730,-0.0151188
0000011740,-0.0083363
0000011750,-0.0155482
0000011760,-0.0104634
0000011770,-0.0320237
0000011780,-0.0113578
0000011790,-0.0082776
0000011800,-0.0116489
0000011810,-0.0398418
0000011820,-0.0121441
0000011830,-0.0116679
0000011840,-0.032809
0000011850,-0.0217809
0000011860,-0.00537436
0000011870,-0.0224782
0000011880,-0.0247
0000011890,-0.00335615
0000011900,-0.0226963
0000011910,-0.00214557
0000011920,-0.00972911
0000011930,-0.0166453
0000011940,-0.00500297
0000011950,-0.025535
0000011960,-0.0123769
0000011970,-0.0323119
0000011980,-0.0291946
0000011990,-0.0416552
0000012000,-0.0157055
0000012010,-0.0151257
0000012020,-0.0328483
0000012030,-0.0388944
0000012040,-0.0211451
0000012050,-0.0215706
0000012060,-0.021225
0000012070,-9.676e-05
0000012080,-0.0195596
0000012090,-0.0273306
0000012100,-0.00413489
0000012110,-0.0161047
0000012120,0.00303675
0000012130,-0.0285834
0000012140,-0.0182903
0000012150,0.000294143
0000012160,-0.0276613
0000012170,-0.0170639
0000012180,-0.0146956
0000012190,-0.0107541
0000012200,-0.0147615
0000012210,-0.0184602
0000012220,-0.0190506
0000012230,-0.0021581
0000012240,-0.00738054
0000012250,-0.0160504
0000012260,-0.0169904
0000012270,-3.82294e-05
0000012280,-0.014547
0000012290,-0.00411738
0000012300,-0.0222332
0000012310,-0.00468571
0000012320,-0.019666
0000012330,-0.0234907
0000012340,0.00503942
0000012350,-0.0123243
0000012360,-0.0182133
0000012370,0.00600768
0000012380,-0.0167244
0000012390,-0.0149725
0000012400,-0.0311591
0000012410,-0.0196837
0000012420,-0.0225973
0000012430,-0.0213522
0000012440,0.00272124
0000012450,-0.00984557
0000012460,-0.0235985
0000012470,-0.0260938
0000012480,-0.0296639
0000012490,-0.0201099
0000012500,-0.0186023
0000012510,-0.0157319
0000012520,-0.0130487
0000012530,-0.0286852
0000012540,-0.0225312
0000012550,-0.0152164
0000012560,-0.0205139
0000012570,-0.0288056
0000012580,-0.0184095
0000012590,-0.00206605
0000012600,-0.021174
0000012610,-0.0127498
0000012620,-0.0302562
0000012630,-0.0148153
0000012640,-0.00738407
0000012650,-0.0250389
0000012660,-0.0157483
0000012670,-0.000345814
0000012680,-0.024325
0000012690,-0.0249737
0000012700,-0.00906479
0000012710,-0.0326743
0000012720,-0.0103531
0000012730,-0.0048377
0000012740,-0.016183
0000012750,-0.01767
0000012760,-0.00257295
0000012770,-0.0235791
0000012780,-0.0231074
0000012790,-0.0173963
0000012800,-0.00433613
0000012810,-0.0277074
0000012820,-0.0312942
0000012830,-0.0131047
0000012840,-0.0279568
0000012850,-0.0182325
0000012860,-0.0397684
0000012870,-0.0207629
0000012880,-0.0147947
0000012890,-0.01695
0000012900,-0.0166562
0000012910,-0.0141206
0000012920,-0.0181412
0000012930,-0.0305208
0000012940,-0.00352508
0000012950,-0.0259239
0000012960,-0.0175159
0000012970,-0.00685347
0000012980,-0.0035357
0000012990,-0.0257307
0000013000,-0.0346439
0000013010,-0.0169001
0000013020,-0.0148493
0000013030,-0.0207276
0000013040,-0.0248002
0000013050,-0.019353
0000013060,-0.0159457
0000013070,-0.0217751
0000013080,-0.0149365
0000013090,-0.0167664
0000013100,-0.0204374
0000013110,-0.0212004
0000013120,-0.015657
0000013130,-0.0153361
0000013140,-0.0295597
0000013150,-0.00939891
0000013160,-0.0319497
0000013170,-0.0243972
0000013180,-0.0206913
0000013190,-0.00648828
0000013200,-0.00385577
0000013210,-0.0118541
0000013220,-0.0196372
0000013230,-0.014147
0000013240,-0.0187662
0000013250,-0.0301439
0000013260,-0.00753177
0000013270,-0.00922643
0000013280,-0.0309562
0000013290,-0.0265645
0000013300,-0.0157303
0000013310,-0.0189345
0000013320,-0.0158164
0000013330,-0.0317477
0000013340,-0.00681557
0000013350,-0.0306424
0000013360,-0.0169792
0000013370,-0.0169093
0000013380,-0.0229866
0000013390,-0.0189903
0000013400,-0.0179955
0000013410,-0.0204477
0000013420,-0.0119185
0000013430,-0.0223864
0000013440,-0.00871733
0000013450,-0.019628
0000013460,-0.0156111
0000013470,0.000214335
0000013480,-0.0149246
0000013490,-0.00356924
0000013500,-0.0356172
0000013510,-0.0215589
0000013520,-0.0160737
0000013530,-0.0172346
0000013540,-0.0446336
0000013550,-0.0141865
0000013560,-0.0250256
0000013570,-0.0155974
0000013580,-0.00296233
0000013590,-0.0252353
0000013600,-0.0147085
0000013610,-0.0143986
0000013620,-0.0278546
0000013630,-0.0189109
0000013640,-0.0281187
0000013650,-0.014083
0000013660,-0.0338534
0000013670,-0.0186541
0000013680,-0.00377094
0000013690,-0.0119166
0000013700,-0.00779453
0000013710,-0.0102476
0000013720,-0.0168532
0000013730,-0.0196574
0000013740,-0.0228996
0000013750,-0.0190493
0000013760,-0.0145115
0000013770,-0.0266641
0000013780,-0.0118625
0000013790,-0.0208649
0000013800,-0.00199282
0000013810,-0.030641
0000013820,-0.0397488
0000013830,-0.00644997
0000013840,-0.0259675
0000013850,-0.021263
0000013860,-0.0181316
0000013870,-0.0149184
0000013880,-0.0295753
0000013890,-0.0167332
0000013900,-0.0112636
0000013910,-0.00670006
0000013920,-0.030327
0000013930,-0.0104544
0000013940,-0.0186951
0000013950,-0.0261112
0000013960,-0.024244
0000013970,-0.0113511
0000013980,-0.0194565
0000013990,-0.0135852
0000014000,-0.0212703
0000014010,-0.021431
0000014020,-0.0192895
0000014030,-0.0302589
0000014040,-0.0223575
0000014050,-0.0135634
0000014060,-0.0297953
0000014070,-0.0253965
0000014080,-0.00943806
0000014090,-0.0108706
0000014100,-0.0192062
0000014110,-0.00757943
0000014120,-0.0193662
0000014130,-0.00697849
0000014140,-0.00475449
0000014150,-0.021992
0000014160,-0.0152478
0000014170,-0.00411843
0000014180,-0.0170739
0000014190,-0.0338133
0000014200,-0.0225689
0000014210,-0.0175461
0000014220,-0.0190869
0000014230,-0.0101815
0000014240,-0.0126396
0000014250,-0.0161631
0000014260,-0.00750711
0000014270,-0.0150055
0000014280,-0.00452983
0000014290,-0.0116589
0000014300,-0.00933877
0000014310,-0.0144666
0000014320,-0.0130114
0000014330,-0.0264553
0000014340,-0.0220721
0000014350,-0.00833165
0000014360,-0.0170291
0000014370,-0.0219193
0000014380,-0.0296335
0000014390,-0.0182859
0000014400,-0.020828
0000014410,-0.0220914
0000014420,-0.00600804
0000014430,-0.0142497
0000014440,0.00104782
0000014450,-0.00551217
0000014460,-0.0272895
0000014470,-0.032309
0000014480,-0.00186558
0000014490,-0.00822857
0000014500,-0.035825
0000014510,-0.0174224
0000014520,-0.0268173
0000014530,-0.0198596
0000014540,-0.00928912
0000014550,-0.0246075
0000014560,-0.0340621
0000014570,-0.0159332
0000014580,-0.0141552
0000014590,-0.0226572
0000014600,-0.00861104
0000014610,0.00116774
0000014620,-0.00767255
0000014630,-0.0242531
0000014640,-0.000778119
0000014650,-0.0292215
0000014660,-0.00795072
0000014670,-0.0224964
0000014680,-0.0216044
0000014690,-0.03096
0000014700,-0.0219391
0000014710,-0.0191269
0000014720,-0.0204466
0000014730,-0.0225374
0000014740,-0.015641
0000014750,-0.030987
0000014760,-0.0139305
0000014770,-0.0313974
0000014780,-0.0125989
0000014790,-0.0154852
0000014800,0.0110199
0000014810,-0.0236301
0000014820,-0.0346037
0000014830,-0.0226936
0000014840,-0.0271262
0000014850,-0.0102273
0000014860,-0.0188022
0000014870,-0.0168429
0000014880,-0.0229114
0000014890,-0.016441
0000014900,-0.0339329
0000014910,-0.00930289
0000014920,-0.0259573
0000014930,-0.0223942
0000014940,-0.020809
0000014950,-0.0197527
0000014960,-0.0192734
0000014970,-0.0246072
0000014980,-0.0307288
0000014990,-0.0124057
0000015000,-0.0124612
0000015010,-0.0235997
0000015020,-0.00382315
0000015030,-0.0356912
0000015040,-0.0305323
0000015050,-0.0144308
0000015060,-0.00948287
0000015070,0.00828605
0000015080,-0.0227764
0000015090,-0.0169979
0000015100,-0.0292233
0000015110,-0.0128908
0000015120,-0.0064162
0000015130,-0.00654318
0000015140,-0.0291774
0000015150,-0.0137035
0000015160,-0.0190935
0000015170,-0.0166097
0000015180,-0.0360264
0000015190,-0.0169209
0000015200,-0.0173272
0000015210,-0.020731
0000015220,-0.0254138
0000015230,-0.0120606
0000015240,-0.0221083
0000015250,-0.0162861
0000015260,-0.0109819
0000015270,-0.00219387
0000015280,-0.013387
0000015290,-0.0368628
0000015300,-0.00859847
0000015310,-0.0227645
0000015320,-0.00648861
0000015330,-0.0340953
0000015340,-0.021815
0000015350,-0.0110182
0000015360,-0.0241296
0000015370,-0.0219527
0000015380,-0.0169547
0000015390,-0.00125924
0000015400,-0.00734439
0000015410,-0.00803413
0000015420,-7.47201e-05
0000015430,-0.0132097
0000015440,-0.0217623
0000015450,-0.0109388
0000015460,-0.0117547
0000015470,-0.0221681
0000015480,-0.0112405
0000015490,-0.0301339
0000015500,-0.028043
0000015510,-0.0149193
0000015520,-0.0216798
0000015530,0.000393859
0000015540,-0.017488
0000015550,-0.0158504
0000015560,-0.0253138
0000015570,-0.0257911
0000015580,-0.0204787
0000015590,-0.0197655
0000015600,-0.0102368
0000015610,-0.00930533
0000015620,-0.00897957
0000015630,-0.0131184
0000015640,-0.018796
0000015650,-0.016451
0000015660,-0.0165188
0000015670,-0.00397387
0000015680,-0.00973849
0000015690,-0.0153961
0000015700,-0.0258796
0000015710,-0.0153285
0000015720,-0.00306375
0000015730,-0.0232152
0000015740,-0.0100916
0000015750,-0.0136358
0000015760,-0.00332642
0000015770,-0.0157203
0000015780,-0.00788338
0000015790,-0.0159341
0000015800,0.0132051
0000015810,-0.0337528
0000015820,-0.0138878
0000015830,-0.0186152
0000015840,-0.017584
0000015850,-0.0289647
0000015860,-0.00926769
0000015870,-0.00676076
0000015880,-0.00995617
0000015890,-0.0144957
0000015900,4.83773e-05
0000015910,-0.0148129
0000015920,-0.0164318
0000015930,-0.0098093
0000015940,-0.0191446
0000015950,-0.0296022
0000015960,-0.0198921
0000015970,-0.0266088
0000015980,-0.022604
0000015990,-0.032533
0000016000,-0.0130221
0000016010,-0.0112713
0000016020,-0.0220836
0000016030,-0.0243768
0000016040,-0.0163118
0000016050,-0.0188606
0000016060,-0.0260169
0000016070,-0.00176277
0000016080,-0.0111023
0000016090,-0.0268027
0000016100,-0.0197398
0000016110,-0.0179653
0000016120,-0.0228096
0000016130,-0.0224217
0000016140,-0.0228802
0000016150,-0.0231326
0000016160,-0.0256805
0000016170,-0.0179901
0000016180,-0.00792413
0000016190,-0.0310183
0000016200,-0.0279354
0000016210,-0.0282645
0000016220,-0.0109571
0000016230,-0.0188684
0000016240,-0.029723
0000016250,-0.025836
0000016260,-0.0274915
0000016270,-0.004947
0000016280,-0.0374784
0000016290,-0.00797163
0000016300,-0.0159269
0000016310,-0.00595369
0000016320,-0.00434202
0000016330,-0.0254755
0000016340,-0.0290271
0000016350,-0.0127371
0000016360,-0.0259844
0000016370,-0.0357251
0000016380,-0.0300895
0000016390,-0.0217174
0000016400,-0.0211549
0000016410,-0.0109629
0000016420,-0.0186498
0000016430,-0.0284746
0000016440,-0.02916
0000016450,-0.0271878
0000016460,-0.022508
0000016470,-0.0390793
0000016480,-0.0163838
0000016490,-0.0213302
0000016500,-0.0284497
0000016510,-0.0171781
0000016520,-0.0225943
0000016530,-0.0125609
0000016540,-0.021982
0000016550,-0.019757
0000016560,-0.0217876
0000016570,-0.0317394
0000016580,-0.0197732
0000016590,-0.00382731
0000016600,-0.0314828
0000016610,-0.0363868
0000016620,-0.0256119
0000016630,-0.0189701
0000016640,-0.0260941
0000016650,-0.00976927
0000016660,-0.0193075
0000016670,-0.0234005
0000016680,-0.0185505
0000016690,-0.0215773
0000016700,-0.0127214
0000016710,-0.00623623
0000016720,-0.0299902
0000016730,-0.0114932
0000016740,-0.0294937
0000016750,-0.00970946
0000016760,-0.0125489
0000016770,-0.0194475
0000016780,-0.0186168
0000016790,-0.00466491
0000016800,0.0068815
0000016810,-0.0139793
0000016820,-0.0102049
0000016830,-0.0214608
0000016840,-0.0248278
0000016850,-0.0279433
0000016860,-0.0148541
0000016870,-0.0208556
0000016880,-0.0186249
0000016890,-0.022848
0000016900,-0.0263298
0000016910,-0.00272481
0000016920,-0.0221088
0000016930,-0.0375115
0000016940,-0.00583309
0000016950,-0.0109108
0000016960,-0.0242435
0000016970,-0.0292086
0000016980,-0.0176244
0000016990,-0.0302394
0000017000,-0.0117
0000017010,-0.0145203
0000017020,-0.0119095
0000017030,-0.0181064
0000017040,-0.0171573
0000017050,-0.0291379
0000017060,-0.000476368
0000017070,-0.0134349
0000017080,-0.0176481
0000017090,-0.036068
0000017100,-0.0372601
0000017110,-0.00304038
0000017120,-0.00845843
0000017130,-0.012342
0000017140,-0.0251041
0000017150,-0.0197882
0000017160,-0.0168602
0000017170,-0.00210181
0000017180,-0.0205209
0000017190,-0.00750772
0000017200,-0.0305898
0000017210,-0.0273805
0000017220,-0.0328439
0000017230,-0.0159437
0000017240,-0.0160668
0000017250,-0.0221648
0000017260,-0.0229463
0000017270,-0.0191831
0000017280,-0.0156863
0000017290,-0.0299953
0000017300,-0.00747933
0000017310,-0.00835646
0000017320,-0.00481135
0000017330,-0.00945098
0000017340,-0.0181156
0000017350,0.0026685
0000017360,-0.00622109
0000017370,-0.0237875
0000017380,-0.0176675
0000017390,-0.0156172
0000017400,-0.0341886
0000017410,-0.0131966
0000017420,-0.00444229
0000017430,0.00137884
0000017440,-0.0282332
0000017450,-0.0373205
0000017460,-0.0068065
0000017470,-0.0011579
0000017480,-0.00481872
0000017490,-0.0140497
0000017500,-0.018374
0000017510,-0.0228466
0000017520,-0.0258219
0000017530,-0.014285
0000017540,-0.0180593
0000017550,-0.02902
0000017560,-0.0286649
0000017570,-0.0126487
0000017580,-0.0367049
0000017590,-0.0135091
0000017600,-0.0136416
0000017610,-0.0180114
0000017620,-0.0271869
0000017630,-0.0153549
0000017640,-0.03379
0000017650,-0.0122904
0000017660,-0.0161466
0000017670,-0.0248439
0000017680,-0.0254903
0000017690,-0.0112811
0000017700,-0.0019041
0000017710,-0.0124935
0000017720,-0.030921
0000017730,-0.00360915
0000017740,-0.0165469
0000017750,-0.014793
0000017760,-0.0106807
0000017770,-0.00834855
0000017780,-0.0197377
0000017790,-0.0086375
0000017800,-0.0107751
0000017810,-0.0268663
0000017820,-0.00971574
0000017830,-0.0259158
0000017840,0.00196061
0000017850,-0.00661991
0000017860,-0.00685875
0000017870,-0.0297079
0000017880,-0.0115435
0000017890,-0.0268681
0000017900,-0.025148
0000017910,-0.00841196
0000017920,-0.0245416
0000017930,-0.0204244
0000017940,-0.0211872
0000017950,-0.019385
0000017960,-0.0146799
0000017970,-0.0197622
0000017980,-0.0201389
0000017990,-0.0294963
0000018000,-0.0208317
0000018010,0.00779892
0000018020,-0.0228751
0000018030,-0.0208454
0000018040,-0.0271522
0000018050,-0.0155651
0000018060,-0.0276465
0000018070,-0.0258864
0000018080,-0.020615
0000018090,-0.0140666
0000018100,-0.00923891
0000018110,-0.0198382
0000018120,-0.0118527
0000018130,-0.0160302
0000018140,-0.026444
0000018150,-0.0134089
0000018160,-0.0184741
0000018170,-0.0234235
0000018180,-0.0224456
0000018190,-0.018639
0000018200,-0.019652
0000018210,-0.0357652
0000018220,-0.0147809
0000018230,-0.0308744
0000018240,-0.0188437
0000018250,-0.0121172
0000018260,-0.0196107
0000018270,-0.0338829
0000018280,-0.0207921
0000018290,-0.01041
0000018300,-0.0158596
0000018310,-0.0292089
0000018320,-0.0314898
0000018330,-0.0130893
0000018340,-0.0118382
0000018350,-0.0247495
0000018360,-0.0330787
0000018370,-0.00318573
0000018380,-0.0112341
0000018390,-0.0286483
0000018400,-0.014213
0000018410,-0.0265513
0000018420,-0.033872
0000018430,-0.0184584
0000018440,-0.0129091
0000018450,-0.0159696
0000018460,-0.00525606
0000018470,-0.00730432
0000018480,-0.0105435
0000018490,-0.0120725
0000018500,-0.00625868
0000018510,-0.030306
0000018520,-0.0120419
0000018530,-0.0271343
0000018540,-0.0223807
0000018550,-0.0178631
0000018560,-0.0242785
0000018570,-0.0246269
0000018580,-0.0157066
0000018590,-0.0303337
0000018600,-0.02185
0000018610,-0.0107694
0000018620,-0.0215549
0000018630,-0.0139106
0000018640,-0.0129605
0000018650,-0.0148841
0000018660,-0.00935164
0000018670,-0.0177626
0000018680,-0.0164394
0000018690,-0.0080384
0000018700,-0.0189936
0000018710,0.00255351
0000018720,-0.0202337
0000018730,-0.0143362
0000018740,-0.0220977
0000018750,-0.026846
0000018760,-0.00887976
0000018770,-0.0343384
0000018780,-0.0146384
0000018790,-0.0128958
0000018800,-0.0274918
0000018810,-0.0178265
0000018820,-0.0277991
0000018830,-0.00484662
0000018840,-0.0235707
0000018850,-0.0185086
0000018860,-0.0245987
0000018870,-0.0171065
0000018880,-0.0192478
0000018890,-0.021429
0000018900,-0.0133766
0000018910,-0.0067805
0000018920,-0.0250728
0000018930,-0.0143066
0000018940,-0.0163958
0000018950,-0.0148813
0000018960,-0.0244432
0000018970,-0.0181684
0000018980,-0.0271398
0000018990,-0.012643
0000019000,-0.0207546
0000019010,-0.0225683
0000019020,-0.0184945
0000019030,-0.0272055
0000019040,-0.0293405
0000019050,-0.0319102
0000019060,-0.0185626
0000019070,-0.0307032
0000019080,-0.0182996
0000019090,-0.0110387
0000019100,-0.00950446
0000019110,-0.0300708
0000019120,-0.00557031
0000019130,-0.00251011
0000019140,-0.0246422
0000019150,-0.0148721
0000019160,-0.0239132
0000019170,-0.0209464
0000019180,-0.0370016
0000019190,-0.0231308
0000019200,-0.0136805
0000019210,-0.0249476
0000019220,-0.0117554
0000019230,-0.0118056
0000019240,-0.0100717
0000019250,-0.0191673
0000019260,-0.006923
0000019270,-0.0141826
0000019280,-0.00594582
0000019290,-0.021121
0000019300,-0.0165476
0000019310,-0.0253717
0000019320,-0.0466492
0000019330,-0.0313176
0000019340,-0.0269242
0000019350,-0.0184455
0000019360,-0.0220777
0000019370,-0.00854291
0000019380,-0.00733053
0000019390,-0.0236568
0000019400,-0.0140209
0000019410,-0.0220085
0000019420,-0.0243177
0000019430,-0.0156351
0000019440,-0.0220594
0000019450,-0.0113733
0000019460,-0.00130839
0000019470,-0.0295058
0000019480,-0.0125155
0000019490,-0.0245577
0000019500,-0.0194277
0000019510,0.00313213
0000019520,0.00951548
0000019530,-0.0310751
0000019540,-0.0262751
0000019550,-0.0081076
0000019560,-0.0341556
0000019570,-0.0271852
0000019580,-0.0066225
0000019590,-0.00494581
0000019600,-0.0170759
0000019610,-0.0169707
0000019620,-0.0293177
0000019630,-0.0265589
0000019640,-0.0140587
0000019650,-0.0200904
0000019660,-0.0195106
0000019670,-0.0193463
0000019680,-0.0238861
0000019690,-0.0173729
0000019700,-0.0322311
0000019710,-0.0103979
0000019720,-0.00546492
0000019730,-0.0321309
0000019740,-0.0339533
0000019750,-0.00868512
0000019760,-0.0334896
0000019770,-0.0234174
0000019780,-0.019287
0000019790,-0.0166381
0000019800,-0.0138667
0000019810,-0.0144571
0000019820,-0.0202389
0000019830,-0.0365564
0000019840,-0.0259756
0000019850,-0.0173833
0000019860,-0.0165795
0000019870,-0.0152081
0000019880,-0.038787
0000019890,-0.0173775
0000019900,-0.022886
0000019910,-0.0212228
0000019920,-0.0148875
0000019930,-0.0196179
0000019940,-0.0228413
0000019950,-0.00759369
0000019960,-0.0270878
0000019970,-0.0177469
0000019980,-0.0215704
0000019990,-0.0425225
0000020000,0.0033726
0000020010,-0.0178249
0000020020,-0.0170396
0000020030,-0.0139428
0000020040,-0.0376591
0000020050,-0.0149292
0000020060,-0.0261137
0000020070,-0.022981
0000020080,-0.0186285
0000020090,-0.00500326
0000020100,-0.00679849
0000020110,-0.0308003
0000020120,-0.0123477
0000020130,-0.0179807
0000020140,-0.0306898
0000020150,-0.0165977
0000020160,-0.0290695
0000020170,-0.0161159
0000020180,-0.0293163
0000020190,-0.00760543
0000020200,-0.016092
0000020210,-0.0234348
0000020220,-0.0201576
0000020230,-0.0162838
0000020240,-0.012036
0000020250,-0.0144793
0000020260,-0.019056
0000020270,-0.00255828
0000020280,-0.018776
0000020290,-0.00834443
0000020300,-0.0180317
0000020310,-0.0153285
0000020320,-0.00781497
0000020330,-0.0157922
0000020340,-0.0215245
0000020350,-0.0125791
0000020360,-0.0263043
0000020370,-0.0202291
0000020380,-0.0144065
0000020390,-0.0186294
0000020400,-0.00283264
0000020410,-0.0194832
0000020420,-0.00304835
0000020430,-0.0096553
0000020440,-0.0151621
0000020450,-0.0165308
0000020460,-0.00896675
0000020470,-0.00435061
0000020480,-0.0220196
0000020490,-0.0195468
0000020500,0.00986549
0000020510,-0.0267293
0000020520,-0.00973045
0000020530,-0.0168804
0000020540,-0.026154
0000020550,-0.0241044
0000020560,-0.0144576
0000020570,-0.015268
0000020580,-0.0190491
0000020590,-0.022987
0000020600,-0.0158341
0000020610,-0.0114911
0000020620,-0.0105266
0000020630,-0.0131869
0000020640,-0.0151372
0000020650,-0.0065196
0000020660,-0.0177624
0000020670,-0.010823
0000020680,-0.0272328
0000020690,-0.0113267
0000020700,-0.0315421
0000020710,-0.0243786
0000020720,-0.0111612
0000020730,-0.00069049
0000020740,-0.0176503
0000020750,-0.0256571
0000020760,-0.0363042
0000020770,-0.0100637
0000020780,-0.0123188
0000020790,-0.0253713
0000020800,-0.0142992
0000020810,-0.00814913
0000020820,-0.0226073
0000020830,-0.0106015
0000020840,-0.0156317
0000020850,-0.0200197
0000020860,-0.0317972
0000020870,-0.0077426
0000020880,-0.0237376
0000020890,-0.0151601
0000020900,-0.0199919
0000020910,-0.0195476
0000020920,-0.0215342
0000020930,-0.0120325
0000020940,-0.0164892
0000020950,-0.0229517
0000020960,-0.0221955
0000020970,-0.0295307
0000020980,-0.0106585
0000020990,-0.00268368
0000021000,-0.0231794
0000021010,-0.0159862
0000021020,-0.0126886
0000021030,-0.0223307
0000021040,-0.0293943
0000021050,-0.0300028
0000021060,-0.019608
0000021070,-0.0162102
0000021080,-0.0156994
0000021090,-0.00846306
0000021100,-0.0245392
0000021110,-0.013509
0000021120,-0.0119524
0000021130,-0.0175953
0000021140,-0.0262953
0000021150,-0.0266957
0000021160,-0.0283982
0000021170,-0.0200243
0000021180,-0.0136535
0000021190,-0.0257194
0000021200,-0.0302399
0000021210,-0.0157649
0000021220,-0.00977853
0000021230,-0.0244743
0000021240,-0.0210464
0000021250,0.000628472
0000021260,-0.029561
0000021270,-0.0122554
0000021280,-0.0280212
0000021290,-0.0253035
0000021300,-0.017874
0000021310,-0.0201349
0000021320,-0.0153394
0000021330,0.000314068
0000021340,-0.0264478
0000021350,-0.0224062
0000021360,-0.00631081
0000021370,-0.0262657
0000021380,-0.00838738
0000021390,-0.0150102
0000021400,-0.0206066
0000021410,-0.016374
0000021420,-0.00871398
0000021430,-0.0149624
0000021440,-0.0112532
0000021450,-0.0128007
0000021460,-0.0343636
0000021470,-0.00832539
0000021480,-0.0158014
0000021490,-0.0102115
0000021500,-0.0267583
0000021510,-0.0103274
0000021520,-0.0164917
0000021530,-0.00972363
0000021540,-0.0333557
0000021550,-0.00205757
0000021560,-0.0271876
0000021570,-0.0478451
0000021580,-0.00656284
0000021590,-0.0138499
0000021600,-0.0195701
0000021610,-0.0152387
0000021620,-0.0147966
0000021630,-0.0236446
0000021640,-0.0174189
0000021650,-0.0370029
0000021660,-0.0160903
0000021670,-0.0248513
0000021680,-0.0212563
0000021690,-0.0219977
0000021700,-0.0208164
0000021710,-0.0137365
0000021720,-0.0285334
0000021730,-0.00815152
0000021740,-0.00958813
0000021750,-0.00598954
0000021760,-0.0142203
0000021770,-0.0397182
0000021780,-0.00524994
0000021790,-0.0174996
0000021800,-0.0148197
0000021810,-0.011787
0000021820,-0.0166877
0000021830,-0.0237634
0000021840,-0.0235086
0000021850,-0.012021
0000021860,-0.0277623
0000021870,-0.0224896
0000021880,-0.0273426
0000021890,-0.0238111
0000021900,-0.0256194
0000021910,-0.0117416
0000021920,-0.0157179
0000021930,-0.0209803
0000021940,-0.0192417
0000021950,-0.0201806
0000021960,-0.00828642
0000021970,-0.0294834
0000021980,-0.00600516
0000021990,-0.0119467
