0000000000,-0.0291446
0000000010,0.00127941
0000000020,-0.0112113
0000000030,-0.0167294
0000000040,-0.0179173
0000000050,-0.0180623
0000000060,-0.0175947
0000000070,-0.0383112
0000000080,-0.0195409
0000000090,-0.0120326
0000000100,-0.0122733
0000000110,-0.0224704
0000000120,-0.0107084
0000000130,-0.0182592
0000000140,0.0020658
0000000150,-0.034641
0000000160,-0.0249669
0000000170,-0.0362922
0000000180,-0.0428832
0000000190,0.00255051
0000000200,-0.0246654
0000000210,-0.0203103
0000000220,-0.0279745
0000000230,-0.0145934
0000000240,-0.0108115
0000000250,-0.00394921
0000000260,-0.0155019
0000000270,-0.0124099
0000000280,-0.0215407
0000000290,-0.0387132
0000000300,-0.0240876
0000000310,-0.00907639
0000000320,-0.0214602
0000000330,0.0293485
0000000340,-0.0284768
0000000350,-0.0138858
0000000360,0.00378519
0000000370,-0.0138241
0000000380,-0.0202289
0000000390,-0.00385902
0000000400,-0.00836966
0000000410,-0.0114221
0000000420,0.00445575
0000000430,-0.00228606
0000000440,-0.0257959
0000000450,-0.0345407
0000000460,-0.0195306
0000000470,-0.0276944
0000000480,-0.0135731
0000000490,-0.014955
0000000500,-0.0112816
0000000510,-0.0285308
0000000520,-0.00705388
0000000530,-0.00937547
0000000540,-0.0169451
0000000550,-0.00711774
0000000560,-0.0320167
0000000570,-0.0163893
0000000580,-0.0185268
0000000590,-0.0102286
0000000600,-0.0217944
0000000610,-0.00931757
0000000620,-0.0288701
0000000630,-0.0189943
0000000640,-0.0345076
0000000650,-0.0157082
0000000660,-0.00557179
0000000670,-0.012265
0000000680,-0.0192103
0000000690,-0.0158797
0000000700,-0.0253203
0000000710,-0.0333877
0000000720,-0.010126
0000000730,0.00681599
0000000740,-0.0115049
0000000750,0.00247902
0000000760,0.0109076
0000000770,-0.0293159
0000000780,0.00227865
0000000790,-0.0209009
0000000800,-0.0200855
0000000810,-0.018272
0000000820,0.00409181
0000000830,-0.0199564
0000000840,-0.0108198
0000000850,-0.0162983
0000000860,-0.0173821
0000000870,-0.00858381
0000000880,0.00110532
0000000890,-0.0197425
0000000900,-0.0160553
0000000910,0.00471296
0000000920,-0.032893
0000000930,-0.000485576
0000000940,-0.018236
0000000950,-0.0221112
0000000960,-0.0329843
0000000970,-0.007193
0000000980,-0.0102982
0000000990,-0.0190044
0000001000,-0.0153512
0000001010,-0.00346687
0000001020,-0.016292
0000001030,0.00813381
0000001040,-0.0177425
0000001050,-0.00307597
0000001060,-0.0174938
0000001070,-0.0148321
0000001080,-0.0272873
0000001090,-0.0207492
0000001100,-0.0148812
0000001110,-0.0223265
0000001120,-0.0152828
0000001130,-0.0301236
0000001140,-0.0248131
0000001150,-0.0105065
0000001160,-0.0213
0000001170,-0.00725559
0000001180,-0.0256267
0000001190,-0.0197308
0000001200,-0.0146961
0000001210,-0.0403834
0000001220,-0.00511633
0000001230,-0.0128174
0000001240,-0.0191202
0000001250,-0.00620488
0000001260,-0.0274384
0000001270,-0.0245819
0000001280,-0.0240822
0000001290,-0.00731147
0000001300,-0.0112936
0000001310,-0.0232787
0000001320,-0.00353834
0000001330,-0.0203393
0000001340,-0.0317406
0000001350,-0.0200402
0000001360,-0.015169
0000001370,-0.0246204
0000001380,-0.0019559
0000001390,-0.0218167
0000001400,-0.0144078
0000001410,-0.0272562
0000001420,0.00690808
0000001430,-0.0219399
0000001440,-0.0258888
0000001450,-0.00215412
0000001460,-0.0205251
0000001470,-0.0166014
0000001480,0.0160205
0000001490,-0.00704582
0000001500,-0.0413621
0000001510,-0.0300144
0000001520,-0.0275092
0000001530,-0.00733492
0000001540,-0.000872362
0000001550,-0.0307687
0000001560,-0.0166474
0000001570,0.00269884
0000001580,-0.0126717
0000001590,0.000526632
0000001600,-0.0104578
0000001610,-0.0145993
0000001620,-0.0215401
0000001630,-0.0187276
0000001640,-0.0255446
0000001650,-0.00780233
0000001660,-0.0301776
0000001670,-0.00105298
0000001680,-0.00559812
0000001690,-0.0200264
0000001700,-0.00771007
0000001710,-0.0253163
0000001720,0.00991627
0000001730,-0.0174515
0000001740,-0.00484047
0000001750,-0.016185
0000001760,-0.0143349
0000001770,-0.0325784
0000001780,-0.0269165
0000001790,-0.0172857
0000001800,-0.0122627
0000001810,-0.0173434
0000001820,-0.00683826
0000001830,0.00170195
0000001840,0.00468517
0000001850,0.00443887
0000001860,-0.00538349
0000001870,-0.0134011
0000001880,-0.0283807
0000001890,-0.0133704
0000001900,-0.0174042
0000001910,-0.001559
0000001920,-0.0155983
0000001930,-0.00883843
0000001940,-0.0401839
0000001950,-0.0196948
0000001960,-0.0218641
0000001970,-0.00811279
0000001980,-0.0246041
0000001990,-0.0188627
0000002000,-0.00550566
0000002010,-0.0104839
0000002020,-0.0173314
0000002030,0.000423841
0000002040,-0.0170327
0000002050,-0.0176737
0000002060,-0.0150802
0000002070,-0.0190424
0000002080,0.0060703
0000002090,-0.018108
0000002100,-0.00661294
0000002110,-0.0246729
0000002120,-0.0151776
0000002130,-0.00198627
0000002140,-0.0319769
0000002150,-0.013145
0000002160,-0.0081577
0000002170,-0.00692944
0000002180,-0.0102044
0000002190,0.00439088
0000002200,0.00899489
0000002210,-0.0210252
0000002220,-0.0244368
0000002230,-0.0193396
0000002240,-0.0193398
0000002250,-0.0180223
0000002260,-0.0139333
0000002270,0.00149313
0000002280,-0.00562139
0000002290,-0.0215561
0000002300,-0.00204393
0000002310,-0.00564083
0000002320,-0.0407008
0000002330,-0.0235166
0000002340,-0.00745675
0000002350,-0.00788844
0000002360,-0.00917236
0000002370,-0.0108583
0000002380,-0.0153368
0000002390,-0.00661361
0000002400,-0.0114593
0000002410,-0.0261558
0000002420,-0.00955857
0000002430,-0.0277621
0000002440,-0.0115208
0000002450,-0.0113202
0000002460,-0.0143364
0000002470,-0.0103888
0000002480,0.00540229
0000002490,0.013584
0000002500,-0.0131294
0000002510,-0.0231178
0000002520,-0.00639017
0000002530,-0.0137183
0000002540,-0.0126444
0000002550,0.00537593
0000002560,-0.0136047
0000002570,-0.0129037
0000002580,-0.00218145
0000002590,-0.000850465
0000002600,-0.0211037
0000002610,-0.0162987
0000002620,-0.00552929
0000002630,-0.0171328
0000002640,0.00781708
0000002650,-0.0217505
0000002660,-0.0241069
0000002670,-0.00849693
0000002680,-0.0154491
0000002690,-0.0199673
0000002700,-0.00588559
0000002710,-0.0169297
0000002720,-0.0120077
0000002730,-0.00762504
0000002740,-0.0107243
0000002750,-0.00545118
0000002760,-0.0101993
0000002770,-0.0321417
0000002780,-0.030642
0000002790,-0.00724544
0000002800,-0.0252522
0000002810,-0.0142249
0000002820,-0.0114332
0000002830,-0.00932579
0000002840,-0.0176849
0000002850,-0.0253721
0000002860,-0.00930394
0000002870,-0.0154987
0000002880,-0.0137709
0000002890,-0.000919502
0000002900,-0.00805551
0000002910,-0.0109958
0000002920,-0.0360114
0000002930,-0.0195687
0000002940,0.00930881
0000002950,-0.0139806
0000002960,-0.013133
0000002970,0.00033787
0000002980,-0.00957972
0000002990,-0.0309166
0000003000,-0.0354811
0000003010,-0.0104485
0000003020,0.00154995
0000003030,0.00849166
0000003040,0.0286342
0000003050,-0.0337633
0000003060,-0.00534188
0000003070,-0.0213758
0000003080,-0.0284856
0000003090,0.00271026
0000003100,-0.0185424
0000003110,-0.0169826
0000003120,0.00528019
0000003130,-0.04063
0000003140,-0.0103164
0000003150,-0.0106575
0000003160,-0.0200153
0000003170,-0.020273
0000003180,-0.0140564
0000003190,-0.0347789
0000003200,-0.00779096
0000003210,-0.021965
0000003220,-0.00894159
0000003230,0.0123306
0000003240,-0.0355845
0000003250,-0.0264542
0000003260,-0.0311898
0000003270,-0.0359958
0000003280,-0.00957755
0000003290,-0.0362882
0000003300,-0.0122087
0000003310,0.0175377
0000003320,-0.0242582
0000003330,-0.031674
0000003340,0.00333722
0000003350,-0.00331708
0000003360,-0.00720484
0000003370,-0.00850047
0000003380,-0.0245058
0000003390,-0.0311361
0000003400,-0.0177412
0000003410,-0.0102604
0000003420,-0.0166887
0000003430,-0.00843744
0000003440,0.000325265
0000003450,-0.0243577
0000003460,-0.00326757
0000003470,-0.0107968
0000003480,-0.0101647
0000003490,-0.0203386
0000003500,-0.000670852
0000003510,-0.0351862
0000003520,0.00016278
0000003530,-0.0180516
0000003540,-0.0322781
0000003550,-0.00851477
0000003560,0.0166234
0000003570,-0.0253615
0000003580,-0.020797
0000003590,-0.00441194
0000003600,-0.00395098
0000003610,-0.00117196
0000003620,-0.0145189
0000003630,-0.0134316
0000003640,-0.0250415
0000003650,-0.023151
0000003660,-0.0138987
0000003670,-0.00810623
0000003680,-0.000116424
0000003690,-0.00518216
0000003700,-0.0171645
0000003710,-0.0208983
0000003720,-0.0223932
0000003730,-0.0220863
0000003740,-0.0276814
0000003750,-0.0171374
0000003760,-0.00876533
0000003770,-0.0127261
0000003780,0.00329521
0000003790,-0.0236292
0000003800,-0.013883
0000003810,-0.025258
0000003820,-0.026685
0000003830,-0.00712146
0000003840,-0.00565255
0000003850,-0.0185533
0000003860,-0.0272771
0000003870,-0.00201574
0000003880,-0.0167118
0000003890,-0.0305926
0000003900,-0.0139114
0000003910,-0.00889883
0000003920,-0.0102181
0000003930,-0.0270602
0000003940,-0.011714
0000003950,-0.0251141
0000003960,-0.000309656
0000003970,-0.00912708
0000003980,-0.0149539
0000003990,0.000108488
0000004000,-0.0010638
0000004010,-0.0114045
0000004020,-0.0252791
0000004030,-0.00529146
0000004040,-0.0249782
0000004050,-0.00708341
0000004060,0.0158301
0000004070,-0.0366253
0000004080,-0.0275974
0000004090,-0.0243025
0000004100,0.00626084
0000004110,-0.0168153
0000004120,-0.0201318
0000004130,-0.0297275
0000004140,-0.0169347
0000004150,-0.0177167
0000004160,-0.0214187
0000004170,-0.0265695
0000004180,0.00205802
0000004190,-0.0141478
0000004200,-0.00561147
0000004210,-0.0177331
0000004220,-0.0078298
0000004230,-0.0318611
0000004240,-0.0137726
0000004250,-0.0264988
0000004260,-0.0327024
0000004270,-0.025646
0000004280,-0.0168122
0000004290,-0.02431
0000004300,0.0127923
0000004310,-0.00193879
0000004320,-0.010463
0000004330,-0.011654
0000004340,-0.0235682
0000004350,-0.0307014
0000004360,-0.0136622
0000004370,-0.03577
0000004380,-0.0116294
0000004390,-0.0178776
0000004400,-0.0135157
0000004410,-0.0168238
0000004420,-0.0321996
0000004430,0.000979062
0000004440,-0.0221191
0000004450,-0.0134605
0000004460,-0.0142105
0000004470,-0.0294652
0000004480,-0.0151541
0000004490,-0.028231
0000004500,-0.00635051
0000004510,-0.00532075
0000004520,-0.0226106
0000004530,-0.013859
0000004540,-0.0247414
0000004550,-0.00402919
0000004560,-0.0178446
0000004570,-0.00143423
0000004580,-0.023798
0000004590,-0.0232321
0000004600,-0.000419637
0000004610,-0.0135709
0000004620,-0.00244415
0000004630,-0.0321225
0000004640,-0.016632
0000004650,-0.0252683
0000004660,-0.00827795
0000004670,-0.0227748
0000004680,0.00381075
0000004690,-0.028934
0000004700,-0.00771702
0000004710,-0.00222576
0000004720,-0.0130574
0000004730,-0.0107936
0000004740,-0.0264621
0000004750,-0.00967178
0000004760,-0.0140628
0000004770,-0.0396353
0000004780,-0.00238818
0000004790,-0.027123
0000004800,-0.0168543
0000004810,-0.0249531
0000004820,-0.0159655
0000004830,-0.0311967
0000004840,-0.026036
0000004850,0.00521232
0000004860,-0.0209395
0000004870,-0.0270859
0000004880,-0.0324348
0000004890,-0.0122343
0000004900,-0.0143115
0000004910,-0.00848013
0000004920,0.000240078
0000004930,-0.0220851
0000004940,-0.0289864
0000004950,-0.0225425
0000004960,-0.0236321
0000004970,-0.00835917
0000004980,-0.0264647
0000004990,-0.0246481
0000005000,-0.019522
0000005010,-0.0110154
0000005020,-0.0134027
0000005030,-0.00552756
0000005040,-0.0103689
0000005050,-0.035471
0000005060,-0.01603
0000005070,-0.0170089
0000005080,-0.0180487
0000005090,0.00313821
0000005100,0.00139098
0000005110,0.000237286
0000005120,-0.0267388
0000005130,-0.0176868
0000005140,-0.0189553
0000005150,-0.00815552
0000005160,-0.0293456
0000005170,-0.00767549
0000005180,-0.0352578
0000005190,-0.00921064
0000005200,-0.0216194
0000005210,-0.01505
0000005220,-0.0179256
0000005230,-0.0146763
0000005240,-0.0280928
0000005250,-0.0157816
0000005260,-0.0204109
0000005270,0.00819116
0000005280,-0.0432201
0000005290,-0.0159184
0000005300,-0.0383545
0000005310,-0.0293555
0000005320,-0.0156884
0000005330,-0.0125535
0000005340,-0.0133605
0000005350,-0.0191028
0000005360,-0.0146651
0000005370,-0.0261919
0000005380,-0.00484541
0000005390,-0.00726807
0000005400,-0.0228513
0000005410,-0.0212035
0000005420,-0.01479
0000005430,-0.0203051
0000005440,-0.0102026
0000005450,-0.0287666
0000005460,-0.0203245
0000005470,-0.030397
0000005480,-0.0139948
0000005490,-0.0371037
0000005500,-0.010275
0000005510,-0.0258918
0000005520,-0.0271989
0000005530,-0.009756
0000005540,-0.00121933
0000005550,0.00450001
0000005560,-0.0245924
0000005570,-0.0248765
0000005580,0.00443885
0000005590,-0.0171698
0000005600,0.00982746
0000005610,-0.0326202
0000005620,-0.00827539
0000005630,-0.00944355
0000005640,-0.0201529
0000005650,-0.00182547
0000005660,-0.01377
0000005670,0.00198691
0000005680,-0.00601653
0000005690,-0.0287278
0000005700,-0.02933
0000005710,-0.0170594
0000005720,-0.0347265
0000005730,-0.0344818
0000005740,-0.00321707
0000005750,-0.0181509
0000005760,-0.00866094
0000005770,-0.0227055
0000005780,0.00436074
0000005790,-0.0264674
0000005800,0.00150595
0000005810,-0.0179018
0000005820,-0.0150447
0000005830,-0.0178332
0000005840,-0.0158721
0000005850,-0.00574181
0000005860,-0.00181234
0000005870,-0.000266394
0000005880,-0.0169208
0000005890,0.00709866
0000005900,-0.0265802
0000005910,-0.012849
0000005920,-0.00727553
0000005930,-0.0135966
0000005940,-0.0301459
0000005950,-0.0172281
0000005960,-0.0183673
0000005970,-0.0145038
0000005980,0.00300731
0000005990,-0.00740117
0000006000,-0.0199601
0000006010,-0.0100073
0000006020,-0.0359955
0000006030,-0.0192144
0000006040,-0.0179773
0000006050,-0.0180728
0000006060,-6.14956e-05
0000006070,-0.0178045
0000006080,-0.0320651
0000006090,-0.0119877
0000006100,-0.0118755
0000006110,-0.0205762
0000006120,-0.0421795
0000006130,-0.0118401
0000006140,-0.0473227
0000006150,-0.0376725
0000006160,-0.028503
0000006170,-0.00377865
0000006180,-0.00270551
0000006190,-0.0365694
0000006200,-0.00744259
0000006210,-0.0122084
0000006220,-2.63783e-05
0000006230,-0.00585139
0000006240,0.000347953
0000006250,-0.00875568
0000006260,-0.0130501
0000006270,-0.0107502
0000006280,-0.016641
0000006290,-0.0261716
0000006300,-0.0191186
0000006310,-0.0109454
0000006320,-0.0145109
0000006330,-0.00512227
0000006340,-0.0356047
0000006350,0.00324671
0000006360,-0.02103
0000006370,-0.0346347
0000006380,-0.0249
0000006390,-0.0173639
0000006400,-0.00510672
0000006410,0.000434321
0000006420,-0.00428159
0000006430,-0.0274811
0000006440,-0.0264415
0000006450,0.00309543
0000006460,0.00514705
0000006470,0.00253687
0000006480,-0.0172171
0000006490,-0.044261
0000006500,-0.00249997
0000006510,-0.0249758
0000006520,-0.00175847
0000006530,-0.0286207
0000006540,-0.0289301
0000006550,-0.0448439
0000006560,-0.00875015
0000006570,-0.0296145
0000006580,0.00687905
0000006590,-0.00623984
0000006600,-0.0211314
0000006610,-0.0090252
0000006620,-0.0162358
0000006630,-0.0286546
0000006640,-0.0301117
0000006650,-0.0332249
0000006660,0.00784624
0000006670,-0.0228591
0000006680,-0.0317536
0000006690,-0.0290435
0000006700,-0.0137272
0000006710,-0.0171505
0000006720,-0.0226437
0000006730,-0.0280946
0000006740,-0.0252466
0000006750,-0.0363941
0000006760,-0.00817263
0000006770,-0.0138964
0000006780,-0.00556771
0000006790,0.00407612
0000006800,-0.00423929
0000006810,-0.0363438
0000006820,-0.0168149
0000006830,-0.00837111
0000006840,-0.0108902
0000006850,-0.0272504
0000006860,0.00411564
0000006870,-0.00215436
0000006880,-0.0101242
0000006890,-0.0255241
0000006900,-0.0185573
0000006910,-0.0384688
0000006920,-0.0206373
0000006930,-0.0207799
0000006940,-0.00774789
0000006950,-0.0239639
0000006960,-0.0133775
0000006970,-0.0193921
0000006980,-0.0198987
0000006990,-0.0196878
0000007000,-0.00967298
0000007010,-0.0194359
0000007020,-0.00865416
0000007030,-0.0173885
0000007040,-0.0241091
0000007050,-0.025755
0000007060,-0.0288173
0000007070,-0.0157369
0000007080,-0.0232846
0000007090,-0.0163767
0000007100,-0.023714
0000007110,-0.0134129
0000007120,-0.0130403
0000007130,-0.0207599
0000007140,4.83265e-07
0000007150,-0.0246822
0000007160,-0.0047383
0000007170,-0.0160954
0000007180,-0.00990601
0000007190,-0.0484978
0000007200,0.00610654
0000007210,-0.00174116
0000007220,-0.0185934
0000007230,-0.0314379
0000007240,-0.0194971
0000007250,-0.0241244
0000007260,-0.00798558
0000007270,-0.0270533
0000007280,-0.0207515
0000007290,-0.00425426
0000007300,-0.0312426
0000007310,0.00231873
0000007320,-0.0312605
0000007330,-0.00925156
0000007340,-0.017074
0000007350,-0.0120496
0000007360,-0.0202662
0000007370,-0.0304605
0000007380,-0.0145382
0000007390,-0.00837978
0000007400,-0.0178211
0000007410,-0.0265612
0000007420,-0.0133773
0000007430,-0.0112422
0000007440,0.00394071
0000007450,-0.00141004
0000007460,-0.018171
0000007470,-0.0116505
0000007480,-0.036499
0000007490,0.00388158
0000007500,-0.00412743
0000007510,-0.00712841
0000007520,-0.0238421
0000007530,-0.02898
0000007540,-2.8443e-05
0000007550,-0.0352297
0000007560,-0.00597077
0000007570,-0.0259678
0000007580,-0.01127
0000007590,-0.0292689
0000007600,0.00270706
0000007610,-0.000569107
0000007620,-0.0183649
0000007630,-0.0200076
0000007640,-0.0109287
0000007650,-0.00330567
0000007660,-0.0198709
0000007670,-0.00957227
0000007680,-0.020486
0000007690,-0.0185416
0000007700,-0.0150196
0000007710,-0.0284038
0000007720,-0.0162704
0000007730,0.00501688
0000007740,-0.0165042
0000007750,-0.0162436
0000007760,-0.0226553
0000007770,-0.0284659
0000007780,-0.025139
0000007790,-0.0179156
0000007800,-0.0138798
0000007810,-0.00517467
0000007820,-0.0113094
0000007830,-0.0167308
0000007840,0.0142275
0000007850,-0.0168097
0000007860,-0.0103922
0000007870,-0.018439
0000007880,-0.0145717
0000007890,-5.08251e-06
0000007900,-0.0284531
0000007910,-0.0190563
0000007920,-0.0127589
0000007930,-0.00669935
0000007940,-0.0142486
0000007950,-0.0148968
0000007960,-0.0232042
0000007970,-0.00969213
0000007980,0.00321388
0000007990,-0.0129204
0000008000,-0.0106269
0000008010,0.00159025
0000008020,-0.0276307
0000008030,-0.00627386
0000008040,-0.0269849
0000008050,-0.0295471
0000008060,0.00404994
0000008070,0.000587017
0000008080,-0.0184415
0000008090,-0.0234891
0000008100,-0.0150844
0000008110,-0.00574978
0000008120,-0.0168423
0000008130,-0.02536
0000008140,-0.030034
0000008150,0.00978868
0000008160,-0.016027
0000008170,-0.00221106
0000008180,-0.0213877
0000008190,-0.0282716
0000008200,-0.0206664
0000008210,-0.002276
0000008220,-0.00584714
0000008230,-0.0230834
0000008240,-0.0200477
0000008250,-0.0129132
0000008260,-0.012466
0000008270,-0.024545
0000008280,-0.038552
0000008290,-0.0182837
0000008300,-0.0177925
0000008310,-0.0272082
0000008320,-0.00408566
0000008330,0.00571538
0000008340,-0.0153209
0000008350,-0.023542
0000008360,-0.0157305
0000008370,-0.029483
0000008380,-0.00373219
0000008390,-0.0235004
0000008400,-0.0112727
0000008410,-0.009343
0000008420,-0.0200342
0000008430,-0.0281684
0000008440,-0.037405
0000008450,-0.0184203
0000008460,0.00884345
0000008470,-0.0149178
0000008480,-0.00280009
0000008490,-0.014683
0000008500,-0.0108977
0000008510,-0.00970361
0000008520,-0.00613251
0000008530,-0.0182352
0000008540,-0.0167587
0000008550,-0.00519486
0000008560,-0.00241292
0000008570,-0.041554
0000008580,-0.00417737
0000008590,0.000562068
0000008600,-0.000861502
0000008610,-0.0122926
0000008620,-0.0103545
0000008630,-0.0161276
0000008640,-0.021133
0000008650,-0.0146582
0000008660,-0.00532531
0000008670,-0.0259013
0000008680,-0.0322819
0000008690,-0.0297829
0000008700,-0.00869766
0000008710,-0.031706
0000008720,-0.030998
0000008730,-0.000577071
0000008740,-0.0168263
0000008750,-0.00684858
0000008760,-0.0156946
0000008770,-0.00176027
0000008780,-0.00562238
0000008790,-0.0272337
0000008800,-0.0271766
0000008810,-0.01969
0000008820,-0.00362192
0000008830,-0.00222671
0000008840,-0.0114857
0000008850,-0.0111252
0000008860,-0.0187134
0000008870,-0.0200606
0000008880,-0.0180993
0000008890,-0.00403989
0000008900,-0.0152641
0000008910,-0.00358778
0000008920,-0.00726589
0000008930,-0.0267831
0000008940,-0.0096061
0000008950,-0.000664041
0000008960,-0.0171462
0000008970,-0.0178665
0000008980,-0.025666
0000008990,-0.0278723
0000009000,-0.00465906
0000009010,-0.0223626
0000009020,-0.00308247
0000009030,-0.0162318
0000009040,-0.024246
0000009050,-0.0173821
0000009060,-0.00241498
0000009070,-0.0208463
0000009080,-0.00740788
0000009090,-0.0233081
0000009100,-0.0322779
0000009110,-0.0313186
0000009120,0.012083
0000009130,-0.0121837
0000009140,-0.00206931
0000009150,0.000971859
0000009160,-0.0186618
0000009170,-0.0154336
0000009180,-0.029845
0000009190,-0.024382
0000009200,-0.0280545
0000009210,-0.00710824
0000009220,-0.035488
0000009230,-0.0292508
0000009240,-0.0177905
0000009250,-0.00655919
0000009260,0.00409693
0000009270,-0.0155422
0000009280,-0.0301791
0000009290,-0.00312676
0000009300,-0.00526727
0000009310,-0.0146489
0000009320,-0.0200228
0000009330,-0.0190874
0000009340,-0.00656199
0000009350,0.00370699
0000009360,-0.0175804
0000009370,-0.0187023
0000009380,-0.0122886
0000009390,-0.0287372
0000009400,-0.0205667
0000009410,-0.0287047
0000009420,-0.0222602
0000009430,-0.0531679
0000009440,-0.0182949
0000009450,-0.00352208
0000009460,-0.0285754
0000009470,-0.00826017
0000009480,-0.0241055
0000009490,-0.0146246
0000009500,-0.031296
0000009510,-0.0191925
0000009520,-0.0141888
0000009530,0.00373011
0000009540,-0.0248382
0000009550,-0.0280859
0000009560,-0.0133902
0000009570,-0.0161818
0000009580,-0.011709
0000009590,-0.00882378
0000009600,0.0189325
0000009610,-0.014463
0000009620,-0.00709317
0000009630,-0.00267676
0000009640,-0.00849638
0000009650,-0.01445
0000009660,-0.0114203
0000009670,0.00670551
0000009680,-0.0188939
0000009690,-0.0226791
0000009700,-0.0020237
0000009710,-0.0139378
0000009720,-0.027543
0000009730,-0.0321166
0000009740,-0.0199653
0000009750,-0.00926568
0000009760,-0.026643
0000009770,-0.00720564
0000009780,-0.00144836
0000009790,-0.0246365
0000009800,-0.03431
0000009810,-0.0183961
0000009820,-0.0111194
0000009830,-0.0158093
0000009840,-0.0250425
0000009850,-0.0276653
0000009860,-0.0188023
0000009870,-0.0151462
0000009880,-0.00821107
0000009890,-0.022134
0000009900,-0.00970703
0000009910,-0.00933226
0000009920,-0.0219305
0000009930,-0.018788
0000009940,-0.00133492
0000009950,-0.00959883
0000009960,-0.00542252
0000009970,-0.0169378
0000009980,-0.00868921
0000009990,-0.0116647
0000010000,-0.0211356
0000010010,-0.0128359
0000010020,-0.00955402
0000010030,-0.0077329
0000010040,-0.0276649
0000010050,-0.00338143
0000010060,-0.0314099
0000010070,-0.017719
0000010080,-0.00529242
0000010090,-0.0218406
0000010100,-0.0238868
0000010110,0.0123161
0000010120,-0.00726615
0000010130,-0.00549961
0000010140,-0.00774994
0000010150,-0.0212254
0000010160,-0.0140665
0000010170,-0.00445194
0000010180,-0.0360877
0000010190,-0.0256894
0000010200,0.000896047
0000010210,-0.00915485
0000010220,0.00148001
0000010230,0.00957144
0000010240,-0.0179488
0000010250,-0.01317
0000010260,-0.0194514
0000010270,-0.031301
0000010280,-0.0352091
0000010290,-0.0309964
0000010300,-0.0386511
0000010310,-0.0264821
0000010320,-0.0293432
0000010330,-0.0112722
0000010340,-0.020275
0000010350,0.00996554
0000010360,-0.0282761
0000010370,-0.00620731
0000010380,-0.0161615
0000010390,-0.0116027
0000010400,0.00239724
0000010410,-0.021769
0000010420,-0.0334178
0000010430,-0.00604485
0000010440,0.00562333
0000010450,-0.0253917
0000010460,-0.00773288
0000010470,-0.00337776
0000010480,-0.0217152
0000010490,-0.0170243
0000010500,-0.0101576
0000010510,-0.00627446
0000010520,-0.0165543
0000010530,-0.00730086
0000010540,-0.0145233
0000010550,-0.0178908
0000010560,-0.0253865
0000010570,-0.0125122
0000010580,-0.0144815
0000010590,-0.0205606
0000010600,-0.0133905
0000010610,0.00417603
0000010620,-0.0173503
0000010630,-0.0275763
0000010640,-0.00678551
0000010650,0.0034891
0000010660,-0.024998
0000010670,-0.0196382
0000010680,-0.00488622
0000010690,-0.0138826
0000010700,0.0110255
0000010710,-0.0288366
0000010720,-0.0105171
0000010730,0.00191569
0000010740,-0.00655504
0000010750,-0.0365377
0000010760,-0.0116402
0000010770,-0.0100163
0000010780,-0.0198186
0000010790,-0.0199069
0000010800,-0.0131458
0000010810,-0.00488336
0000010820,1.59319e-05
0000010830,-0.00194985
0000010840,-0.0190002
0000010850,-0.021525
0000010860,-0.0126489
0000010870,-0.0326775
0000010880,-0.0233244
0000010890,0.00414799
0000010900,-0.0159164
0000010910,0.00703607
0000010920,-0.0198291
0000010930,-0.0180681
0000010940,-0.0231111
0000010950,-0.0139231
0000010960,-0.0124106
0000010970,-0.0115954
0000010980,-0.0119394
0000010990,-0.0208182
0000011000,-0.015241
0000011010,-0.00760949
0000011020,-0.021167
0000011030,-0.00321774
0000011040,-0.00615716
0000011050,-0.0145651
0000011060,-0.0232882
0000011070,-0.0140113
0000011080,-0.00446884
0000011090,-0.00608745
0000011100,0.00440009
0000011110,-0.00173373
0000011120,-0.00782804
0000011130,-0.018314
0000011140,-0.00755701
0000011150,-0.0192022
0000011160,-0.00885111
0000011170,-0.0120699
0000011180,-0.0434344
0000011190,-0.0179329
0000011200,-0.0265599
0000011210,-0.0165256
0000011220,-0.0166355
0000011230,-0.0158833
0000011240,-0.0201289
0000011250,-0.0208138
0000011260,-0.0172834
0000011270,-0.0288863
0000011280,0.00538471
0000011290,-0.0141493
0000011300,-0.0506684
0000011310,0.00602542
0000011320,-0.00362762
0000011330,-0.0417588
0000011340,-0.0340038
0000011350,-0.0273675
0000011360,-0.0070536
0000011370,-0.0294815
0000011380,0.0013683
0000011390,-0.00262614
0000011400,-0.0286777
0000011410,-0.000544902
0000011420,-0.00507013
0000011430,-0.0287096
0000011440,0.0133278
0000011450,-0.00217847
0000011460,-0.0198277
0000011470,-0.010659
0000011480,-0.0331032
0000011490,-0.00432897
0000011500,-0.0202311
0000011510,-0.0208488
0000011520,-0.0218067
0000011530,-0.00204817
0000011540,-0.00379887
0000011550,-0.0109294
0000011560,-0.0318017
0000011570,-0.0255589
0000011580,-0.0268947
0000011590,-0.0266528
0000011600,-0.0120282
0000011610,-0.0283341
0000011620,7.06527e-05
0000011630,-0.0288055
0000011640,0.00212682
0000011650,-0.0345524
0000011660,-0.0136103
0000011670,-0.0139941
0000011680,0.0106013
0000011690,-0.0198602
0000011700,-0.00812631
0000011710,-0.0303881
0000011720,-0.0226028
0000011730,-0.0213295
0000011740,-0.00635225
0000011750,-0.0218182
0000011760,-0.0299406
0000011770,-0.027677
0000011780,-0.0145259
0000011790,-0.00903081
0000011800,-0.003977
0000011810,-0.0233605
0000011820,-0.0314117
0000011830,-0.0194752
0000011840,-0.00220618
0000011850,-0.0361974
0000011860,-0.00915159
0000011870,-0.00171784
0000011880,-0.0116702
0000011890,-0.00104489
0000011900,-0.00732351
0000011910,-0.00745905
0000011920,-0.00876676
0000011930,-0.0137977
0000011940,-0.025107
0000011950,-0.0158217
0000011960,-0.00958006
0000011970,-0.0213049
0000011980,-0.0412794
0000011990,-0.0194899
0000012000,0.00160367
0000012010,-0.0139584
0000012020,-0.0297175
0000012030,-0.0147603
0000012040,-0.0116288
0000012050,-0.00718471
0000012060,-0.0194298
0000012070,-0.0114428
0000012080,-0.0135099
0000012090,-0.0162007
0000012100,-0.00226356
0000012110,-0.0228862
0000012120,-0.0247184
0000012130,-0.0149619
0000012140,-0.00473029
0000012150,-0.0249923
0000012160,0.00843842
0000012170,-0.0122513
0000012180,-0.0200678
0000012190,-0.0284001
0000012200,-0.0309294
0000012210,-0.0167988
0000012220,-0.00674913
0000012230,-0.00383635
0000012240,-0.0223437
0000012250,-0.00788874
0000012260,-0.0257561
0000012270,-0.00728067
0000012280,-0.021824
0000012290,-0.0133512
0000012300,-0.0219168
0000012310,-0.0206806
0000012320,-0.0105911
0000012330,-0.0184827
0000012340,-0.0122781
0000012350,-0.0140406
0000012360,-0.0100705
0000012370,-0.00929336
0000012380,-0.0510099
0000012390,0.00517622
0000012400,-0.0176474
0000012410,-0.00258057
0000012420,-0.0105736
0000012430,0.0062405
0000012440,0.00712666
0000012450,-0.00497393
0000012460,-0.0224224
0000012470,-0.0538743
0000012480,-0.0302889
0000012490,-0.00148886
0000012500,-0.0198331
0000012510,-0.0067231
0000012520,-0.0408417
0000012530,-0.0039346
0000012540,-0.0133732
0000012550,-0.030579
0000012560,-0.0169932
0000012570,-0.00199435
0000012580,-0.00702676
0000012590,-0.0223418
0000012600,0.00554999
0000012610,-0.0373756
0000012620,-0.0239207
0000012630,-0.0114147
0000012640,-0.0171714
0000012650,-0.0296023
0000012660,-0.0136695
0000012670,-0.0261434
0000012680,-0.00661707
0000012690,-0.000281656
0000012700,-0.00662533
0000012710,-0.0266922
0000012720,-0.00402623
0000012730,-0.0152254
0000012740,-0.00506845
0000012750,-0.00925432
0000012760,-0.00954397
0000012770,-0.00363861
0000012780,-0.0230674
0000012790,-0.00744694
0000012800,-0.00367159
0000012810,0.00039055
0000012820,-0.0204303
0000012830,-0.037204
0000012840,-0.0263357
0000012850,-0.0193887
0000012860,-0.0280747
0000012870,-0.00717414
0000012880,-0.0262075
0000012890,-0.0166083
0000012900,-0.0299897
0000012910,-0.0233363
0000012920,-0.0258751
0000012930,-0.00391283
0000012940,-0.0221637
0000012950,-0.0175914
0000012960,-0.00982425
0000012970,-0.0208429
0000012980,-0.0145063
0000012990,-0.00972293
0000013000,-0.025056
0000013010,-0.0179572
0000013020,-0.0182168
0000013030,-0.0347574
0000013040,-0.0110953
0000013050,-0.0150304
0000013060,-0.0237834
0000013070,-0.0266662
0000013080,-0.0259271
0000013090,-0.0185931
0000013100,-0.0105253
0000013110,-0.0217806
0000013120,0.000831424
0000013130,-0.037447
0000013140,-0.0190099
0000013150,-0.0267389
0000013160,-0.0194623
0000013170,-0.0178302
0000013180,-0.0274569
0000013190,-0.0313423
0000013200,-0.0333986
0000013210,-0.0233248
0000013220,-0.0250727
0000013230,-0.0145367
0000013240,-0.0337857
0000013250,-0.00594528
0000013260,-0.00464874
0000013270,-0.0347982
0000013280,-0.00154063
0000013290,-0.0215983
0000013300,-0.028085
0000013310,-0.0277091
0000013320,-0.0239406
0000013330,-0.00512874
0000013340,0.00564098
0000013350,-0.0260667
0000013360,-0.0256512
0000013370,0.00114609
0000013380,-0.0060277
0000013390,-0.0150586
0000013400,-0.0192801
0000013410,-0.0194608
0000013420,-0.0192526
0000013430,-0.0192671
0000013440,-0.0244583
0000013450,-0.010076
0000013460,-0.0253722
0000013470,0.000417893
0000013480,-0.0131192
0000013490,-0.00530801
0000013500,-0.0215733
0000013510,0.00359334
0000013520,-0.0259951
0000013530,-0.0133552
0000013540,-0.0197136
0000013550,-0.0267288
0000013560,-0.022518
0000013570,-0.00881085
0000013580,-0.0284462
0000013590,-0.013224
0000013600,-0.0129887
0000013610,-0.00319751
0000013620,-0.0270372
0000013630,-0.00969717
0000013640,-0.0122648
0000013650,-0.0430048
0000013660,-0.0163004
0000013670,-0.0160886
0000013680,-0.0193732
0000013690,-0.00286921
0000013700,-0.0165312
0000013710,-0.00914363
0000013720,-0.00822092
0000013730,-0.0365501
0000013740,0.00558549
0000013750,-0.0242345
0000013760,-0.0168951
0000013770,-0.0220577
0000013780,0.000975511
0000013790,-0.0140664
0000013800,-0.0127225
0000013810,-0.0224603
0000013820,-0.0225299
0000013830,0.0165292
0000013840,-0.0405793
0000013850,-0.0124241
0000013860,-0.0131367
0000013870,-0.0032321
0000013880,-0.0194757
0000013890,-0.0187596
0000013900,-0.013875
0000013910,-0.000308308
0000013920,-0.0177106
0000013930,-0.00776033
0000013940,-0.02651
0000013950,-0.0132011
0000013960,-0.0247032
0000013970,-0.0105291
0000013980,-0.0087043
0000013990,-0.00521801
0000014000,-0.0209783
0000014010,-0.0151616
0000014020,-0.0196867
0000014030,-0.03925
0000014040,-0.0405563
0000014050,-0.0184775
0000014060,-0.0219897
0000014070,-0.0042559
0000014080,-0.0150743
0000014090,-0.0132646
0000014100,-0.0202168
0000014110,-0.0198751
0000014120,0.0272525
0000014130,0.00480943
0000014140,-0.0290779
0000014150,-0.0229039
0000014160,-0.00848973
0000014170,-0.00313043
0000014180,-0.0148247
0000014190,-0.0139258
0000014200,2.2764e-05
0000014210,-0.00901142
0000014220,-0.017809
0000014230,-0.0197858
0000014240,-0.00436883
0000014250,-0.035176
0000014260,-0.0106032
0000014270,-0.0266251
0000014280,2.62804e-05
0000014290,-0.0146827
0000014300,-0.0315279
0000014310,-0.0110192
0000014320,-0.0299803
0000014330,-0.00755434
0000014340,-0.0276
0000014350,-0.0024431
0000014360,-0.016221
0000014370,-0.00401557
0000014380,-0.00648587
0000014390,-0.0206776
0000014400,-0.0245046
0000014410,-0.0232061
0000014420,-0.0103586
0000014430,-0.0114842
0000014440,-0.0328889
0000014450,-0.0261726
0000014460,-0.0342967
0000014470,-0.00898398
0000014480,-0.00350203
0000014490,-0.00309651
0000014500,-0.011159
0000014510,-0.019486
0000014520,-0.0251525
0000014530,-0.0147875
0000014540,-0.0300747
0000014550,-0.00946892
0000014560,-0.00858268
0000014570,-0.0189377
0000014580,-0.0387933
0000014590,0.00167758
0000014600,-0.0052835
0000014610,-0.0143748
0000014620,-0.00868949
0000014630,-0.0235067
0000014640,-0.0262036
0000014650,-0.0446838
0000014660,0.000573661
0000014670,0.0114687
0000014680,-0.0113728
0000014690,-0.0277213
0000014700,-0.00698905
0000014710,-0.0177721
0000014720,-0.0130355
0000014730,-0.0169962
0000014740,-0.0311232
0000014750,-0.00189064
0000014760,-0.014526
0000014770,-0.011222
0000014780,-0.0277582
0000014790,-0.0127048
0000014800,-0.0252946
0000014810,-0.0228968
0000014820,-0.0152869
0000014830,-0.0200958
0000014840,-0.016574
0000014850,-0.0267451
0000014860,-0.0152626
0000014870,-0.0179226
0000014880,-0.0225939
0000014890,-0.0211602
0000014900,0.00402706
0000014910,-0.0215113
0000014920,-0.0144585
0000014930,-0.0242795
0000014940,-0.00291348
0000014950,-0.0346929
0000014960,-0.0149713
0000014970,-0.0170403
0000014980,0.00126447
0000014990,-0.0146412
0000015000,-0.0111919
0000015010,-0.0285713
0000015020,-0.0245596
0000015030,-0.0268351
0000015040,-0.0269472
0000015050,-0.0244958
0000015060,-0.0169782
0000015070,-0.0393657
0000015080,-0.0363023
0000015090,-0.0124199
0000015100,-0.0436508
0000015110,-0.0192575
0000015120,-0.0169434
0000015130,-0.0234619
0000015140,-0.0173221
0000015150,-0.00867437
0000015160,-0.0114097
0000015170,0.000209991
0000015180,-0.0306121
0000015190,-0.000934837
0000015200,-0.0258633
0000015210,-0.0123183
0000015220,-0.031804
0000015230,-0.0250592
0000015240,-0.0040361
0000015250,-0.0152021
0000015260,0.000979894
0000015270,-0.0286308
0000015280,-0.028814
0000015290,-0.0201767
0000015300,-0.0155212
0000015310,-0.0125644
0000015320,-0.00195255
0000015330,-0.0373354
0000015340,-0.0160374
0000015350,-0.0185477
0000015360,0.00253893
0000015370,-0.0118714
0000015380,-0.000878063
0000015390,-0.00166738
0000015400,-0.0428673
0000015410,-0.0254557
0000015420,-0.00692677
0000015430,-0.0184308
0000015440,-0.0214057
0000015450,0.00505467
0000015460,-0.0230148
0000015470,-0.0216957
0000015480,0.00861508
0000015490,-0.0384516
0000015500,-0.0334296
0000015510,-0.00288896
0000015520,-0.0135239
0000015530,-0.0273021
0000015540,-0.0116953
0000015550,-0.0104657
0000015560,-0.0215328
0000015570,-0.029521
0000015580,-0.0211427
0000015590,-0.0218414
0000015600,-0.0140784
0000015610,-0.0143714
0000015620,-0.00105972
0000015630,-0.00709957
0000015640,-0.0235169
0000015650,-0.0235648
0000015660,-0.0103241
0000015670,-0.012844
0000015680,0.00303217
0000015690,-0.0210572
0000015700,-0.00751988
0000015710,-0.0100147
0000015720,-0.0211989
0000015730,-0.0213808
0000015740,-0.0113216
0000015750,-0.0147424
0000015760,-0.0235744
0000015770,0.00322556
0000015780,-0.0145102
0000015790,-0.000283527
0000015800,-0.0255294
0000015810,-0.0193015
0000015820,-0.00234357
0000015830,-0.0140488
0000015840,-0.0117385
0000015850,0.006064
0000015860,-0.0456922
0000015870,-0.0263485
0000015880,-0.0205244
0000015890,-0.0281735
0000015900,-0.0274207
0000015910,-0.0225048
0000015920,-0.0211907
0000015930,-0.0357304
0000015940,-0.0336273
0000015950,0.000397708
0000015960,-0.0179285
0000015970,-0.0037116
0000015980,-0.0355911
0000015990,-0.00129991
