0000000000,-0.017517
0000000010,-0.01685
0000000020,-0.016993
0000000030,-0.016373
0000000040,-0.015848
0000000050,-0.016134
0000000060,-0.016182
0000000070,-0.016564
0000000080,-0.016134
0000000090,-0.015276
0000000100,-0.016516
0000000110,-0.015753
0000000120,-0.016039
0000000130,-0.016564
0000000140,-0.016421
0000000150,-0.01561
0000000160,-0.015944
0000000170,-0.015896
0000000180,-0.016087
0000000190,-0.016039
0000000200,-0.016802
0000000210,-0.015848
0000000220,-0.015372
0000000230,-0.016659
0000000240,-0.015181
0000000250,-0.015658
0000000260,-0.014704
0000000270,-0.016659
0000000280,-0.016993
0000000290,-0.015991
0000000300,-0.015181
0000000310,-0.016134
0000000320,-0.015658
0000000330,-0.015896
0000000340,-0.016707
0000000350,-0.016182
0000000360,-0.015419
0000000370,-0.01561
0000000380,-0.016087
0000000390,-0.015801
0000000400,-0.016421
0000000410,-0.016707
0000000420,-0.016373
0000000430,-0.015848
0000000440,-0.015705
0000000450,-0.015801
0000000460,-0.015896
0000000470,-0.015562
0000000480,-0.014656
0000000490,-0.016134
0000000500,-0.015181
0000000510,-0.009602
0000000520,-0.022715
0000000530,-0.020045
0000000540,-0.020807
0000000550,-0.027054
0000000560,-0.014513
0000000570,-0.009506
0000000580,-0.015562
0000000590,-0.004309
0000000600,-0.005215
0000000610,-0.025051
0000000620,-0.018566
0000000630,-0.013846
0000000640,-0.015801
0000000650,-0.016373
0000000660,-0.00965
0000000670,-0.014942
0000000680,-0.017136
0000000690,-0.008457
0000000700,-0.021952
0000000710,-0.014036
0000000720,-0.014036
0000000730,-0.020283
0000000740,-0.015133
0000000750,-0.01046
0000000760,-0.015324
0000000770,-0.005787
0000000780,-0.01809
0000000790,-0.025147
0000000800,-0.018662
0000000810,-0.008791
0000000820,-0.018471
0000000830,-0.020903
0000000840,-0.008982
0000000850,-0.024718
0000000860,-0.017851
0000000870,-0.01499
0000000880,-0.019282
0000000890,-0.017946
0000000900,-0.020092
0000000910,-0.016039
0000000920,-0.01952
0000000930,-0.017899
0000000940,-0.014561
0000000950,-0.019472
0000000960,-0.014561
0000000970,-0.014704
0000000980,-0.016039
0000000990,-0.015133
0000001000,-0.014084
0000001010,-0.017946
0000001020,-0.018471
0000001030,-0.015181
0000001040,-0.018614
0000001050,-0.015133
0000001060,-0.017184
0000001070,-0.016802
0000001080,-0.012892
0000001090,-0.013178
0000001100,-0.015991
0000001110,-0.016897
0000001120,-0.016754
0000001130,-0.015753
0000001140,-0.016564
0000001150,-0.015467
0000001160,-0.015705
0000001170,-0.01561
0000001180,-0.014752
0000001190,-0.016039
0000001200,-0.013512
0000001210,-0.015753
0000001220,-0.015085
0000001230,-0.015467
0000001240,-0.016182
0000001250,-0.015801
0000001260,-0.016659
0000001270,-0.014704
0000001280,-0.015705
0000001290,-0.016945
0000001300,-0.016802
0000001310,-0.016087
0000001320,-0.015038
0000001330,-0.016421
0000001340,-0.016134
0000001350,-0.014847
0000001360,-0.016516
0000001370,-0.015085
0000001380,-0.01623
0000001390,-0.016373
0000001400,-0.017374
0000001410,-0.016134
0000001420,-0.015801
0000001430,-0.015944
0000001440,-0.017184
0000001450,-0.01747
0000001460,-0.015848
0000001470,-0.015848
0000001480,-0.016945
0000001490,-0.014561
0000001500,-0.016993
0000001510,-0.016945
0000001520,-0.016945
0000001530,-0.015848
0000001540,-0.014466
0000001550,-0.014561
0000001560,-0.016087
0000001570,-0.015896
0000001580,-0.015133
0000001590,-0.013369
0000001600,-0.016611
0000001610,-0.019091
0000001620,-0.017422
0000001630,-0.017231
0000001640,-0.014609
0000001650,-0.016564
0000001660,-0.014466
0000001670,-0.01437
0000001680,-0.016039
0000001690,-0.015133
0000001700,-0.015848
0000001710,-0.016707
0000001720,-0.015562
0000001730,-0.01623
0000001740,-0.016039
0000001750,-0.014847
0000001760,-0.018757
0000001770,-0.016993
0000001780,-0.016421
0000001790,-0.014942
0000001800,-0.017422
0000001810,-0.016182
0000001820,-0.015944
0000001830,-0.015085
0000001840,-0.017136
0000001850,-0.015324
0000001860,-0.015753
0000001870,-0.015419
0000001880,-0.01766
0000001890,-0.019091
0000001900,-0.015515
0000001910,-0.015085
0000001920,-0.016802
0000001930,-0.016611
0000001940,-0.018376
0000001950,-0.013989
0000001960,-0.01499
0000001970,-0.017136
0000001980,-0.016611
0000001990,-0.015133
0000002000,-0.01809
0000002010,-0.016897
0000002020,-0.016802
0000002030,-0.015801
0000002040,-0.014752
0000002050,-0.015419
0000002060,-0.015848
0000002070,-0.014561
0000002080,-0.014513
0000002090,-0.015991
0000002100,-0.016278
0000002110,-0.015658
0000002120,-0.014084
0000002130,-0.013846
0000002140,-0.014561
0000002150,-0.01747
0000002160,-0.012797
0000002170,-0.015515
0000002180,-0.017136
0000002190,-0.015467
0000002200,-0.01437
0000002210,-0.014704
0000002220,-0.015896
0000002230,-0.015229
0000002240,-0.016134
0000002250,-0.016039
0000002260,-0.014275
0000002270,-0.018423
0000002280,-0.016897
0000002290,-0.015896
0000002300,-0.016468
0000002310,-0.014036
0000002320,-0.016802
0000002330,-0.01437
0000002340,-0.016993
0000002350,-0.017136
0000002360,-0.014513
0000002370,-0.016802
0000002380,-0.013512
0000002390,-0.016278
0000002400,-0.01623
0000002410,-0.015705
0000002420,-0.016182
0000002430,-0.016182
0000002440,-0.018757
0000002450,-0.016278
0000002460,-0.017374
0000002470,-0.017088
0000002480,-0.016611
0000002490,-0.014799
0000002500,-0.014036
0000002510,-0.02014
0000002520,-0.0189
0000002530,-0.01499
0000002540,-0.016659
0000002550,-0.016373
0000002560,-0.016659
0000002570,-0.014227
0000002580,-0.020188
0000002590,-0.015944
0000002600,-0.012463
0000002610,-0.016707
0000002620,-0.016707
0000002630,-0.02219
0000002640,-0.018996
0000002650,-0.011509
0000002660,-0.017184
0000002670,-0.016802
0000002680,-0.015038
0000002690,-0.011366
0000002700,-0.017136
0000002710,-0.01685
0000002720,-0.01561
0000002730,-0.01766
0000002740,-0.015085
0000002750,-0.017422
0000002760,-0.016659
0000002770,-0.013035
0000002780,-0.016897
0000002790,-0.019758
0000002800,-0.015229
0000002810,-0.008934
0000002820,-0.00388
0000002830,-0.01313
0000002840,-0.014561
0000002850,-0.015991
0000002860,-0.013893
0000002870,-0.012558
0000002880,-0.018471
0000002890,-0.01561
0000002900,-0.009506
0000002910,-0.01437
0000002920,-0.018566
0000002930,-0.012415
0000002940,-0.015896
0000002950,-0.012892
0000002960,-0.010889
0000002970,-0.014704
0000002980,-0.015324
0000002990,-0.017613
0000003000,-0.017231
0000003010,-0.016134
0000003020,-0.014418
0000003030,-0.016182
0000003040,-0.015181
0000003050,-0.017279
0000003060,-0.019472
0000003070,-0.019711
0000003080,-0.01437
0000003090,-0.015801
0000003100,-0.014179
0000003110,-0.01232
0000003120,-0.01766
0000003130,-0.018996
0000003140,-0.017374
0000003150,-0.010174
0000003160,-0.012654
0000003170,-0.017136
0000003180,-0.014799
0000003190,-0.016945
0000003200,-0.016373
0000003210,-0.01313
0000003220,-0.015372
0000003230,-0.018376
0000003240,-0.018662
0000003250,-0.014704
0000003260,-0.016039
0000003270,-0.011223
0000003280,-0.018519
0000003290,-0.01437
0000003300,-0.012511
0000003310,-0.011032
0000003320,-0.019663
0000003330,-0.016611
0000003340,-0.012177
0000003350,-0.016039
0000003360,-0.018805
0000003370,-0.016516
0000003380,-0.010269
0000003390,-0.012463
0000003400,-0.008982
0000003410,-0.017994
0000003420,-0.016945
0000003430,-0.014609
0000003440,-0.01108
0000003450,-0.017327
0000003460,-0.014179
0000003470,-0.015705
0000003480,-0.018328
0000003490,-0.019282
0000003500,-0.014323
0000003510,-0.01766
0000003520,-0.012511
0000003530,-0.016325
0000003540,-0.010746
0000003550,-0.016421
0000003560,-0.016945
0000003570,-0.016278
0000003580,-0.012606
0000003590,-0.013655
0000003600,-0.010985
0000003610,-0.01232
0000003620,-0.017231
0000003630,-0.011605
0000003640,-0.016325
0000003650,-0.013273
0000003660,-0.012701
0000003670,-0.017279
0000003680,-0.015658
0000003690,-0.016516
0000003700,-0.018757
0000003710,-0.017136
0000003720,-0.017327
0000003730,-0.015944
0000003740,-0.018423
0000003750,-0.016039
0000003760,-0.020426
0000003770,-0.015467
0000003780,-0.014084
0000003790,-0.015515
0000003800,-0.014466
0000003810,-0.014179
0000003820,-0.019043
0000003830,-0.01561
0000003840,-0.016039
0000003850,-0.021284
0000003860,-0.015991
0000003870,-0.015991
0000003880,-0.013655
0000003890,-0.014418
0000003900,-0.015705
0000003910,-0.009697
0000003920,-0.014704
0000003930,-0.016373
0000003940,-0.013655
0000003950,-0.012987
0000003960,-0.014609
0000003970,-0.013083
0000003980,-0.008314
0000003990,-0.010317
0000004000,-0.016993
0000004010,-0.018566
0000004020,-0.014513
0000004030,-0.011032
0000004040,-0.015515
0000004050,-0.01747
0000004060,-0.016134
0000004070,-0.019758
0000004080,-0.01747
0000004090,-0.012129
0000004100,-0.015038
0000004110,-0.014942
0000004120,-0.019091
0000004130,-0.015705
0000004140,-0.013226
0000004150,-0.011843
0000004160,-0.017422
0000004170,-0.011318
0000004180,-0.011128
0000004190,-0.0189
0000004200,-0.016993
0000004210,-0.014561
0000004220,-0.01561
0000004230,-0.014132
0000004240,-0.018376
0000004250,-0.018614
0000004260,-0.019472
0000004270,-0.016421
0000004280,-0.011557
0000004290,-0.014179
0000004300,-0.013989
0000004310,-0.010079
0000004320,-0.011795
0000004330,-0.013273
0000004340,-0.016897
0000004350,-0.016897
0000004360,-0.011652
0000004370,-0.014513
0000004380,-0.017565
0000004390,-0.017422
0000004400,-0.012034
0000004410,-0.013703
0000004420,-0.016993
0000004430,-0.01561
0000004440,-0.012034
0000004450,-0.019329
0000004460,-0.022095
0000004470,-0.017517
0000004480,-0.014466
0000004490,-0.011938
0000004500,-0.014704
0000004510,-0.015467
0000004520,-0.016468
0000004530,-0.014799
0000004540,-0.017946
0000004550,-0.02076
0000004560,-0.015372
0000004570,-0.015181
0000004580,-0.012463
0000004590,-0.017708
0000004600,-0.012797
0000004610,-0.018662
0000004620,-0.020474
0000004630,-0.014275
0000004640,-0.015562
0000004650,-0.015467
0000004660,-0.022715
0000004670,-0.016516
0000004680,-0.013607
0000004690,-0.012987
0000004700,-0.0189
0000004710,-0.021141
0000004720,-0.018423
0000004730,-0.012701
0000004740,-0.016039
0000004750,-0.01437
0000004760,-0.016421
0000004770,-0.015896
0000004780,-0.014466
0000004790,-0.013464
0000004800,-0.015419
0000004810,-0.014656
0000004820,-0.015372
0000004830,-0.021809
0000004840,-0.014179
0000004850,-0.013607
0000004860,-0.015229
0000004870,-0.016802
0000004880,-0.015133
0000004890,-0.010699
0000004900,-0.018566
0000004910,-0.014084
0000004920,-0.015038
0000004930,-0.015562
0000004940,-0.01499
0000004950,-0.016897
0000004960,-0.012987
0000004970,-0.013846
0000004980,-0.009506
0000004990,-0.014275
0000005000,-0.017327
0000005010,-0.018566
0000005020,-0.015276
0000005030,-0.019234
0000005040,-0.017803
0000005050,-0.015991
0000005060,-0.014418
0000005070,-0.016134
0000005080,-0.014752
0000005090,-0.013273
0000005100,-0.016897
0000005110,-0.014895
0000005120,-0.012987
0000005130,-0.014323
0000005140,-0.016468
0000005150,-0.018996
0000005160,-0.015753
0000005170,-0.015085
0000005180,-0.013321
0000005190,-0.019615
0000005200,-0.01685
0000005210,-0.016945
0000005220,-0.020283
0000005230,-0.016516
0000005240,-0.015801
0000005250,-0.012558
0000005260,-0.015085
0000005270,-0.019472
0000005280,-0.011938
0000005290,-0.018423
0000005300,-0.020712
0000005310,-0.01766
0000005320,-0.013178
0000005330,-0.018042
0000005340,-0.009554
0000005350,-0.01437
0000005360,-0.011366
0000005370,-0.012081
0000005380,-0.011891
0000005390,-0.011128
0000005400,-0.015801
0000005410,-0.018423
0000005420,-0.018137
0000005430,-0.018662
0000005440,-0.016516
0000005450,-0.015801
0000005460,-0.010031
0000005470,-0.014084
0000005480,-0.022572
0000005490,-0.015848
0000005500,-0.014752
0000005510,-0.017851
0000005520,-0.014132
0000005530,-0.01294
0000005540,-0.014132
0000005550,-0.014799
0000005560,-0.010174
0000005570,-0.012511
0000005580,-0.016707
0000005590,-0.014847
0000005600,-0.013035
0000005610,-0.013798
0000005620,-0.015801
0000005630,-0.017946
0000005640,-0.00531
0000005650,-0.011414
0000005660,-0.018614
0000005670,-0.017946
0000005680,-0.01747
0000005690,-0.013369
0000005700,-0.012892
0000005710,-0.013703
0000005720,-0.018566
0000005730,-0.015753
0000005740,-0.014132
0000005750,-0.018137
0000005760,-0.020855
0000005770,-0.018519
0000005780,-0.015705
0000005790,-0.017565
0000005800,-0.014466
0000005810,-0.017517
0000005820,-0.019711
0000005830,-0.012272
0000005840,-0.017803
0000005850,-0.010794
0000005860,-0.012797
0000005870,-0.016659
0000005880,-0.019711
0000005890,-0.020664
0000005900,-0.011271
0000005910,-0.017946
0000005920,-0.018519
0000005930,-0.012797
0000005940,-0.022476
0000005950,-0.016468
0000005960,-0.01499
0000005970,-0.017136
0000005980,-0.016993
0000005990,-0.013798
0000006000,-0.018709
0000006010,-0.008648
0000006020,-0.012701
0000006030,-0.013798
0000006040,-0.019091
0000006050,-0.014561
0000006060,-0.019472
0000006070,-0.015324
0000006080,-0.016039
0000006090,-0.015753
0000006100,-0.016516
0000006110,-0.018233
0000006120,-0.017374
0000006130,-0.017851
0000006140,-0.010842
0000006150,-0.011938
0000006160,-0.021141
0000006170,-0.008028
0000006180,-0.017279
0000006190,-0.011128
0000006200,-0.020474
0000006210,-0.015085
0000006220,-0.012654
0000006230,-0.011461
0000006240,-0.01232
0000006250,-0.014036
0000006260,-0.017517
0000006270,-0.013655
0000006280,-0.011557
0000006290,-0.015991
0000006300,-0.018662
0000006310,-0.010746
0000006320,-0.011509
0000006330,-0.011461
0000006340,-0.016134
0000006350,-0.017803
0000006360,-0.01747
0000006370,-0.009888
0000006380,-0.021237
0000006390,-0.019091
0000006400,-0.017279
0000006410,-0.018996
0000006420,-0.015991
0000006430,-0.018805
0000006440,-0.016373
0000006450,-0.016182
0000006460,-0.019711
0000006470,-0.018376
0000006480,-0.020331
0000006490,-0.024575
0000006500,-0.014561
0000006510,-0.015085
0000006520,-0.015276
0000006530,-0.015753
0000006540,-0.013321
0000006550,-0.015372
0000006560,-0.017231
0000006570,-0.02653
0000006580,-0.012511
0000006590,-0.013703
0000006600,-0.02157
0000006610,-0.013226
0000006620,-0.011843
0000006630,-0.013703
0000006640,-0.015229
0000006650,-0.019663
0000006660,-0.015181
0000006670,-0.014847
0000006680,-0.013655
0000006690,-0.009316
0000006700,-0.016754
0000006710,-0.008028
0000006720,-0.015944
0000006730,-0.014656
0000006740,-0.016373
0000006750,-0.01561
0000006760,-0.014084
0000006770,-0.015038
0000006780,-0.016707
0000006790,-0.016993
0000006800,-0.013989
0000006810,-0.017088
0000006820,-0.01623
0000006830,-0.012511
0000006840,-0.014227
0000006850,-0.018757
0000006860,-0.015515
0000006870,-0.020569
0000006880,-0.020664
0000006890,-0.020521
0000006900,-0.01561
0000006910,-0.02219
0000006920,-0.022619
0000006930,-0.015658
0000006940,-0.014561
0000006950,-0.016707
0000006960,-0.018852
0000006970,-0.012987
0000006980,-0.013226
0000006990,-0.015276
0000007000,-0.019806
0000007010,-0.016468
0000007020,-0.017851
0000007030,-0.012511
0000007040,-0.020045
0000007050,-0.013083
0000007060,-0.016564
0000007070,-0.021713
0000007080,-0.015705
0000007090,-0.016897
0000007100,-0.022381
0000007110,-0.014466
0000007120,-0.011318
0000007130,-0.019711
0000007140,-0.015372
0000007150,-0.012034
0000007160,-0.016182
0000007170,-0.012606
0000007180,-0.014323
0000007190,-0.013035
0000007200,-0.013369
0000007210,-0.01747
0000007220,-0.018757
0000007230,-0.015944
0000007240,-0.018709
0000007250,-0.019711
0000007260,-0.011223
0000007270,-0.020664
0000007280,-0.018948
0000007290,-0.018042
0000007300,-0.012081
0000007310,-0.013846
0000007320,-0.014847
0000007330,-0.016087
0000007340,-0.011318
0000007350,-0.017994
0000007360,-0.014561
0000007370,-0.02076
0000007380,-0.014799
0000007390,-0.014323
0000007400,-0.010555
0000007410,-0.015085
0000007420,-0.016325
0000007430,-0.014418
0000007440,-0.020664
0000007450,-0.00965
0000007460,-0.01313
0000007470,-0.017613
0000007480,-0.015896
0000007490,-0.008076
0000007500,-0.014227
0000007510,-0.019615
0000007520,-0.0189
0000007530,-0.011652
0000007540,-0.024622
0000007550,-0.01747
0000007560,-0.016373
0000007570,-0.01685
0000007580,-0.019663
0000007590,-0.0189
0000007600,-0.013464
0000007610,-0.022953
0000007620,-0.011032
0000007630,-0.006502
0000007640,-0.01375
0000007650,-0.019568
0000007660,-0.023096
0000007670,-0.013893
0000007680,-0.019043
0000007690,-0.017803
0000007700,-0.020521
0000007710,-0.017803
0000007720,-0.010937
0000007730,-0.011891
0000007740,-0.019806
0000007750,-0.017517
0000007760,-0.017327
0000007770,-0.021427
0000007780,-0.010937
0000007790,-0.011032
0000007800,-0.015658
0000007810,-0.014942
0000007820,-0.017088
0000007830,-0.013369
0000007840,-0.022667
0000007850,-0.017088
0000007860,-0.010651
0000007870,-0.013989
0000007880,-0.018233
0000007890,-0.015515
0000007900,-0.023049
0000007910,-0.01828
0000007920,-0.011366
0000007930,-0.016993
0000007940,-0.021189
0000007950,-0.018423
0000007960,-0.013417
0000007970,-0.017708
0000007980,-0.011318
0000007990,-0.008362
0000008000,-0.01232
0000008010,-0.017994
0000008020,-0.015372
0000008030,-0.023478
0000008040,-0.02014
0000008050,-0.020045
0000008060,-0.015562
0000008070,-0.014275
0000008080,-0.013226
0000008090,-0.014179
0000008100,-0.021713
0000008110,-0.012844
0000008120,-0.01952
0000008130,-0.0117
0000008140,-0.013893
0000008150,-0.014704
0000008160,-0.022047
0000008170,-0.020951
0000008180,-0.012415
0000008190,-0.019615
0000008200,-0.01623
0000008210,-0.018042
0000008220,-0.014656
0000008230,-0.013846
0000008240,-0.01561
0000008250,-0.020951
0000008260,-0.014942
0000008270,-0.018137
0000008280,-0.016945
0000008290,-0.014275
0000008300,-0.016611
0000008310,-0.013226
0000008320,-0.014609
0000008330,-0.010603
0000008340,-0.01685
0000008350,-0.017374
0000008360,-0.013512
0000008370,-0.015896
0000008380,-0.013035
0000008390,-0.014942
0000008400,-0.017327
0000008410,-0.017708
0000008420,-0.015229
0000008430,-0.009411
0000008440,-0.020569
0000008450,-0.022381
0000008460,-0.017946
0000008470,-0.011366
0000008480,-0.017088
0000008490,-0.007504
0000008500,-0.012749
0000008510,-0.018423
0000008520,-0.016134
0000008530,-0.017756
0000008540,-0.012558
0000008550,-0.008934
0000008560,-0.023907
0000008570,-0.0189
0000008580,-0.016707
0000008590,-0.020617
0000008600,-0.016993
0000008610,-0.012749
0000008620,-0.013703
0000008630,-0.015753
0000008640,-0.014466
0000008650,-0.016182
0000008660,-0.012511
0000008670,-0.016421
0000008680,-0.018709
0000008690,-0.022047
0000008700,-0.019615
0000008710,-0.011891
0000008720,-0.014656
0000008730,-0.018948
0000008740,-0.015848
0000008750,-0.013321
0000008760,-0.015419
0000008770,-0.017517
0000008780,-0.020331
0000008790,-0.021141
0000008800,-0.01375
0000008810,-0.015896
0000008820,-0.011938
0000008830,-0.017994
0000008840,-0.019663
0000008850,-0.017994
0000008860,-0.006932
0000008870,-0.021618
0000008880,-0.013941
0000008890,-0.03125
0000008900,0.017339
0000008910,-0.027054
0000008920,-0.006598
0000008930,-0.036305
0000008940,-0.004214
0000008950,-0.020712
0000008960,-0.021857
0000008970,-0.017231
0000008980,-0.024336
0000008990,-0.000494
0000009000,-0.031965
0000009010,-0.0086
0000009020,-0.015276
0000009030,-0.010031
0000009040,-0.020331
0000009050,-0.016754
0000009060,-0.008457
0000009070,-0.010079
0000009080,-0.017327
0000009090,-0.027149
0000009100,-0.014513
0000009110,-0.02014
0000009120,-0.018471
0000009130,-0.013369
0000009140,-0.015324
0000009150,-0.018328
0000009160,-0.016564
0000009170,-0.010699
0000009180,-0.016897
0000009190,-0.014847
0000009200,-0.016278
0000009210,-0.013512
0000009220,-0.015801
0000009230,-0.012034
0000009240,-0.018709
0000009250,-0.015181
0000009260,-0.020045
0000009270,-0.009602
0000009280,-0.021523
0000009290,-0.012606
0000009300,-0.012558
0000009310,-0.020092
0000009320,-0.016087
0000009330,-0.014227
0000009340,-0.004404
0000009350,-0.020235
0000009360,-0.013512
0000009370,-0.021427
0000009380,-0.015372
0000009390,-0.022238
0000009400,-0.020426
0000009410,-0.011843
0000009420,-0.014466
0000009430,-0.015705
0000009440,-0.024145
0000009450,-0.013083
0000009460,-0.01561
0000009470,-0.015753
0000009480,-0.01108
0000009490,-0.016516
0000009500,-0.019758
0000009510,-0.023478
0000009520,-0.014275
0000009530,-0.021284
0000009540,-0.011366
0000009550,-0.016659
0000009560,-0.019329
0000009570,-0.016325
0000009580,-0.013512
0000009590,-0.018519
0000009600,-0.014752
0000009610,-0.01747
0000009620,-0.010842
0000009630,-0.017994
0000009640,-0.014084
0000009650,-0.01623
0000009660,-0.019711
0000009670,-0.016611
0000009680,-0.017422
0000009690,-0.018185
0000009700,-0.012034
0000009710,-0.011366
0000009720,-0.019377
0000009730,-0.012844
0000009740,-0.010555
0000009750,-0.014656
0000009760,-0.017756
0000009770,-0.017279
0000009780,-0.014466
0000009790,-0.019425
0000009800,-0.011795
0000009810,-0.011414
0000009820,-0.019425
0000009830,-0.01766
0000009840,-0.019043
0000009850,-0.016564
0000009860,-0.012463
0000009870,-0.018185
0000009880,-0.01747
0000009890,-0.013083
0000009900,-0.016754
0000009910,-0.020903
0000009920,-0.018948
0000009930,-0.018471
0000009940,-0.012129
0000009950,-0.015753
0000009960,-0.015896
0000009970,-0.015324
0000009980,-0.014418
0000009990,-0.013464
0000010000,-0.017565
0000010010,-0.01623
0000010020,-0.019186
0000010030,-0.020331
0000010040,-0.01828
0000010050,-0.021713
0000010060,-0.015705
0000010070,-0.017422
0000010080,-0.013369
0000010090,-0.017184
0000010100,-0.014561
0000010110,-0.017279
0000010120,-0.017851
0000010130,-0.014609
0000010140,-0.011461
0000010150,-0.013417
0000010160,-0.016325
0000010170,-0.012797
0000010180,-0.018376
0000010190,-0.018852
0000010200,-0.014179
0000010210,-0.015467
0000010220,-0.015515
0000010230,-0.020998
0000010240,-0.016182
0000010250,-0.013512
0000010260,-0.018137
0000010270,-0.015181
0000010280,-0.019615
0000010290,-0.015133
0000010300,-0.014179
0000010310,-0.015991
0000010320,-0.01437
0000010330,-0.019377
0000010340,-0.01952
0000010350,-0.018423
0000010360,-0.01375
0000010370,-0.01046
0000010380,-0.017708
0000010390,-0.011605
0000010400,-0.014275
0000010410,-0.019472
0000010420,-0.015705
0000010430,-0.01437
0000010440,-0.02138
0000010450,-0.016039
0000010460,-0.012606
0000010470,-0.015944
0000010480,-0.017184
0000010490,-0.016182
0000010500,-0.014179
0000010510,-0.014704
0000010520,-0.018042
0000010530,-0.014513
0000010540,-0.015896
0000010550,-0.01828
0000010560,-0.021237
0000010570,-0.014895
0000010580,-0.016373
0000010590,-0.018328
0000010600,-0.016897
0000010610,-0.017088
0000010620,-0.010699
0000010630,-0.01561
0000010640,-0.019854
0000010650,-0.015229
0000010660,-0.015801
0000010670,-0.018042
0000010680,-0.019043
0000010690,-0.017517
0000010700,-0.013035
0000010710,-0.015515
0000010720,-0.019615
0000010730,-0.015515
0000010740,-0.016373
0000010750,-0.01828
0000010760,-0.016182
0000010770,-0.019854
0000010780,-0.021618
0000010790,-0.013607
0000010800,-0.006979
0000010810,-0.022476
0000010820,-0.021618
0000010830,-0.017422
0000010840,-0.01704
0000010850,-0.014179
0000010860,-0.016659
0000010870,-0.014036
0000010880,-0.015276
0000010890,-0.017851
0000010900,-0.019329
0000010910,-0.016134
0000010920,-0.014513
0000010930,-0.013035
0000010940,-0.014609
0000010950,-0.013369
0000010960,-0.017851
0000010970,-0.01809
0000010980,-0.021189
0000010990,-0.01809
0000011000,-0.01704
0000011010,-0.016945
0000011020,-0.015324
0000011030,-0.01828
0000011040,-0.015705
0000011050,-0.022572
0000011060,-0.013417
0000011070,-0.017565
0000011080,-0.014179
0000011090,-0.016754
0000011100,-0.018662
0000011110,-0.015229
0000011120,-0.013607
0000011130,-0.015133
0000011140,-0.014084
0000011150,-0.020331
0000011160,-0.023525
0000011170,-0.015276
0000011180,-0.018185
0000011190,-0.021189
0000011200,-0.007551
0000011210,-0.014799
0000011220,-0.014609
0000011230,-0.015753
0000011240,-0.015991
0000011250,-0.017374
0000011260,-0.013035
0000011270,-0.015944
0000011280,-0.014752
0000011290,-0.012749
0000011300,-0.016278
0000011310,-0.019663
0000011320,-0.018996
0000011330,-0.015562
0000011340,-0.012177
0000011350,-0.012654
0000011360,-0.021094
0000011370,-0.015896
0000011380,-0.017851
0000011390,-0.014847
0000011400,-0.01313
0000011410,-0.018614
0000011420,-0.01747
0000011430,-0.01623
0000011440,-0.018757
0000011450,-0.018185
0000011460,-0.012224
0000011470,-0.012606
0000011480,-0.015991
0000011490,-0.015372
0000011500,-0.014942
0000011510,-0.016659
0000011520,-0.018423
0000011530,-0.013846
0000011540,-0.016659
0000011550,-0.018376
0000011560,-0.015515
0000011570,-0.014179
0000011580,-0.015276
0000011590,-0.014609
0000011600,-0.014847
0000011610,-0.015753
0000011620,-0.018852
0000011630,-0.017088
0000011640,-0.015467
0000011650,-0.012987
0000011660,-0.01952
0000011670,-0.017279
0000011680,-0.016659
0000011690,-0.015467
0000011700,-0.019043
0000011710,-0.017851
0000011720,-0.017088
0000011730,-0.015991
0000011740,-0.018805
0000011750,-0.013941
0000011760,-0.015229
0000011770,-0.016754
0000011780,-0.016373
0000011790,-0.016754
0000011800,-0.014942
0000011810,-0.016564
0000011820,-0.017231
0000011830,-0.019711
0000011840,-0.017803
0000011850,-0.016468
0000011860,-0.014275
0000011870,-0.017088
0000011880,-0.01747
0000011890,-0.016421
0000011900,-0.01685
0000011910,-0.014179
0000011920,-0.014752
0000011930,-0.014466
0000011940,-0.015944
0000011950,-0.016087
0000011960,-0.018566
0000011970,-0.01809
0000011980,-0.019234
0000011990,-0.009888
0000012000,-0.01809
0000012010,-0.013703
0000012020,-0.01232
0000012030,-0.018185
0000012040,-0.015372
0000012050,-0.017374
0000012060,-0.01375
0000012070,-0.021427
0000012080,-0.015085
0000012090,-0.017279
0000012100,-0.012129
0000012110,-0.014799
0000012120,-0.013369
0000012130,-0.014799
0000012140,-0.014323
0000012150,-0.020474
0000012160,-0.017374
0000012170,-0.015801
0000012180,-0.01747
0000012190,-0.017613
0000012200,-0.014036
0000012210,-0.014656
0000012220,-0.015562
0000012230,-0.01437
0000012240,-0.013417
0000012250,-0.014036
0000012260,-0.015896
0000012270,-0.014656
0000012280,-0.013703
0000012290,-0.016325
0000012300,-0.019139
0000012310,-0.0117
0000012320,-0.015467
0000012330,-0.012415
0000012340,-0.019568
0000012350,-0.014656
0000012360,-0.014036
0000012370,-0.015085
0000012380,-0.018519
0000012390,-0.018423
0000012400,-0.018328
0000012410,-0.017946
0000012420,-0.016516
0000012430,-0.017517
0000012440,-0.014704
0000012450,-0.014513
0000012460,-0.015085
0000012470,-0.012558
0000012480,-0.012558
0000012490,-0.015658
0000012500,-0.014323
0000012510,-0.017851
0000012520,-0.014752
0000012530,-0.016802
0000012540,-0.016993
0000012550,-0.019663
0000012560,-0.015896
0000012570,-0.015753
0000012580,-0.01747
0000012590,-0.016516
0000012600,-0.015229
0000012610,-0.018996
0000012620,-0.019091
0000012630,-0.01561
0000012640,-0.01828
0000012650,-0.017803
0000012660,-0.01294
0000012670,-0.016134
0000012680,-0.016039
0000012690,-0.018614
0000012700,-0.015515
0000012710,-0.01685
0000012720,-0.016182
0000012730,-0.014132
0000012740,-0.016182
0000012750,-0.016945
0000012760,-0.017803
0000012770,-0.011938
0000012780,-0.017756
0000012790,-0.017851
0000012800,-0.017613
0000012810,-0.015991
0000012820,-0.015467
0000012830,-0.013893
0000012840,-0.015753
0000012850,-0.016134
0000012860,-0.015562
0000012870,-0.018233
0000012880,-0.016182
0000012890,-0.015181
0000012900,-0.016945
0000012910,-0.01561
0000012920,-0.018137
0000012930,-0.014799
0000012940,-0.014847
0000012950,-0.015896
0000012960,-0.016039
0000012970,-0.015515
0000012980,-0.016278
0000012990,-0.016945
0000013000,-0.016421
0000013010,-0.013893
0000013020,-0.014799
0000013030,-0.016564
0000013040,-0.015896
0000013050,-0.015562
0000013060,-0.01375
0000013070,-0.017231
0000013080,-0.018852
0000013090,-0.017088
0000013100,-0.016802
0000013110,-0.018471
0000013120,-0.013989
0000013130,-0.017899
0000013140,-0.018709
0000013150,-0.017803
0000013160,-0.015896
0000013170,-0.014752
0000013180,-0.014227
0000013190,-0.019186
0000013200,-0.013035
0000013210,-0.016897
0000013220,-0.017803
0000013230,-0.018137
0000013240,-0.01747
0000013250,-0.015372
0000013260,-0.021713
0000013270,-0.01561
0000013280,-0.014561
0000013290,-0.015896
0000013300,-0.012606
0000013310,-0.017184
0000013320,-0.018233
0000013330,-0.016802
0000013340,-0.012463
0000013350,-0.01704
0000013360,-0.017422
0000013370,-0.01623
0000013380,-0.017088
0000013390,-0.017327
0000013400,-0.018805
0000013410,-0.013464
0000013420,-0.014799
0000013430,-0.014847
0000013440,-0.019472
0000013450,-0.016325
0000013460,-0.018233
0000013470,-0.016993
0000013480,-0.013464
0000013490,-0.012797
0000013500,-0.017184
0000013510,-0.013846
0000013520,-0.014752
0000013530,-0.013273
0000013540,-0.01437
0000013550,-0.012749
0000013560,-0.016325
0000013570,-0.014227
0000013580,-0.014132
0000013590,-0.017136
0000013600,-0.015324
0000013610,-0.015658
0000013620,-0.017803
0000013630,-0.01766
0000013640,-0.01375
0000013650,-0.018709
0000013660,-0.014466
0000013670,-0.014275
0000013680,-0.017184
0000013690,-0.018757
0000013700,-0.015372
0000013710,-0.01766
0000013720,-0.014513
0000013730,-0.012892
0000013740,-0.013655
0000013750,-0.01704
0000013760,-0.014227
0000013770,-0.015753
0000013780,-0.018042
0000013790,-0.017565
0000013800,-0.013369
0000013810,-0.015848
0000013820,-0.015085
0000013830,-0.019043
0000013840,-0.014084
0000013850,-0.011557
0000013860,-0.014895
0000013870,-0.015896
0000013880,-0.013655
0000013890,-0.015229
0000013900,-0.015419
0000013910,-0.015229
0000013920,-0.015515
0000013930,-0.014656
0000013940,-0.017708
0000013950,-0.01828
0000013960,-0.013273
0000013970,-0.012797
0000013980,-0.018662
0000013990,-0.017613
0000014000,-0.015658
0000014010,-0.016993
0000014020,-0.016373
0000014030,-0.015848
0000014040,-0.01685
0000014050,-0.015372
0000014060,-0.014084
0000014070,-0.014227
0000014080,-0.017613
0000014090,-0.017327
0000014100,-0.015562
0000014110,-0.016945
0000014120,-0.01561
0000014130,-0.01232
0000014140,-0.01747
0000014150,-0.015133
0000014160,-0.016373
0000014170,-0.012749
0000014180,-0.017517
0000014190,-0.014513
0000014200,-0.016897
0000014210,-0.015801
0000014220,-0.01561
0000014230,-0.016897
0000014240,-0.015562
0000014250,-0.016516
0000014260,-0.016325
0000014270,-0.015133
0000014280,-0.016373
0000014290,-0.01766
0000014300,-0.014036
0000014310,-0.016897
0000014320,-0.016134
0000014330,-0.015944
0000014340,-0.015324
0000014350,-0.016278
0000014360,-0.015276
0000014370,-0.015991
0000014380,-0.015848
0000014390,-0.014704
0000014400,-0.013941
0000014410,-0.017851
0000014420,-0.016468
0000014430,-0.017279
0000014440,-0.015515
0000014450,-0.016707
0000014460,-0.017708
0000014470,-0.01685
0000014480,-0.014895
0000014490,-0.015562
0000014500,-0.016278
0000014510,-0.018042
0000014520,-0.013846
0000014530,-0.018709
0000014540,-0.015038
0000014550,-0.016993
0000014560,-0.015896
0000014570,-0.015085
0000014580,-0.01685
0000014590,-0.016659
0000014600,-0.013464
0000014610,-0.018376
0000014620,-0.013464
0000014630,-0.015515
0000014640,-0.01685
0000014650,-0.015467
0000014660,-0.015658
0000014670,-0.014036
0000014680,-0.016897
0000014690,-0.017565
0000014700,-0.014942
0000014710,-0.017994
0000014720,-0.013941
0000014730,-0.016373
0000014740,-0.016516
0000014750,-0.016039
0000014760,-0.016421
0000014770,-0.016659
0000014780,-0.014084
0000014790,-0.016945
0000014800,-0.018471
0000014810,-0.01499
0000014820,-0.01499
0000014830,-0.015705
0000014840,-0.015801
0000014850,-0.016468
0000014860,-0.016039
0000014870,-0.014084
0000014880,-0.015467
0000014890,-0.014323
0000014900,-0.015705
0000014910,-0.01685
0000014920,-0.016516
0000014930,-0.015658
0000014940,-0.018328
0000014950,-0.016039
0000014960,-0.015276
0000014970,-0.016897
0000014980,-0.015133
0000014990,-0.015038
0000015000,-0.014895
0000015010,-0.014942
0000015020,-0.014227
0000015030,-0.016039
0000015040,-0.017088
0000015050,-0.016564
0000015060,-0.01437
0000015070,-0.015372
0000015080,-0.015658
0000015090,-0.015944
0000015100,-0.016754
0000015110,-0.015515
0000015120,-0.015658
0000015130,-0.013226
0000015140,-0.017184
0000015150,-0.01499
0000015160,-0.015324
0000015170,-0.01561
0000015180,-0.01623
0000015190,-0.014847
0000015200,-0.016373
0000015210,-0.017422
0000015220,-0.016039
0000015230,-0.015991
0000015240,-0.016134
0000015250,-0.016754
0000015260,-0.01685
0000015270,-0.014799
0000015280,-0.016707
0000015290,-0.015085
0000015300,-0.014942
0000015310,-0.015085
0000015320,-0.01561
0000015330,-0.017088
0000015340,-0.017899
0000015350,-0.016087
0000015360,-0.015991
0000015370,-0.016897
0000015380,-0.017756
0000015390,-0.017565
0000015400,-0.014895
0000015410,-0.015658
0000015420,-0.017136
0000015430,-0.015324
0000015440,-0.016611
0000015450,-0.016516
0000015460,-0.015944
0000015470,-0.017803
0000015480,-0.015419
0000015490,-0.015801
0000015500,-0.014179
0000015510,-0.015848
0000015520,-0.013893
0000015530,-0.014895
0000015540,-0.017565
0000015550,-0.015133
0000015560,-0.015801
0000015570,-0.018233
0000015580,-0.016707
0000015590,-0.015085
0000015600,-0.013226
0000015610,-0.015991
0000015620,-0.016182
0000015630,-0.014752
0000015640,-0.01704
0000015650,-0.015896
0000015660,-0.015944
0000015670,-0.015515
0000015680,-0.016325
0000015690,-0.017803
0000015700,-0.016659
0000015710,-0.016659
0000015720,-0.015991
0000015730,-0.018996
0000015740,-0.015133
0000015750,-0.015324
0000015760,-0.01766
0000015770,-0.016325
0000015780,-0.016945
0000015790,-0.014609
0000015800,-0.014847
0000015810,-0.015085
0000015820,-0.015133
0000015830,-0.01766
0000015840,-0.014561
0000015850,-0.015801
0000015860,-0.016611
0000015870,-0.016325
0000015880,-0.015848
0000015890,-0.014942
0000015900,-0.016039
0000015910,-0.015944
0000015920,-0.016325
0000015930,-0.014323
0000015940,-0.015181
0000015950,-0.014561
0000015960,-0.017231
0000015970,-0.01623
0000015980,-0.014418
0000015990,-0.016659
