0000000000,-0.0117128
0000000010,-0.0250911
0000000020,-0.0209447
0000000030,-0.0205072
0000000040,-0.0223578
0000000050,-0.0152064
0000000060,-0.0172165
0000000070,-0.0246476
0000000080,-0.0124873
0000000090,-0.0145563
0000000100,-0.0219565
0000000110,-0.0137152
0000000120,-0.0174522
0000000130,-0.0200434
0000000140,-0.016066
0000000150,-0.0195432
0000000160,-0.011073
0000000170,-0.0326535
0000000180,-0.0209027
0000000190,-0.0112565
0000000200,-0.011461
0000000210,-0.0204284
0000000220,-0.0147314
0000000230,-0.0210829
0000000240,-0.0288064
0000000250,-0.0199192
0000000260,-0.0121962
0000000270,-0.0196751
0000000280,-0.0163395
0000000290,-0.0139186
0000000300,-0.0195282
0000000310,-0.0217772
0000000320,-0.020568
0000000330,-0.0122244
0000000340,-0.0196099
0000000350,-0.019762
0000000360,-0.013157
0000000370,-0.0134476
0000000380,-0.0139236
0000000390,-0.0144393
0000000400,-0.0269365
0000000410,-0.011677
0000000420,-0.0122731
0000000430,-0.0214405
0000000440,-0.0138716
0000000450,-0.0198732
0000000460,-0.0152958
0000000470,-0.0166151
0000000480,-0.0164267
0000000490,-0.0228731
0000000500,-0.0170334
0000000510,-0.0210843
0000000520,-0.0229062
0000000530,-0.0201311
0000000540,-0.0147063
0000000550,-0.0186698
0000000560,-0.0147546
0000000570,-0.0171733
0000000580,-0.0177168
0000000590,-0.0190999
0000000600,-0.0238914
0000000610,-0.0172297
0000000620,-0.0148387
0000000630,-0.0224385
0000000640,-0.0122183
0000000650,-0.0215745
0000000660,-0.0163834
0000000670,-0.023134
0000000680,-0.0189967
0000000690,-0.0120712
0000000700,-0.0254068
0000000710,-0.0220963
0000000720,-0.0166969
0000000730,-0.0150935
0000000740,-0.0168719
0000000750,-0.00985139
0000000760,-0.0226625
0000000770,-0.0212493
0000000780,-0.0196327
0000000790,-0.017857
0000000800,-0.0200146
0000000810,-0.0171663
0000000820,-0.0185611
0000000830,-0.0314339
0000000840,-0.0225546
0000000850,-0.00655136
0000000860,-0.00763904
0000000870,-0.0267808
0000000880,-0.022945
0000000890,-0.0207496
0000000900,-0.000352614
0000000910,0.000352321
0000000920,-0.0349032
0000000930,-0.022555
0000000940,-0.0183965
0000000950,-0.0158491
0000000960,-0.00969157
0000000970,-0.0188704
0000000980,-0.0181053
0000000990,-0.0273204
0000001000,-0.0277839
0000001010,-0.00362897
0000001020,-0.0174598
0000001030,-0.0126741
0000001040,-0.00099297
0000001050,-0.0202615
0000001060,-0.00704868
0000001070,0.00666602
0000001080,-0.0435408
0000001090,-0.0256931
0000001100,-0.0123792
0000001110,-0.0164327
0000001120,-0.0383701
0000001130,-0.0290062
0000001140,-0.00909115
0000001150,-0.00962388
0000001160,-0.0185447
0000001170,-0.0112017
0000001180,-0.0154747
0000001190,-0.020696
0000001200,-0.0118674
0000001210,-0.0186148
0000001220,-0.0250262
0000001230,-0.0180983
0000001240,-0.0226783
0000001250,-0.0108831
0000001260,-0.0157577
0000001270,-0.0241492
0000001280,-0.012896
0000001290,-0.0125386
0000001300,-0.0184861
0000001310,-0.0175706
0000001320,-0.0172496
0000001330,-0.0275298
0000001340,-0.0238913
0000001350,-0.0190568
0000001360,-0.0126636
0000001370,-0.0282097
0000001380,-0.0214748
0000001390,-0.0214785
0000001400,-0.0176117
0000001410,-0.0175021
0000001420,-0.0216449
0000001430,-0.00793284
0000001440,-0.0011495
0000001450,-0.0148143
0000001460,-0.0150782
0000001470,-0.021143
0000001480,-0.0211185
0000001490,-0.0251136
0000001500,-0.0115938
0000001510,-0.0187042
0000001520,-0.0214521
0000001530,-0.0222634
0000001540,-0.0227432
0000001550,-0.0216442
0000001560,-0.0193645
0000001570,-0.0202699
0000001580,-0.0200088
0000001590,-0.0193372
0000001600,-0.0259222
0000001610,-0.0125234
0000001620,-0.0182719
0000001630,-0.0210289
0000001640,-0.00535163
0000001650,-0.0183413
0000001660,-0.0155898
0000001670,-0.0239065
0000001680,-0.0152647
0000001690,-0.0154786
0000001700,-0.0169185
0000001710,-0.016992
0000001720,-0.0184421
0000001730,-0.0152412
0000001740,-0.0204378
0000001750,-0.0218127
0000001760,-0.0160105
0000001770,-0.0188763
0000001780,-0.0250781
0000001790,-0.0212853
0000001800,-0.0197538
0000001810,-0.0187065
0000001820,-0.0199412
0000001830,-0.0255412
0000001840,-0.0111237
0000001850,-0.0150701
0000001860,-0.0190342
0000001870,-0.0245771
0000001880,-0.0179201
0000001890,-0.0191923
0000001900,-0.0220956
0000001910,-0.0172177
0000001920,-0.0183644
0000001930,-0.0172933
0000001940,-0.0119145
0000001950,-0.0191904
0000001960,-0.00765201
0000001970,-0.01329
0000001980,-0.0183046
0000001990,-0.0162452
0000002000,-0.00891029
0000002010,-0.0172512
0000002020,-0.0102759
0000002030,-0.0214325
0000002040,-0.0110149
0000002050,-0.0113919
0000002060,-0.0112233
0000002070,-0.0286018
0000002080,-0.00837593
0000002090,-0.0212523
0000002100,-0.0154183
0000002110,-0.0226432
0000002120,-0.0124005
0000002130,-0.0226905
0000002140,-0.0166982
0000002150,-0.014643
0000002160,-0.012108
0000002170,-0.02725
0000002180,-0.0172221
0000002190,-0.0183151
0000002200,-0.0158574
0000002210,-0.0115692
0000002220,-0.0147262
0000002230,-0.0220896
0000002240,-0.0151752
0000002250,-0.0146211
0000002260,-0.0122936
0000002270,-0.0198295
0000002280,-0.0123302
0000002290,-0.0129096
0000002300,-0.0170488
0000002310,-0.0111043
0000002320,-0.0193762
0000002330,-0.01739
0000002340,-0.0202944
0000002350,-0.0115257
0000002360,-0.0199485
0000002370,-0.00682824
0000002380,-0.0162489
0000002390,-0.0117984
0000002400,-0.0251836
0000002410,-0.0203125
0000002420,-0.0181171
0000002430,-0.018734
0000002440,-0.0307845
0000002450,-0.0186821
0000002460,-0.0206291
0000002470,-0.0219734
0000002480,-0.0150323
0000002490,-0.0189912
0000002500,-0.0156858
0000002510,-0.00333833
0000002520,-0.0164304
0000002530,-0.0284032
0000002540,-0.0159532
0000002550,-0.0251521
0000002560,-0.0191624
0000002570,-0.0130716
0000002580,-0.0189507
0000002590,-0.018741
0000002600,-0.00675135
0000002610,-0.00614594
0000002620,-0.0151887
0000002630,-0.0131499
0000002640,-0.0209554
0000002650,-0.0155411
0000002660,-0.0212024
0000002670,-0.0203748
0000002680,-0.019213
0000002690,-0.0257265
0000002700,-0.0298197
0000002710,-0.0131179
0000002720,-0.0155592
0000002730,-0.0271992
0000002740,-0.00511727
0000002750,-0.0170117
0000002760,-0.0244265
0000002770,-0.020897
0000002780,-0.0181544
0000002790,-0.00606216
0000002800,-0.0170376
0000002810,-0.0282591
0000002820,-0.0124208
0000002830,-0.017661
0000002840,-0.0159277
0000002850,-0.0226685
0000002860,-0.0158188
0000002870,-0.0118489
0000002880,-0.0136366
0000002890,-0.0176212
0000002900,-0.0143722
0000002910,-0.0241689
0000002920,-0.0123913
0000002930,-0.0188965
0000002940,-0.0248223
0000002950,-0.0166871
0000002960,-0.0134892
0000002970,-0.0245953
0000002980,-0.0165569
0000002990,-0.0160537
0000003000,-0.019133
0000003010,-0.0227715
0000003020,-0.0149549
0000003030,-0.014881
0000003040,-0.0120926
0000003050,-0.0236894
0000003060,-0.0215601
0000003070,-0.009728
0000003080,-0.0215067
0000003090,-0.0113194
0000003100,-0.0131302
0000003110,-0.0152357
0000003120,-0.022873
0000003130,-0.0131454
0000003140,-0.0203393
0000003150,-0.00651719
0000003160,-0.0165173
0000003170,-0.0154575
0000003180,-0.0122831
0000003190,-0.00982621
0000003200,-0.00895816
0000003210,-0.0195231
0000003220,-0.0119895
0000003230,-0.0178677
0000003240,-0.0103423
0000003250,-0.0123074
0000003260,-0.0164765
0000003270,-0.0106935
0000003280,-0.0192769
0000003290,-0.00575978
0000003300,-0.0219871
0000003310,-0.017061
0000003320,-0.0146556
0000003330,-0.0202818
0000003340,-0.0202027
0000003350,-0.0186384
0000003360,-0.0199175
0000003370,-0.0151064
0000003380,-0.0221139
0000003390,-0.0180068
0000003400,-0.0212194
0000003410,-0.0149846
0000003420,-0.0205308
0000003430,-0.0200528
0000003440,-0.01471
0000003450,-0.0170604
0000003460,-0.0180036
0000003470,-0.0120821
0000003480,-0.0146199
0000003490,-0.0139037
0000003500,-0.0120657
0000003510,-0.00763444
0000003520,-0.0151264
0000003530,-0.00773535
0000003540,-0.0084925
0000003550,-0.016891
0000003560,-0.0212777
0000003570,-0.0156823
0000003580,-0.0151896
0000003590,-0.0204631
0000003600,-0.00885026
0000003610,-0.0217
0000003620,-0.0170173
0000003630,-0.0121025
0000003640,-0.0242152
0000003650,-0.0339357
0000003660,-0.0157044
0000003670,-0.0138302
0000003680,-0.0209179
0000003690,-0.0233313
0000003700,-0.0167747
0000003710,-0.0208422
0000003720,-0.0151484
0000003730,-0.00859248
0000003740,-0.0186976
0000003750,-0.00876659
0000003760,-0.01212
0000003770,-0.0196583
0000003780,-0.0144907
0000003790,-0.0156452
0000003800,-0.0165492
0000003810,-0.0245795
0000003820,-0.0185767
0000003830,-0.0143839
0000003840,-0.0199006
0000003850,-0.020867
0000003860,-0.0118433
0000003870,-0.0157131
0000003880,-0.00742121
0000003890,-0.0125545
0000003900,-0.0170132
0000003910,-0.0153706
0000003920,-0.0201162
0000003930,-0.0174051
0000003940,-0.0272644
0000003950,-0.00756119
0000003960,-0.0170702
0000003970,-0.0108435
0000003980,-0.0131126
0000003990,-0.019527
0000004000,-0.0133851
0000004010,-0.0163228
0000004020,-0.0172707
0000004030,-0.0173974
0000004040,-0.0226043
0000004050,-0.0167112
0000004060,-0.0213045
0000004070,-0.0187864
0000004080,-0.0233038
0000004090,-0.0200349
0000004100,-0.0202445
0000004110,-0.0159359
0000004120,-0.0154011
0000004130,-0.0186836
0000004140,-0.0172941
0000004150,-0.0222668
0000004160,-0.0126503
0000004170,-0.0165756
0000004180,-0.00937174
0000004190,-0.0210877
0000004200,-0.0185996
0000004210,-0.0210721
0000004220,-0.0218326
0000004230,-0.0231105
0000004240,-0.011377
0000004250,-0.0182726
0000004260,-0.0215412
0000004270,-0.0232729
0000004280,-0.0207518
0000004290,-0.0142734
0000004300,-0.0201925
0000004310,-0.0131763
0000004320,-0.0199528
0000004330,-0.0159018
0000004340,-0.0267659
0000004350,-0.0258591
0000004360,-0.0157732
0000004370,-0.0214706
0000004380,-0.00831719
0000004390,-0.0180791
0000004400,-0.0279544
0000004410,-0.0252027
0000004420,-0.0188284
0000004430,-0.0178531
0000004440,-0.020007
0000004450,-0.0123775
0000004460,-0.0218044
0000004470,-0.0117502
0000004480,-0.0163576
0000004490,-0.0178422
0000004500,-0.00595843
0000004510,-0.00969978
0000004520,-0.0136759
0000004530,-0.0115947
0000004540,-0.0198562
0000004550,-0.0178028
0000004560,-0.0179851
0000004570,-0.00421026
0000004580,-0.0272403
0000004590,-0.0125954
0000004600,-0.0285588
0000004610,-0.0140586
0000004620,-0.0157212
0000004630,-0.0214212
0000004640,-0.0155557
0000004650,-0.0206012
0000004660,-0.0251105
0000004670,-0.0236681
0000004680,-0.0172857
0000004690,-0.0177118
0000004700,-0.0198599
0000004710,-0.020655
0000004720,-0.0238713
0000004730,-0.0224776
0000004740,-0.0191873
0000004750,-0.0160451
0000004760,-0.0209187
0000004770,-0.025038
0000004780,-0.0269123
0000004790,-0.0236837
0000004800,-0.0214588
0000004810,-0.02216
0000004820,-0.00482996
0000004830,-0.0165796
0000004840,-0.0216392
0000004850,-0.019219
0000004860,-0.0166262
0000004870,-0.0344717
0000004880,-0.0259968
0000004890,-0.0155872
0000004900,-0.0171541
0000004910,-0.0239135
0000004920,-0.0117945
0000004930,-0.0186384
0000004940,-0.0123333
0000004950,-0.0197151
0000004960,-0.00757347
0000004970,-0.0056754
0000004980,-0.0192307
0000004990,-0.0134797
0000005000,-0.0141056
0000005010,-0.0175079
0000005020,-0.0122908
0000005030,-0.0260201
0000005040,-0.0333722
0000005050,-0.0131768
0000005060,-0.00836173
0000005070,-0.0113385
0000005080,-0.0244584
0000005090,-0.014287
0000005100,-0.0173608
0000005110,-0.0115817
0000005120,-0.0125376
0000005130,-0.0231564
0000005140,-0.0142627
0000005150,-0.0198732
0000005160,-0.0115427
0000005170,-0.0155209
0000005180,-0.0178461
0000005190,-0.0223362
0000005200,-0.0255521
0000005210,-0.00688741
0000005220,-0.0156574
0000005230,-0.0113246
0000005240,-0.0215557
0000005250,-0.0235599
0000005260,-0.0184338
0000005270,-0.0152856
0000005280,-0.0231709
0000005290,-0.00970743
0000005300,-0.0196393
0000005310,-0.0237913
0000005320,-0.0192699
0000005330,-0.0226147
0000005340,-0.0261657
0000005350,-0.0299485
0000005360,-0.0188175
0000005370,-0.0172574
0000005380,-0.0146552
0000005390,-0.0151562
0000005400,-0.0159782
0000005410,-0.0103024
0000005420,-0.0198006
0000005430,-0.0181774
0000005440,-0.0115991
0000005450,-0.0212758
0000005460,-0.0173597
0000005470,-0.0221925
0000005480,-0.0231927
0000005490,-0.0143897
0000005500,-0.0314354
0000005510,-0.00272931
0000005520,-0.015018
0000005530,0.00920616
0000005540,-0.0519346
0000005550,-0.0101959
0000005560,-0.0338292
0000005570,0.0139444
0000005580,-0.0282188
0000005590,-0.0275136
0000005600,-0.0147799
0000005610,-0.0252846
0000005620,0.00891575
0000005630,-0.0306532
0000005640,-0.00567436
0000005650,-0.0148449
0000005660,-0.0173821
0000005670,-0.017843
0000005680,-0.0263974
0000005690,-0.0171329
0000005700,-0.0189923
0000005710,-0.0190504
0000005720,-0.0198148
0000005730,-0.0121289
0000005740,-0.0090947
0000005750,-0.0269994
0000005760,-0.0191804
0000005770,-0.0124576
0000005780,-0.025852
0000005790,-0.0180452
0000005800,-0.0150897
0000005810,-0.0166237
0000005820,-0.0112421
0000005830,-0.0415833
0000005840,-0.00108245
0000005850,-0.0240987
0000005860,-0.0105447
0000005870,-0.0275732
0000005880,-0.0238208
0000005890,-0.0171155
0000005900,-0.0169273
0000005910,-0.00634093
0000005920,-0.0130785
0000005930,-0.0111503
0000005940,-0.0323046
0000005950,-0.00724189
0000005960,-0.0130541
0000005970,-0.0191848
0000005980,-0.0157744
0000005990,-0.0209775
0000006000,-0.0240738
0000006010,-0.00737441
0000006020,-0.0216961
0000006030,-0.0199481
0000006040,-0.0176834
0000006050,-0.0244296
0000006060,-0.0162761
0000006070,-0.0230424
0000006080,-0.0141804
0000006090,-0.0309055
0000006100,-0.0106659
0000006110,-0.0244729
0000006120,-0.0192404
0000006130,-0.0155189
0000006140,-0.0234456
0000006150,-0.0223463
0000006160,-0.01112
0000006170,-0.0275101
0000006180,-0.013087
0000006190,-0.0208964
0000006200,-0.0272572
0000006210,-0.0204599
0000006220,-0.0262866
0000006230,-0.014646
0000006240,-0.0170608
0000006250,-0.0229874
0000006260,-0.0213148
0000006270,-0.0189702
0000006280,-0.0264835
0000006290,-0.00785468
0000006300,-0.0248468
0000006310,-0.016663
0000006320,-0.016896
0000006330,-0.026862
0000006340,-0.0221052
0000006350,-0.00333434
0000006360,-0.0116671
0000006370,-0.0212297
0000006380,-0.0239204
0000006390,-0.00601378
0000006400,-0.012677
0000006410,-0.0272561
0000006420,-0.0160491
0000006430,-0.0261415
0000006440,-0.0162502
0000006450,-0.00660772
0000006460,-0.014961
0000006470,-0.0141229
0000006480,-0.0101107
0000006490,-0.0211582
0000006500,-0.0220877
0000006510,-0.0215944
0000006520,-0.0262589
0000006530,-0.0165549
0000006540,-0.0193227
0000006550,-0.0193927
0000006560,-0.0218326
0000006570,-0.019376
0000006580,-0.0178591
0000006590,-0.020162
0000006600,-0.0152545
0000006610,-0.027029
0000006620,-0.0236705
0000006630,-0.0127776
0000006640,-0.0272659
0000006650,-0.0253697
0000006660,-0.0284578
0000006670,-0.0312741
0000006680,-0.0311286
0000006690,-0.0268543
0000006700,-0.01941
0000006710,-0.00746887
0000006720,-0.013248
0000006730,-0.0174819
0000006740,-0.0160106
0000006750,-0.0143277
0000006760,-0.0246729
0000006770,-0.0299602
0000006780,-0.0137582
0000006790,-0.0261048
0000006800,-0.0235815
0000006810,-0.00579749
0000006820,-0.0178436
0000006830,-0.0190668
0000006840,-0.013779
0000006850,-0.0181802
0000006860,-0.007464
0000006870,-0.0195407
0000006880,-0.0134238
0000006890,-0.0161061
0000006900,-0.0147623
0000006910,-0.00884192
0000006920,-0.0156428
0000006930,-0.0125157
0000006940,-0.0274151
0000006950,-0.0176731
0000006960,-0.0235441
0000006970,-0.0157555
0000006980,-0.0273229
0000006990,-0.0235135
0000007000,-0.0286285
0000007010,-0.00931364
0000007020,-0.0201039
0000007030,-0.0150826
0000007040,-0.0160354
0000007050,-0.018116
0000007060,-0.0193153
0000007070,-0.0208413
0000007080,-0.0141591
0000007090,-0.016588
0000007100,-0.0205218
0000007110,-0.0125976
0000007120,-0.0128107
0000007130,-0.0182572
0000007140,-0.0202018
0000007150,-0.0140175
0000007160,-0.00908562
0000007170,-0.00924811
0000007180,-0.0171857
0000007190,-0.00748503
0000007200,-0.0283997
0000007210,-0.018707
0000007220,-0.0125499
0000007230,-0.0141446
0000007240,-0.0180237
0000007250,-0.0174688
0000007260,-0.0136873
0000007270,-0.0246967
0000007280,-0.0195226
0000007290,-0.0180938
0000007300,-0.0238565
0000007310,-0.0191569
0000007320,-0.0148498
0000007330,-0.0151079
0000007340,-0.0159559
0000007350,-0.0259123
0000007360,-0.0213703
0000007370,-0.0208578
0000007380,-0.0232758
0000007390,-0.0200587
0000007400,-0.015539
0000007410,-0.0113757
0000007420,-0.0256201
0000007430,-0.020469
0000007440,-0.0129548
0000007450,-0.0211839
0000007460,-0.0090218
0000007470,-0.018927
0000007480,-0.0259348
0000007490,-0.0146166
0000007500,-0.0230754
0000007510,-0.0212252
0000007520,-0.0185325
0000007530,-0.0272645
0000007540,-0.0140531
0000007550,-0.0137018
0000007560,-0.0208347
0000007570,-0.026426
0000007580,-0.0254663
0000007590,-0.0156327
0000007600,-0.0203985
0000007610,-0.0159593
0000007620,-0.0292855
0000007630,-0.0290189
0000007640,-0.0223819
0000007650,-0.024125
0000007660,-0.0284258
0000007670,-0.0124211
0000007680,-0.0161985
0000007690,-0.0169905
0000007700,-0.0162633
0000007710,-0.0345386
0000007720,-0.0150646
0000007730,-0.0177646
0000007740,-0.0268294
0000007750,-0.0190672
0000007760,-0.0149098
0000007770,-0.0150953
0000007780,-0.0170931
0000007790,-0.0288107
0000007800,-0.0223873
0000007810,-0.0190241
0000007820,-0.0192685
0000007830,-0.00626108
0000007840,-0.0147471
0000007850,-0.0226458
0000007860,-0.0264223
0000007870,-0.0134087
0000007880,-0.0149702
0000007890,-0.0120971
0000007900,-0.00960876
0000007910,-0.0203631
0000007920,-0.0147236
0000007930,-0.0274068
0000007940,-0.0252018
0000007950,-0.0146963
0000007960,-0.0136074
0000007970,-0.0177776
0000007980,-0.013227
0000007990,-0.0141815
0000008000,-0.0112318
0000008010,-0.0161516
0000008020,-0.0173193
0000008030,-0.0199294
0000008040,-0.0163344
0000008050,-0.0193771
0000008060,-0.0202566
0000008070,-0.0230525
0000008080,-0.0156682
0000008090,-0.0142663
0000008100,-0.0189617
0000008110,-0.0258053
0000008120,-0.0158388
0000008130,-0.0158859
0000008140,-0.0226362
0000008150,-0.00981207
0000008160,-0.0122667
0000008170,-0.0237386
0000008180,-0.0120642
0000008190,-0.0301048
0000008200,-0.017363
0000008210,-0.0194339
0000008220,-0.0148082
0000008230,-0.0177719
0000008240,-0.0180127
0000008250,-0.00472285
0000008260,-0.00955832
0000008270,-0.0139936
0000008280,-0.0228141
0000008290,-0.0197085
0000008300,-0.0168538
0000008310,-0.0184521
0000008320,-0.0126028
0000008330,-0.0110959
0000008340,-0.0122459
0000008350,-0.0189643
0000008360,-0.0179462
0000008370,-0.00733386
0000008380,-0.0219447
0000008390,-0.00906521
0000008400,-0.0131035
0000008410,-0.0201571
0000008420,-0.0238505
0000008430,-0.0133119
0000008440,-0.0170359
0000008450,-0.0230729
0000008460,-0.0152923
0000008470,-0.0172489
0000008480,-0.013939
0000008490,-0.0334899
0000008500,-0.0142885
0000008510,-0.0177264
0000008520,-0.0177132
0000008530,-0.0323679
0000008540,-0.012137
0000008550,-0.019375
0000008560,-0.0154294
0000008570,-0.00325893
0000008580,-0.0235427
0000008590,-0.0090049
0000008600,-0.0085621
0000008610,-0.0338779
0000008620,-0.0163349
0000008630,-0.0215769
0000008640,-0.0272132
0000008650,-0.0228329
0000008660,-0.0133175
0000008670,-0.0272178
0000008680,-0.0135607
0000008690,-0.0124015
0000008700,-0.0129638
0000008710,-0.0135543
0000008720,-0.0245273
0000008730,-0.00928729
0000008740,-0.0130583
0000008750,-0.0112608
0000008760,-0.0187781
0000008770,-0.0198462
0000008780,-0.0230283
0000008790,-0.0163263
0000008800,-0.0120822
0000008810,-0.0241704
0000008820,-0.0187945
0000008830,-0.0203877
0000008840,-0.016866
0000008850,-0.0166105
0000008860,-0.00569914
0000008870,-0.0199032
0000008880,-0.0209474
0000008890,-0.0226486
0000008900,-0.011958
0000008910,-0.0210111
0000008920,-0.0174196
0000008930,-0.0214079
0000008940,-0.0228872
0000008950,-0.0211768
0000008960,-0.0154145
0000008970,-0.00874738
0000008980,-0.02206
0000008990,-0.0139614
0000009000,-0.0122219
0000009010,-0.00991816
0000009020,-0.0230946
0000009030,-0.0267222
0000009040,-0.019236
0000009050,-0.0185471
0000009060,-0.0145336
0000009070,-0.0158522
0000009080,-0.0138719
0000009090,-0.0252395
0000009100,-0.0167263
0000009110,-0.00899838
0000009120,-0.0104443
0000009130,-0.0212694
0000009140,-0.0286033
0000009150,-0.00813872
0000009160,-0.0213378
0000009170,-0.0218766
0000009180,-0.0164142
0000009190,-0.00887614
0000009200,-0.0200773
0000009210,-0.0145492
0000009220,-0.0141291
0000009230,-0.0214169
0000009240,-0.0204468
0000009250,-0.0148124
0000009260,-0.0138915
0000009270,-0.0245165
0000009280,-0.0241592
0000009290,-0.0121709
0000009300,-0.0116199
0000009310,-0.0212769
0000009320,-0.0249396
0000009330,-0.0125183
0000009340,-0.0285333
0000009350,-0.0176907
0000009360,-0.0171503
0000009370,-0.018271
0000009380,-0.0197064
0000009390,-0.0218326
0000009400,-0.0208165
0000009410,-0.0243738
0000009420,-0.013854
0000009430,-0.0204582
0000009440,-0.026965
0000009450,-0.0185171
0000009460,-0.00462826
0000009470,-0.0164097
0000009480,-0.0218534
0000009490,-0.0239105
0000009500,-0.0250323
0000009510,-0.0195581
0000009520,-0.0134391
0000009530,-0.0212153
0000009540,-0.023964
0000009550,-0.0212042
0000009560,-0.0148832
0000009570,-0.0115348
0000009580,-0.0276009
0000009590,-0.0134754
0000009600,-0.0239076
0000009610,-0.0183127
0000009620,-0.0128961
0000009630,-0.0143716
0000009640,-0.0194389
0000009650,-0.0248388
0000009660,-0.0198657
0000009670,-0.0174324
0000009680,-0.0196802
0000009690,-0.0173013
0000009700,-0.0213734
0000009710,-0.0281995
0000009720,-0.0204351
0000009730,-0.0166755
0000009740,-0.0185345
0000009750,-0.0214301
0000009760,-0.0288507
0000009770,-0.0253685
0000009780,-0.0195792
0000009790,-0.020623
0000009800,-0.0184674
0000009810,-0.0224021
0000009820,-0.0146357
0000009830,-0.00762561
0000009840,-0.0208957
0000009850,-0.0160515
0000009860,-0.0285593
0000009870,-0.0223071
0000009880,-0.024104
0000009890,-0.0264515
0000009900,-0.0177146
0000009910,-0.029167
0000009920,-0.0242311
0000009930,-0.0262315
0000009940,-0.0195767
0000009950,-0.0166137
0000009960,-0.0181997
0000009970,-0.0187651
0000009980,-0.0155551
0000009990,-0.0227673
0000010000,-0.0152036
0000010010,-0.0155863
0000010020,-0.0164999
0000010030,-0.0136367
0000010040,-0.0209518
0000010050,-0.0146776
0000010060,-0.0218002
0000010070,-0.0213783
0000010080,-0.0212461
0000010090,-0.0184498
0000010100,-0.0217955
0000010110,-0.0189203
0000010120,-0.0282326
0000010130,-0.0199448
0000010140,-0.00919763
0000010150,-0.0233646
0000010160,-0.0184865
0000010170,-0.0191881
0000010180,-0.0155404
0000010190,-0.0243792
0000010200,-0.0216171
0000010210,-0.0132751
0000010220,-0.00630615
0000010230,-0.013684
0000010240,-0.0290728
0000010250,-0.0220838
0000010260,-0.0158601
0000010270,-0.0090553
0000010280,-0.0251506
0000010290,-0.0150391
0000010300,-0.0203973
0000010310,-0.0242522
0000010320,-0.0217466
0000010330,-0.0190479
0000010340,-0.0237059
0000010350,-0.0246427
0000010360,-0.0252755
0000010370,-0.0190861
0000010380,-0.0196027
0000010390,-0.0237671
0000010400,-0.0235949
0000010410,-0.0116644
0000010420,-0.0344075
0000010430,-0.0163988
0000010440,-0.0153985
0000010450,-0.0197986
0000010460,-0.0200604
0000010470,-0.0217123
0000010480,-0.0151575
0000010490,-0.0133389
0000010500,-0.0237295
0000010510,-0.0208739
0000010520,-0.0228736
0000010530,-0.0179637
0000010540,-0.0208281
0000010550,-0.0153561
0000010560,-0.0216586
0000010570,-0.0245465
0000010580,-0.0178689
0000010590,-0.018972
0000010600,-0.01766
0000010610,-0.0183255
0000010620,-0.0143607
0000010630,-0.0175346
0000010640,-0.02811
0000010650,-0.016398
0000010660,-0.0101746
0000010670,-0.0227499
0000010680,-0.0109428
0000010690,-0.0209835
0000010700,-0.0127431
0000010710,-0.0131353
0000010720,-0.00812752
0000010730,-0.0166155
0000010740,-0.0133111
0000010750,-0.0147296
0000010760,-0.0154375
0000010770,-0.0240785
0000010780,-0.0272602
0000010790,-0.022435
0000010800,-0.0141286
0000010810,-0.0165367
0000010820,-0.0209113
0000010830,-0.0166363
0000010840,-0.0155809
0000010850,-0.0320302
0000010860,-0.0154062
0000010870,-0.00652128
0000010880,-0.00808422
0000010890,-0.0209816
0000010900,-0.0179935
0000010910,-0.0186982
0000010920,-0.0184838
0000010930,-0.0188016
0000010940,-0.0226643
0000010950,-0.0100741
0000010960,-0.0147518
0000010970,-0.0162006
0000010980,-0.0187017
0000010990,-0.028811
0000011000,-0.0121328
0000011010,-0.0229099
0000011020,-0.0189817
0000011030,-0.0186265
0000011040,-0.023463
0000011050,-0.0176715
0000011060,-0.01304
0000011070,-0.0171665
0000011080,-0.0141761
0000011090,-0.0211001
0000011100,-0.0224477
0000011110,-0.0142103
0000011120,-0.0218133
0000011130,-0.0214992
0000011140,-0.0161934
0000011150,-0.0240445
0000011160,-0.0144893
0000011170,-0.0207828
0000011180,-0.0202666
0000011190,-0.0119557
0000011200,-0.015147
0000011210,-0.0266633
0000011220,-0.0160448
0000011230,-0.0166199
0000011240,-0.0119147
0000011250,-0.0206213
0000011260,-0.0165823
0000011270,-0.0173745
0000011280,-0.0172113
0000011290,-0.0205375
0000011300,-0.0169632
0000011310,-0.012928
0000011320,-0.0192828
0000011330,-0.0181343
0000011340,-0.0150335
0000011350,-0.0239624
0000011360,-0.0284984
0000011370,-0.0112038
0000011380,-0.0199634
0000011390,-0.0119387
0000011400,-0.0174822
0000011410,-0.00734727
0000011420,-0.02228
0000011430,-0.0226271
0000011440,-0.0142834
0000011450,-0.0228832
0000011460,-0.0146534
0000011470,-0.0144165
0000011480,-0.0229755
0000011490,-0.0176589
0000011500,-0.018228
0000011510,-0.0189204
0000011520,-0.0179541
0000011530,-0.0118969
0000011540,-0.0185771
0000011550,-0.0207639
0000011560,-0.0171741
0000011570,-0.0176679
0000011580,-0.0254716
0000011590,-0.0288006
0000011600,-0.0115195
0000011610,-0.0249242
0000011620,-0.0109455
0000011630,-0.021136
0000011640,-0.0149953
0000011650,-0.0229489
0000011660,-0.01545
0000011670,-0.0117792
0000011680,-0.0152491
0000011690,-0.0196329
0000011700,-0.00842133
0000011710,-0.0167816
0000011720,-0.0146863
0000011730,-0.025306
0000011740,-0.011505
0000011750,-0.0204898
0000011760,-0.0297524
0000011770,-0.0167655
0000011780,-0.0133364
0000011790,-0.0137246
0000011800,-0.0144952
0000011810,-0.024691
0000011820,-0.0218337
0000011830,-0.0155672
0000011840,-0.0189736
0000011850,-0.0211176
0000011860,-0.0256251
0000011870,-0.0215162
0000011880,-0.015671
0000011890,-0.0142927
0000011900,-0.0171301
0000011910,-0.0230108
0000011920,-0.0143582
0000011930,-0.0235743
0000011940,-0.00998795
0000011950,-0.0206249
0000011960,-0.00944562
0000011970,-0.0212359
0000011980,-0.0146005
0000011990,-0.0137255
0000012000,-0.00903236
0000012010,-0.0132023
0000012020,-0.0235149
0000012030,-0.0190253
0000012040,-0.0157154
0000012050,-0.0202955
0000012060,-0.0246512
0000012070,-0.0252086
0000012080,-0.0195972
0000012090,-0.0265456
0000012100,-0.0182312
0000012110,-0.0116719
0000012120,-0.0204611
0000012130,-0.0292233
0000012140,-0.0158588
0000012150,-0.0244024
0000012160,-0.0144027
0000012170,-0.0129869
0000012180,-0.013765
0000012190,-0.0162736
0000012200,-0.0150675
0000012210,-0.0180041
0000012220,-0.0161417
0000012230,-0.0152188
0000012240,-0.0301721
0000012250,-0.0142702
0000012260,-0.0223696
0000012270,-0.0150121
0000012280,-0.0175765
0000012290,-0.00897397
0000012300,-0.0219609
0000012310,-0.0240507
0000012320,-0.00941101
0000012330,-0.0217814
0000012340,-0.019815
0000012350,-0.0215255
0000012360,-0.0218549
0000012370,-0.0210155
0000012380,-0.0218325
0000012390,-0.0186847
0000012400,-0.0172566
0000012410,-0.021734
0000012420,-0.00979144
0000012430,-0.0111022
0000012440,-0.0215361
0000012450,-0.022657
0000012460,-0.0301712
0000012470,-0.0188847
0000012480,-0.0153356
0000012490,-0.0177757
0000012500,-0.0137446
0000012510,-0.0183351
0000012520,-0.0194569
0000012530,-0.0239965
0000012540,-0.023767
0000012550,-0.0196071
0000012560,-0.0189302
0000012570,-0.0221604
0000012580,-0.0148461
0000012590,-0.0196074
0000012600,-0.0178272
0000012610,-0.0210749
0000012620,-0.0185214
0000012630,-0.00700382
0000012640,-0.0208463
0000012650,-0.01355
0000012660,-0.0249684
0000012670,-0.0141739
0000012680,-0.0122962
0000012690,-0.0165187
0000012700,-0.0236865
0000012710,-0.0209656
0000012720,-0.0259183
0000012730,-0.013
0000012740,-0.019571
0000012750,-0.0192376
0000012760,-0.0131882
0000012770,-0.00684344
0000012780,-0.0231634
0000012790,-0.00875542
0000012800,-0.0140062
0000012810,-0.00677854
0000012820,-0.018488
0000012830,-0.0145435
0000012840,-0.0239447
0000012850,-0.0132958
0000012860,-0.0130131
0000012870,-0.0238377
0000012880,-0.0175688
0000012890,-0.0156064
0000012900,-0.0121425
0000012910,-0.0152895
0000012920,-0.019114
0000012930,-0.0272822
0000012940,-0.0228406
0000012950,-0.0219227
0000012960,-0.0159697
0000012970,-0.0209386
0000012980,-0.0206473
0000012990,-0.0162955
0000013000,-0.0232178
0000013010,-0.0152388
0000013020,-0.0255326
0000013030,-0.0224779
0000013040,-0.019346
0000013050,-0.00957325
0000013060,-0.0195587
0000013070,-0.0216112
0000013080,-0.0197804
0000013090,-0.0168627
0000013100,-0.0247877
0000013110,-0.025268
0000013120,-0.0170634
0000013130,-0.0138996
0000013140,-0.0229521
0000013150,-0.0138458
0000013160,-0.0140336
0000013170,-0.028141
0000013180,-0.019294
0000013190,-0.0209671
0000013200,-0.0181946
0000013210,-0.0146997
0000013220,-0.0246601
0000013230,-0.0168382
0000013240,-0.0160191
0000013250,-0.0141176
0000013260,-0.0214518
0000013270,-0.0217496
0000013280,-0.0196944
0000013290,-0.0213268
0000013300,-0.0182381
0000013310,-0.0246404
0000013320,-0.0171895
0000013330,-0.0185732
0000013340,-0.0168568
0000013350,-0.0183996
0000013360,-0.0200759
0000013370,-0.0124019
0000013380,-0.0185325
0000013390,-0.0135787
0000013400,-0.0193212
0000013410,-0.0207098
0000013420,-0.0182648
0000013430,-0.0216142
0000013440,-0.0191429
0000013450,-0.0218191
0000013460,-0.0203989
0000013470,-0.0149232
0000013480,-0.0111158
0000013490,-0.0133435
0000013500,-0.0111172
0000013510,-0.0204131
0000013520,-0.00850892
0000013530,-0.0257952
0000013540,-0.0185552
0000013550,-0.0280952
0000013560,-0.0116189
0000013570,-0.0216396
0000013580,-0.0198175
0000013590,-0.0289435
0000013600,-0.02232
0000013610,-0.0251286
0000013620,-0.0196159
0000013630,-0.00901563
0000013640,-0.0169551
0000013650,-0.0151507
0000013660,-0.024352
0000013670,-0.0146082
0000013680,-0.019541
0000013690,-0.0211146
0000013700,-0.0245672
0000013710,-0.0109829
0000013720,-0.0140764
0000013730,-0.0197095
0000013740,-0.0100577
0000013750,-0.0204684
0000013760,-0.0234884
0000013770,-0.0185445
0000013780,-0.0068227
0000013790,-0.0172344
0000013800,-0.0230979
0000013810,-0.0212925
0000013820,-0.0238431
0000013830,-0.0242025
0000013840,-0.0133249
0000013850,-0.00965179
0000013860,-0.0126166
0000013870,-0.024835
0000013880,-0.0133622
0000013890,-0.0198976
0000013900,-0.0243065
0000013910,-0.0150515
0000013920,-0.0189033
0000013930,-0.022075
0000013940,-0.0122409
0000013950,-0.0219725
0000013960,-0.0248165
0000013970,-0.0153195
0000013980,-0.0236516
0000013990,-0.0135544
0000014000,-0.0196985
0000014010,-0.0204307
0000014020,-0.0129061
0000014030,-0.0184566
0000014040,-0.00847471
0000014050,-0.0198044
0000014060,-0.0161423
0000014070,-0.0281792
0000014080,-0.0150433
0000014090,-0.0225193
0000014100,-0.0239412
0000014110,-0.0192363
0000014120,-0.012268
0000014130,-0.0193557
0000014140,-0.0164242
0000014150,-0.0221917
0000014160,-0.00958449
0000014170,-0.0243417
0000014180,-0.0136123
0000014190,-0.0232469
0000014200,-0.0101974
0000014210,-0.019196
0000014220,-0.0201505
0000014230,-0.0182408
0000014240,-0.0170282
0000014250,-0.0115193
0000014260,-0.0180776
0000014270,-0.0222784
0000014280,-0.0157331
0000014290,-0.0192596
0000014300,-0.0267567
0000014310,-0.0209342
0000014320,-0.0169241
0000014330,-0.0137105
0000014340,-0.0236228
0000014350,-0.0172306
0000014360,-0.0131412
0000014370,-0.0175721
0000014380,-0.0210881
0000014390,-0.0142831
0000014400,-0.0021603
0000014410,-0.0113049
0000014420,-0.0257444
0000014430,-0.0178653
0000014440,-0.0217093
0000014450,-0.0105458
0000014460,-0.01627
0000014470,-0.0189794
0000014480,-0.0176236
0000014490,-0.0141297
0000014500,-0.0228394
0000014510,-0.0215504
0000014520,-0.0111099
0000014530,-0.0176384
0000014540,-0.0186868
0000014550,-0.0176481
0000014560,-0.0154488
0000014570,-0.0221027
0000014580,-0.0172461
0000014590,-0.0248343
0000014600,-0.0317025
0000014610,-0.022202
0000014620,-0.0173361
0000014630,-0.0220353
0000014640,-0.019966
0000014650,-0.0194867
0000014660,-0.0151764
0000014670,-0.0190976
0000014680,-0.0176959
0000014690,-0.0202828
0000014700,-0.0298419
0000014710,-0.0139065
0000014720,-0.0136603
0000014730,-0.0183421
0000014740,-0.0209319
0000014750,-0.0262377
0000014760,-0.0165626
0000014770,-0.0190112
0000014780,-0.0204326
0000014790,-0.0192316
0000014800,-0.0216374
0000014810,-0.012231
0000014820,-0.0142003
0000014830,-0.00788532
0000014840,-0.0132514
0000014850,-0.0256426
0000014860,-0.0196739
0000014870,-0.0104764
0000014880,-0.0134228
0000014890,-0.0212503
0000014900,-0.0217017
0000014910,-0.0155521
0000014920,-0.0164557
0000014930,-0.0160897
0000014940,-0.0197274
0000014950,-0.0249424
0000014960,-0.0224065
0000014970,-0.00864088
0000014980,-0.0127311
0000014990,-0.022124
0000015000,-0.0254242
0000015010,-0.0190513
0000015020,-0.0143468
0000015030,-0.0160309
0000015040,-0.0143596
0000015050,-0.0177303
0000015060,-0.0222286
0000015070,-0.014594
0000015080,-0.0167335
0000015090,-0.0144384
0000015100,-0.0169756
0000015110,-0.0138811
0000015120,-0.0186806
0000015130,-0.0277458
0000015140,-0.0181053
0000015150,-0.0173953
0000015160,-0.0103236
0000015170,-0.0234547
0000015180,-0.0165896
0000015190,-0.0186548
0000015200,-0.0167843
0000015210,-0.0205712
0000015220,-0.023296
0000015230,-0.0232148
0000015240,-0.017921
0000015250,-0.0130696
0000015260,-0.0218639
0000015270,-0.0133548
0000015280,-0.0221239
0000015290,-0.017649
0000015300,-0.0225854
0000015310,-0.0155012
0000015320,-0.021812
0000015330,-0.0168802
0000015340,-0.0174715
0000015350,-0.0255896
0000015360,-0.0182112
0000015370,-0.0214157
0000015380,-0.0243384
0000015390,-0.016304
0000015400,-0.0181688
0000015410,-0.0231705
0000015420,-0.0107634
0000015430,-0.0168571
0000015440,-0.0122176
0000015450,-0.018008
0000015460,-0.0146955
0000015470,-0.0155551
0000015480,-0.015542
0000015490,-0.0156865
0000015500,-0.0178188
0000015510,-0.0211531
0000015520,-0.0121943
0000015530,-0.0180026
0000015540,-0.012821
0000015550,-0.0159687
0000015560,-0.0159031
0000015570,-0.0229749
0000015580,-0.0254366
0000015590,-0.0172279
0000015600,-0.0303974
0000015610,-0.0196999
0000015620,-0.022943
0000015630,-0.016104
0000015640,-0.0212698
0000015650,-0.00972993
0000015660,-0.0200002
0000015670,-0.0166272
0000015680,-0.0143427
0000015690,-0.0191694
0000015700,-0.0175435
0000015710,-0.0177188
0000015720,-0.0183589
0000015730,-0.0190969
0000015740,-0.0107546
0000015750,-0.0143339
0000015760,-0.0149886
0000015770,-0.0102391
0000015780,-0.0136847
0000015790,-0.0205948
0000015800,-0.0167014
0000015810,-0.00902709
0000015820,-0.00720689
0000015830,-0.0166367
0000015840,-0.0120791
0000015850,-0.00952513
0000015860,-0.0264357
0000015870,-0.0214937
0000015880,-0.0181331
0000015890,-0.0191009
0000015900,-0.0141346
0000015910,-0.0215453
0000015920,-0.0237872
0000015930,-0.0177813
0000015940,-0.0167455
0000015950,-0.0164883
0000015960,-0.0205682
0000015970,-0.0236411
0000015980,-0.0159284
0000015990,-0.0198842
