0000000000,-0.0226804
0000000010,-0.0186418
0000000020,0.00414284
0000000030,-0.0100992
0000000040,-0.0167184
0000000050,-0.0128635
0000000060,-0.013297
0000000070,-0.0136784
0000000080,-0.0120067
0000000090,-0.0163056
0000000100,-0.0149283
0000000110,-0.0123991
0000000120,-0.023077
0000000130,-0.0142216
0000000140,-0.018236
0000000150,-0.01891
0000000160,-0.0209366
0000000170,-0.00990229
0000000180,-0.0275899
0000000190,-0.0106978
0000000200,-0.00946915
0000000210,-0.0197583
0000000220,-0.0166183
0000000230,-0.00808932
0000000240,-0.0159302
0000000250,-0.0298052
0000000260,-0.0307944
0000000270,-0.0180207
0000000280,-0.0126763
0000000290,-0.0299018
0000000300,-0.0126481
0000000310,-0.00283782
0000000320,0.00102486
0000000330,-0.00818532
0000000340,-0.0252106
0000000350,-0.0223627
0000000360,-0.0174824
0000000370,-0.0224792
0000000380,-0.0169817
0000000390,-0.0113446
0000000400,-0.0242875
0000000410,-0.019348
0000000420,-0.0121327
0000000430,-0.00495454
0000000440,-0.00215688
0000000450,-0.00531244
0000000460,-0.0215641
0000000470,-0.0151303
0000000480,-0.0221215
0000000490,-0.0263636
0000000500,-0.0197947
0000000510,-0.0246634
0000000520,-0.0191215
0000000530,-0.0272292
0000000540,-0.00676157
0000000550,-0.0163982
0000000560,-0.0206404
0000000570,-0.0139559
0000000580,-0.0131867
0000000590,-0.0314668
0000000600,-0.00210736
0000000610,-0.0258328
0000000620,-0.0255521
0000000630,-0.0244789
0000000640,-0.0135208
0000000650,-0.0162429
0000000660,-0.004595
0000000670,-0.0201752
0000000680,-0.0137164
0000000690,-0.0131277
0000000700,-0.0157317
0000000710,-0.0179418
0000000720,-0.00466597
0000000730,-0.0239188
0000000740,-0.00736485
0000000750,-0.0164346
0000000760,-0.0296287
0000000770,-0.0128995
0000000780,-0.0127604
0000000790,-0.0194622
0000000800,-0.0227226
0000000810,-0.0238542
0000000820,-0.0181276
0000000830,-0.0220587
0000000840,-0.0247342
0000000850,-0.020194
0000000860,0.00107644
0000000870,-0.0176481
0000000880,-0.0203058
0000000890,-0.00842314
0000000900,-0.0196077
0000000910,-0.027164
0000000920,-0.0148409
0000000930,-0.020339
0000000940,-0.0390858
0000000950,-0.0142858
0000000960,-0.0237832
0000000970,-0.0133587
0000000980,-0.0115875
0000000990,0.00428024
0000001000,-0.0248843
0000001010,-0.0136284
0000001020,8.84954e-05
0000001030,-0.0161941
0000001040,-0.0034939
0000001050,-0.00767926
0000001060,-0.0143295
0000001070,-0.0197543
0000001080,-0.0193995
0000001090,-0.0156241
0000001100,-0.0185457
0000001110,-0.0134341
0000001120,-0.00894692
0000001130,-0.01518
0000001140,-0.0135379
0000001150,-0.0203505
0000001160,-0.0194906
0000001170,-0.000249937
0000001180,-0.00827109
0000001190,-0.0234022
0000001200,-0.010849
0000001210,-0.0209259
0000001220,-0.0189859
0000001230,-0.023276
0000001240,-0.0173567
0000001250,-0.0110167
0000001260,-0.0285372
0000001270,-0.0276186
0000001280,-0.0115853
0000001290,-0.0213434
0000001300,-0.0187162
0000001310,-0.0267059
0000001320,-0.0157613
0000001330,-0.0228747
0000001340,-0.0319379
0000001350,-0.019106
0000001360,-0.0159824
0000001370,-0.0113326
0000001380,-0.0151146
0000001390,0.000981502
0000001400,-0.0105045
0000001410,-0.00806988
0000001420,-0.0144647
0000001430,-0.0246689
0000001440,-0.0144819
0000001450,-0.0125928
0000001460,-0.0163773
0000001470,-0.0274873
0000001480,-0.00926337
0000001490,-0.0115013
0000001500,-0.0260023
0000001510,-0.0150038
0000001520,-0.0183219
0000001530,-0.0242993
0000001540,-0.0145858
0000001550,-0.0103746
0000001560,-0.020546
0000001570,-0.025414
0000001580,-0.0130269
0000001590,-0.0174512
0000001600,-0.018177
0000001610,-0.01892
0000001620,-0.0194608
0000001630,-0.0117794
0000001640,-0.0234865
0000001650,-0.0272917
0000001660,-0.032303
0000001670,-0.0225774
0000001680,-0.0141439
0000001690,-0.019885
0000001700,-0.00949648
0000001710,-0.0123658
0000001720,-0.0154291
0000001730,-0.0164042
0000001740,0.00850625
0000001750,-0.00927964
0000001760,-0.0372152
0000001770,-0.0126402
0000001780,-0.0168303
0000001790,-0.0377219
0000001800,-0.0241151
0000001810,-0.0177045
0000001820,-0.0142315
0000001830,-0.0261655
0000001840,-0.0140798
0000001850,-0.020669
0000001860,-0.00885989
0000001870,-0.0258373
0000001880,-0.0174662
0000001890,-0.0150392
0000001900,-0.0265577
0000001910,-0.00936298
0000001920,-0.0203244
0000001930,-0.0283058
0000001940,-0.0244706
0000001950,-0.00948239
0000001960,-0.0115012
0000001970,-0.0178804
0000001980,-0.0191602
0000001990,-0.0109468
0000002000,-0.0173413
0000002010,-0.0185545
0000002020,0.00189028
0000002030,-0.0185044
0000002040,-0.0162096
0000002050,-0.0211921
0000002060,-0.00806136
0000002070,-0.0106275
0000002080,-0.030658
0000002090,-0.0161352
0000002100,-0.0157793
0000002110,-0.0333742
0000002120,-0.00967051
0000002130,-0.00558273
0000002140,-0.015838
0000002150,-0.0166375
0000002160,-0.0322262
0000002170,-0.00525511
0000002180,-0.0184822
0000002190,0.000156195
0000002200,-0.0115415
0000002210,-0.00863782
0000002220,-0.0264479
0000002230,-0.0162759
0000002240,-0.00512362
0000002250,-0.014242
0000002260,-0.0266198
0000002270,-0.013085
0000002280,-0.00968685
0000002290,-0.0257341
0000002300,-0.0123585
0000002310,-0.0153446
0000002320,-0.00745919
0000002330,-0.0104452
0000002340,-0.0077537
0000002350,-0.0159131
0000002360,0.00462205
0000002370,-0.0102856
0000002380,-0.0170922
0000002390,-0.0404904
0000002400,0.00522427
0000002410,-0.0424829
0000002420,-0.0255325
0000002430,-0.0350481
0000002440,-0.00678269
0000002450,-0.023567
0000002460,-0.00696221
0000002470,-0.0368908
0000002480,-0.0204969
0000002490,-0.00176502
0000002500,-0.0343785
0000002510,-0.0165172
0000002520,-0.0202884
0000002530,-0.0199537
0000002540,-0.0315442
0000002550,-0.0148875
0000002560,-0.0161754
0000002570,0.00661563
0000002580,-0.0192148
0000002590,-0.0109032
0000002600,-0.0157774
0000002610,-0.0256976
0000002620,-0.0184076
0000002630,-0.0240998
0000002640,-0.0100414
0000002650,-0.0144648
0000002660,-0.0252487
0000002670,-0.0153474
0000002680,-0.0269085
0000002690,-0.0259785
0000002700,-0.00798461
0000002710,-0.0112865
0000002720,-0.0139988
0000002730,-0.0208483
0000002740,-0.0229523
0000002750,-0.0136923
0000002760,-0.023629
0000002770,-0.0266361
0000002780,-0.00324415
0000002790,-0.00391785
0000002800,-0.0307569
0000002810,-0.0184483
0000002820,-0.0194558
0000002830,-0.0105634
0000002840,-0.0139863
0000002850,-0.0161287
0000002860,-0.0199527
0000002870,-0.00798454
0000002880,-0.0194655
0000002890,-0.0110467
0000002900,-0.0296122
0000002910,-0.0197635
0000002920,-0.0115295
0000002930,-0.0169047
0000002940,-0.022977
0000002950,-0.0242953
0000002960,-0.0145223
0000002970,-0.0204365
0000002980,-0.0220217
0000002990,-0.0159298
0000003000,-0.0141586
0000003010,-0.0197849
0000003020,-0.00857669
0000003030,-0.00652877
0000003040,-0.0054156
0000003050,-0.0074303
0000003060,-0.0181863
0000003070,-0.00626254
0000003080,-0.0131773
0000003090,-0.0133559
0000003100,-0.00490964
0000003110,-0.0167501
0000003120,-0.0154426
0000003130,-0.0240862
0000003140,-0.0112726
0000003150,-0.0169295
0000003160,-0.0236979
0000003170,-0.0160497
0000003180,-0.036475
0000003190,-0.0105644
0000003200,-0.0230598
0000003210,-0.0305807
0000003220,-0.0157909
0000003230,-0.00729048
0000003240,-0.0168679
0000003250,-0.0176111
0000003260,-0.0268543
0000003270,-0.0127671
0000003280,-0.0170609
0000003290,-0.0222776
0000003300,-0.00761443
0000003310,-0.0248508
0000003320,-0.0221268
0000003330,-0.0181309
0000003340,-0.0149974
0000003350,-0.0289412
0000003360,-0.0144446
0000003370,-0.0229278
0000003380,-0.011593
0000003390,-0.0125537
0000003400,-0.0162745
0000003410,-0.0116577
0000003420,-0.00865168
0000003430,-0.0044782
0000003440,-0.017721
0000003450,-0.0148167
0000003460,-0.0159206
0000003470,-0.0183667
0000003480,-0.00969254
0000003490,-0.0143251
0000003500,-0.0163705
0000003510,-0.0120277
0000003520,-0.022593
0000003530,-0.00709221
0000003540,-0.0200081
0000003550,-0.0141934
0000003560,-0.00242954
0000003570,-0.0170844
0000003580,-0.0167966
0000003590,-0.0193089
0000003600,-0.0262389
0000003610,-0.0112718
0000003620,-0.0249593
0000003630,-0.0153491
0000003640,-0.0199466
0000003650,-0.0216526
0000003660,-0.0193742
0000003670,-0.0238358
0000003680,-0.020529
0000003690,-0.0266735
0000003700,-0.0191304
0000003710,-0.0192446
0000003720,-0.00634872
0000003730,0.00015689
0000003740,-0.0172544
0000003750,-0.0359134
0000003760,-0.0252338
0000003770,-0.021981
0000003780,-0.0132859
0000003790,-0.0277853
0000003800,-0.00640899
0000003810,-0.0163734
0000003820,-0.0224584
0000003830,-0.00218878
0000003840,-0.0167972
0000003850,-0.00412642
0000003860,-0.0073793
0000003870,-0.0170392
0000003880,-0.0209709
0000003890,-0.0102742
0000003900,-0.00532895
0000003910,-0.00636954
0000003920,-0.0103458
0000003930,-0.0152991
0000003940,-0.0307637
0000003950,-0.0145194
0000003960,-0.0215404
0000003970,-0.0090048
0000003980,-0.0159817
0000003990,-0.0245795
0000004000,-0.00475896
0000004010,-0.0137356
0000004020,-0.00728943
0000004030,-0.00262797
0000004040,-0.0168535
0000004050,-0.0183381
0000004060,-0.0244134
0000004070,-0.0131682
0000004080,-0.00552102
0000004090,-0.0044708
0000004100,-0.0197475
0000004110,-0.0169054
0000004120,-0.0102391
0000004130,-0.0276669
0000004140,-0.0412303
0000004150,-0.0220329
0000004160,-0.0187564
0000004170,-0.020956
0000004180,-0.0174863
0000004190,-0.0126501
0000004200,-0.0275587
0000004210,-0.0219795
0000004220,-0.0283597
0000004230,-0.0171675
0000004240,-0.0391197
0000004250,-0.00884194
0000004260,-0.0136913
0000004270,-0.0158376
0000004280,-0.0233928
0000004290,-0.00482335
0000004300,-0.00383328
0000004310,-0.00720859
0000004320,-0.0240142
0000004330,-0.0107925
0000004340,-0.0134915
0000004350,-0.0147803
0000004360,-0.0230907
0000004370,-0.0210524
0000004380,0.00321744
0000004390,-0.0267285
0000004400,-0.0187519
0000004410,-0.0239663
0000004420,-0.0330097
0000004430,-0.0279225
0000004440,-0.00510639
0000004450,-0.00697746
0000004460,-0.0179082
0000004470,-0.00951769
0000004480,-0.00597479
0000004490,-0.0140459
0000004500,-0.0159203
0000004510,-0.00912785
0000004520,-0.016139
0000004530,-0.0051548
0000004540,-0.0167453
0000004550,-0.0131002
0000004560,-0.0172602
0000004570,-0.0290352
0000004580,-0.0133121
0000004590,-0.0127716
0000004600,-0.0249242
0000004610,-0.0196769
0000004620,-0.00578004
0000004630,-0.0170247
0000004640,-0.00513596
0000004650,-0.0202284
0000004660,-0.0203025
0000004670,-0.0130731
0000004680,-0.0256029
0000004690,-0.0074351
0000004700,-0.00776874
0000004710,-0.0174724
0000004720,-0.0211129
0000004730,-0.0211405
0000004740,-0.0139902
0000004750,-0.00223663
0000004760,-0.03315
0000004770,-0.0048869
0000004780,-0.0129339
0000004790,-0.0147471
0000004800,-0.00955751
0000004810,-0.0223761
0000004820,-0.00410816
0000004830,-0.0180522
0000004840,-0.00832045
0000004850,-0.0183584
0000004860,-0.00622721
0000004870,-0.0167878
0000004880,-0.00638155
0000004890,-0.00738436
0000004900,-0.0158345
0000004910,-0.0340355
0000004920,-0.0208837
0000004930,-0.0235401
0000004940,0.00284448
0000004950,-0.0102687
0000004960,-0.0237375
0000004970,-0.0183952
0000004980,-0.0191485
0000004990,-0.00982357
0000005000,-0.0317827
0000005010,-0.0245445
0000005020,-0.0110073
0000005030,-0.0328344
0000005040,-0.0164189
0000005050,-0.0165118
0000005060,-0.0158171
0000005070,-0.0273943
0000005080,-0.00601029
0000005090,-0.00470735
0000005100,-0.0234348
0000005110,-0.0170773
0000005120,-0.0306528
0000005130,-0.0137369
0000005140,-0.00868024
0000005150,-0.0324196
0000005160,-0.0173122
0000005170,-0.0165152
0000005180,-0.0286913
0000005190,-0.0205846
0000005200,-0.0038565
0000005210,-0.0087762
0000005220,-0.0215798
0000005230,-0.00431566
0000005240,-0.00529456
0000005250,-0.0184454
0000005260,-0.00333029
0000005270,-9.72486e-05
0000005280,-0.0143228
0000005290,-0.0238513
0000005300,-0.0136017
0000005310,-0.00710458
0000005320,-0.0283459
0000005330,-0.0116064
0000005340,-0.00992174
0000005350,-0.00475919
0000005360,-0.0171439
0000005370,-0.0146258
0000005380,-0.0159447
0000005390,-0.00815294
0000005400,-0.00212884
0000005410,-0.0141819
0000005420,-0.0219146
0000005430,-0.0181476
0000005440,-0.0224311
0000005450,-0.0211103
0000005460,-0.0222975
0000005470,-0.017382
0000005480,-0.0243224
0000005490,-0.0211633
0000005500,-0.00762594
0000005510,-0.0247997
0000005520,-0.00814486
0000005530,-0.0107627
0000005540,-0.0105399
0000005550,-0.0222359
0000005560,-0.00961584
0000005570,-0.0157764
0000005580,-0.0140918
0000005590,-0.0181699
0000005600,-0.0305458
0000005610,-0.00427007
0000005620,-0.013517
0000005630,-0.0139482
0000005640,-0.0126324
0000005650,-0.0221036
0000005660,-0.0213592
0000005670,-0.0286864
0000005680,-0.0103522
0000005690,-0.0163128
0000005700,-0.0258245
0000005710,-0.00122216
0000005720,-0.0209033
0000005730,-0.0208992
0000005740,-0.0276462
0000005750,-0.0179871
0000005760,-0.0248871
0000005770,-0.0125949
0000005780,-0.0176932
0000005790,-0.0155911
0000005800,-0.0307755
0000005810,-0.0183952
0000005820,-0.00908392
0000005830,-0.0165365
0000005840,-0.0328569
0000005850,-0.0124548
0000005860,-0.00692645
0000005870,-0.00716538
0000005880,-0.0183049
0000005890,-0.0305196
0000005900,-0.0199504
0000005910,-0.0141149
0000005920,-0.0329366
0000005930,-0.0198951
0000005940,-0.00366035
0000005950,-0.0116894
0000005960,-0.0076358
0000005970,-0.0265711
0000005980,-0.000122919
0000005990,-0.0149894
0000006000,-0.0101789
0000006010,-0.00148705
0000006020,-0.0136988
0000006030,-0.0160815
0000006040,-0.00629005
0000006050,-0.00479391
0000006060,-0.0155665
0000006070,-0.0167926
0000006080,-0.0114947
0000006090,-0.0261353
0000006100,-0.030803
0000006110,-0.0165794
0000006120,-0.0271651
0000006130,-0.0312648
0000006140,-0.00707209
0000006150,-0.0218243
0000006160,-0.0216189
0000006170,-0.0230247
0000006180,-0.0150499
0000006190,-0.00991349
0000006200,-0.0365955
0000006210,-0.0201746
0000006220,-0.0133403
0000006230,-0.0219207
0000006240,-0.0212827
0000006250,-0.0263738
0000006260,-0.0176487
0000006270,-0.00832259
0000006280,-0.00390607
0000006290,-0.0156734
0000006300,0.000864003
0000006310,-0.0207101
0000006320,-0.00384235
0000006330,-0.0154075
0000006340,-0.0339567
0000006350,-0.0261307
0000006360,-0.011631
0000006370,-0.015101
0000006380,-0.0182264
0000006390,-0.0204251
0000006400,-0.0199203
0000006410,-0.00957446
0000006420,-0.0142583
0000006430,-0.0280062
0000006440,-0.011131
0000006450,-0.0205958
0000006460,-0.00715302
0000006470,-0.0122461
0000006480,-0.0180415
0000006490,-0.00881
0000006500,0.00770919
0000006510,-0.013075
0000006520,-0.00815129
0000006530,-0.000546885
0000006540,-0.0160126
0000006550,-0.0109981
0000006560,-0.00732346
0000006570,-0.0196908
0000006580,-0.030449
0000006590,-0.0135039
0000006600,-0.0244981
0000006610,-0.0245533
0000006620,-0.0163065
0000006630,-0.0136722
0000006640,-0.0386358
0000006650,-0.018222
0000006660,-0.00539331
0000006670,-0.0186048
0000006680,-0.0271876
0000006690,-0.00574534
0000006700,-0.0262058
0000006710,-0.0177231
0000006720,-0.00935198
0000006730,-0.0203536
0000006740,0.000940687
0000006750,-0.0237469
0000006760,-0.0204174
0000006770,-0.0217755
0000006780,-0.0178815
0000006790,-0.00644185
0000006800,-0.0266594
0000006810,-0.0298934
0000006820,-0.0153557
0000006830,-0.0213873
0000006840,-0.0127976
0000006850,-0.00790079
0000006860,-0.0191877
0000006870,-0.0195511
0000006880,-0.0231371
0000006890,-0.0126983
0000006900,-0.0110183
0000006910,-0.0154361
0000006920,-0.024674
0000006930,-0.0205548
0000006940,-0.0201844
0000006950,-0.00423816
0000006960,-0.00820826
0000006970,-0.0124515
0000006980,-0.0267327
0000006990,-0.0175191
0000007000,0.00364658
0000007010,-0.00888624
0000007020,-0.0145257
0000007030,-0.0181148
0000007040,-0.0246621
0000007050,-0.0137341
0000007060,-0.028633
0000007070,-0.00748735
0000007080,-0.0101966
0000007090,-0.0280188
0000007100,-0.0273235
0000007110,-0.0143692
0000007120,-0.0038865
0000007130,-0.0187406
0000007140,-0.0158786
0000007150,-0.00943274
0000007160,-0.0270341
0000007170,-0.015918
0000007180,-0.0104941
0000007190,-0.0130739
0000007200,-0.00952548
0000007210,-0.0145722
0000007220,-0.0274718
0000007230,-0.0116142
0000007240,-0.0151436
0000007250,-0.0105928
0000007260,-0.0205783
0000007270,-0.00234887
0000007280,-0.01995
0000007290,-0.0185974
0000007300,-0.0342879
0000007310,-0.0301521
0000007320,-0.0137133
0000007330,-0.0132683
0000007340,-0.0229062
0000007350,-0.00732495
0000007360,-0.0172443
0000007370,-0.00829637
0000007380,-0.00657295
0000007390,-0.0162553
0000007400,-0.0140526
0000007410,-0.0330944
0000007420,-0.000693574
0000007430,-0.0200982
0000007440,-0.0303499
0000007450,-0.0124878
0000007460,-0.0124193
0000007470,-0.0197251
0000007480,-0.015955
0000007490,-0.0264422
0000007500,-0.0122901
0000007510,-0.018804
0000007520,-0.028156
0000007530,-0.017605
0000007540,-0.0225971
0000007550,-0.00414259
0000007560,-0.00375702
0000007570,-0.0119365
0000007580,-0.00736062
0000007590,-0.0171112
0000007600,-0.0267632
0000007610,-0.0181026
0000007620,-0.0160616
0000007630,-0.00999014
0000007640,-0.0241116
0000007650,-0.0186734
0000007660,-0.0152129
0000007670,-0.0245593
0000007680,-0.012505
0000007690,-0.00941517
0000007700,-0.00410177
0000007710,-0.00696703
0000007720,-0.0274061
0000007730,-0.030375
0000007740,-0.0232351
0000007750,-0.0152501
0000007760,-0.0157935
0000007770,-0.00828325
0000007780,-0.00917977
0000007790,-0.0147014
0000007800,-0.00831946
0000007810,-0.0218519
0000007820,-0.0165917
0000007830,-0.00155399
0000007840,-0.0251599
0000007850,-0.00268503
0000007860,-0.0167053
0000007870,-0.0205824
0000007880,-0.014022
0000007890,-0.0166287
0000007900,-0.0162492
0000007910,-0.0115076
0000007920,-0.0263451
0000007930,-0.0276157
0000007940,-0.0275285
0000007950,-0.0144321
0000007960,-0.00642262
0000007970,-0.0128705
0000007980,-0.0167448
0000007990,-0.0274069
0000008000,-0.0239012
0000008010,-0.0260322
0000008020,-0.0142848
0000008030,-0.00840816
0000008040,-0.00241735
0000008050,-0.0242936
0000008060,-0.0232383
0000008070,-0.0183781
0000008080,-0.0146671
0000008090,-0.0269817
0000008100,-0.0202159
0000008110,-0.0120473
0000008120,-0.018041
0000008130,-0.0177936
0000008140,-0.00627231
0000008150,-0.0168686
0000008160,-0.00786423
0000008170,-0.00859017
0000008180,-0.0131431
0000008190,-0.0286681
0000008200,-0.0197062
0000008210,-0.0368681
0000008220,-0.0087913
0000008230,-0.0246326
0000008240,-0.0192256
0000008250,-0.00925546
0000008260,-0.0195851
0000008270,-0.0131747
0000008280,-0.0233818
0000008290,-0.00612838
0000008300,-0.00886614
0000008310,-0.00240373
0000008320,-0.0286026
0000008330,-0.0104096
0000008340,-0.0320771
0000008350,-0.0194705
0000008360,-0.0178352
0000008370,-0.0172309
0000008380,-0.0060348
0000008390,-0.0160771
0000008400,-0.0294404
0000008410,-0.0124072
0000008420,-0.0206974
0000008430,-0.00480309
0000008440,-0.0233241
0000008450,-0.0138451
0000008460,-0.0165655
0000008470,-0.0230239
0000008480,-0.0135062
0000008490,-0.0155451
0000008500,-0.017222
0000008510,-0.00381786
0000008520,-0.00460237
0000008530,-0.0173602
0000008540,-0.00137186
0000008550,-0.0198658
0000008560,-0.0272534
0000008570,-0.0158903
0000008580,-0.00937516
0000008590,-0.022738
0000008600,-0.00737797
0000008610,-0.0132204
0000008620,-0.0139231
0000008630,-0.0275649
0000008640,-0.00865045
0000008650,-0.0198466
0000008660,-0.0109063
0000008670,-0.0179345
0000008680,-0.0301898
0000008690,-0.017358
0000008700,-0.0227803
0000008710,-0.0162628
0000008720,-0.0124286
0000008730,-0.0110622
0000008740,0.00144362
0000008750,-0.00926719
0000008760,-0.0279411
0000008770,-0.0150143
0000008780,-0.0145655
0000008790,-0.0242787
0000008800,-0.0273491
0000008810,-0.011016
0000008820,-0.00939345
0000008830,-0.0277688
0000008840,-0.0360511
0000008850,-0.0207575
0000008860,-0.0245346
0000008870,-0.0247386
0000008880,-0.0135433
0000008890,-0.0147083
0000008900,-0.0142756
0000008910,-0.000512345
0000008920,-0.0128412
0000008930,-0.0152444
0000008940,-0.0148767
0000008950,-0.00383564
0000008960,-0.0154502
0000008970,-0.0009899
0000008980,-0.015974
0000008990,-0.0360171
0000009000,-0.018787
0000009010,-0.0259081
0000009020,-0.0171268
0000009030,-0.0157451
0000009040,-0.0175545
0000009050,-0.0237988
0000009060,-0.0265692
0000009070,-0.0187605
0000009080,-0.0168215
0000009090,-0.0177455
0000009100,-0.0146902
0000009110,-0.0108593
0000009120,-0.0262932
0000009130,-0.0180572
0000009140,-0.0302178
0000009150,-0.0174016
0000009160,-0.0154984
0000009170,-0.0295483
0000009180,-0.00841256
0000009190,-0.016501
0000009200,-0.00750979
0000009210,-0.0204911
0000009220,-0.0113261
0000009230,-0.0297273
0000009240,-0.0111465
0000009250,-0.0173666
0000009260,-0.0219763
0000009270,-0.0116017
0000009280,-0.0330233
0000009290,-0.0268059
0000009300,-0.025834
0000009310,-0.0140811
0000009320,-0.0249388
0000009330,-0.0162028
0000009340,-0.0264022
0000009350,-0.0126546
0000009360,-0.0137411
0000009370,-0.0100479
0000009380,-0.00547581
0000009390,-0.0230117
0000009400,-0.00755232
0000009410,-0.0143272
0000009420,-0.00504519
0000009430,-0.0189664
0000009440,-0.0189286
0000009450,-0.0241172
0000009460,-0.0112005
0000009470,-0.0151828
0000009480,-0.00638285
0000009490,-0.0248442
0000009500,-0.00587893
0000009510,-0.0216081
0000009520,-0.0328531
0000009530,-0.0215933
0000009540,-0.00726041
0000009550,-0.00911163
0000009560,-0.0168427
0000009570,-0.0125866
0000009580,-0.0140759
0000009590,-0.0214542
0000009600,-0.01167
0000009610,-0.0183746
0000009620,-0.00654193
0000009630,-0.0179532
0000009640,-0.000475585
0000009650,-0.019762
0000009660,-0.0106025
0000009670,-0.0180674
0000009680,-0.00651377
0000009690,-0.0116454
0000009700,-0.0143781
0000009710,-0.0220459
0000009720,0.00294659
0000009730,-0.029935
0000009740,-0.0220233
0000009750,-0.0434683
0000009760,-0.0155363
0000009770,-0.0106933
0000009780,-0.00799168
0000009790,-0.0233861
0000009800,-0.0206682
0000009810,-0.0244701
0000009820,-0.0079715
0000009830,-0.0245826
0000009840,-0.00242483
0000009850,-0.00722032
0000009860,-0.0172349
0000009870,-0.0388321
0000009880,-0.010143
0000009890,-0.0177624
0000009900,-0.0258229
0000009910,-0.0219308
0000009920,-0.0156339
0000009930,-0.0225876
0000009940,-0.0265202
0000009950,-0.0130402
0000009960,-0.00992045
0000009970,-0.0097324
0000009980,-0.0262271
0000009990,-0.0156703
0000010000,-0.0166043
0000010010,-0.0256949
0000010020,-0.0189812
0000010030,-0.0184324
0000010040,-0.0228733
0000010050,-0.0242744
0000010060,-0.0168046
0000010070,-0.00561988
0000010080,-0.0171438
0000010090,-0.00446376
0000010100,-0.0122687
0000010110,0.00079701
0000010120,-0.00671962
0000010130,-0.00403375
0000010140,-0.0191682
0000010150,-0.0115478
0000010160,-0.0220819
0000010170,-0.0255586
0000010180,-0.0188497
0000010190,-0.021159
0000010200,-0.00106746
0000010210,-0.00615187
0000010220,-0.0288244
0000010230,-0.004664
0000010240,-0.0254487
0000010250,-0.0153857
0000010260,-0.0265718
0000010270,-0.00982819
0000010280,-0.0224938
0000010290,-0.014671
0000010300,-0.0155737
0000010310,-0.0206548
0000010320,-0.0294182
0000010330,-0.0302317
0000010340,-0.0263266
0000010350,-0.0173287
0000010360,-0.0150925
0000010370,-0.0164143
0000010380,-0.0160484
0000010390,-0.036876
0000010400,-0.0153804
0000010410,-0.012224
0000010420,-0.0145815
0000010430,-0.0249417
0000010440,-0.031254
0000010450,-0.00929938
0000010460,-0.0242952
0000010470,-0.0139416
0000010480,-0.0174946
0000010490,-0.0114563
0000010500,-0.00057323
0000010510,-0.0242385
0000010520,-0.0117632
0000010530,-0.00623425
0000010540,-0.00672693
0000010550,-0.00914416
0000010560,-0.0115643
0000010570,-0.0075091
0000010580,-0.00958358
0000010590,-0.032034
0000010600,-0.0424478
0000010610,-0.0165393
0000010620,-0.0234304
0000010630,-0.02227
0000010640,-0.0208718
0000010650,-0.00840165
0000010660,-0.0164896
0000010670,-0.0148615
0000010680,-0.0255891
0000010690,-0.0182016
0000010700,-0.018384
0000010710,-0.0139575
0000010720,-0.0161434
0000010730,-0.0144849
0000010740,-0.0165928
0000010750,-0.0187181
0000010760,-0.0141156
0000010770,-0.0177631
0000010780,-0.0307896
0000010790,-0.00839952
0000010800,-0.0183052
0000010810,-0.00838695
0000010820,-0.0196545
0000010830,-0.0191827
0000010840,-0.0284865
0000010850,-0.0337961
0000010860,0.00773723
0000010870,-0.00786632
0000010880,-0.0223557
0000010890,-0.0321256
0000010900,-0.0146967
0000010910,-0.0136743
0000010920,-0.0208365
0000010930,-0.010456
0000010940,-0.0254968
0000010950,-0.00785417
0000010960,-0.0188755
0000010970,-0.0104058
0000010980,-0.00676674
0000010990,-0.0111507
0000011000,-0.0106831
0000011010,-0.0203707
0000011020,-0.0218708
0000011030,-0.0163537
0000011040,-0.0306616
0000011050,-0.000495984
0000011060,-0.0255708
0000011070,-0.00932845
0000011080,-0.00691222
0000011090,-0.013558
0000011100,-0.0251357
0000011110,-0.0134769
0000011120,-0.0151418
0000011130,-0.00595203
0000011140,-0.0176026
0000011150,-0.0118041
0000011160,0.00688019
0000011170,-0.00925355
0000011180,-0.0213972
0000011190,-0.00388105
0000011200,-0.0205864
0000011210,-0.0175933
0000011220,-0.013536
0000011230,-0.00172228
0000011240,-0.0294803
0000011250,-0.0159171
0000011260,-0.0155006
0000011270,-0.0195955
0000011280,-0.0195701
0000011290,0.000665792
0000011300,-0.0158324
0000011310,-0.021607
0000011320,-0.00666224
0000011330,-0.0166543
0000011340,-0.0139411
0000011350,-0.014332
0000011360,-0.0090316
0000011370,-0.00482632
0000011380,-0.0137247
0000011390,-0.016818
0000011400,-0.0160062
0000011410,-0.0112076
0000011420,-0.0160306
0000011430,-0.00873108
0000011440,-0.0201372
0000011450,-0.00919919
0000011460,-0.0405239
0000011470,-0.0355033
0000011480,-0.0157954
0000011490,-0.0150857
0000011500,-0.0136382
0000011510,-0.0118327
0000011520,-0.0210314
0000011530,-0.0197978
0000011540,-0.015728
0000011550,-0.0119416
0000011560,-0.0134822
0000011570,-0.0092488
0000011580,-0.0150955
0000011590,-0.00459192
0000011600,-0.0127142
0000011610,-0.0290641
0000011620,-0.0178857
0000011630,-0.00767368
0000011640,-0.0102455
0000011650,-0.0104421
0000011660,-0.0225876
0000011670,-0.0103815
0000011680,-0.00586049
0000011690,-0.0268611
0000011700,-0.00189892
0000011710,-0.0276871
0000011720,-0.0153886
0000011730,-0.0134192
0000011740,-0.00240948
0000011750,-0.0163261
0000011760,-0.0145796
0000011770,-0.0149479
0000011780,-0.00317216
0000011790,-0.0229738
0000011800,-0.0103287
0000011810,-0.0165018
0000011820,-0.0180126
0000011830,-0.00104961
0000011840,-0.00393295
0000011850,-0.00159769
0000011860,-0.0156455
0000011870,-0.0250257
0000011880,-0.0140769
0000011890,-0.0234935
0000011900,-0.00120046
0000011910,0.000880987
0000011920,-0.0216688
0000011930,-0.0336093
0000011940,-0.0138983
0000011950,-0.00810261
0000011960,-0.00166704
0000011970,-0.0186286
0000011980,-0.0133976
0000011990,-0.0176125
0000012000,-0.00473827
0000012010,-0.00129152
0000012020,-0.0129243
0000012030,0.00247349
0000012040,-0.0189733
0000012050,-0.0027654
0000012060,-0.0144953
0000012070,-0.0252216
0000012080,-0.00464136
0000012090,-0.0090791
0000012100,0.00144479
0000012110,0.00512741
0000012120,-0.0124596
0000012130,-0.0239652
0000012140,-0.0126606
0000012150,-0.0177681
0000012160,-0.0132915
0000012170,-0.014552
0000012180,-0.0260669
0000012190,-0.0192264
0000012200,-0.00667545
0000012210,-0.0132031
0000012220,-0.0185655
0000012230,-0.00734719
0000012240,-0.0166124
0000012250,-0.0069899
0000012260,-0.0217497
0000012270,-0.00765998
0000012280,-0.0184173
0000012290,-0.0114338
0000012300,-0.00921293
0000012310,-0.0114331
0000012320,-0.00797343
0000012330,-0.0157699
0000012340,-0.0193595
0000012350,-0.00587609
0000012360,-0.0135326
0000012370,-0.014752
0000012380,-0.0031671
0000012390,-0.0118138
0000012400,-0.00550735
0000012410,-0.0165114
0000012420,-0.0278307
0000012430,-0.00848911
0000012440,-0.0023803
0000012450,0.00586567
0000012460,-0.0104293
0000012470,-0.00325217
0000012480,-0.00855553
0000012490,-0.0234736
0000012500,-0.0208954
0000012510,-0.00986968
0000012520,-0.0136048
0000012530,-0.00709108
0000012540,-0.012042
0000012550,-0.0172407
0000012560,-0.0259014
0000012570,-0.014479
0000012580,-0.0115335
0000012590,-0.0297022
0000012600,-0.0163485
0000012610,-0.0169594
0000012620,-0.0149746
0000012630,-0.0155162
0000012640,-0.0105334
0000012650,-0.0173523
0000012660,-0.015689
0000012670,-0.00786183
0000012680,-0.0245953
0000012690,-0.0165095
0000012700,-0.017909
0000012710,-0.00952959
0000012720,-0.0135191
0000012730,-0.0165491
0000012740,-0.0157683
0000012750,-0.0222661
0000012760,-0.00542912
0000012770,-0.0127391
0000012780,-0.00891217
0000012790,-0.0263885
0000012800,-0.0204921
0000012810,-0.029127
0000012820,-0.0065231
0000012830,-0.0135194
0000012840,-0.00477748
0000012850,-0.0235289
0000012860,-0.00350225
0000012870,-0.00582442
0000012880,-0.0224494
0000012890,-0.0225776
0000012900,-0.0171103
0000012910,-0.0159661
0000012920,-0.0144131
0000012930,-0.019209
0000012940,-0.0024322
0000012950,-0.0298456
0000012960,-0.00874208
0000012970,-0.0133147
0000012980,-0.017528
0000012990,-0.0277622
0000013000,-0.0213627
0000013010,-0.0319651
0000013020,-0.0165404
0000013030,-0.0156771
0000013040,-0.017948
0000013050,-0.00827356
0000013060,-0.0125916
0000013070,-0.0242444
0000013080,-0.0325848
0000013090,-0.0256939
0000013100,-0.0191298
0000013110,-0.019618
0000013120,-0.0331069
0000013130,-0.0186775
0000013140,-0.0254864
0000013150,-0.00493252
0000013160,-0.0207216
0000013170,-0.0252868
0000013180,-0.016878
0000013190,-0.0234459
0000013200,-0.0144772
0000013210,-0.0255262
0000013220,-0.0242262
0000013230,-0.0251084
0000013240,-0.0201069
0000013250,-0.0181692
0000013260,-0.0185659
0000013270,-0.0129835
0000013280,-0.0079242
0000013290,-0.0127921
0000013300,-0.00809044
0000013310,-0.0132348
0000013320,-0.0281613
0000013330,-0.0207359
0000013340,0.00379154
0000013350,-0.0184623
0000013360,-0.0229657
0000013370,-0.0203927
0000013380,-0.0192298
0000013390,-0.0196446
0000013400,-0.0189441
0000013410,-0.0232015
0000013420,-0.008944
0000013430,-0.0179877
0000013440,-0.0242828
0000013450,-0.0298856
0000013460,-0.0206805
0000013470,-0.00287715
0000013480,-0.0160276
0000013490,-0.0239773
0000013500,-0.00857452
0000013510,-0.00505015
0000013520,-0.0256545
0000013530,-0.0311803
0000013540,-0.0262217
0000013550,-0.0114235
0000013560,-0.0125211
0000013570,-0.0208898
0000013580,-0.0186893
0000013590,-0.0341507
0000013600,-0.00475466
0000013610,-0.0195964
0000013620,-0.0149076
0000013630,-0.0173794
0000013640,-0.0163214
0000013650,-0.0254927
0000013660,-0.0339694
0000013670,-0.0115107
0000013680,-0.0132332
0000013690,-0.0245529
0000013700,-0.012249
0000013710,-0.0270367
0000013720,-0.028301
0000013730,-0.0134828
0000013740,-0.0135495
0000013750,-0.0265609
0000013760,-0.01569
0000013770,-0.0175792
0000013780,-0.00715322
0000013790,-0.00788483
0000013800,-0.0195554
0000013810,-0.0173928
0000013820,-0.0113345
0000013830,7.49176e-05
0000013840,-0.0141755
0000013850,-0.00824005
0000013860,-0.0303697
0000013870,-0.0172352
0000013880,-0.0111845
0000013890,-0.0241624
0000013900,-0.0377063
0000013910,-0.0190172
0000013920,-0.0192532
0000013930,-0.0150807
0000013940,-0.00896375
0000013950,-0.0207983
0000013960,-0.00704634
0000013970,-0.0175718
0000013980,-0.0297815
0000013990,-0.0128313
0000014000,-0.0256834
0000014010,-0.0156831
0000014020,-0.00145132
0000014030,-0.0154158
0000014040,-0.0225721
0000014050,-0.00899724
0000014060,-0.00771157
0000014070,-0.0291578
0000014080,-0.0260934
0000014090,-0.0158694
0000014100,-0.024895
0000014110,-0.0239475
0000014120,-0.0161989
0000014130,-0.0235659
0000014140,-0.0144482
0000014150,-0.0220222
0000014160,-0.0154624
0000014170,-0.0228893
0000014180,-0.0243182
0000014190,-0.0134155
0000014200,-0.0103192
0000014210,-0.0147571
0000014220,-0.0208023
0000014230,-0.0122917
0000014240,-0.0153748
0000014250,0.0025005
0000014260,-0.0335903
0000014270,-0.0247764
0000014280,-0.0169944
0000014290,-0.00797399
0000014300,-0.00526627
0000014310,-0.00867919
0000014320,-0.0101663
0000014330,-0.0094064
0000014340,-0.0247967
0000014350,-0.0331686
0000014360,0.00448408
0000014370,-0.0128031
0000014380,-0.0194172
0000014390,-0.0223973
0000014400,-0.02129
0000014410,-0.0155748
0000014420,-0.0124079
0000014430,-0.0205854
0000014440,-0.01731
0000014450,-0.00806342
0000014460,-0.0228027
0000014470,-0.0243745
0000014480,-0.00266195
0000014490,-0.0151986
0000014500,-0.0148988
0000014510,-0.0262066
0000014520,-0.0254072
0000014530,-0.0196078
0000014540,-0.0292537
0000014550,-0.028618
0000014560,-0.00661993
0000014570,-0.0172492
0000014580,-0.0125381
0000014590,-0.00545692
0000014600,-0.0262722
0000014610,-0.0020858
0000014620,-0.0125366
0000014630,-0.00820566
0000014640,-0.0138874
0000014650,-0.0251319
0000014660,-0.0184076
0000014670,-0.0250789
0000014680,-0.0136336
0000014690,-0.00986096
0000014700,-0.0168613
0000014710,-0.0215001
0000014720,-0.0016122
0000014730,-0.0152125
0000014740,-0.0167447
0000014750,-0.0130547
0000014760,-0.0217673
0000014770,-0.0230496
0000014780,-0.0182975
0000014790,-0.0199862
0000014800,-0.023291
0000014810,-0.0225315
0000014820,-0.0150052
0000014830,-0.0185219
0000014840,-0.0275112
0000014850,-0.0185995
0000014860,-0.00456022
0000014870,-0.0227412
0000014880,-0.0122321
0000014890,-0.016999
0000014900,-0.0147251
0000014910,-0.0205989
0000014920,0.00122574
0000014930,-0.0164368
0000014940,-0.0105142
0000014950,-0.0181379
0000014960,-0.0234837
0000014970,-0.0110563
0000014980,-0.0316286
0000014990,-0.0120552
0000015000,-0.00818825
0000015010,-0.0185638
0000015020,-0.0143776
0000015030,-0.0113069
0000015040,-0.00511046
0000015050,-0.00323376
0000015060,-0.017344
0000015070,-0.0121538
0000015080,-0.00984127
0000015090,-0.0255084
0000015100,-0.00772505
0000015110,-0.0105231
0000015120,-0.0182131
0000015130,-0.00991788
0000015140,-0.0129486
0000015150,-0.00850137
0000015160,-0.0211216
0000015170,-0.0266174
0000015180,-0.0142356
0000015190,-0.0124697
0000015200,-0.0250666
0000015210,-0.0249059
0000015220,-0.0389434
0000015230,-0.0194032
0000015240,-0.0160171
0000015250,-0.021368
0000015260,-0.0267847
0000015270,-0.0256849
0000015280,-0.00711375
0000015290,-0.0340909
0000015300,-0.0198128
0000015310,-0.0309583
0000015320,-0.0246161
0000015330,-0.00997132
0000015340,-0.0248451
0000015350,-0.023978
0000015360,-0.0282512
0000015370,-0.0291596
0000015380,-0.00304999
0000015390,-0.0182409
0000015400,-0.0134596
0000015410,-0.0151448
0000015420,-0.0103683
0000015430,-0.0122017
0000015440,-0.0245414
0000015450,-0.0101866
0000015460,-0.0256119
0000015470,-0.0150917
0000015480,-0.0227815
0000015490,-0.0173
0000015500,-0.00925933
0000015510,-0.0211689
0000015520,-0.0156701
0000015530,-0.0126135
0000015540,-0.0230791
0000015550,-0.0160868
0000015560,-0.0151274
0000015570,-0.02319
0000015580,-0.0163754
0000015590,-0.0209331
0000015600,-0.0157973
0000015610,-0.0238264
0000015620,-0.0226953
0000015630,-0.0202807
0000015640,-0.0211812
0000015650,-0.0264901
0000015660,-0.00767455
0000015670,-0.0253936
0000015680,-0.0152696
0000015690,-0.00979891
0000015700,-0.00675607
0000015710,-0.0149652
0000015720,-0.0229528
0000015730,-0.00627386
0000015740,-0.0260645
0000015750,-0.0263974
0000015760,-0.00826787
0000015770,-0.00524276
0000015780,-0.0217447
0000015790,-0.0107669
0000015800,-0.0271053
0000015810,-0.0201767
0000015820,-0.0151134
0000015830,-0.0213685
0000015840,-0.0175189
0000015850,-0.0171913
0000015860,-0.0176145
0000015870,-0.0259806
0000015880,-0.011471
0000015890,-0.00866645
0000015900,-0.00641194
0000015910,-0.0130654
0000015920,-0.0119284
0000015930,-0.0229043
0000015940,-0.0273253
0000015950,-0.0217981
0000015960,-0.00984962
0000015970,-0.0140978
0000015980,-0.0272035
0000015990,-0.0249101
