0000000000,-0.0145006
0000000010,-0.0200881
0000000020,-0.0225931
0000000030,-0.0145057
0000000040,-0.0159057
0000000050,-0.0132329
0000000060,-0.0187843
0000000070,-0.0100572
0000000080,-0.0126723
0000000090,-0.0118536
0000000100,-0.0195192
0000000110,-0.0174531
0000000120,-0.0243032
0000000130,-0.0157558
0000000140,-0.0127647
0000000150,-0.0183199
0000000160,-0.0118357
0000000170,-0.0196005
0000000180,-0.0296717
0000000190,-0.0159254
0000000200,-0.0155568
0000000210,-0.0143488
0000000220,-0.0246126
0000000230,-0.0145153
0000000240,-0.0170298
0000000250,-0.0157922
0000000260,-0.0172797
0000000270,-0.0173217
0000000280,-0.0204875
0000000290,-0.0159201
0000000300,-0.0166004
0000000310,-0.0167637
0000000320,-0.0173503
0000000330,-0.0159795
0000000340,-0.0145516
0000000350,-0.0203337
0000000360,-0.0126082
0000000370,-0.0171368
0000000380,-0.0117271
0000000390,-0.018591
0000000400,-0.0107809
0000000410,-0.0155655
0000000420,-0.0121168
0000000430,-0.00984621
0000000440,-0.0179943
0000000450,-0.0162336
0000000460,-0.0144557
0000000470,-0.019182
0000000480,-0.0117067
0000000490,-0.0177238
0000000500,-0.0176876
0000000510,-0.0155104
0000000520,-0.0139341
0000000530,-0.0176465
0000000540,-0.0227994
0000000550,-0.0145074
0000000560,-0.0208553
0000000570,-0.0110061
0000000580,-0.0199996
0000000590,-0.0119489
0000000600,-0.0190483
0000000610,-0.0150334
0000000620,-0.0174744
0000000630,-0.0161206
0000000640,-0.0121271
0000000650,-0.0134389
0000000660,-0.0140939
0000000670,-0.0128038
0000000680,-0.0176141
0000000690,-0.0209627
0000000700,-0.017132
0000000710,-0.0113141
0000000720,-0.0153174
0000000730,-0.0135923
0000000740,-0.0108024
0000000750,-0.0194662
0000000760,-0.00798127
0000000770,-0.0234182
0000000780,-0.0198643
0000000790,-0.0194796
0000000800,-0.0128858
0000000810,-0.0204158
0000000820,-0.00729684
0000000830,-0.00661215
0000000840,-0.0170684
0000000850,-0.0121235
0000000860,-0.0138981
0000000870,-0.016654
0000000880,-0.0154217
0000000890,-0.010339
0000000900,-0.0195041
0000000910,-0.0160436
0000000920,-0.0148434
0000000930,-0.0123648
0000000940,-0.0173791
0000000950,-0.0119906
0000000960,-0.0151672
0000000970,-0.0204939
0000000980,-0.0212175
0000000990,-0.0222047
0000001000,-0.0067677
0000001010,-0.0161134
0000001020,-0.0118993
0000001030,-0.0134653
0000001040,-0.0161889
0000001050,-0.00840588
0000001060,-0.0179757
0000001070,-0.0184167
0000001080,-0.0151325
0000001090,-0.0122032
0000001100,-0.0243207
0000001110,-0.0217143
0000001120,-0.0193622
0000001130,-0.016742
0000001140,-0.0174217
0000001150,-0.0185383
0000001160,-0.0244388
0000001170,-0.0136136
0000001180,-0.0202501
0000001190,-0.0241968
0000001200,-0.012705
0000001210,-0.0159483
0000001220,-0.0153968
0000001230,-0.0213988
0000001240,-0.0177874
0000001250,-0.0170271
0000001260,-0.00987824
0000001270,-0.0204983
0000001280,-0.0239508
0000001290,-0.0155469
0000001300,-0.0195072
0000001310,-0.00179827
0000001320,-0.0157604
0000001330,-0.0136726
0000001340,-0.017997
0000001350,-0.0179176
0000001360,-0.0106205
0000001370,-0.0106367
0000001380,-0.015187
0000001390,-0.0155681
0000001400,-0.0162918
0000001410,-0.0157266
0000001420,-0.0155268
0000001430,-0.014149
0000001440,-0.0173776
0000001450,-0.0070094
0000001460,-0.0174698
0000001470,-0.0103064
0000001480,-0.0180093
0000001490,-0.0205732
0000001500,-0.00883457
0000001510,-0.00934917
0000001520,-0.016278
0000001530,-0.00721609
0000001540,-0.0117858
0000001550,-0.0136506
0000001560,-0.0134086
0000001570,-0.0142377
0000001580,-0.0172259
0000001590,-0.0104563
0000001600,-0.0136047
0000001610,-0.01776
0000001620,-0.0206267
0000001630,-0.0091102
0000001640,-0.0241836
0000001650,-0.00815923
0000001660,-0.0177674
0000001670,-0.0190662
0000001680,-0.0188875
0000001690,-0.0132318
0000001700,-0.0187759
0000001710,-0.0124065
0000001720,-0.00814761
0000001730,-0.0164307
0000001740,-0.0236644
0000001750,-0.0180511
0000001760,-0.016332
0000001770,-0.0144444
0000001780,-0.0164893
0000001790,-0.0113606
0000001800,-0.0182945
0000001810,-0.0186339
0000001820,-0.00875851
0000001830,-0.019406
0000001840,-0.00317655
0000001850,-0.0184774
0000001860,-0.0165568
0000001870,-0.0187247
0000001880,-0.0144108
0000001890,-0.0152004
0000001900,-0.0198703
0000001910,-0.0117688
0000001920,-0.00972056
0000001930,-0.0241629
0000001940,-0.0181952
0000001950,-0.0138797
0000001960,-0.0157252
0000001970,-0.0180249
0000001980,-0.0148953
0000001990,-0.0107633
0000002000,-0.0131571
0000002010,-0.0197022
0000002020,-0.0126621
0000002030,-0.0178818
0000002040,-0.0121168
0000002050,-0.0242541
0000002060,-0.0173104
0000002070,-0.0172864
0000002080,-0.0166758
0000002090,-0.00984897
0000002100,-0.0190518
0000002110,-0.0116156
0000002120,-0.00837383
0000002130,-0.0102501
0000002140,-0.0157204
0000002150,-0.0201611
0000002160,-0.0219239
0000002170,-0.0116834
0000002180,-0.0224489
0000002190,-0.0126979
0000002200,-0.0108134
0000002210,-0.00563926
0000002220,-0.0174648
0000002230,-0.0145279
0000002240,-0.00787511
0000002250,-0.0167154
0000002260,-0.0177589
0000002270,-0.00767822
0000002280,-0.0304917
0000002290,0.00715354
0000002300,-0.012523
0000002310,-0.0106623
0000002320,-0.0317794
0000002330,-0.00769869
0000002340,-0.0164487
0000002350,-0.00859638
0000002360,-0.0257025
0000002370,-0.0116864
0000002380,-0.0296206
0000002390,-0.00112642
0000002400,-0.012442
0000002410,-0.0205248
0000002420,-0.0130716
0000002430,-0.0227029
0000002440,-0.00732357
0000002450,-0.0297963
0000002460,-0.00686778
0000002470,-0.0264764
0000002480,-0.0169187
0000002490,-0.0149573
0000002500,-0.0204411
0000002510,-0.0195535
0000002520,-0.0347903
0000002530,-0.0129579
0000002540,-0.0163516
0000002550,-0.0112303
0000002560,-0.0134749
0000002570,-0.0178175
0000002580,-0.0158765
0000002590,-0.019622
0000002600,-0.0168821
0000002610,-0.0144679
0000002620,-0.0100798
0000002630,-0.0160507
0000002640,-0.0207985
0000002650,-0.0216546
0000002660,-0.0129168
0000002670,-0.0142724
0000002680,-0.0102313
0000002690,-0.0169518
0000002700,-0.0158005
0000002710,-0.0141065
0000002720,-0.0134734
0000002730,-0.0146155
0000002740,-0.0245005
0000002750,-0.0151054
0000002760,-0.0143659
0000002770,-0.0207029
0000002780,-0.00797914
0000002790,-0.0265814
0000002800,-0.00815142
0000002810,-0.0280996
0000002820,-0.0159668
0000002830,-0.00382115
0000002840,-0.0238535
0000002850,-0.0126876
0000002860,-0.0168302
0000002870,-0.0128357
0000002880,-0.0148457
0000002890,-0.0136921
0000002900,-0.00616428
0000002910,-0.0187896
0000002920,-0.0142784
0000002930,-0.0187971
0000002940,-0.0114671
0000002950,-0.0184787
0000002960,-0.0169436
0000002970,-0.013112
0000002980,-0.0174167
0000002990,-0.0146879
0000003000,-0.016973
0000003010,-0.0183509
0000003020,-0.012547
0000003030,-0.0148436
0000003040,-0.0194317
0000003050,-0.0255149
0000003060,-0.0102289
0000003070,-0.0233918
0000003080,-0.017143
0000003090,-0.0124048
0000003100,-0.0146066
0000003110,-0.0186151
0000003120,-0.0167043
0000003130,-0.0190102
0000003140,-0.0145131
0000003150,-0.018032
0000003160,-0.0197852
0000003170,-0.0114427
0000003180,-0.0138907
0000003190,-0.0151304
0000003200,-0.0119238
0000003210,-0.0199634
0000003220,-0.0141993
0000003230,-0.0141423
0000003240,-0.0160948
0000003250,-0.0181372
0000003260,-0.0130928
0000003270,-0.00808416
0000003280,-0.0154048
0000003290,-0.0175181
0000003300,-0.0127363
0000003310,-0.0181434
0000003320,-0.0123431
0000003330,-0.020978
0000003340,-0.0184894
0000003350,-0.0146147
0000003360,-0.018302
0000003370,-0.00924195
0000003380,-0.0112086
0000003390,-0.0208784
0000003400,-0.010814
0000003410,-0.0220024
0000003420,-0.0273266
0000003430,-0.0179025
0000003440,-0.0205203
0000003450,-0.0175205
0000003460,-0.0216967
0000003470,-0.0202583
0000003480,-0.0157533
0000003490,-0.0203029
0000003500,-0.0211689
0000003510,-0.0127715
0000003520,-0.0153486
0000003530,-0.0111647
0000003540,-0.0209675
0000003550,-0.00924577
0000003560,-0.020127
0000003570,-0.0138952
0000003580,-0.0217406
0000003590,-0.0127631
0000003600,-0.0158276
0000003610,-0.0172046
0000003620,-0.0183582
0000003630,-0.0179515
0000003640,-0.0161411
0000003650,-0.0195061
0000003660,-0.0205705
0000003670,-0.0198849
0000003680,-0.0187302
0000003690,-0.0206023
0000003700,-0.013903
0000003710,-0.0159597
0000003720,-0.0145469
0000003730,-0.0230117
0000003740,-0.0156286
0000003750,-0.0215192
0000003760,-0.0112374
0000003770,-0.0172191
0000003780,-0.0162943
0000003790,-0.0237026
0000003800,-0.0161875
0000003810,-0.0166098
0000003820,-0.00325432
0000003830,-0.0191142
0000003840,-0.0148441
0000003850,-0.0193331
0000003860,-0.0152464
0000003870,-0.012867
0000003880,-0.007197
0000003890,-0.0253053
0000003900,-0.0163542
0000003910,-0.0184026
0000003920,-0.0218272
0000003930,-0.00924736
0000003940,-0.0088245
0000003950,-0.00967199
0000003960,-0.0172581
0000003970,-0.0175109
0000003980,-0.01207
0000003990,-0.020522
0000004000,-0.0173151
0000004010,-0.0129902
0000004020,-0.0194388
0000004030,-0.0113777
0000004040,-0.0122478
0000004050,-0.0185819
0000004060,-0.0223176
0000004070,-0.00951536
0000004080,-0.0247334
0000004090,-0.0151129
0000004100,-0.0144779
0000004110,-0.0139618
0000004120,-0.0108842
0000004130,-0.0208168
0000004140,-0.0124091
0000004150,-0.0157838
0000004160,-0.0145585
0000004170,-0.0115163
0000004180,-0.0128651
0000004190,-0.0131491
0000004200,-0.0172491
0000004210,-0.0130002
0000004220,-0.00950664
0000004230,-0.0166904
0000004240,-0.0227333
0000004250,-0.0145732
0000004260,-0.019421
0000004270,-0.0142987
0000004280,-0.0224136
0000004290,-0.0169503
0000004300,-0.0153669
0000004310,-0.0145019
0000004320,-0.0165377
0000004330,-0.0118259
0000004340,-0.0148132
0000004350,-0.0074433
0000004360,-0.0166839
0000004370,-0.017342
0000004380,-0.0191734
0000004390,-0.0132923
0000004400,-0.0109722
0000004410,-0.0122589
0000004420,-0.0163573
0000004430,-0.0174822
0000004440,-0.0119532
0000004450,-0.016796
0000004460,-0.0146579
0000004470,-0.0181291
0000004480,-0.0146084
0000004490,-0.0143229
0000004500,-0.00985258
0000004510,-0.0187198
0000004520,-0.0198484
0000004530,-0.0207201
0000004540,-0.0227906
0000004550,-0.0184881
0000004560,-0.0173714
0000004570,-0.0174681
0000004580,-0.0143717
0000004590,-0.0151449
0000004600,-0.0171071
0000004610,-0.0142746
0000004620,-0.0147335
0000004630,-0.0171608
0000004640,-0.0178232
0000004650,-0.0186777
0000004660,-0.0203753
0000004670,-0.0168851
0000004680,-0.0137347
0000004690,-0.0259275
0000004700,-0.0232677
0000004710,-0.0145392
0000004720,-0.020431
0000004730,-0.014159
0000004740,-0.0172138
0000004750,-0.0200343
0000004760,-0.0151083
0000004770,-0.017655
0000004780,-0.0117676
0000004790,-0.01734
0000004800,-0.0192203
0000004810,-0.0142559
0000004820,-0.024308
0000004830,-0.0163871
0000004840,-0.0174314
0000004850,-0.0145242
0000004860,-0.0169643
0000004870,-0.0131607
0000004880,-0.0214252
0000004890,-0.0139294
0000004900,-0.0141864
0000004910,-0.0213679
0000004920,-0.0116018
0000004930,-0.0133643
0000004940,-0.0176724
0000004950,-0.0098214
0000004960,-0.00761063
0000004970,-0.0125621
0000004980,-0.0164085
0000004990,-0.0157435
0000005000,-0.0189927
0000005010,-0.0131064
0000005020,-0.0147453
0000005030,-0.0159897
0000005040,-0.0168164
0000005050,-0.0179805
0000005060,-0.0194031
0000005070,-0.0226487
0000005080,-0.0171851
0000005090,-0.0201026
0000005100,-0.0114208
0000005110,-0.0176845
0000005120,-0.0116332
0000005130,-0.00512771
0000005140,-0.0135428
0000005150,-0.0158739
0000005160,-0.0201578
0000005170,-0.0110018
0000005180,-0.0207924
0000005190,-0.015422
0000005200,-0.0184864
0000005210,-0.0107007
0000005220,-0.0129269
0000005230,-0.0144451
0000005240,-0.0156029
0000005250,-0.0137647
0000005260,-0.0158998
0000005270,-0.0210616
0000005280,-0.0115308
0000005290,-0.0186383
0000005300,-0.0180552
0000005310,-0.0158518
0000005320,-0.0209942
0000005330,-0.016892
0000005340,-0.0219339
0000005350,-0.0157022
0000005360,-0.0150911
0000005370,-0.0133804
0000005380,-0.0114005
0000005390,-0.0184689
0000005400,-0.0185905
0000005410,-0.0215868
0000005420,-0.0155766
0000005430,-0.0195042
0000005440,-0.0130373
0000005450,-0.0133266
0000005460,-0.0173946
0000005470,-0.0188384
0000005480,-0.0126922
0000005490,-0.017281
0000005500,-0.0135894
0000005510,-0.0175949
0000005520,-0.0174539
0000005530,-0.0247395
0000005540,-0.0133085
0000005550,-0.0171923
0000005560,-0.0235385
0000005570,-0.0138601
0000005580,-0.00972037
0000005590,-0.0181615
0000005600,-0.00969771
0000005610,-0.018041
0000005620,-0.0231233
0000005630,-0.023113
0000005640,-0.0153932
0000005650,-0.0139171
0000005660,-0.0141871
0000005670,-0.0214443
0000005680,-0.00833336
0000005690,-0.0130536
0000005700,-0.0169028
0000005710,-0.0165985
0000005720,-0.0193744
0000005730,-0.0144577
0000005740,-0.0155809
0000005750,-0.0140366
0000005760,-0.0144246
0000005770,-0.00777053
0000005780,-0.0168281
0000005790,-0.0226123
0000005800,-0.0209369
0000005810,-0.0188812
0000005820,-0.0173217
0000005830,-0.0173382
0000005840,-0.0174432
0000005850,-0.021205
0000005860,-0.0195993
0000005870,-0.0150803
0000005880,-0.0105339
0000005890,-0.00977802
0000005900,-0.0145472
0000005910,-0.0165572
0000005920,-0.0133349
0000005930,-0.0183122
0000005940,-0.00944406
0000005950,-0.0152336
0000005960,-0.0134509
0000005970,-0.01162
0000005980,-0.0273206
0000005990,-0.0110393
0000006000,-0.0178463
0000006010,-0.0194813
0000006020,-0.0148242
0000006030,-0.0122508
0000006040,-0.013464
0000006050,-0.0134884
0000006060,-0.021303
0000006070,-0.0161454
0000006080,-0.0142541
0000006090,-0.0205411
0000006100,-0.0103875
0000006110,-0.0106973
0000006120,-0.0156644
0000006130,-0.0120282
0000006140,-0.0183311
0000006150,-0.0160973
0000006160,-0.0153584
0000006170,-0.0168838
0000006180,-0.0130731
0000006190,-0.0130658
0000006200,-0.0163493
0000006210,-0.0143462
0000006220,-0.014358
0000006230,-0.0146827
0000006240,-0.0231038
0000006250,-0.0218116
0000006260,-0.0199422
0000006270,-0.0133437
0000006280,-0.0152558
0000006290,-0.0180981
0000006300,-0.017955
0000006310,-0.0198435
0000006320,-0.0150003
0000006330,-0.0186002
0000006340,-0.0102925
0000006350,-0.0154285
0000006360,-0.0224928
0000006370,-0.0196191
0000006380,-0.013372
0000006390,-0.0159383
0000006400,-0.0211477
0000006410,-0.0177728
0000006420,-0.0144038
0000006430,-0.017787
0000006440,-0.016333
0000006450,-0.0152925
0000006460,-0.0118148
0000006470,-0.00950751
0000006480,-0.00868659
0000006490,-0.016223
0000006500,-0.0190681
0000006510,-0.0138078
0000006520,-0.0187478
0000006530,-0.0230347
0000006540,-0.0162272
0000006550,-0.0122161
0000006560,-0.0120307
0000006570,-0.0119229
0000006580,-0.0125923
0000006590,-0.0183775
0000006600,-0.0144826
0000006610,-0.0175961
0000006620,-0.0209954
0000006630,-0.0180541
0000006640,-0.0143716
0000006650,-0.016776
0000006660,-0.0175958
0000006670,-0.0189425
0000006680,-0.0151424
0000006690,-0.00993686
0000006700,-0.0237474
0000006710,-0.0182358
0000006720,-0.0133211
0000006730,-0.00982825
0000006740,-0.010376
0000006750,-0.0124552
0000006760,-0.0137087
0000006770,-0.022546
0000006780,-0.0217098
0000006790,-0.0162455
0000006800,-0.0156977
0000006810,-0.0169829
0000006820,-0.00699435
0000006830,-0.0203362
0000006840,-0.0165294
0000006850,-0.0231668
0000006860,-0.014032
0000006870,-0.00910495
0000006880,-0.0227117
0000006890,-0.00977899
0000006900,-0.00992526
0000006910,-0.0217753
0000006920,-0.0243324
0000006930,-0.0143575
0000006940,-0.0188786
0000006950,-0.00964282
0000006960,-0.0145955
0000006970,-0.0183107
0000006980,-0.0114674
0000006990,-0.0275274
0000007000,-0.018986
0000007010,-0.0175746
0000007020,-0.0227604
0000007030,-0.0152518
0000007040,-0.013055
0000007050,-0.0121022
0000007060,-0.0142654
0000007070,-0.0175201
0000007080,-0.0228399
0000007090,-0.0201445
0000007100,-0.0162734
0000007110,-0.018187
0000007120,-0.0172862
0000007130,-0.0209487
0000007140,-0.0175443
0000007150,-0.0163198
0000007160,-0.00975152
0000007170,-0.0148744
0000007180,-0.0183917
0000007190,-0.012843
0000007200,-0.0180377
0000007210,-0.0113815
0000007220,-0.0223948
0000007230,-0.0243871
0000007240,-0.0176815
0000007250,-0.020669
0000007260,-0.0161934
0000007270,-0.00820952
0000007280,-0.0138719
0000007290,-0.00903653
0000007300,-0.00443213
0000007310,-0.0150416
0000007320,-0.0203322
0000007330,-0.0164424
0000007340,-0.0127256
0000007350,-0.0176195
0000007360,-0.0160627
0000007370,-0.0195639
0000007380,-0.0228876
0000007390,-0.0213272
0000007400,-0.0168222
0000007410,-0.0150695
0000007420,-0.0132701
0000007430,-0.00808536
0000007440,-0.0151176
0000007450,-0.0203449
0000007460,-0.0157487
0000007470,-0.0209982
0000007480,-0.0157792
0000007490,-0.0157942
0000007500,-0.014392
0000007510,-0.0176604
0000007520,-0.0129719
0000007530,-0.0169984
0000007540,-0.0204512
0000007550,-0.0241559
0000007560,-0.0178152
0000007570,-0.0140286
0000007580,-0.0252424
0000007590,-0.00867082
0000007600,-0.016992
0000007610,-0.00580896
0000007620,-0.0254956
0000007630,-0.0213257
0000007640,-0.00795629
0000007650,-0.0140192
0000007660,-0.0194917
0000007670,-0.0086311
0000007680,-0.0140538
0000007690,-0.0250982
0000007700,-0.0195869
0000007710,-0.0135118
0000007720,-0.00943708
0000007730,-0.0179061
0000007740,-0.0165372
0000007750,-0.0183786
0000007760,-0.00912657
0000007770,-0.0186058
0000007780,-0.0112672
0000007790,-0.0161882
0000007800,-0.0149514
0000007810,-0.0104887
0000007820,-0.0185415
0000007830,-0.0270169
0000007840,-0.0144772
0000007850,-0.0148943
0000007860,-0.0117697
0000007870,-0.0188461
0000007880,-0.0192405
0000007890,-0.0142987
0000007900,-0.0141868
0000007910,-0.0119196
0000007920,-0.01291
0000007930,-0.0117133
0000007940,-0.0201215
0000007950,-0.0218791
0000007960,-0.0144318
0000007970,-0.0262121
0000007980,-0.00758622
0000007990,-0.0250589
0000008000,-0.00897465
0000008010,-0.013441
0000008020,-0.0136154
0000008030,-0.0129013
0000008040,-0.0247141
0000008050,-0.0164015
0000008060,-0.0142166
0000008070,-0.0305554
0000008080,-0.0201244
0000008090,-0.00972305
0000008100,-0.0192971
0000008110,-0.0122928
0000008120,-0.0181623
0000008130,-0.0114376
0000008140,-0.0167512
0000008150,-0.0211128
0000008160,-0.0228287
0000008170,-0.0195572
0000008180,-0.0209958
0000008190,-0.0150429
0000008200,-0.0167674
0000008210,-0.0128674
0000008220,-0.012115
0000008230,-0.0311734
0000008240,-0.0187588
0000008250,-0.0129009
0000008260,-0.0144983
0000008270,-0.0166487
0000008280,-0.0152481
0000008290,-0.0123187
0000008300,-0.0124667
0000008310,-0.0217836
0000008320,-0.0160213
0000008330,-0.015492
0000008340,-0.0169716
0000008350,-0.00904884
0000008360,-0.0237911
0000008370,-0.00499634
0000008380,-0.0249187
0000008390,-0.0158843
0000008400,-0.0142882
0000008410,-0.0240774
0000008420,-0.018022
0000008430,-0.016047
0000008440,-0.0184854
0000008450,-0.0213931
0000008460,-0.00993179
0000008470,-0.0149864
0000008480,-0.00951676
0000008490,-0.012664
0000008500,-0.0191178
0000008510,-0.012148
0000008520,-0.0143044
0000008530,-0.0126111
0000008540,-0.0172672
0000008550,-0.0168932
0000008560,-0.0177756
0000008570,-0.0187081
0000008580,-0.0178108
0000008590,-0.00371905
0000008600,-0.021661
0000008610,-0.0147183
0000008620,-0.0215536
0000008630,-0.0160499
0000008640,-0.0116813
0000008650,-0.011095
0000008660,-0.01459
0000008670,-0.0168182
0000008680,-0.0190339
0000008690,-0.015285
0000008700,-0.0179774
0000008710,-0.0236431
0000008720,-0.0198784
0000008730,-0.00717669
0000008740,-0.0164251
0000008750,-0.00702544
0000008760,-0.0140019
0000008770,-0.0168964
0000008780,-0.0146535
0000008790,-0.0225674
0000008800,-0.0111927
0000008810,-0.0171137
0000008820,-0.00825393
0000008830,-0.0135898
0000008840,-0.0208997
0000008850,-0.0109179
0000008860,-0.0192247
0000008870,-0.0140342
0000008880,-0.0189371
0000008890,-0.0126486
0000008900,-0.0122076
0000008910,-0.0134568
0000008920,-0.019005
0000008930,-0.0170638
0000008940,-0.0169985
0000008950,-0.0150845
0000008960,-0.0171477
0000008970,-0.0193013
0000008980,-0.019048
0000008990,-0.0238265
0000009000,-0.00809112
0000009010,-0.0166182
0000009020,-0.0230341
0000009030,-0.0176784
0000009040,-0.0124894
0000009050,-0.0146089
0000009060,-0.0126278
0000009070,-0.0176763
0000009080,-0.0135249
0000009090,-0.0181297
0000009100,-0.0174478
0000009110,-0.0134923
0000009120,-0.0138558
0000009130,-0.0172475
0000009140,-0.0171113
0000009150,-0.0143753
0000009160,-0.0225653
0000009170,-0.0124648
0000009180,-0.0165652
0000009190,-0.0202595
0000009200,-0.0169567
0000009210,-0.0153264
0000009220,-0.0199569
0000009230,-0.0194681
0000009240,-0.0129486
0000009250,-0.0151472
0000009260,-0.0164136
0000009270,-0.0128436
0000009280,-0.015269
0000009290,-0.0206814
0000009300,-0.0129608
0000009310,-0.0172456
0000009320,-0.0216862
0000009330,-0.0112806
0000009340,-0.017311
0000009350,-0.00860286
0000009360,-0.0111194
0000009370,-0.0204976
0000009380,-0.0160168
0000009390,-0.0115103
0000009400,-0.0126318
0000009410,-0.0215212
0000009420,-0.0166562
0000009430,-0.0222452
0000009440,-0.0137045
0000009450,-0.0169401
0000009460,-0.0222325
0000009470,-0.0099954
0000009480,-0.00844345
0000009490,-0.0173518
0000009500,-0.016261
0000009510,-0.0124156
0000009520,-0.0144928
0000009530,-0.010783
0000009540,-0.0220057
0000009550,-0.0177122
0000009560,-0.0159279
0000009570,-0.0169454
0000009580,-0.0178963
0000009590,-0.0168618
0000009600,-0.0235346
0000009610,-0.0139846
0000009620,-0.0132746
0000009630,-0.0180277
0000009640,-0.0164925
0000009650,-0.0171469
0000009660,-0.00675944
0000009670,-0.0140352
0000009680,-0.0124019
0000009690,-0.0253097
0000009700,-0.019902
0000009710,-0.00903777
0000009720,-0.0116696
0000009730,-0.011746
0000009740,-0.0129154
0000009750,-0.018199
0000009760,-0.0162573
0000009770,-0.0173137
0000009780,-0.0145384
0000009790,-0.011544
0000009800,-0.0191578
0000009810,-0.0182546
0000009820,-0.0193319
0000009830,-0.0142572
0000009840,-0.0213899
0000009850,-0.0105327
0000009860,-0.0177145
0000009870,-0.0212233
0000009880,-0.0145166
0000009890,-0.0177047
0000009900,-0.0154178
0000009910,-0.0185515
0000009920,-0.0151595
0000009930,-0.0124022
0000009940,-0.0200985
0000009950,-0.00918528
0000009960,-0.0147986
0000009970,-0.00643723
0000009980,-0.0210674
0000009990,-0.0202418
0000010000,-0.0122331
0000010010,-0.0157956
0000010020,-0.0181033
0000010030,-0.0101583
0000010040,-0.0196348
0000010050,-0.0161599
0000010060,-0.0175552
0000010070,-0.0219119
0000010080,-0.0179156
0000010090,-0.0228239
0000010100,-0.0164048
0000010110,-0.0123922
0000010120,-0.0167262
0000010130,-0.0181732
0000010140,-0.0154776
0000010150,-0.0184397
0000010160,-0.0112121
0000010170,-0.0139519
0000010180,-0.013749
0000010190,-0.0146412
0000010200,-0.0101243
0000010210,-0.0214869
0000010220,-0.0230292
0000010230,-0.0144248
0000010240,-0.0168382
0000010250,-0.0125192
0000010260,-0.0148732
0000010270,-0.0139309
0000010280,-0.0239405
0000010290,-0.012913
0000010300,-0.025143
0000010310,-0.0177885
0000010320,-0.0168479
0000010330,-0.0103811
0000010340,-0.0203788
0000010350,-0.0179947
0000010360,-0.0120296
0000010370,-0.0205646
0000010380,-0.0203674
0000010390,-0.0156583
0000010400,-0.0176258
0000010410,-0.0183039
0000010420,-0.0191257
0000010430,-0.0137044
0000010440,-0.0113478
0000010450,-0.0188952
0000010460,-0.0228736
0000010470,-0.00824012
0000010480,-0.011158
0000010490,-0.0147435
0000010500,-0.01601
0000010510,-0.0167213
0000010520,-0.019308
0000010530,-0.018517
0000010540,-0.0148403
0000010550,-0.0184511
0000010560,-0.0154564
0000010570,-0.0177043
0000010580,-0.012803
0000010590,-0.0181386
0000010600,-0.0216242
0000010610,-0.0169526
0000010620,-0.0141487
0000010630,-0.00950464
0000010640,-0.0175264
0000010650,-0.01434
0000010660,-0.0140727
0000010670,-0.0167579
0000010680,-0.0163148
0000010690,-0.0170615
0000010700,-0.0268904
0000010710,-0.0127369
0000010720,-0.0158322
0000010730,-0.0135719
0000010740,-0.0234104
0000010750,-0.0136556
0000010760,-0.00129593
0000010770,-0.0168259
0000010780,-0.0199162
0000010790,-0.0180073
0000010800,-0.0182744
0000010810,-0.0167053
0000010820,-0.0178019
0000010830,-0.0133592
0000010840,-0.018371
0000010850,-0.0146359
0000010860,-0.0209101
0000010870,-0.0145694
0000010880,-0.0107788
0000010890,-0.0157007
0000010900,-0.0162978
0000010910,-0.0128278
0000010920,-0.022518
0000010930,-0.0216147
0000010940,-0.0172083
0000010950,-0.0149082
0000010960,-0.0156266
0000010970,-0.0153388
0000010980,-0.0150357
0000010990,-0.0185251
0000011000,-0.0221427
0000011010,-0.0125709
0000011020,-0.0150348
0000011030,-0.0126417
0000011040,-0.0179606
0000011050,-0.0175735
0000011060,-0.0193417
0000011070,-0.0179913
0000011080,-0.0120255
0000011090,-0.0225453
0000011100,-0.0122073
0000011110,-0.01485
0000011120,-0.0181226
0000011130,-0.0144841
0000011140,-0.0162667
0000011150,-0.0225375
0000011160,-0.0151237
0000011170,-0.0177538
0000011180,-0.0210824
0000011190,-0.0137854
0000011200,-0.01881
0000011210,-0.0196683
0000011220,-0.0111909
0000011230,-0.0151365
0000011240,-0.00626878
0000011250,-0.018158
0000011260,-0.0134711
0000011270,-0.0115217
0000011280,-0.0193432
0000011290,-0.0168239
0000011300,-0.0100825
0000011310,-0.01328
0000011320,-0.0211146
0000011330,-0.0123432
0000011340,-0.0118633
0000011350,-0.0161272
0000011360,-0.0154588
0000011370,-0.0142307
0000011380,-0.0264686
0000011390,-0.0229414
0000011400,-0.0155197
0000011410,-0.0174652
0000011420,-0.0175328
0000011430,-0.0126124
0000011440,-0.0125005
0000011450,-0.0156641
0000011460,-0.0162899
0000011470,-0.013274
0000011480,-0.0147517
0000011490,-0.0106437
0000011500,-0.0226554
0000011510,-0.00647343
0000011520,-0.0185134
0000011530,-0.0198631
0000011540,-0.0122327
0000011550,-0.0174421
0000011560,-0.0166579
0000011570,-0.0196464
0000011580,-0.0164763
0000011590,-0.0132193
0000011600,-0.0202122
0000011610,-0.0192586
0000011620,-0.0214757
0000011630,-0.020456
0000011640,-0.0152193
0000011650,-0.0136544
0000011660,-0.01439
0000011670,-0.0104271
0000011680,-0.0131658
0000011690,-0.0184887
0000011700,-0.0200205
0000011710,-0.0203454
0000011720,-0.0193099
0000011730,-0.0151529
0000011740,-0.0123584
0000011750,-0.0206955
0000011760,-0.020935
0000011770,-0.0134771
0000011780,-0.0251782
0000011790,-0.0144173
0000011800,-0.0193271
0000011810,-0.0216029
0000011820,-0.0134057
0000011830,-0.0216728
0000011840,-0.0119362
0000011850,-0.012086
0000011860,-0.0143212
0000011870,-0.0136686
0000011880,-0.0200365
0000011890,-0.0170574
0000011900,-0.0165337
0000011910,-0.0080019
0000011920,-0.0188632
0000011930,-0.0157778
0000011940,-0.00957159
0000011950,-0.019456
0000011960,-0.0197235
0000011970,-0.0150035
0000011980,-0.016889
0000011990,-0.0149081
0000012000,-0.014081
0000012010,-0.0179759
0000012020,-0.0154419
0000012030,-0.0128635
0000012040,-0.0228302
0000012050,-0.00867157
0000012060,-0.0168653
0000012070,-0.0162925
0000012080,-0.018371
0000012090,-0.0129424
0000012100,-0.0235535
0000012110,-0.0189798
0000012120,-0.0146703
0000012130,-0.0114402
0000012140,-0.0117516
0000012150,-0.0236107
0000012160,-0.0168523
0000012170,-0.0143697
0000012180,-0.0104499
0000012190,-0.0223272
0000012200,-0.014828
0000012210,-0.0180421
0000012220,-0.0187053
0000012230,-0.0131814
0000012240,-0.0230778
0000012250,-0.0126662
0000012260,-0.0211457
0000012270,-0.0112981
0000012280,-0.0138897
0000012290,-0.0117709
0000012300,-0.0188052
0000012310,-0.0161821
0000012320,-0.0174875
0000012330,-0.0174267
0000012340,-0.0145675
0000012350,-0.011587
0000012360,-0.0222483
0000012370,-0.0176411
0000012380,-0.0142681
0000012390,-0.0198032
0000012400,-0.0207228
0000012410,-0.0096145
0000012420,-0.0135842
0000012430,-0.00673185
0000012440,-0.015269
0000012450,-0.0106935
0000012460,-0.0075034
0000012470,-0.0157082
0000012480,-0.010589
0000012490,-0.0201248
0000012500,-0.0158439
0000012510,-0.020668
0000012520,-0.0168752
0000012530,-0.0137579
0000012540,-0.0176667
0000012550,-0.0186062
0000012560,-0.0141547
0000012570,-0.0156099
0000012580,-0.0145959
0000012590,-0.0178129
0000012600,-0.00856826
0000012610,-0.0176371
0000012620,-0.0135366
0000012630,-0.0104441
0000012640,-0.0164692
0000012650,-0.0243496
0000012660,-0.0223625
0000012670,-0.0151811
0000012680,-0.0120384
0000012690,-0.0148747
0000012700,-0.00636017
0000012710,-0.0105358
0000012720,-0.0142377
0000012730,-0.0225246
0000012740,-0.0114878
0000012750,-0.0158485
0000012760,-0.0171443
0000012770,-0.0152278
0000012780,-0.0169649
0000012790,-0.0147697
0000012800,-0.0157869
0000012810,-0.00865202
0000012820,-0.0149566
0000012830,-0.020384
0000012840,-0.0226434
0000012850,-0.0185133
0000012860,-0.0174106
0000012870,-0.0179382
0000012880,-0.0168502
0000012890,-0.017529
0000012900,-0.0169174
0000012910,-0.0144079
0000012920,-0.0190809
0000012930,-0.0150138
0000012940,-0.0170636
0000012950,-0.0257856
0000012960,-0.0156185
0000012970,-0.0235477
0000012980,-0.0178652
0000012990,-0.0112766
0000013000,-0.0152211
0000013010,-0.0159654
0000013020,-0.0183669
0000013030,-0.0136815
0000013040,-0.0245413
0000013050,-0.0107915
0000013060,-0.0122227
0000013070,-0.0191684
0000013080,-0.0176959
0000013090,-0.0174017
0000013100,-0.00974213
0000013110,-0.0169635
0000013120,-0.0146692
0000013130,-0.0150616
0000013140,-0.018539
0000013150,-0.0193926
0000013160,-0.0153801
0000013170,-0.0122809
0000013180,-0.0121242
0000013190,-0.0234873
0000013200,-0.0251233
0000013210,-0.0214237
0000013220,-0.0141751
0000013230,-0.0105237
0000013240,-0.0113263
0000013250,-0.0140697
0000013260,-0.0130809
0000013270,-0.00845914
0000013280,-0.00985314
0000013290,-0.0147078
0000013300,-0.0185435
0000013310,-0.00909031
0000013320,-0.0154877
0000013330,-0.021163
0000013340,-0.0170199
0000013350,-0.0125322
0000013360,-0.0134642
0000013370,-0.0154291
0000013380,-0.00101837
0000013390,-0.0201288
0000013400,-0.0205244
0000013410,-0.0218036
0000013420,-0.0245628
0000013430,-0.0193821
0000013440,-0.0171553
0000013450,-0.00734621
0000013460,-0.00839171
0000013470,-0.0230057
0000013480,-0.0157862
0000013490,-0.0196375
0000013500,-0.0163361
0000013510,-0.0265465
0000013520,-0.0246097
0000013530,-0.0121989
0000013540,-0.0256472
0000013550,-0.0145405
0000013560,-0.0080588
0000013570,-0.014153
0000013580,-0.0277849
0000013590,-0.0184461
0000013600,-0.0117382
0000013610,-0.016591
0000013620,-0.0197949
0000013630,-0.0158068
0000013640,-0.0173493
0000013650,-0.0102111
0000013660,-0.0155183
0000013670,-0.0210048
0000013680,-0.0159895
0000013690,-0.0201115
0000013700,-0.0203762
0000013710,-0.0127144
0000013720,-0.0158146
0000013730,-0.0219975
0000013740,-0.0120374
0000013750,-0.0215726
0000013760,-0.015623
0000013770,-0.0172002
0000013780,-0.0182326
0000013790,-0.0181846
0000013800,-0.01988
0000013810,-0.0161678
0000013820,-0.0118271
0000013830,-0.00878354
0000013840,-0.0216035
0000013850,-0.0197427
0000013860,-0.0170064
0000013870,-0.0169945
0000013880,-0.0114217
0000013890,-0.0220064
0000013900,-0.0138837
0000013910,-0.0151626
0000013920,-0.0140468
0000013930,-0.0214506
0000013940,-0.0184432
0000013950,-0.0186019
0000013960,-0.0150935
0000013970,-0.0217548
0000013980,-0.0175315
0000013990,-0.0118282
0000014000,-0.00906374
0000014010,-0.0128831
0000014020,-0.0181811
0000014030,-0.0253922
0000014040,-0.0194525
0000014050,-0.0200663
0000014060,-0.0178554
0000014070,-0.0283225
0000014080,-0.00977335
0000014090,-0.0168651
0000014100,-0.0183973
0000014110,-0.0191793
0000014120,-0.0128361
0000014130,-0.028811
0000014140,-0.0173347
0000014150,-0.01465
0000014160,-0.0136581
0000014170,-0.0157203
0000014180,-0.0154212
0000014190,-0.0176373
0000014200,-0.0183458
0000014210,-0.0143176
0000014220,-0.0177905
0000014230,-0.0185072
0000014240,-0.0170529
0000014250,-0.0161854
0000014260,-0.0124562
0000014270,-0.0236761
0000014280,-0.0166526
0000014290,-0.00723447
0000014300,-0.0201789
0000014310,-0.0207841
0000014320,-0.0167939
0000014330,-0.0121915
0000014340,-0.0102757
0000014350,-0.0157416
0000014360,-0.0123762
0000014370,-0.0137164
0000014380,-0.0101619
0000014390,-0.0126992
0000014400,-0.0259225
0000014410,-0.0113987
0000014420,-0.0187021
0000014430,-0.0211709
0000014440,-0.015129
0000014450,-0.0207801
0000014460,-0.0109719
0000014470,-0.0143041
0000014480,-0.015845
0000014490,-0.012313
0000014500,-0.0154746
0000014510,-0.0160201
0000014520,-0.0132022
0000014530,-0.0294306
0000014540,-0.00877034
0000014550,-0.0144803
0000014560,-0.0132706
0000014570,-0.0141398
0000014580,-0.0122579
0000014590,-0.0150641
0000014600,-0.0147873
0000014610,-0.0174417
0000014620,-0.0184786
0000014630,-0.0121483
0000014640,-0.0172443
0000014650,-0.0144232
0000014660,-0.0194597
0000014670,-0.0218447
0000014680,-0.00527406
0000014690,-0.0167488
0000014700,-0.0250254
0000014710,-0.0176659
0000014720,-0.0163302
0000014730,-0.0155583
0000014740,-0.0166406
0000014750,-0.0159656
0000014760,-0.0108239
0000014770,-0.0173281
0000014780,-0.0124334
0000014790,-0.0180221
0000014800,-0.0204482
0000014810,-0.0110699
0000014820,-0.0210155
0000014830,-0.0256603
0000014840,-0.0233358
0000014850,-0.00825893
0000014860,-0.0230936
0000014870,-0.0131514
0000014880,-0.0165064
0000014890,-0.0186992
0000014900,-0.0149337
0000014910,-0.0154659
0000014920,-0.0114967
0000014930,-0.0196119
0000014940,-0.0129933
0000014950,-0.0150652
0000014960,-0.0161804
0000014970,-0.0143944
0000014980,-0.0164061
0000014990,-0.0177949
0000015000,-0.00679451
0000015010,-0.0097273
0000015020,-0.0208878
0000015030,-0.0175519
0000015040,-0.0230784
0000015050,-0.0135735
0000015060,-0.0160525
0000015070,-0.0144547
0000015080,-0.0187129
0000015090,-0.0157442
0000015100,-0.0149825
0000015110,-0.0160164
0000015120,-0.017588
0000015130,-0.0174315
0000015140,-0.0137777
0000015150,-0.0182722
0000015160,-0.0182296
0000015170,-0.0138171
0000015180,-0.0161939
0000015190,-0.0168247
0000015200,-0.0140163
0000015210,-0.00785072
0000015220,-0.0143594
0000015230,-0.0110381
0000015240,-0.0139654
0000015250,-0.0210959
0000015260,-0.00944095
0000015270,-0.0166936
0000015280,-0.0190218
0000015290,-0.0151376
0000015300,-0.0250175
0000015310,-0.0176543
0000015320,-0.00679911
0000015330,-0.0162932
0000015340,-0.0148534
0000015350,-0.0133599
0000015360,-0.0147202
0000015370,-0.0125501
0000015380,-0.0227178
0000015390,-0.0314088
0000015400,-0.0259695
0000015410,-0.0113869
0000015420,-0.0193443
0000015430,-0.0125685
0000015440,-0.0145128
0000015450,-0.0138441
0000015460,-0.0154972
0000015470,-0.0158508
0000015480,-0.00809091
0000015490,-0.0172326
0000015500,-0.0116109
0000015510,-0.0199982
0000015520,-0.0200794
0000015530,-0.014328
0000015540,-0.0139779
0000015550,-0.0135603
0000015560,-0.0103192
0000015570,-0.0123263
0000015580,-0.0230011
0000015590,-0.0144935
0000015600,-0.00969932
0000015610,-0.00927277
0000015620,-0.00781277
0000015630,-0.0147078
0000015640,-0.0127774
0000015650,-0.0160039
0000015660,-0.0146133
0000015670,-0.0153435
0000015680,-0.0181217
0000015690,-0.0135253
0000015700,-0.0187075
0000015710,-0.0238228
0000015720,-0.0179183
0000015730,-0.0180042
0000015740,-0.00953572
0000015750,-0.0194778
0000015760,-0.0165437
0000015770,-0.0166393
0000015780,-0.011377
0000015790,-0.0127035
0000015800,-0.0259932
0000015810,-0.00871321
0000015820,-0.0169534
0000015830,-0.0145034
0000015840,-0.0174401
0000015850,-0.0192362
0000015860,-0.0131372
0000015870,-0.0161371
0000015880,-0.01634
0000015890,-0.0236525
0000015900,-0.014336
0000015910,-0.015282
0000015920,-0.019043
0000015930,-0.0105307
0000015940,-0.0215754
0000015950,-0.0211975
0000015960,-0.0158443
0000015970,-0.00832823
0000015980,-0.0176996
0000015990,-0.0191188
