0000000000,-0.00843607
0000000010,-0.0201708
0000000020,-0.0158496
0000000030,-0.0209451
0000000040,-0.0137957
0000000050,-0.0144438
0000000060,-0.0237807
0000000070,-0.0183473
0000000080,-0.0160466
0000000090,-0.0151994
0000000100,-0.0257765
0000000110,-0.0232917
0000000120,-0.0150558
0000000130,-0.0128868
0000000140,-0.0145968
0000000150,-0.019935
0000000160,-0.0193444
0000000170,-0.0193137
0000000180,-0.016122
0000000190,-0.0139769
0000000200,-0.0204155
0000000210,-0.0227955
0000000220,-0.01222
0000000230,-0.0258377
0000000240,-0.0159771
0000000250,-0.0203457
0000000260,-0.0198687
0000000270,-0.024116
0000000280,-0.0274943
0000000290,-0.0128551
0000000300,-0.0186065
0000000310,-0.0209046
0000000320,-0.0177979
0000000330,-0.0244973
0000000340,-0.0173164
0000000350,-0.0112894
0000000360,-0.0126682
0000000370,-0.0153172
0000000380,-0.0176827
0000000390,-0.0168769
0000000400,-0.0212591
0000000410,-0.0171458
0000000420,-0.0172358
0000000430,-0.0240856
0000000440,-0.0139918
0000000450,-0.0143968
0000000460,-0.0152925
0000000470,-0.00835817
0000000480,-0.0231173
0000000490,-0.0201346
0000000500,-0.0262177
0000000510,-0.0161308
0000000520,-0.0227998
0000000530,-0.0183916
0000000540,-0.0176813
0000000550,-0.0167019
0000000560,-0.017853
0000000570,-0.0231981
0000000580,-0.0198035
0000000590,-0.0114278
0000000600,-0.0130622
0000000610,-0.0140683
0000000620,-0.0196399
0000000630,-0.0253547
0000000640,-0.0190893
0000000650,-0.0121297
0000000660,-0.0191537
0000000670,-0.0135749
0000000680,-0.0193622
0000000690,-0.0222439
0000000700,-0.0103305
0000000710,-0.0185474
0000000720,-0.0151726
0000000730,-0.0190163
0000000740,-0.0137893
0000000750,-0.0199149
0000000760,-0.021465
0000000770,-0.0274869
0000000780,-0.011793
0000000790,-0.0128468
0000000800,-0.00860639
0000000810,-0.0301221
0000000820,-0.00777603
0000000830,-0.0129636
0000000840,-0.022933
0000000850,-0.0108645
0000000860,-0.0237741
0000000870,-0.0205611
0000000880,-0.0219864
0000000890,0.00264475
0000000900,-0.0136928
0000000910,-0.00698075
0000000920,-0.0305082
0000000930,-0.00849574
0000000940,-0.0158581
0000000950,-0.0163825
0000000960,-0.0286646
0000000970,-0.0210539
0000000980,-0.0214256
0000000990,-0.0140963
0000001000,-0.0197098
0000001010,-0.0238327
0000001020,-0.0213006
0000001030,-0.0311072
0000001040,-0.0130402
0000001050,-0.0174748
0000001060,-0.0241891
0000001070,-0.0191122
0000001080,-0.00710098
0000001090,-0.0158289
0000001100,-0.00899466
0000001110,-0.00849916
0000001120,-0.018541
0000001130,-0.0102097
0000001140,-0.0148599
0000001150,-0.0200644
0000001160,-0.0241531
0000001170,-0.0176111
0000001180,-0.0139445
0000001190,-0.0156726
0000001200,-0.013062
0000001210,-0.0175092
0000001220,-0.0285074
0000001230,-0.0256425
0000001240,-0.0167671
0000001250,-0.015813
0000001260,-0.0230424
0000001270,-0.0175045
0000001280,-0.0169372
0000001290,-0.0108963
0000001300,-0.0166147
0000001310,-0.0177381
0000001320,-0.0214463
0000001330,-0.00895783
0000001340,-0.0162389
0000001350,-0.0212859
0000001360,-0.00774329
0000001370,-0.0144537
0000001380,-0.021281
0000001390,-0.0234825
0000001400,-0.0212445
0000001410,-0.016817
0000001420,-0.0106403
0000001430,-0.0153041
0000001440,-0.0244725
0000001450,-0.0194742
0000001460,-0.0151982
0000001470,-0.016669
0000001480,-0.0168852
0000001490,-0.00984383
0000001500,-0.0232624
0000001510,-0.0120096
0000001520,-0.0236177
0000001530,-0.0163938
0000001540,-0.0180815
0000001550,-0.0251849
0000001560,-0.0233539
0000001570,-0.0208017
0000001580,-0.0201542
0000001590,-0.0193046
0000001600,-0.0179196
0000001610,-0.0146854
0000001620,-0.0155009
0000001630,-0.0078483
0000001640,-0.0148068
0000001650,-0.0141587
0000001660,-0.0241751
0000001670,-0.0178866
0000001680,-0.0154566
0000001690,-0.00256125
0000001700,-0.0151361
0000001710,-0.0148159
0000001720,-0.0190074
0000001730,-0.0223263
0000001740,-0.0177492
0000001750,-0.0162
0000001760,-0.0220851
0000001770,-0.0179232
0000001780,-0.0280893
0000001790,-0.0223685
0000001800,-0.0198759
0000001810,-0.0218039
0000001820,-0.0154979
0000001830,-0.0122736
0000001840,-0.0170149
0000001850,-0.0138366
0000001860,-0.0072201
0000001870,-0.0158392
0000001880,-0.0179462
0000001890,-0.027152
0000001900,-0.00851851
0000001910,-0.00945143
0000001920,-0.0139713
0000001930,-0.0171815
0000001940,-0.0196677
0000001950,-0.0206199
0000001960,-0.0232811
0000001970,-0.0194391
0000001980,-0.0277161
0000001990,-0.0141053
0000002000,-0.0131394
0000002010,-0.0214811
0000002020,-0.0203044
0000002030,-0.0159273
0000002040,-0.0159481
0000002050,-0.031061
0000002060,-0.0219767
0000002070,-0.0294346
0000002080,-0.0128247
0000002090,-0.0195908
0000002100,-0.0158278
0000002110,-0.0132575
0000002120,-0.00931607
0000002130,-0.0120788
0000002140,-0.0198927
0000002150,-0.015957
0000002160,-0.0149243
0000002170,-0.0162793
0000002180,-0.0207981
0000002190,-0.0199946
0000002200,-0.00711244
0000002210,-0.0182898
0000002220,-0.0150383
0000002230,-0.0145973
0000002240,-0.0161562
0000002250,-0.0161512
0000002260,-0.019947
0000002270,-0.00884379
0000002280,-0.0149888
0000002290,-0.0227217
0000002300,-0.0217416
0000002310,-0.0170761
0000002320,-0.0206328
0000002330,-0.0159706
0000002340,-0.00986146
0000002350,-0.0154945
0000002360,-0.0276507
0000002370,-0.0157544
0000002380,-0.0253702
0000002390,-0.00745694
0000002400,-0.018533
0000002410,-0.0266108
0000002420,-0.00982548
0000002430,-0.00891901
0000002440,-0.0156706
0000002450,-0.011675
0000002460,-0.0202437
0000002470,-0.0086093
0000002480,-0.0145049
0000002490,-0.0224663
0000002500,-0.0170722
0000002510,-0.0168307
0000002520,-0.0259323
0000002530,-0.0201799
0000002540,-0.0149076
0000002550,-0.0252743
0000002560,-0.015659
0000002570,-0.0186878
0000002580,-0.015327
0000002590,-0.0156098
0000002600,-0.0145489
0000002610,-0.0223072
0000002620,-0.0181913
0000002630,-0.0233966
0000002640,-0.0187848
0000002650,-0.0202592
0000002660,-0.0214963
0000002670,-0.0168291
0000002680,-0.0204558
0000002690,-0.00983904
0000002700,-0.0226596
0000002710,-0.0221823
0000002720,-0.0248933
0000002730,-0.0113841
0000002740,-0.0167551
0000002750,-0.0129371
0000002760,-0.0101072
0000002770,-0.025716
0000002780,-0.0119654
0000002790,-0.0207441
0000002800,-0.0138601
0000002810,-0.00709236
0000002820,-0.0120261
0000002830,-0.0213762
0000002840,-0.0155371
0000002850,-0.018681
0000002860,-0.0190738
0000002870,-0.0276995
0000002880,-0.00809869
0000002890,-0.015108
0000002900,-0.0154751
0000002910,-0.0282543
0000002920,-0.0202253
0000002930,-0.0153248
0000002940,-0.0173664
0000002950,-0.0150491
0000002960,-0.0189164
0000002970,-0.013523
0000002980,-0.0248154
0000002990,-0.00832433
0000003000,-0.0194821
0000003010,-0.0153256
0000003020,-0.0140514
0000003030,-0.0157289
0000003040,-0.00950603
0000003050,-0.0235245
0000003060,-0.0178434
0000003070,-0.027729
0000003080,-0.0134341
0000003090,-0.0168379
0000003100,-0.0147301
0000003110,-0.0190879
0000003120,-0.00887689
0000003130,-0.00615312
0000003140,-0.0154176
0000003150,-0.0201756
0000003160,-0.00972719
0000003170,-0.0160624
0000003180,-0.015823
0000003190,-0.0144134
0000003200,-0.0248653
0000003210,-0.0103526
0000003220,-0.0167529
0000003230,-0.0222943
0000003240,-0.0157327
0000003250,-0.0248718
0000003260,-0.0177595
0000003270,-0.0222708
0000003280,-0.014329
0000003290,-0.0159591
0000003300,-0.0130419
0000003310,-0.0183899
0000003320,-0.0161608
0000003330,-0.0166844
0000003340,-0.017317
0000003350,-0.0174062
0000003360,-0.0191284
0000003370,-0.0201612
0000003380,-0.006233
0000003390,-0.0128159
0000003400,-0.0219202
0000003410,-0.0218981
0000003420,-0.0123072
0000003430,-0.00343444
0000003440,-0.019659
0000003450,-0.0212176
0000003460,-0.0182835
0000003470,-0.0205069
0000003480,-0.00957135
0000003490,-0.0134868
0000003500,-0.0124748
0000003510,-0.0241477
0000003520,-0.0124883
0000003530,-0.0131188
0000003540,-0.0293348
0000003550,-0.0218765
0000003560,-0.0134888
0000003570,-0.0167538
0000003580,-0.0217566
0000003590,-0.0181019
0000003600,-0.0173566
0000003610,-0.0218238
0000003620,-0.0196119
0000003630,-0.0243045
0000003640,-0.0135936
0000003650,-0.026629
0000003660,-0.0241328
0000003670,-0.0161986
0000003680,-0.0279174
0000003690,-0.0175183
0000003700,-0.0200565
0000003710,-0.00851671
0000003720,-0.0211938
0000003730,-0.0102927
0000003740,-0.0168409
0000003750,-0.0203296
0000003760,-0.0238842
0000003770,-0.0238124
0000003780,-0.020762
0000003790,-0.0138586
0000003800,-0.0162014
0000003810,-0.0187934
0000003820,-0.0206865
0000003830,-0.00345036
0000003840,-0.0194208
0000003850,-0.0151399
0000003860,-0.0217821
0000003870,-0.0145105
0000003880,-0.015147
0000003890,-0.0205695
0000003900,-0.0209036
0000003910,-0.0175466
0000003920,-0.0277468
0000003930,-0.0142937
0000003940,-0.018613
0000003950,-0.0247507
0000003960,-0.0206973
0000003970,-0.0286367
0000003980,-0.0220568
0000003990,-0.0157951
0000004000,-0.013107
0000004010,-0.0151692
0000004020,-0.0151634
0000004030,-0.0203924
0000004040,-0.0200486
0000004050,-0.0182682
0000004060,-0.0189923
0000004070,-0.0154769
0000004080,-0.0178309
0000004090,-0.00731922
0000004100,-0.0170084
0000004110,-0.0249976
0000004120,-0.0275216
0000004130,-0.0236712
0000004140,-0.0160556
0000004150,-0.0281716
0000004160,-0.011856
0000004170,-0.0194919
0000004180,-0.0152013
0000004190,-0.0128184
0000004200,-0.0176431
0000004210,-0.0193431
0000004220,-0.0178623
0000004230,-0.0264223
0000004240,-0.0200881
0000004250,-0.0161661
0000004260,-0.0223829
0000004270,-0.00971769
0000004280,-0.0233129
0000004290,-0.0242614
0000004300,-0.0205282
0000004310,-0.0170059
0000004320,-0.0202613
0000004330,-0.0232245
0000004340,-0.0180469
0000004350,-0.00659143
0000004360,-0.0198371
0000004370,-0.0187342
0000004380,-0.0231004
0000004390,-0.0233797
0000004400,-0.0191629
0000004410,-0.01141
0000004420,-0.00732995
0000004430,-0.0241441
0000004440,-0.0125565
0000004450,-0.02137
0000004460,-0.0221724
0000004470,-0.022945
0000004480,-0.0209593
0000004490,-0.0242051
0000004500,-0.00643462
0000004510,-0.0328881
0000004520,-0.0155335
0000004530,-0.0119365
0000004540,-0.00898288
0000004550,-0.0216352
0000004560,-0.00593008
0000004570,-0.00521851
0000004580,-0.00421269
0000004590,-0.023476
0000004600,-0.0238059
0000004610,-0.0108779
0000004620,-0.0230774
0000004630,-0.0109667
0000004640,-0.0318976
0000004650,-0.0233261
0000004660,-0.0133261
0000004670,-0.0269814
0000004680,-0.0189649
0000004690,0.00137568
0000004700,-0.0262524
0000004710,-0.0212502
0000004720,-0.0195112
0000004730,-0.018348
0000004740,-0.028693
0000004750,-0.0288297
0000004760,-0.000438122
0000004770,-0.0114955
0000004780,0.00751795
0000004790,-0.0559495
0000004800,-0.0111859
0000004810,-0.0253314
0000004820,0.0221884
0000004830,-0.0122479
0000004840,-0.0281563
0000004850,-0.0324519
0000004860,-0.0171604
0000004870,-0.00774691
0000004880,-0.0314914
0000004890,0.0136412
0000004900,-0.0166593
0000004910,-0.0208431
0000004920,-0.000534162
0000004930,-0.0248827
0000004940,-0.0185931
0000004950,-0.0326688
0000004960,-0.0208596
0000004970,-0.0163374
0000004980,-0.0229675
0000004990,-0.0145537
0000005000,-0.0268808
0000005010,-0.0269939
0000005020,-0.0274279
0000005030,-0.0107562
0000005040,-0.00688191
0000005050,-0.0104216
0000005060,-0.0175364
0000005070,-0.0313594
0000005080,-0.0352909
0000005090,-0.0162085
0000005100,-0.0141142
0000005110,-0.00671118
0000005120,-0.0157296
0000005130,-0.0141122
0000005140,-0.000394298
0000005150,-0.02168
0000005160,-0.0270828
0000005170,-0.0350889
0000005180,-0.0144873
0000005190,-0.00468838
0000005200,-0.0260637
0000005210,-0.00262244
0000005220,-0.0236812
0000005230,-0.0226366
0000005240,-0.0206066
0000005250,-0.0266737
0000005260,-0.00370574
0000005270,-0.0148776
0000005280,-0.0121964
0000005290,-0.0166725
0000005300,-0.0105133
0000005310,-0.0169606
0000005320,-0.0191003
0000005330,-0.0149863
0000005340,-0.028061
0000005350,-0.00318135
0000005360,-0.0160597
0000005370,-0.0119509
0000005380,-0.0254581
0000005390,-0.0229644
0000005400,-0.00673827
0000005410,-0.0257518
0000005420,-0.0207535
0000005430,-0.0229027
0000005440,-0.0191827
0000005450,-0.0131446
0000005460,-0.0165128
0000005470,-0.0183362
0000005480,-0.0057788
0000005490,0.00422888
0000005500,-0.0233645
0000005510,-0.0245814
0000005520,-0.0166993
0000005530,-0.0153906
0000005540,-0.0137802
0000005550,-0.011466
0000005560,-0.0209162
0000005570,-0.0184781
0000005580,-0.0228701
0000005590,-0.00629742
0000005600,-0.0281599
0000005610,-0.0248552
0000005620,-0.00856673
0000005630,-0.0218641
0000005640,-0.0155749
0000005650,-0.0149982
0000005660,-0.022795
0000005670,-0.0185937
0000005680,-0.0122749
0000005690,-0.01325
0000005700,-0.0106238
0000005710,-0.0187379
0000005720,-0.0254439
0000005730,-0.0171507
0000005740,-0.0197269
0000005750,-0.0185487
0000005760,-0.0270362
0000005770,-0.0125984
0000005780,-0.0138647
0000005790,-0.0186619
0000005800,-0.0164059
0000005810,-0.0158079
0000005820,-0.0202721
0000005830,-0.0135155
0000005840,-0.0213233
0000005850,-0.00125432
0000005860,-0.0159419
0000005870,-0.0189999
0000005880,-0.0178234
0000005890,-0.0275698
0000005900,-0.0434362
0000005910,-0.0123514
0000005920,-0.002967
0000005930,-0.0215635
0000005940,-0.00736221
0000005950,-0.0188776
0000005960,-0.0136408
0000005970,-0.0180172
0000005980,-0.0213804
0000005990,-0.0263111
0000006000,-0.00768464
0000006010,-0.024502
0000006020,-0.0122351
0000006030,-0.0140837
0000006040,-0.0118404
0000006050,-0.00152281
0000006060,-0.0155078
0000006070,-0.0171688
0000006080,-0.0262306
0000006090,-0.0154064
0000006100,-0.0147511
0000006110,-0.00313584
0000006120,-0.0101548
0000006130,-0.0193641
0000006140,-0.0170443
0000006150,-0.0167278
0000006160,-0.0213272
0000006170,-0.01197
0000006180,-0.0258399
0000006190,-0.0125937
0000006200,-0.0196594
0000006210,-0.0120332
0000006220,-0.0128372
0000006230,-0.0232334
0000006240,-0.0155195
0000006250,-0.0244818
0000006260,-0.0266377
0000006270,-0.0153588
0000006280,-0.0227378
0000006290,-0.0227838
0000006300,-0.0269573
0000006310,-0.0177635
0000006320,-0.0197598
0000006330,-0.0211217
0000006340,-0.0143723
0000006350,-0.0227544
0000006360,-0.0236694
0000006370,-0.0232394
0000006380,-0.0120249
0000006390,-0.0155465
0000006400,-0.02608
0000006410,-0.0101844
0000006420,-0.0172306
0000006430,-0.0131508
0000006440,-0.0156362
0000006450,-0.0154573
0000006460,-0.00824725
0000006470,-0.0173097
0000006480,-0.0251036
0000006490,-0.0135387
0000006500,-0.0148078
0000006510,-0.0240955
0000006520,-0.0193349
0000006530,-0.00710969
0000006540,-0.00973785
0000006550,-0.0192371
0000006560,-0.0187414
0000006570,-0.03486
0000006580,-0.0230081
0000006590,-0.0262527
0000006600,-0.0181561
0000006610,-0.0233518
0000006620,-0.0236424
0000006630,-0.0118193
0000006640,-0.0243175
0000006650,-0.0240607
0000006660,-0.0109763
0000006670,-0.016235
0000006680,-0.0189278
0000006690,-0.0280787
0000006700,-0.0211082
0000006710,-0.0187082
0000006720,-0.0116893
0000006730,-0.0125689
0000006740,-0.0114876
0000006750,-0.0274081
0000006760,-0.0192688
0000006770,-0.0133423
0000006780,-0.0132072
0000006790,-0.0106874
0000006800,-0.0238613
0000006810,-0.00774659
0000006820,-0.0171374
0000006830,-0.0126352
0000006840,-0.0128527
0000006850,-0.0168686
0000006860,-0.0253921
0000006870,-0.014456
0000006880,-0.0115277
0000006890,-0.0206977
0000006900,-0.0104047
0000006910,-0.0123343
0000006920,-0.0150346
0000006930,-0.0172777
0000006940,-0.0238299
0000006950,-0.0161386
0000006960,-0.0218623
0000006970,-0.00509369
0000006980,-0.0210355
0000006990,-0.00779584
0000007000,-0.0163448
0000007010,-0.0341567
0000007020,-0.0158949
0000007030,-0.0158378
0000007040,-0.0195597
0000007050,-0.0160581
0000007060,-0.0176493
0000007070,-0.0214705
0000007080,-0.0188636
0000007090,-0.0153931
0000007100,-0.0137166
0000007110,-0.01451
0000007120,-0.0146733
0000007130,-0.0246994
0000007140,-0.023279
0000007150,-0.0194926
0000007160,-0.014254
0000007170,-0.00925483
0000007180,-0.0327932
0000007190,-0.0215553
0000007200,-0.00713401
0000007210,-0.021558
0000007220,-0.017179
0000007230,-0.0252161
0000007240,-0.0170316
0000007250,-0.0287817
0000007260,-0.0181142
0000007270,-0.0261816
0000007280,-0.0218032
0000007290,-0.00597028
0000007300,-0.0192827
0000007310,-0.0185105
0000007320,-0.0161189
0000007330,-0.0148259
0000007340,-0.0144418
0000007350,-0.0278009
0000007360,-0.0138627
0000007370,-0.0176377
0000007380,-0.021833
0000007390,-0.0260695
0000007400,-0.0104586
0000007410,-0.0164015
0000007420,-0.015057
0000007430,-0.0239123
0000007440,-0.014979
0000007450,-0.015068
0000007460,-0.0103161
0000007470,-0.0185016
0000007480,-0.0152031
0000007490,-0.0279099
0000007500,-0.0143167
0000007510,-0.0138056
0000007520,-0.0157687
0000007530,-0.0097228
0000007540,-0.0133449
0000007550,-0.00708321
0000007560,-0.0115191
0000007570,-0.0179232
0000007580,-0.0141519
0000007590,-0.0170252
0000007600,-0.0241609
0000007610,-0.00883117
0000007620,-0.0145787
0000007630,-0.0145227
0000007640,-0.0200776
0000007650,-0.0192739
0000007660,-0.020293
0000007670,-0.0111911
0000007680,-0.0167768
0000007690,-0.0121777
0000007700,-0.0220924
0000007710,-0.0207837
0000007720,-0.0191857
0000007730,-0.0241807
0000007740,-0.00520142
0000007750,-0.0165387
0000007760,-0.016839
0000007770,-0.0227431
0000007780,-0.00495509
0000007790,-0.0196152
0000007800,-0.0228252
0000007810,-0.0271198
0000007820,-0.0190236
0000007830,-0.0215058
0000007840,-0.0180248
0000007850,-0.0200619
0000007860,-0.0140109
0000007870,-0.0204965
0000007880,-0.0140884
0000007890,-0.0255952
0000007900,-0.0131602
0000007910,-0.0129805
0000007920,-0.0231552
0000007930,-0.0039475
0000007940,-0.0224341
0000007950,-0.0101958
0000007960,-0.0188363
0000007970,-0.0274122
0000007980,-0.0111904
0000007990,-0.0180708
0000008000,-0.0181516
0000008010,-0.018372
0000008020,-0.013923
0000008030,-0.0207281
0000008040,-0.0176691
0000008050,-0.0222735
0000008060,-0.0253057
0000008070,-0.00927001
0000008080,-0.0208175
0000008090,-0.00980045
0000008100,-0.029239
0000008110,-0.0104895
0000008120,-0.0287681
0000008130,-0.00941329
0000008140,-0.0233493
0000008150,-0.0268632
0000008160,-0.0244034
0000008170,-0.0274063
0000008180,-0.0236154
0000008190,-0.0129696
0000008200,-0.0308735
0000008210,-0.0128866
0000008220,-0.0194193
0000008230,-0.0168989
0000008240,-0.0243666
0000008250,-0.0136263
0000008260,-0.0200591
0000008270,-0.0166135
0000008280,-0.011713
0000008290,-0.0117609
0000008300,-0.00992443
0000008310,-0.0195487
0000008320,-0.0153789
0000008330,-0.0219835
0000008340,-0.0250714
0000008350,-0.0224501
0000008360,-0.0226084
0000008370,-0.0259316
0000008380,-0.017733
0000008390,-0.0184068
0000008400,-0.0177427
0000008410,-0.014525
0000008420,-0.0229061
0000008430,-0.0254525
0000008440,-0.0190762
0000008450,-0.0226345
0000008460,-0.025002
0000008470,-0.0143626
0000008480,-0.00938534
0000008490,-0.0133467
0000008500,-0.019716
0000008510,-0.0230314
0000008520,-0.0148793
0000008530,-0.018335
0000008540,-0.0147832
0000008550,-0.022809
0000008560,-0.0136052
0000008570,-0.0123419
0000008580,-0.0222554
0000008590,-0.0174417
0000008600,-0.00586343
0000008610,-0.0154913
0000008620,-0.0203735
0000008630,-0.0144245
0000008640,-0.0140012
0000008650,-0.0178477
0000008660,-0.0170903
0000008670,-0.0214273
0000008680,-0.00491107
0000008690,-0.0184334
0000008700,-0.0175912
0000008710,-0.0127186
0000008720,-0.0213113
0000008730,-0.029472
0000008740,-0.013561
0000008750,-0.0264944
0000008760,-0.0224922
0000008770,-0.0308123
0000008780,-0.00820946
0000008790,-0.0145757
0000008800,-0.0270998
0000008810,-0.0226787
0000008820,-0.0152678
0000008830,-0.0146332
0000008840,-0.0184512
0000008850,-0.0237114
0000008860,-0.0197861
0000008870,-0.0194031
0000008880,-0.0159192
0000008890,-0.0200472
0000008900,-0.0184305
0000008910,-0.0228242
0000008920,-0.0131177
0000008930,-0.0186208
0000008940,-0.0133535
0000008950,-0.0188392
0000008960,-0.014723
0000008970,-0.0206857
0000008980,-0.0174574
0000008990,-0.0238927
0000009000,-0.0140167
0000009010,-0.0204976
0000009020,-0.0168223
0000009030,-0.0156838
0000009040,-0.0146189
0000009050,-0.0208456
0000009060,-0.0153722
0000009070,-0.01192
0000009080,-0.0237968
0000009090,-0.0125863
0000009100,-0.0248014
0000009110,-0.0221886
0000009120,-0.0119395
0000009130,-0.0246539
0000009140,-0.0146939
0000009150,-0.011964
0000009160,-0.019168
0000009170,-0.0188407
0000009180,-0.00843654
0000009190,-0.0185723
0000009200,-0.0181566
0000009210,-0.0191169
0000009220,-0.0128346
0000009230,-0.0204435
0000009240,-0.0155035
0000009250,-0.020251
0000009260,-0.0161977
0000009270,-0.0155393
0000009280,-0.0191978
0000009290,-0.0146351
0000009300,-0.0134769
0000009310,-0.0205523
0000009320,-0.0299125
0000009330,-0.0205918
0000009340,-0.0155462
0000009350,-0.012352
0000009360,-0.0161325
0000009370,-0.0137652
0000009380,-0.0166652
0000009390,-0.0269724
0000009400,-0.0184787
0000009410,-0.020859
0000009420,-0.0155802
0000009430,-0.0263892
0000009440,-0.0240408
0000009450,-0.0146189
0000009460,-0.0157135
0000009470,-0.0181891
0000009480,-0.023883
0000009490,-0.0168308
0000009500,-0.011961
0000009510,-0.0125126
0000009520,-0.0267265
0000009530,-0.0227933
0000009540,-0.018102
0000009550,-0.0204513
0000009560,-0.018561
0000009570,-0.0268031
0000009580,-0.0201415
0000009590,-0.0206018
0000009600,-0.0332724
0000009610,-0.0168382
0000009620,-0.0100356
0000009630,-0.00933619
0000009640,-0.0191287
0000009650,-0.0167511
0000009660,-0.0174656
0000009670,-0.0206436
0000009680,-0.025743
0000009690,-0.017933
0000009700,-0.0207761
0000009710,-0.00830774
0000009720,-0.0199031
0000009730,-0.0228211
0000009740,-0.0242004
0000009750,-0.00241282
0000009760,-0.0172003
0000009770,-0.00895465
0000009780,-0.0229137
0000009790,-0.0129327
0000009800,-0.0155492
0000009810,-0.025773
0000009820,-0.0149725
0000009830,-0.0179178
0000009840,-0.0145172
0000009850,-0.0168461
0000009860,-0.0142202
0000009870,-0.0251158
0000009880,-0.0111483
0000009890,-0.0283121
0000009900,-0.017159
0000009910,-0.0166859
0000009920,-0.0116104
0000009930,-0.022547
0000009940,-0.0129845
0000009950,-0.0183666
0000009960,-0.015338
0000009970,-0.0148206
0000009980,-0.0247034
0000009990,-0.0197409
0000010000,-0.0171011
0000010010,-0.0217684
0000010020,-0.0216838
0000010030,-0.0167786
0000010040,-0.0132699
0000010050,-0.0124416
0000010060,-0.0165542
0000010070,-0.0115863
0000010080,-0.02088
0000010090,-0.0154205
0000010100,-0.0223558
0000010110,-0.0140227
0000010120,-0.02167
0000010130,-0.0116539
0000010140,-0.0178277
0000010150,-0.0225807
0000010160,-0.021305
0000010170,-0.0123112
0000010180,-0.0180325
0000010190,-0.0228541
0000010200,-0.0166274
0000010210,-0.0221849
0000010220,-0.0167746
0000010230,-0.0237107
0000010240,-0.0193449
0000010250,-0.0199216
0000010260,-0.0254847
0000010270,-0.0149798
0000010280,-0.00481268
0000010290,-0.0190437
0000010300,-0.0131519
0000010310,-0.0188747
0000010320,-0.015462
0000010330,-0.0132836
0000010340,-0.0119407
0000010350,-0.015206
0000010360,-0.0128137
0000010370,-0.0263343
0000010380,-0.0189363
0000010390,-0.0172058
0000010400,-0.00910727
0000010410,-0.0210742
0000010420,-0.0211165
0000010430,-0.029648
0000010440,-0.0158847
0000010450,-0.0270275
0000010460,-0.0123271
0000010470,-0.0189945
0000010480,-0.0200561
0000010490,-0.0226505
0000010500,-0.0228792
0000010510,-0.0131903
0000010520,-0.0216399
0000010530,-0.00768157
0000010540,-0.0197499
0000010550,-0.0123557
0000010560,-0.0272338
0000010570,-0.0125993
0000010580,-0.0121676
0000010590,-0.0141481
0000010600,-0.0117636
0000010610,-0.0129109
0000010620,-0.015198
0000010630,-0.0218188
0000010640,-0.0125702
0000010650,-0.0203732
0000010660,-0.0245379
0000010670,-0.00278685
0000010680,-0.0176976
0000010690,-0.0175283
0000010700,-0.0167386
0000010710,-0.022209
0000010720,-0.0207039
0000010730,-0.0188733
0000010740,-0.0203057
0000010750,-0.0238468
0000010760,-0.0105246
0000010770,-0.0204004
0000010780,-0.00734366
0000010790,-0.0189692
0000010800,-0.0204461
0000010810,-0.0210162
0000010820,-0.0110572
0000010830,-0.0201319
0000010840,-0.0159969
0000010850,-0.0129215
0000010860,-0.0151944
0000010870,-0.0229972
0000010880,-0.00991875
0000010890,-0.017097
0000010900,-0.0163095
0000010910,-0.0156319
0000010920,-0.018462
0000010930,-0.0144739
0000010940,-0.0153634
0000010950,-0.024671
0000010960,-0.0135622
0000010970,-0.0194016
0000010980,-0.0169121
0000010990,-0.0168335
0000011000,-0.018412
0000011010,-0.0180279
0000011020,-0.00309389
0000011030,-0.0142064
0000011040,-0.0230436
0000011050,-0.0125427
0000011060,-0.0211775
0000011070,-0.0166129
0000011080,-0.0205246
0000011090,-0.013792
0000011100,-0.0209632
0000011110,-0.0184616
0000011120,-0.0136635
0000011130,-0.0194998
0000011140,-0.0140539
0000011150,-0.0122938
0000011160,-0.0216987
0000011170,-0.0114683
0000011180,-0.0209913
0000011190,-0.0151459
0000011200,-0.0238968
0000011210,-0.0193001
0000011220,-0.0236324
0000011230,-0.0234443
0000011240,-0.0180976
0000011250,-0.0198141
0000011260,-0.0282284
0000011270,-0.0195843
0000011280,-0.00807436
0000011290,-0.0204946
0000011300,-0.0172973
0000011310,-0.0190563
0000011320,-0.0134079
0000011330,-0.0224544
0000011340,-0.0176247
0000011350,-0.0161295
0000011360,-0.0125371
0000011370,-0.0231428
0000011380,-0.0193642
0000011390,-0.0156077
0000011400,-0.0139535
0000011410,-0.0212295
0000011420,-0.0165707
0000011430,-0.0135924
0000011440,-0.0101831
0000011450,-0.0196294
0000011460,-0.0204707
0000011470,-0.0174321
0000011480,-0.0145837
0000011490,-0.0175701
0000011500,-0.0257595
0000011510,-0.0164176
0000011520,-0.0214314
0000011530,-0.0155491
0000011540,-0.027528
0000011550,-0.0266196
0000011560,-0.0204364
0000011570,-0.014451
0000011580,-0.0166946
0000011590,-0.0198906
0000011600,-0.0188638
0000011610,-0.0163161
0000011620,-0.0189847
0000011630,-0.017169
0000011640,-0.00916927
0000011650,-0.00950348
0000011660,-0.02706
0000011670,-0.0191466
0000011680,-0.0114505
0000011690,-0.0192447
0000011700,-0.0160933
0000011710,-0.0165317
0000011720,-0.0194595
0000011730,-0.0143123
0000011740,-0.017342
0000011750,-0.00862899
0000011760,-0.0170771
0000011770,-0.0193543
0000011780,-0.0166035
0000011790,-0.0172478
0000011800,-0.0146928
0000011810,-0.0193885
0000011820,-0.0265982
0000011830,-0.0264763
0000011840,-0.021586
0000011850,-0.0288797
0000011860,-0.0251895
0000011870,-0.0125911
0000011880,-0.0175115
0000011890,-0.0230703
0000011900,-0.0201769
0000011910,-0.0267297
0000011920,-0.0247397
0000011930,-0.0192207
0000011940,-0.0264861
0000011950,-0.0209777
0000011960,-0.0200453
0000011970,-0.0194886
0000011980,-0.0116738
0000011990,-0.022672
0000012000,-0.0189545
0000012010,-0.0163562
0000012020,-0.0150572
0000012030,-0.0155385
0000012040,-0.0210764
0000012050,-0.020928
0000012060,-0.0175712
0000012070,-0.0173659
0000012080,-0.0130991
0000012090,-0.0227873
0000012100,-0.0155112
0000012110,-0.0158254
0000012120,-0.0180196
0000012130,-0.0153446
0000012140,-0.0185974
0000012150,-0.0218595
0000012160,-0.0195909
0000012170,-0.011344
0000012180,-0.0167542
0000012190,-0.016374
0000012200,-0.0134271
0000012210,-0.0135878
0000012220,-0.0158219
0000012230,-0.0178087
0000012240,-0.0161139
0000012250,-0.0121908
0000012260,-0.0133342
0000012270,-0.01469
0000012280,-0.020297
0000012290,-0.0168278
0000012300,-0.026846
0000012310,-0.0106623
0000012320,-0.0185077
0000012330,-0.0215942
0000012340,-0.0172919
0000012350,-0.0148693
0000012360,-0.0185338
0000012370,-0.0114325
0000012380,-0.0240629
0000012390,-0.0206265
0000012400,-0.018302
0000012410,-0.0219414
0000012420,-0.0148532
0000012430,-0.017391
0000012440,-0.0204213
0000012450,-0.00773245
0000012460,-0.0197967
0000012470,-0.0159023
0000012480,-0.013983
0000012490,-0.00930875
0000012500,-0.0207798
0000012510,-0.0184474
0000012520,-0.0195701
0000012530,-0.0154802
0000012540,-0.0166558
0000012550,-0.0169757
0000012560,-0.00983104
0000012570,-0.0116503
0000012580,-0.0131529
0000012590,-0.017134
0000012600,-0.0100842
0000012610,-0.0187794
0000012620,-0.0176153
0000012630,-0.0163982
0000012640,-0.0187785
0000012650,-0.0203604
0000012660,-0.0266037
0000012670,-0.0232012
0000012680,-0.0147987
0000012690,-0.0308647
0000012700,-0.0199352
0000012710,-0.0199538
0000012720,-0.0219022
0000012730,-0.0151765
0000012740,-0.0184431
0000012750,-0.0189639
0000012760,-0.0189852
0000012770,-0.0229997
0000012780,-0.0185465
0000012790,-0.0141887
0000012800,-0.019947
0000012810,-0.0164871
0000012820,-0.0169768
0000012830,-0.0184732
0000012840,-0.0219918
0000012850,-0.0183868
0000012860,-0.0217777
0000012870,-0.0105921
0000012880,-0.0155752
0000012890,-0.0167273
0000012900,-0.0181029
0000012910,-0.0206559
0000012920,-0.0221579
0000012930,-0.0152035
0000012940,-0.0236414
0000012950,-0.012935
0000012960,-0.00869691
0000012970,-0.016608
0000012980,-0.0182623
0000012990,-0.0147528
0000013000,-0.0169252
0000013010,-0.00971029
0000013020,-0.0297166
0000013030,-0.0214047
0000013040,-0.0197019
0000013050,-0.0101069
0000013060,-0.0132892
0000013070,-0.0213701
0000013080,-0.0149674
0000013090,-0.0195685
0000013100,-0.025214
0000013110,-0.00916406
0000013120,-0.0126359
0000013130,-0.0219789
0000013140,-0.0190417
0000013150,-0.0141714
0000013160,-0.0112263
0000013170,-0.0165547
0000013180,-0.0207698
0000013190,-0.0203613
0000013200,-0.0170258
0000013210,-0.0141505
0000013220,-0.0265208
0000013230,-0.0291809
0000013240,-0.0109035
0000013250,-0.0066329
0000013260,-0.01712
0000013270,-0.0191893
0000013280,-0.0143511
0000013290,-0.0168531
0000013300,-0.0186463
0000013310,-0.0192752
0000013320,-0.0249379
0000013330,-0.0101911
0000013340,-0.00974734
0000013350,-0.0100329
0000013360,-0.0139979
0000013370,-0.0163205
0000013380,-0.0116405
0000013390,-0.0113937
0000013400,-0.0207167
0000013410,-0.0136013
0000013420,-0.0167946
0000013430,-0.025095
0000013440,-0.0218277
0000013450,-0.0237757
0000013460,-0.0152616
0000013470,-0.010479
0000013480,-0.0180924
0000013490,-0.0160942
0000013500,-0.0219003
0000013510,-0.0227693
0000013520,-0.0191754
0000013530,-0.0219555
0000013540,-0.0140918
0000013550,-0.0178423
0000013560,-0.0169579
0000013570,-0.0125993
0000013580,-0.0244584
0000013590,-0.0191453
0000013600,-0.0150484
0000013610,-0.0189895
0000013620,-0.012736
0000013630,-0.0165299
0000013640,-0.0277033
0000013650,-0.0121159
0000013660,-0.0196841
0000013670,-0.0240723
0000013680,-0.018224
0000013690,-0.0186741
0000013700,-0.0206031
0000013710,-0.014354
0000013720,-0.0249406
0000013730,-0.0212997
0000013740,-0.0157219
0000013750,-0.0141696
0000013760,-0.0151431
0000013770,-0.0156651
0000013780,-0.00727548
0000013790,-0.0205759
0000013800,-0.0175509
0000013810,-0.0256955
0000013820,-0.0179709
0000013830,-0.0217218
0000013840,-0.0172944
0000013850,-0.0103496
0000013860,-0.0219
0000013870,-0.0163574
0000013880,-0.0184815
0000013890,-0.0188129
0000013900,-0.0169346
0000013910,-0.0210005
0000013920,-0.0214874
0000013930,-0.0166797
0000013940,-0.0195391
0000013950,-0.0267831
0000013960,-0.0141919
0000013970,-0.0174174
0000013980,-0.0181728
0000013990,-0.0177775
0000014000,-0.0129528
0000014010,-0.0242121
0000014020,-0.0150214
0000014030,-0.0163662
0000014040,-0.010256
0000014050,-0.0189537
0000014060,-0.0175585
0000014070,-0.0125065
0000014080,-0.0151625
0000014090,-0.0180179
0000014100,-0.0130803
0000014110,-0.0235162
0000014120,-0.0215483
0000014130,-0.0126884
0000014140,-0.0166336
0000014150,-0.0140339
0000014160,-0.0131333
0000014170,-0.0132407
0000014180,-0.0198097
0000014190,-0.0178583
0000014200,-0.0185206
0000014210,-0.0165646
0000014220,-0.0267099
0000014230,-0.0195524
0000014240,-0.0178207
0000014250,-0.00955471
0000014260,-0.0224335
0000014270,-0.01689
0000014280,-0.015658
0000014290,-0.0142212
0000014300,-0.018504
0000014310,-0.0262442
0000014320,-0.0145688
0000014330,-0.0129409
0000014340,-0.0147269
0000014350,-0.0199488
0000014360,-0.0211393
0000014370,-0.0138323
0000014380,-0.0165903
0000014390,-0.0183077
0000014400,-0.0120432
0000014410,-0.0180517
0000014420,-0.0196741
0000014430,-0.0169972
0000014440,-0.0190309
0000014450,-0.02166
0000014460,-0.0243961
0000014470,-0.0115874
0000014480,-0.0179684
0000014490,-0.0231037
0000014500,-0.0124851
0000014510,-0.0217003
0000014520,-0.0212573
0000014530,-0.0175983
0000014540,-0.016302
0000014550,-0.0202262
0000014560,-0.0160325
0000014570,-0.0195143
0000014580,-0.0164056
0000014590,-0.0146088
0000014600,-0.0213606
0000014610,-0.017664
0000014620,-0.0131861
0000014630,-0.0163522
0000014640,-0.0254498
0000014650,-0.0198649
0000014660,-0.0228158
0000014670,-0.0106158
0000014680,-0.0223561
0000014690,-0.0260028
0000014700,-0.0227361
0000014710,-0.0066524
0000014720,-0.014766
0000014730,-0.0229354
0000014740,-0.0154544
0000014750,-0.0150233
0000014760,-0.01704
0000014770,-0.0190524
0000014780,-0.0156652
0000014790,-0.0139814
0000014800,-0.0201834
0000014810,-0.0199326
0000014820,-0.0197839
0000014830,-0.020645
0000014840,-0.0146804
0000014850,-0.0287323
0000014860,-0.019037
0000014870,-0.0142343
0000014880,-0.0221997
0000014890,-0.0215022
0000014900,-0.0244022
0000014910,-0.025342
0000014920,-0.013965
0000014930,-0.0189206
0000014940,-0.0152876
0000014950,-0.0134359
0000014960,-0.0208076
0000014970,-0.0220536
0000014980,-0.0308235
0000014990,-0.0120371
0000015000,-0.0149891
0000015010,-0.0266947
0000015020,-0.019339
0000015030,-0.00877704
0000015040,-0.0201705
0000015050,-0.0130172
0000015060,-0.020928
0000015070,-0.0176417
0000015080,-0.0119197
0000015090,-0.0106415
0000015100,-0.0221309
0000015110,-0.0142424
0000015120,-0.0203138
0000015130,-0.0160273
0000015140,-0.0276103
0000015150,-0.014362
0000015160,-0.0130768
0000015170,-0.0219351
0000015180,-0.0158157
0000015190,-0.0215185
0000015200,-0.0195269
0000015210,-0.0212159
0000015220,-0.0213999
0000015230,-0.0161794
0000015240,-0.0200802
0000015250,-0.00845451
0000015260,-0.0247753
0000015270,-0.0220357
0000015280,-0.0149115
0000015290,-0.0134034
0000015300,-0.0235415
0000015310,-0.0135742
0000015320,-0.026039
0000015330,-0.0177825
0000015340,-0.0181274
0000015350,-0.0259977
0000015360,-0.0144311
0000015370,-0.0129857
0000015380,-0.0174846
0000015390,-0.0242292
0000015400,-0.0147116
0000015410,-0.0282569
0000015420,-0.017359
0000015430,-0.0160511
0000015440,-0.0113794
0000015450,-0.0203223
0000015460,-0.0126217
0000015470,-0.0161028
0000015480,-0.0221303
0000015490,-0.0152962
0000015500,-0.0125737
0000015510,-0.017963
0000015520,-0.0151452
0000015530,-0.0128415
0000015540,-0.0188806
0000015550,-0.0180699
0000015560,-0.0165231
0000015570,-0.0125615
0000015580,-0.0154156
0000015590,-0.0105214
0000015600,-0.0186289
0000015610,-0.0222287
0000015620,-0.0153387
0000015630,-0.0160201
0000015640,-0.0229161
0000015650,-0.0184083
0000015660,-0.0140665
0000015670,-0.0219007
0000015680,-0.0265358
0000015690,-0.0186029
0000015700,-0.0180755
0000015710,-0.0318244
0000015720,-0.0197099
0000015730,-0.0227834
0000015740,-0.0176228
0000015750,-0.0181141
0000015760,-0.0165661
0000015770,-0.0200471
0000015780,-0.0166667
0000015790,-0.0242046
0000015800,-0.016949
0000015810,-0.0275716
0000015820,-0.0120188
0000015830,-0.0208527
0000015840,-0.0103319
0000015850,-0.0184914
0000015860,-0.0171593
0000015870,-0.017229
0000015880,-0.0215425
0000015890,-0.0244675
0000015900,-0.0142021
0000015910,-0.0206107
0000015920,-0.0106415
0000015930,-0.0167759
0000015940,-0.0143981
0000015950,-0.0177672
0000015960,-0.018511
0000015970,-0.0193752
0000015980,-0.0191516
0000015990,-0.0154603
