0000000000,-0.0398289
0000000010,-0.00345963
0000000020,-0.00661463
0000000030,-0.0246594
0000000040,-0.010318
0000000050,-0.0177426
0000000060,-0.0376612
0000000070,-0.00556122
0000000080,-0.019458
0000000090,-0.0162533
0000000100,-0.003356
0000000110,-0.0186605
0000000120,-0.0148858
0000000130,-0.00376885
0000000140,-0.00997727
0000000150,-0.024841
0000000160,-0.0092439
0000000170,-0.0136183
0000000180,0.000101443
0000000190,-0.0316728
0000000200,-0.0172859
0000000210,-0.0269329
0000000220,-0.0293995
0000000230,-0.000499752
0000000240,-0.0370314
0000000250,-0.0414547
0000000260,-0.0189437
0000000270,-0.00270493
0000000280,-0.0187356
0000000290,0.000970542
0000000300,-0.0212428
0000000310,-0.0094228
0000000320,-0.0125411
0000000330,-0.00427171
0000000340,-0.0118201
0000000350,-0.0115194
0000000360,-0.00515522
0000000370,-0.00885064
0000000380,-0.0233168
0000000390,0.00172605
0000000400,-0.00828936
0000000410,-0.00178159
0000000420,-0.0317349
0000000430,-0.00845985
0000000440,-0.019875
0000000450,-0.0327097
0000000460,-0.00425593
0000000470,-0.0112846
0000000480,-0.0202481
0000000490,-0.0152842
0000000500,-0.0150133
0000000510,-0.0415936
0000000520,-0.0391683
0000000530,-0.00865106
0000000540,-0.0344057
0000000550,-0.011914
0000000560,-0.0295312
0000000570,-0.0110928
0000000580,-0.021533
0000000590,-0.0217258
0000000600,-0.0364799
0000000610,-0.0181655
0000000620,-0.0128264
0000000630,-0.0156497
0000000640,-0.0336975
0000000650,-0.0169144
0000000660,-0.0269453
0000000670,-0.0296721
0000000680,0.00128826
0000000690,-0.027939
0000000700,-0.0187004
0000000710,-0.00190293
0000000720,-0.0289079
0000000730,-0.0328656
0000000740,-0.0058902
0000000750,-0.0196139
0000000760,-0.0178379
0000000770,-0.0167045
0000000780,-0.0377863
0000000790,0.0047863
0000000800,-0.0351526
0000000810,-0.00452578
0000000820,0.0100582
0000000830,-0.0112598
0000000840,-0.0112073
0000000850,-0.0190811
0000000860,-0.0200931
0000000870,0.00776956
0000000880,-0.017482
0000000890,-0.0127637
0000000900,-0.0139724
0000000910,0.00660265
0000000920,-0.0301644
0000000930,-0.0215862
0000000940,-0.0292853
0000000950,-0.00866475
0000000960,-0.0175104
0000000970,-0.0203338
0000000980,-0.0286281
0000000990,-0.018704
0000001000,0.00346125
0000001010,-0.0454645
0000001020,-0.0240856
0000001030,-0.0180131
0000001040,-0.031425
0000001050,-0.0103652
0000001060,-0.00952327
0000001070,-0.0247565
0000001080,-0.0193063
0000001090,-0.0527641
0000001100,-0.0164751
0000001110,-0.0397523
0000001120,-0.0157244
0000001130,-0.0213284
0000001140,-0.0155149
0000001150,-0.0324054
0000001160,-0.0131582
0000001170,-0.0253486
0000001180,-0.00774495
0000001190,-0.0161637
0000001200,-0.0493884
0000001210,-0.0106976
0000001220,-0.0133089
0000001230,-0.00817265
0000001240,-0.0160056
0000001250,-0.016937
0000001260,-0.00429307
0000001270,-0.0229395
0000001280,-0.0371369
0000001290,-0.00616022
0000001300,-0.0318677
0000001310,-0.0114876
0000001320,-0.0170781
0000001330,-0.00264023
0000001340,-0.026807
0000001350,-0.0308657
0000001360,-0.0302981
0000001370,-0.029544
0000001380,-0.0365744
0000001390,-0.0242112
0000001400,-0.00132981
0000001410,-0.0254815
0000001420,-0.0107371
0000001430,0.016523
0000001440,-0.0214523
0000001450,-0.00953887
0000001460,0.00416049
0000001470,-0.0575194
0000001480,-0.0100816
0000001490,-0.0491525
0000001500,-0.0287675
0000001510,-0.0333081
0000001520,-0.0382356
0000001530,-0.0208393
0000001540,-0.0118338
0000001550,-0.0104436
0000001560,-0.00386253
0000001570,-0.0200897
0000001580,-0.0189455
0000001590,-0.034367
0000001600,-0.0171311
0000001610,-0.00333377
0000001620,-0.0375102
0000001630,-0.0100417
0000001640,-0.0235955
0000001650,-0.0135585
0000001660,-0.0194795
0000001670,-0.00182373
0000001680,-0.0202033
0000001690,0.00135092
0000001700,-0.0146884
0000001710,-0.0174079
0000001720,-0.0241236
0000001730,-0.0320232
0000001740,-0.0094213
0000001750,-0.0282358
0000001760,-0.0272157
0000001770,0.00567008
0000001780,-0.0125228
0000001790,-0.0206699
0000001800,-0.00436194
0000001810,-0.0249464
0000001820,-0.0373799
0000001830,0.00811956
0000001840,-0.0115913
0000001850,-0.0185042
0000001860,-0.0224704
0000001870,-0.017761
0000001880,-0.0200582
0000001890,-0.0226962
0000001900,0.00393136
0000001910,-0.0225648
0000001920,-0.00408381
0000001930,-0.0201988
0000001940,-0.0226286
0000001950,-0.0322405
0000001960,0.0114163
0000001970,-0.0366294
0000001980,-0.0379227
0000001990,-0.0205578
0000002000,-0.00569698
0000002010,-0.0320812
0000002020,-0.0336328
0000002030,-0.00453505
0000002040,-0.00927681
0000002050,-0.0335643
0000002060,-0.0100839
0000002070,-0.0157467
0000002080,-0.0346164
0000002090,0.00164883
0000002100,-0.0325897
0000002110,-0.0241915
0000002120,-0.0205945
0000002130,-0.0172436
0000002140,-0.00745133
0000002150,-0.0159509
0000002160,-0.0150878
0000002170,-0.0092803
0000002180,-0.0279166
0000002190,-0.0107342
0000002200,-0.014833
0000002210,-0.0327313
0000002220,-0.0270471
0000002230,-0.0166233
0000002240,0.000341563
0000002250,0.00239763
0000002260,-0.0285056
0000002270,-0.00716738
0000002280,-0.0259238
0000002290,-0.0258841
0000002300,-0.0126244
0000002310,-0.0105507
0000002320,-0.00672663
0000002330,0.0034543
0000002340,-0.0314439
0000002350,-0.0416711
0000002360,-0.0124354
0000002370,-0.0347386
0000002380,-0.00713631
0000002390,-0.00910286
0000002400,-0.0104655
0000002410,0.00597463
0000002420,-0.0163588
0000002430,-0.0198109
0000002440,-0.018927
0000002450,-0.0173893
0000002460,-0.00994501
0000002470,-0.0300315
0000002480,-0.00967684
0000002490,-0.00173252
0000002500,-0.0194585
0000002510,0.00943968
0000002520,-0.006964
0000002530,-0.029725
0000002540,-0.0131821
0000002550,-0.0200967
0000002560,-0.0190506
0000002570,-0.0080467
0000002580,-0.0203216
0000002590,-0.00851072
0000002600,-0.0208926
0000002610,-0.00354573
0000002620,-0.00769916
0000002630,-0.0374779
0000002640,-0.0200541
0000002650,-0.0237742
0000002660,-0.0259531
0000002670,-0.00405607
0000002680,-0.025621
0000002690,-0.0117742
0000002700,-0.0150811
0000002710,-0.0246889
0000002720,-0.00476936
0000002730,-0.015213
0000002740,-0.0274385
0000002750,-0.0298036
0000002760,-0.0196349
0000002770,-0.0137693
0000002780,-0.0364089
0000002790,-0.0261403
0000002800,0.00912287
0000002810,-0.01359
0000002820,-0.0150228
0000002830,-0.0154392
0000002840,-0.00943646
0000002850,-0.0120123
0000002860,-0.0259023
0000002870,-0.0295678
0000002880,-0.0116658
0000002890,-0.0132588
0000002900,-0.0202067
0000002910,-0.0153246
0000002920,-0.00593387
0000002930,-0.0214985
0000002940,-0.0334727
0000002950,-0.0268675
0000002960,0.00645536
0000002970,-0.00719095
0000002980,-0.0223277
0000002990,-0.0117851
0000003000,-0.0206705
0000003010,-0.023815
0000003020,-0.00579612
0000003030,-0.0129362
0000003040,-0.0122227
0000003050,-0.0111639
0000003060,-0.0333231
0000003070,-0.00166399
0000003080,-0.0303414
0000003090,-0.0353428
0000003100,-0.0377721
0000003110,0.0115603
0000003120,-0.032959
0000003130,-0.0374489
0000003140,-0.011577
0000003150,-0.0174023
0000003160,-0.0270596
0000003170,-0.0422635
0000003180,-0.0201628
0000003190,0.00337902
0000003200,-0.0349561
0000003210,-0.0235383
0000003220,-0.031792
0000003230,-0.0181726
0000003240,-0.0245445
0000003250,-0.0235332
0000003260,-0.00763509
0000003270,-0.0140679
0000003280,-0.0256947
0000003290,-0.0161997
0000003300,-0.0128315
0000003310,-0.0276937
0000003320,-0.000290163
0000003330,1.864e-05
0000003340,0.00510023
0000003350,-0.0283158
0000003360,-0.00085054
0000003370,-0.0204476
0000003380,-0.0376616
0000003390,-0.00601309
0000003400,-0.00451362
0000003410,-0.0165675
0000003420,-0.00908752
0000003430,-0.0320972
0000003440,-0.00164866
0000003450,-0.00486304
0000003460,-0.0219686
0000003470,-0.0307531
0000003480,-0.0167223
0000003490,-0.0161685
0000003500,-0.0302788
0000003510,-0.0207787
0000003520,0.0150183
0000003530,-0.0127075
0000003540,-0.0164361
0000003550,-0.0348117
0000003560,-0.0123733
0000003570,-0.026199
0000003580,-0.0251705
0000003590,-0.0101187
0000003600,0.00322759
0000003610,-0.025921
0000003620,-0.0155386
0000003630,0.00362455
0000003640,-0.0100661
0000003650,-0.0139147
0000003660,-0.0120745
0000003670,-0.00837994
0000003680,-0.0231859
0000003690,-0.00341645
0000003700,-0.0323896
0000003710,-0.00586831
0000003720,-0.00881375
0000003730,-0.0254354
0000003740,-0.0261119
0000003750,-0.022445
0000003760,-0.0289869
0000003770,-0.0279672
0000003780,-0.0294635
0000003790,-0.0128805
0000003800,-0.015128
0000003810,-0.00130043
0000003820,-0.0266523
0000003830,-0.0207241
0000003840,-0.0268549
0000003850,-0.017334
0000003860,-0.0205946
0000003870,-0.0302213
0000003880,-0.00162661
0000003890,-0.0472713
0000003900,-0.0099835
0000003910,-0.0287706
0000003920,-0.0272309
0000003930,-0.0116261
0000003940,-0.0326853
0000003950,-0.0354277
0000003960,-0.0260855
0000003970,0.000115177
0000003980,-0.0427367
0000003990,-0.00838503
0000004000,-0.0223235
0000004010,-0.0295404
0000004020,-0.010306
0000004030,-0.00861861
0000004040,-0.0123905
0000004050,-0.0255913
0000004060,-0.0106294
0000004070,-0.0278604
0000004080,-0.0104393
0000004090,-0.025829
0000004100,-0.0408049
0000004110,-0.00113291
0000004120,-0.00319889
0000004130,-0.00356372
0000004140,-0.0318768
0000004150,-0.0207911
0000004160,-0.0271941
0000004170,-0.0272385
0000004180,-0.0307545
0000004190,-0.00933622
0000004200,-0.012912
0000004210,-0.00277165
0000004220,-0.0184694
0000004230,-0.0241593
0000004240,-0.000168821
0000004250,0.00400877
0000004260,-0.0157962
0000004270,-0.021643
0000004280,-0.0196816
0000004290,-0.0326927
0000004300,-0.0228073
0000004310,-0.0240314
0000004320,-0.039075
0000004330,-0.0274556
0000004340,-0.0307983
0000004350,-0.0286197
0000004360,-0.0202832
0000004370,-0.0125799
0000004380,-0.0312162
0000004390,-0.0208323
0000004400,-0.0270693
0000004410,-0.0213257
0000004420,0.00463985
0000004430,-0.0337377
0000004440,-0.0252799
0000004450,-0.0249984
0000004460,-0.0293808
0000004470,-0.0327392
0000004480,-0.0260403
0000004490,-0.0158773
0000004500,-0.0172195
0000004510,-0.0122589
0000004520,-0.0227905
0000004530,-0.0191247
0000004540,-0.000457673
0000004550,-0.025618
0000004560,-0.0300564
0000004570,-0.00131471
0000004580,-0.0131507
0000004590,-0.0177736
0000004600,-0.0242034
0000004610,-0.0261968
0000004620,-0.0144739
0000004630,-0.0249058
0000004640,-0.0152746
0000004650,-0.0254342
0000004660,-0.0270647
0000004670,-0.0126547
0000004680,-0.0146047
0000004690,-0.00508871
0000004700,0.0167783
0000004710,-0.0233169
0000004720,-0.0297691
0000004730,-0.00232184
0000004740,-0.00523725
0000004750,0.0119031
0000004760,-0.0248939
0000004770,-0.025829
0000004780,-0.0247814
0000004790,-0.0283746
0000004800,-0.00883276
0000004810,-0.0244928
0000004820,-0.0266769
0000004830,-0.00244558
0000004840,-0.0179696
0000004850,-0.00276852
0000004860,-0.0186886
0000004870,-0.0182069
0000004880,-0.0159115
0000004890,-0.00614768
0000004900,-0.00561906
0000004910,-0.0344329
0000004920,-0.0430534
0000004930,-0.0315048
0000004940,-0.0216886
0000004950,-0.0260842
0000004960,-0.00637728
0000004970,-0.0341254
0000004980,-0.0120946
0000004990,-0.0232973
0000005000,-0.0312232
0000005010,0.0103292
0000005020,-0.0138367
0000005030,-0.000976632
0000005040,-0.00743238
0000005050,-0.0159195
0000005060,0.00141132
0000005070,-0.0241167
0000005080,-0.0325889
0000005090,-0.0217243
0000005100,-0.0174637
0000005110,-0.00104265
0000005120,-0.03235
0000005130,-0.0296923
0000005140,-0.0152223
0000005150,-0.0174414
0000005160,-0.000998803
0000005170,-0.000469213
0000005180,-0.0232166
0000005190,-0.00510633
0000005200,-0.0352644
0000005210,-0.0010141
0000005220,-0.0281827
0000005230,0.01496
0000005240,-0.02742
0000005250,-0.00245316
0000005260,-0.0319997
0000005270,0.00520452
0000005280,-0.0225736
0000005290,-0.0110141
0000005300,-0.0253335
0000005310,-0.0233908
0000005320,-0.0174176
0000005330,-0.0257302
0000005340,-0.0306469
0000005350,0.0083741
0000005360,-0.01219
0000005370,-0.0278586
0000005380,-0.0205986
0000005390,-0.0268569
0000005400,-0.0349159
0000005410,-0.0154672
0000005420,-0.0153488
0000005430,-0.0168429
0000005440,-0.0438599
0000005450,-0.0195387
0000005460,-0.00889562
0000005470,-0.0183357
0000005480,-0.0159591
0000005490,-0.0400344
0000005500,-0.0312761
0000005510,-0.0197162
0000005520,-0.0334306
0000005530,-0.0153213
0000005540,-0.0104339
0000005550,-0.0437715
0000005560,-0.0192591
0000005570,-0.0131622
0000005580,-0.0214753
0000005590,-0.0224141
0000005600,-0.00777578
0000005610,-0.0235453
0000005620,-0.0342564
0000005630,-0.0221419
0000005640,-0.0128984
0000005650,-0.0140954
0000005660,-0.0210399
0000005670,-0.0135394
0000005680,-0.0287635
0000005690,-0.027744
0000005700,-0.0386574
0000005710,-0.0212089
0000005720,-0.0111394
0000005730,-0.0441918
0000005740,-0.0240131
0000005750,-0.0331154
0000005760,-0.0230584
0000005770,-0.0314521
0000005780,-0.0141586
0000005790,-0.0151649
0000005800,-0.0371296
0000005810,-0.00898416
0000005820,-0.0385936
0000005830,-0.0310282
0000005840,-0.0151124
0000005850,-0.00187052
0000005860,-0.0162069
0000005870,0.00521495
0000005880,-0.00489948
0000005890,-0.0186668
0000005900,-0.0295992
0000005910,-0.00145941
0000005920,0.000476039
0000005930,-0.0325624
0000005940,-0.0119778
0000005950,0.00609888
0000005960,-0.0194207
0000005970,-0.0103823
0000005980,-0.00775899
0000005990,-0.0199402
0000006000,0.00954659
0000006010,-0.00548293
0000006020,-0.0172075
0000006030,-0.0352344
0000006040,-0.0295355
0000006050,-0.0431033
0000006060,-0.012946
0000006070,-0.0110909
0000006080,-0.0202244
0000006090,-0.0271236
0000006100,-0.01049
0000006110,-0.0110822
0000006120,-0.0136077
0000006130,-0.0176294
0000006140,-0.0108502
0000006150,-0.0423197
0000006160,-0.0157286
0000006170,-0.0224938
0000006180,-0.0313042
0000006190,-0.0145083
0000006200,0.00584559
0000006210,-0.0338624
0000006220,-0.00390904
0000006230,-0.00597323
0000006240,0.0013365
0000006250,-0.0180336
0000006260,-0.00514276
0000006270,-0.0299225
0000006280,-0.0320198
0000006290,-0.0256132
0000006300,-0.0243467
0000006310,-0.0368549
0000006320,-0.0188685
0000006330,-0.0128057
0000006340,-0.00971794
0000006350,-0.00334587
0000006360,-0.0354297
0000006370,-0.0190089
0000006380,0.00712427
0000006390,-0.0173612
0000006400,-0.0122933
0000006410,-0.0201322
0000006420,-0.0141372
0000006430,-0.0119515
0000006440,-0.0511271
0000006450,-0.0458116
0000006460,-0.0235707
0000006470,-0.0331489
0000006480,-0.019923
0000006490,6.46712e-05
0000006500,-0.0240539
0000006510,0.00151402
0000006520,-0.0276743
0000006530,-0.0244727
0000006540,-0.00965694
0000006550,-0.0143408
0000006560,-0.0102705
0000006570,-0.0144224
0000006580,-0.0142788
0000006590,-0.027736
0000006600,-0.0408793
0000006610,0.000356813
0000006620,-0.0560851
0000006630,-0.014512
0000006640,-0.0108675
0000006650,-0.000492388
0000006660,-0.0234816
0000006670,-0.0134322
0000006680,-0.0122245
0000006690,-0.00812599
0000006700,-0.0483881
0000006710,-0.0212514
0000006720,-0.0249642
0000006730,-0.00551654
0000006740,-0.021208
0000006750,-0.0223409
0000006760,-0.0193614
0000006770,-0.0231044
0000006780,-0.0162926
0000006790,-0.0237686
0000006800,-0.0106587
0000006810,-0.0170584
0000006820,-0.0160339
0000006830,-0.0335976
0000006840,-0.0233175
0000006850,-0.020831
0000006860,-0.00439054
0000006870,-0.0166403
0000006880,0.00539969
0000006890,-0.00445849
0000006900,-0.0122182
0000006910,-0.0165566
0000006920,-0.0157315
0000006930,-0.00634382
0000006940,-0.0150498
0000006950,-0.0290575
0000006960,-0.012916
0000006970,-0.0273573
0000006980,-0.0147409
0000006990,0.000803458
0000007000,-0.0122391
0000007010,-0.036709
0000007020,-0.0164389
0000007030,-0.0193309
0000007040,-0.0165908
0000007050,-0.0358661
0000007060,-0.0294007
0000007070,-0.0257935
0000007080,-0.0221095
0000007090,-0.0176403
0000007100,-0.00737977
0000007110,-0.00792325
0000007120,0.00381383
0000007130,-0.0345285
0000007140,-0.000711352
0000007150,-0.0194863
0000007160,-0.0254337
0000007170,-0.0219391
0000007180,-0.0320771
0000007190,-0.0139677
0000007200,0.00397213
0000007210,-0.00863148
0000007220,-0.0187797
0000007230,-0.00842065
0000007240,-0.0109977
0000007250,-0.0253778
0000007260,0.00325562
0000007270,-0.0189761
0000007280,0.00639315
0000007290,-0.0150785
0000007300,0.00310691
0000007310,-0.0223508
0000007320,-0.0545166
0000007330,0.0119044
0000007340,-0.0184188
0000007350,-0.0391395
0000007360,-0.00289473
0000007370,-0.0356046
0000007380,-0.0196053
0000007390,-0.00859018
0000007400,-0.0128143
0000007410,-0.0257754
0000007420,-0.0285001
0000007430,-0.0196111
0000007440,-0.0192071
0000007450,-0.00352805
0000007460,-0.00854167
0000007470,-0.0296918
0000007480,0.00234201
0000007490,-0.0252784
0000007500,-0.00839673
0000007510,-0.0299909
0000007520,-0.0158119
0000007530,-0.0110002
0000007540,-0.0298241
0000007550,-0.0206426
0000007560,-0.00480734
0000007570,-0.00933311
0000007580,-0.0149547
0000007590,-0.0219457
0000007600,-0.0104926
0000007610,-0.0110839
0000007620,-0.0227536
0000007630,0.0019534
0000007640,-0.012924
0000007650,-0.0598042
0000007660,-0.000965282
0000007670,-0.0191879
0000007680,-0.0311583
0000007690,-0.0191405
0000007700,0.000934631
0000007710,-0.00610727
0000007720,-0.0249666
0000007730,-0.0118457
0000007740,-0.0014611
0000007750,-0.0133459
0000007760,-0.00631395
0000007770,-0.0187707
0000007780,-0.0109892
0000007790,-0.00600724
0000007800,-0.0311368
0000007810,-0.0029031
0000007820,-0.0134736
0000007830,-0.0497567
0000007840,-0.0180994
0000007850,-0.0188028
0000007860,-0.0111513
0000007870,-0.00842277
0000007880,-0.0185563
0000007890,-0.0434749
0000007900,-0.00996713
0000007910,-0.0157136
0000007920,-0.0215568
0000007930,-0.0283665
0000007940,-0.010522
0000007950,-0.0341125
0000007960,-0.0249159
0000007970,-0.0155244
0000007980,-0.0367241
0000007990,-0.0553601
0000008000,-0.0239729
0000008010,-0.0252352
0000008020,-0.00847782
0000008030,-0.00998652
0000008040,-0.0339181
0000008050,-0.0190085
0000008060,-0.0341256
0000008070,4.73243e-05
0000008080,-0.00970374
0000008090,-0.0139595
0000008100,-0.0072898
0000008110,-0.0292107
0000008120,-0.0293179
0000008130,-0.0287535
0000008140,-0.0206756
0000008150,-0.0304882
0000008160,-0.010133
0000008170,0.00137966
0000008180,-0.00120364
0000008190,-0.00990749
0000008200,-0.0458259
0000008210,-0.0264559
0000008220,-0.028704
0000008230,-0.0139817
0000008240,-0.0171907
0000008250,-0.0163233
0000008260,-0.0207841
0000008270,-0.00312751
0000008280,-0.000841417
0000008290,-0.0160334
0000008300,-0.010396
0000008310,-0.0290281
0000008320,-0.0180562
0000008330,-0.0199877
0000008340,-0.00960168
0000008350,-0.00350534
0000008360,0.00333333
0000008370,-0.0166995
0000008380,-0.0420646
0000008390,-0.00378321
0000008400,-0.0350193
0000008410,-0.0299131
0000008420,-0.0120685
0000008430,-0.0212762
0000008440,-0.021615
0000008450,-0.0179147
0000008460,-0.0391672
0000008470,-0.0217869
0000008480,-0.0104113
0000008490,-0.0268981
0000008500,-0.00511052
0000008510,-0.0108884
0000008520,-0.0365824
0000008530,-0.0207037
0000008540,-0.00892524
0000008550,-0.0233301
0000008560,0.0227369
0000008570,-0.0278023
0000008580,-0.0147787
0000008590,-0.0203597
0000008600,-0.0310679
0000008610,-0.0229474
0000008620,0.00129409
0000008630,-0.0149056
0000008640,0.00620457
0000008650,-0.00471791
0000008660,-0.0339901
0000008670,-0.0294439
0000008680,-0.0387108
0000008690,-0.0368327
0000008700,-0.004982
0000008710,-0.0235453
0000008720,-0.0227127
0000008730,0.00102993
0000008740,-0.0247549
0000008750,0.000958477
0000008760,-0.0118769
0000008770,-0.0173701
0000008780,-0.0492522
0000008790,-0.00113945
0000008800,-0.02554
0000008810,-0.0291476
0000008820,-0.0202928
0000008830,-0.0164751
0000008840,-0.0165115
0000008850,-0.00505395
0000008860,-0.0157635
0000008870,-0.0217051
0000008880,-0.0224581
0000008890,-0.0199963
0000008900,-0.0131436
0000008910,-0.0424323
0000008920,-0.0105186
0000008930,-0.00953117
0000008940,-0.0178159
0000008950,-0.0226223
0000008960,-0.00619761
0000008970,-0.0410839
0000008980,-0.00597397
0000008990,-0.0382572
0000009000,-0.0111894
0000009010,-0.0241177
0000009020,-0.0142253
0000009030,-0.027585
0000009040,-0.0115721
0000009050,-0.0230427
0000009060,-0.0260722
0000009070,0.0201577
0000009080,-0.0100356
0000009090,-0.0235156
0000009100,-0.0179968
0000009110,-0.025193
0000009120,-0.0105278
0000009130,0.00561427
0000009140,-0.0118869
0000009150,-0.0250071
0000009160,-0.0224464
0000009170,-0.0142395
0000009180,-0.0229814
0000009190,-0.0282201
0000009200,-0.0284262
0000009210,-0.00846283
0000009220,-0.029273
0000009230,-0.0495433
0000009240,-0.0157444
0000009250,-0.0197679
0000009260,-0.0210426
0000009270,-0.00154221
0000009280,-0.0250681
0000009290,-0.0289286
0000009300,0.00767595
0000009310,0.00336058
0000009320,-0.0110236
0000009330,-6.86256e-05
0000009340,-0.0086881
0000009350,-0.0174956
0000009360,-0.00639357
0000009370,-0.0274154
0000009380,-0.0379851
0000009390,-0.049118
0000009400,-0.0102625
0000009410,-0.0164653
0000009420,-0.0463266
0000009430,-0.0258252
0000009440,-0.037989
0000009450,-0.00329599
0000009460,0.0163162
0000009470,0.00146605
0000009480,-0.0397906
0000009490,-0.0239518
0000009500,-0.0282248
0000009510,-0.0239966
0000009520,-0.0403333
0000009530,-0.0198409
0000009540,-0.0300824
0000009550,-0.0303826
0000009560,-0.0112781
0000009570,-0.0185981
0000009580,-0.017924
0000009590,-0.0176805
0000009600,-0.0120097
0000009610,-0.006182
0000009620,-0.0290796
0000009630,-0.00629463
0000009640,-0.0117417
0000009650,0.00937122
0000009660,-0.0261714
0000009670,-0.0312816
0000009680,-0.0101571
0000009690,-0.0129667
0000009700,0.0140515
0000009710,0.00082472
0000009720,-0.0173642
0000009730,-0.0075765
0000009740,-0.00839505
0000009750,-0.0128195
0000009760,-0.0154507
0000009770,-0.0140101
0000009780,-0.0152054
0000009790,-0.00314649
0000009800,-0.0111037
0000009810,-0.0387631
0000009820,-0.0327882
0000009830,-0.027358
0000009840,-0.0209148
0000009850,-0.0347444
0000009860,-0.0423275
0000009870,0.00185279
0000009880,-0.0134728
0000009890,0.00947476
0000009900,-0.00753275
0000009910,0.00547762
0000009920,-0.00969581
0000009930,-0.0123807
0000009940,-0.00542968
0000009950,-0.0159364
0000009960,-0.0164058
0000009970,0.00122625
0000009980,-0.0125809
0000009990,-0.00699552
0000010000,-0.0167871
0000010010,-0.0380575
0000010020,-0.0083442
0000010030,-0.0193372
0000010040,-0.0466435
0000010050,-0.0325493
0000010060,-0.0240259
0000010070,-0.0271059
0000010080,-0.021983
0000010090,-0.000950054
0000010100,-0.0078606
0000010110,0.00094524
0000010120,-0.034077
0000010130,-0.0175687
0000010140,-0.0234971
0000010150,-0.0120872
0000010160,-0.0489123
0000010170,-0.00856612
0000010180,-0.0228304
0000010190,-0.0324623
0000010200,-0.0111049
0000010210,-0.0178447
0000010220,-0.0182155
0000010230,-0.0123032
0000010240,0.0143399
0000010250,-0.0283748
0000010260,-0.0112422
0000010270,-0.0461665
0000010280,-0.0315014
0000010290,-0.0110455
0000010300,-0.0248511
0000010310,-0.00232726
0000010320,-0.0282133
0000010330,-0.0237202
0000010340,-0.0273647
0000010350,-0.0215797
0000010360,-0.019796
0000010370,-0.0214188
0000010380,-0.0128052
0000010390,-0.0143152
0000010400,-0.0152405
0000010410,0.000588128
0000010420,-0.022362
0000010430,-0.0339236
0000010440,0.00390425
0000010450,-0.0209377
0000010460,-0.0135944
0000010470,-0.0319514
0000010480,-0.00855351
0000010490,0.0130145
0000010500,-0.0121567
0000010510,-0.00562454
0000010520,-0.0017273
0000010530,-0.039395
0000010540,-0.0255129
0000010550,-0.0223905
0000010560,-0.051768
0000010570,-0.0268702
0000010580,0.0145361
0000010590,-0.0293725
0000010600,-0.0125653
0000010610,-0.00452862
0000010620,-0.0132119
0000010630,-0.0190092
0000010640,-0.0253551
0000010650,0.00608786
0000010660,-0.0421378
0000010670,-0.0100573
0000010680,-0.00514214
0000010690,-0.0104495
0000010700,-0.0229153
0000010710,-0.00790209
0000010720,-0.0148108
0000010730,-0.027818
0000010740,-0.0243231
0000010750,-0.0176412
0000010760,-0.0104944
0000010770,-0.00485611
0000010780,-0.0442927
0000010790,-0.0182836
0000010800,-0.036103
0000010810,0.0024924
0000010820,-0.0242269
0000010830,-0.0033534
0000010840,-0.0346277
0000010850,-0.0145942
0000010860,-0.0109883
0000010870,-0.0261482
0000010880,-0.0306237
0000010890,-0.0139486
0000010900,-0.00955755
0000010910,-0.00327858
0000010920,-0.0190195
0000010930,-0.00662186
0000010940,0.0117422
0000010950,-0.00901688
0000010960,-0.0127602
0000010970,-0.0285626
0000010980,-0.0319665
0000010990,-0.0363005
0000011000,0.00193196
0000011010,-0.0176287
0000011020,-0.0333185
0000011030,-0.0114052
0000011040,-0.00156599
0000011050,-0.0211665
0000011060,-0.0233053
0000011070,-0.00927414
0000011080,-0.0181498
0000011090,-0.0147433
0000011100,-0.0290449
0000011110,0.00697235
0000011120,-0.0225604
0000011130,-0.00974865
0000011140,-0.0183545
0000011150,-0.0222006
0000011160,-0.00910955
0000011170,-0.0189656
0000011180,-0.01428
0000011190,-0.0205814
0000011200,-0.0246687
0000011210,-0.0354782
0000011220,-0.025091
0000011230,-0.0105013
0000011240,-0.00390522
0000011250,-0.0275333
0000011260,-0.0210738
0000011270,0.00947914
0000011280,-0.00339601
0000011290,-0.0201543
0000011300,-0.0224775
0000011310,-0.0128346
0000011320,-0.0481854
0000011330,-0.0139562
0000011340,-0.00602399
0000011350,-0.0221037
0000011360,-0.0099787
0000011370,0.000903037
0000011380,-0.00535231
0000011390,-0.0166621
0000011400,-0.0109517
0000011410,-0.0331736
0000011420,0.00296908
0000011430,-0.0137047
0000011440,-0.00775556
0000011450,-0.00156368
0000011460,-0.0204758
0000011470,-0.0183161
0000011480,-0.0374089
0000011490,-0.046912
0000011500,-0.0202297
0000011510,0.00235892
0000011520,-0.018844
0000011530,-0.0110936
0000011540,-0.00262633
0000011550,-0.00789677
0000011560,-0.0383121
0000011570,-0.00627409
0000011580,-0.0162112
0000011590,-0.0236803
0000011600,0.00538707
0000011610,0.000245473
0000011620,-0.000783164
0000011630,-0.0240924
0000011640,-0.00619805
0000011650,-0.00094365
0000011660,-0.0146373
0000011670,-0.0429713
0000011680,-0.00678355
0000011690,-0.0256203
0000011700,-0.0124847
0000011710,-0.0193299
0000011720,-0.029615
0000011730,-0.0184242
0000011740,-0.0313082
0000011750,-0.0443238
0000011760,-0.0252119
0000011770,-0.0351562
0000011780,-0.0461953
0000011790,-0.00176076
0000011800,-0.0163435
0000011810,-0.0161256
0000011820,-0.00211801
0000011830,-0.00867865
0000011840,-0.00871208
0000011850,-0.027308
0000011860,-0.0197822
0000011870,-0.0131522
0000011880,-0.0293346
0000011890,-0.0221666
0000011900,-0.0354084
0000011910,-0.00737222
0000011920,-0.0133166
0000011930,-0.034981
0000011940,-0.0308099
0000011950,-0.011025
0000011960,0.0129993
0000011970,0.00235666
0000011980,-0.0464603
0000011990,-0.0102056
0000012000,-0.0168807
0000012010,-0.0207387
0000012020,-0.0076976
0000012030,-0.0201606
0000012040,-0.0209385
0000012050,-0.0204006
0000012060,-0.0353363
0000012070,-0.00609666
0000012080,-0.0254604
0000012090,0.00866752
0000012100,-0.0262346
0000012110,-0.024277
0000012120,-0.0323339
0000012130,-0.0367078
0000012140,-0.00539924
0000012150,-0.00838102
0000012160,-0.0318123
0000012170,-0.0441868
0000012180,-0.0237306
0000012190,-0.0278762
0000012200,-0.0232507
0000012210,-0.020373
0000012220,-0.0155111
0000012230,-0.0459112
0000012240,-0.0242742
0000012250,-0.0112356
0000012260,-0.00254358
0000012270,-0.0248793
0000012280,-0.0192239
0000012290,-0.0132681
0000012300,-0.0168126
0000012310,-0.0248945
0000012320,-0.0287683
0000012330,-0.0209787
0000012340,-0.016968
0000012350,-0.00229164
0000012360,-0.0215479
0000012370,-0.0115528
0000012380,-0.00797408
0000012390,-0.00578982
0000012400,-0.00925186
0000012410,-0.00766846
0000012420,-0.0249647
0000012430,-0.0436836
0000012440,-0.036224
0000012450,-0.00338425
0000012460,-0.0054315
0000012470,-0.00335991
0000012480,-0.0282256
0000012490,-0.0448947
0000012500,-0.0133616
0000012510,-0.012185
0000012520,-0.00115948
0000012530,-0.00674598
0000012540,-0.0185549
0000012550,-0.0140597
0000012560,-0.041307
0000012570,-0.00734374
0000012580,-0.0256099
0000012590,-0.0128302
0000012600,-0.0116322
0000012610,-0.0040382
0000012620,0.00522937
0000012630,-0.000634919
0000012640,-0.0229132
0000012650,-0.0389698
0000012660,-0.041362
0000012670,0.00563979
0000012680,0.0105017
0000012690,0.00279109
0000012700,-0.0245862
0000012710,-0.0293612
0000012720,-0.0209894
0000012730,-0.0181289
0000012740,-0.0140222
0000012750,-0.035217
0000012760,-0.0210617
0000012770,0.00343056
0000012780,-0.0160638
0000012790,-0.0371054
0000012800,-0.0242085
0000012810,-0.0199338
0000012820,-0.0305347
0000012830,-0.0176835
0000012840,-0.0190907
0000012850,-0.0381503
0000012860,-0.0205901
0000012870,-0.0186246
0000012880,-0.0266536
0000012890,-0.0389945
0000012900,-0.00753918
0000012910,-0.0230122
0000012920,-0.0245026
0000012930,-0.0012616
0000012940,-0.0340272
0000012950,-0.00575255
0000012960,-0.0068594
0000012970,-0.0313982
0000012980,-0.029239
0000012990,-0.0270665
0000013000,-0.0340447
0000013010,-0.0191963
0000013020,-0.0216008
0000013030,-0.0147624
0000013040,-0.0204653
0000013050,-0.0191073
0000013060,-0.00749855
0000013070,-0.0295346
0000013080,-0.00669492
0000013090,-0.00910728
0000013100,-0.0130268
0000013110,-0.016428
0000013120,0.00928825
0000013130,-0.00654352
0000013140,-0.0286734
0000013150,-0.0255998
0000013160,-0.00601688
0000013170,-0.0237344
0000013180,0.00148498
0000013190,-0.014911
0000013200,-0.0287386
0000013210,-0.0313865
0000013220,-0.0244682
0000013230,-0.023947
0000013240,-0.0136818
0000013250,-0.0098125
0000013260,-0.0118375
0000013270,-0.0297008
0000013280,-0.00355533
0000013290,-0.0217986
0000013300,-0.0165033
0000013310,-0.0207335
0000013320,-0.0158796
0000013330,-0.0213106
0000013340,-0.003203
0000013350,-0.00447633
0000013360,-0.026567
0000013370,-0.0264397
0000013380,-0.0387751
0000013390,-0.00522742
0000013400,-0.0258182
0000013410,-0.0123599
0000013420,-0.0182487
0000013430,-0.0399044
0000013440,-0.0174621
0000013450,-0.0402965
0000013460,-0.0235942
0000013470,-0.0200905
0000013480,-0.00840379
0000013490,-0.0221033
0000013500,-0.0307022
0000013510,-0.0169015
0000013520,-0.0100369
0000013530,-0.00104414
0000013540,0.00287051
0000013550,-0.0201581
0000013560,-0.015859
0000013570,-0.0360371
0000013580,-0.0284391
0000013590,-0.00409775
0000013600,-0.0302923
0000013610,-0.0395464
0000013620,0.0138774
0000013630,-0.0318795
0000013640,-0.00131314
0000013650,-0.0362332
0000013660,-0.0090361
0000013670,0.010938
0000013680,-0.0295518
0000013690,-0.015842
0000013700,-0.0419815
0000013710,-0.0258526
0000013720,-0.0220197
0000013730,-0.012356
0000013740,-0.028845
0000013750,-0.0206441
0000013760,-0.0106076
0000013770,-0.0343246
0000013780,-0.0140015
0000013790,-0.0146578
0000013800,-0.00591315
0000013810,-0.0260289
0000013820,-0.0258681
0000013830,0.0199844
0000013840,0.00565177
0000013850,-0.0214068
0000013860,-0.00765393
0000013870,-0.0286207
0000013880,-0.0201484
0000013890,-0.0204122
0000013900,-0.0180135
0000013910,-0.0275031
0000013920,-0.0416814
0000013930,-0.00239494
0000013940,-0.0128969
0000013950,-0.00420048
0000013960,-0.00669736
0000013970,-0.0521356
0000013980,-0.0248283
0000013990,-0.0161487
0000014000,-0.0212608
0000014010,-0.0170022
0000014020,-0.0297187
0000014030,-0.0133739
0000014040,-0.0179563
0000014050,-0.0177438
0000014060,-0.0101468
0000014070,-0.0179167
0000014080,-0.0217656
0000014090,-0.00577068
0000014100,-0.0125708
0000014110,-0.00685175
0000014120,-0.026063
0000014130,-0.0163949
0000014140,-0.00502014
0000014150,-0.0373425
0000014160,-0.0106215
0000014170,-0.0409965
0000014180,-0.0163142
0000014190,0.000647663
0000014200,-0.0265648
0000014210,-0.00931535
0000014220,-0.0101836
0000014230,-0.0293747
0000014240,-0.0350322
0000014250,-0.0274154
0000014260,-0.0154198
0000014270,-0.012011
0000014280,-0.0181552
0000014290,-0.0187541
0000014300,-0.0524564
0000014310,-0.0052211
0000014320,-0.0184046
0000014330,-0.0232172
0000014340,-0.0401284
0000014350,-0.0114873
0000014360,-0.0389421
0000014370,-0.0248656
0000014380,-0.00648333
0000014390,-0.00458978
0000014400,0.00557581
0000014410,-0.0304728
0000014420,-0.0230449
0000014430,-0.00978815
0000014440,-0.0190458
0000014450,-0.0131788
0000014460,-0.0180944
0000014470,-0.0140004
0000014480,-0.00780305
0000014490,0.00505281
0000014500,-0.020511
0000014510,0.00376154
0000014520,-0.0143648
0000014530,-0.0281152
0000014540,-0.00568628
0000014550,-0.00886136
0000014560,-0.0232025
0000014570,-0.0239521
0000014580,-0.0175483
0000014590,-0.0301564
0000014600,-0.0137664
0000014610,-0.0338958
0000014620,-0.00599508
0000014630,-0.00503217
0000014640,-0.0269918
0000014650,-0.0114146
0000014660,-0.00425581
0000014670,-0.0130881
0000014680,-0.0237091
0000014690,-0.0238449
0000014700,0.00154925
0000014710,-0.0112884
0000014720,-0.022869
0000014730,-0.00596236
0000014740,-0.0359218
0000014750,-0.0196085
0000014760,-0.0398956
0000014770,-0.031156
0000014780,-0.0372364
0000014790,-0.00592191
0000014800,-0.0141586
0000014810,-0.0284337
0000014820,-0.0230835
0000014830,-0.00376682
0000014840,-0.0146765
0000014850,-0.00531695
0000014860,-0.0205867
0000014870,-0.0100324
0000014880,-0.0373156
0000014890,-0.00952895
0000014900,-0.0340427
0000014910,-0.0295848
0000014920,-0.0226271
0000014930,-0.00904489
0000014940,-0.034246
0000014950,-0.0300703
0000014960,-0.00789697
0000014970,-0.0245533
0000014980,-0.0266676
0000014990,0.000437089
0000015000,-0.0358973
0000015010,-0.0204114
0000015020,-0.0085682
0000015030,-0.00246431
0000015040,-0.00709951
0000015050,-0.00375383
0000015060,-0.0120582
0000015070,-0.0248949
0000015080,-0.0307608
0000015090,-0.0163614
0000015100,0.00248813
0000015110,-0.0127398
0000015120,-0.0225637
0000015130,-0.0301767
0000015140,-0.00202021
0000015150,-0.00729833
0000015160,-0.0353883
0000015170,-0.0186164
0000015180,-0.0135697
0000015190,-0.0348853
0000015200,-0.0239403
0000015210,-0.014006
0000015220,1.71034e-05
0000015230,-0.0272018
0000015240,-0.0115683
0000015250,-0.0136215
0000015260,-0.0214992
0000015270,-0.00838483
0000015280,-0.00982117
0000015290,-0.00913914
0000015300,-0.00719002
0000015310,-0.0021853
0000015320,0.0219433
0000015330,-0.0195582
0000015340,-0.0226814
0000015350,-0.0117468
0000015360,-0.0345331
0000015370,-0.0262829
0000015380,-0.0134317
0000015390,-0.0173204
0000015400,-0.00173601
0000015410,0.00835284
0000015420,-0.00077702
0000015430,-0.0224378
0000015440,-0.0317556
0000015450,-0.0297042
0000015460,-0.0240175
0000015470,-0.0462506
0000015480,-0.0226498
0000015490,-0.020182
0000015500,-0.0186927
0000015510,-0.0160497
0000015520,-0.000563378
0000015530,-0.008635
0000015540,-0.0405446
0000015550,-0.0050563
0000015560,-0.0286863
0000015570,-0.0158709
0000015580,-0.0241406
0000015590,-0.0315585
0000015600,-0.037926
0000015610,-0.0180603
0000015620,-0.0287918
0000015630,-0.0198318
0000015640,-0.00706086
0000015650,-0.0355412
0000015660,-0.00445327
0000015670,-0.00352325
0000015680,0.00904867
0000015690,-0.017156
0000015700,-0.0257001
0000015710,-0.0274042
0000015720,-0.0186023
0000015730,-0.0105161
0000015740,-0.0127089
0000015750,-0.020138
0000015760,-0.0142868
0000015770,-0.02259
0000015780,-0.0237219
0000015790,-0.0268983
0000015800,-0.0350245
0000015810,-0.0222986
0000015820,-0.0286863
0000015830,-0.0419316
0000015840,-0.022857
0000015850,-0.0238073
0000015860,-0.0200688
0000015870,-0.0308327
0000015880,-0.0131462
0000015890,-0.0151157
0000015900,-0.0114078
0000015910,-0.0332711
0000015920,-0.0070659
0000015930,-0.0166617
0000015940,-0.0482225
0000015950,-0.00911
0000015960,-0.0149836
0000015970,-0.0142423
0000015980,-0.0403465
0000015990,-0.0153124
