0000000000,-0.0217992
0000000010,-0.0201029
0000000020,-0.0204894
0000000030,-0.0168486
0000000040,-0.0131914
0000000050,-0.0249172
0000000060,-0.0179568
0000000070,-0.0150444
0000000080,-0.0151579
0000000090,-0.0137214
0000000100,-0.0265577
0000000110,-0.022281
0000000120,-0.0162097
0000000130,-0.0158702
0000000140,-0.019068
0000000150,-0.0193564
0000000160,-0.0174485
0000000170,-0.0124446
0000000180,-0.020619
0000000190,-0.0165578
0000000200,-0.022526
0000000210,-0.0210631
0000000220,-0.00850201
0000000230,-0.0114703
0000000240,-0.0205379
0000000250,-0.0186939
0000000260,-0.0219972
0000000270,-0.0254089
0000000280,-0.0138183
0000000290,-0.0204862
0000000300,-0.0217885
0000000310,-0.0197674
0000000320,-0.0231861
0000000330,-0.0135046
0000000340,-0.0203942
0000000350,-0.0192988
0000000360,-0.0179399
0000000370,-0.0276315
0000000380,-0.0314196
0000000390,-0.0163777
0000000400,-0.0247736
0000000410,-0.0105128
0000000420,-0.0211692
0000000430,-0.0215234
0000000440,-0.0324915
0000000450,-0.023657
0000000460,-0.0164804
0000000470,-0.0233477
0000000480,-0.0118106
0000000490,-0.0181247
0000000500,-0.0172148
0000000510,-0.00989218
0000000520,-0.0209923
0000000530,-0.016902
0000000540,-0.015739
0000000550,-0.01347
0000000560,-0.0134846
0000000570,-0.0210312
0000000580,-0.0177085
0000000590,-0.0235485
0000000600,-0.0122161
0000000610,-0.0169437
0000000620,-0.0178266
0000000630,-0.0258143
0000000640,-0.0184897
0000000650,-0.0140282
0000000660,-0.0162384
0000000670,-0.0266316
0000000680,-0.0128931
0000000690,-0.0204136
0000000700,-0.0228598
0000000710,-0.0111378
0000000720,-0.0217587
0000000730,-0.0294181
0000000740,-0.0160365
0000000750,-0.0209477
0000000760,-0.0150577
0000000770,-0.0230375
0000000780,-0.0214853
0000000790,-0.0193275
0000000800,-0.0212305
0000000810,-0.0196541
0000000820,-0.013973
0000000830,-0.0234716
0000000840,-0.0222587
0000000850,-0.0215662
0000000860,-0.01563
0000000870,-0.025549
0000000880,-0.0167258
0000000890,-0.0159157
0000000900,-0.0217558
0000000910,-0.018685
0000000920,-0.0237731
0000000930,-0.0182536
0000000940,-0.0275285
0000000950,-0.015266
0000000960,-0.0185942
0000000970,-0.0202559
0000000980,-0.0168871
0000000990,-0.0106605
0000001000,-0.0162697
0000001010,-0.0200497
0000001020,-0.0193633
0000001030,-0.0206638
0000001040,-0.0147374
0000001050,-0.0217926
0000001060,-0.0212611
0000001070,-0.0145661
0000001080,-0.0134896
0000001090,-0.00556002
0000001100,-0.0212157
0000001110,-0.0246275
0000001120,-0.012109
0000001130,-0.0119903
0000001140,-0.0189718
0000001150,-0.0254733
0000001160,-0.0141282
0000001170,-0.0239608
0000001180,-0.0144268
0000001190,-0.0205939
0000001200,-0.0273549
0000001210,-0.021569
0000001220,-0.011952
0000001230,-0.0151227
0000001240,-0.0219052
0000001250,-0.0213593
0000001260,-0.0228428
0000001270,-0.0158694
0000001280,-0.0238938
0000001290,-0.00857546
0000001300,-0.0189644
0000001310,-0.0199015
0000001320,-0.0248103
0000001330,-0.0215209
0000001340,-0.0211256
0000001350,-0.0133342
0000001360,-0.0165987
0000001370,-0.0193327
0000001380,-0.0217075
0000001390,-0.0171794
0000001400,-0.0174983
0000001410,-0.0153361
0000001420,-0.014398
0000001430,-0.0170475
0000001440,-0.0128857
0000001450,-0.0188572
0000001460,-0.00931039
0000001470,-0.0236691
0000001480,-0.0146544
0000001490,-0.0137662
0000001500,-0.0130323
0000001510,-0.0145849
0000001520,-0.0121255
0000001530,-0.0169275
0000001540,-0.0143263
0000001550,-0.0197364
0000001560,-0.0175553
0000001570,-0.0157798
0000001580,-0.0231322
0000001590,-0.0148919
0000001600,-0.0192224
0000001610,-0.0165209
0000001620,-0.0119167
0000001630,-0.0187712
0000001640,-0.0204838
0000001650,-0.0163057
0000001660,-0.0236309
0000001670,-0.0152551
0000001680,-0.0110192
0000001690,-0.0250462
0000001700,-0.0240238
0000001710,-0.0132983
0000001720,-0.0178791
0000001730,-0.0201713
0000001740,-0.0151103
0000001750,-0.0250871
0000001760,-0.0139638
0000001770,-0.026462
0000001780,-0.0145735
0000001790,-0.0162202
0000001800,-0.0212882
0000001810,-0.0129447
0000001820,-0.0188696
0000001830,-0.0170578
0000001840,-0.0200402
0000001850,-0.0184448
0000001860,-0.0250758
0000001870,-0.0178188
0000001880,-0.017024
0000001890,-0.0166114
0000001900,-0.0194886
0000001910,-0.0131594
0000001920,-0.0153509
0000001930,-0.0205205
0000001940,-0.0208916
0000001950,-0.0168843
0000001960,-0.0204706
0000001970,-0.0218635
0000001980,-0.0122605
0000001990,-0.0315404
0000002000,-0.0149461
0000002010,-0.0142671
0000002020,-0.0158606
0000002030,-0.0256859
0000002040,-0.016083
0000002050,-0.0200834
0000002060,-0.00956284
0000002070,-0.00527672
0000002080,-0.0187919
0000002090,-0.0168039
0000002100,-0.0158428
0000002110,-0.0212015
0000002120,-0.0227723
0000002130,-0.0174258
0000002140,-0.0196183
0000002150,-0.0202854
0000002160,-0.0133877
0000002170,-0.0210785
0000002180,-0.0194483
0000002190,-0.0116977
0000002200,-0.0096276
0000002210,-0.0251533
0000002220,-0.0196737
0000002230,-0.0162878
0000002240,-0.0173997
0000002250,-0.0203913
0000002260,-0.0129302
0000002270,-0.0161922
0000002280,-0.0172508
0000002290,-0.0119942
0000002300,-0.021044
0000002310,-0.0172642
0000002320,-0.0177334
0000002330,-0.0249277
0000002340,-0.0157951
0000002350,-0.0269543
0000002360,-0.0153853
0000002370,-0.0144492
0000002380,-0.00874261
0000002390,-0.0221581
0000002400,-0.0261265
0000002410,-0.0171889
0000002420,-0.0211946
0000002430,-0.0152156
0000002440,-0.0181877
0000002450,-0.0174766
0000002460,-0.0116716
0000002470,-0.0231132
0000002480,-0.0172737
0000002490,-0.0206551
0000002500,-0.012659
0000002510,-0.0231541
0000002520,-0.0242564
0000002530,-0.0204335
0000002540,-0.014322
0000002550,-0.00836168
0000002560,-0.0148828
0000002570,-0.018939
0000002580,-0.0309341
0000002590,-0.0247469
0000002600,-0.0178234
0000002610,-0.0203835
0000002620,-0.0207157
0000002630,-0.0145159
0000002640,-0.0181223
0000002650,-0.0142782
0000002660,-0.0190588
0000002670,-0.0138759
0000002680,-0.0222109
0000002690,-0.015562
0000002700,-0.0148479
0000002710,-0.0167188
0000002720,-0.00938724
0000002730,-0.0164749
0000002740,-0.0188478
0000002750,-0.0176412
0000002760,-0.0173769
0000002770,-0.0121925
0000002780,-0.0146109
0000002790,-0.0216941
0000002800,-0.0208751
0000002810,-0.0198585
0000002820,-0.014828
0000002830,-0.00636793
0000002840,-0.0179706
0000002850,-0.0203296
0000002860,-0.0233139
0000002870,-0.0192843
0000002880,-0.012616
0000002890,-0.0106938
0000002900,-0.013966
0000002910,-0.0188586
0000002920,-0.0113684
0000002930,-0.0144228
0000002940,-0.0246461
0000002950,-0.0180948
0000002960,-0.0227163
0000002970,-0.0194892
0000002980,-0.0183407
0000002990,-0.0149296
0000003000,-0.0147553
0000003010,-0.0262243
0000003020,-0.0227732
0000003030,-0.0158437
0000003040,-0.0205825
0000003050,-0.0142073
0000003060,-0.0107418
0000003070,-0.014626
0000003080,-0.0221549
0000003090,-0.0220421
0000003100,-0.0227607
0000003110,-0.0246347
0000003120,-0.0229793
0000003130,-0.0151796
0000003140,-0.0236103
0000003150,-0.0223292
0000003160,-0.0221348
0000003170,-0.0155172
0000003180,-0.0187108
0000003190,-0.0172372
0000003200,-0.0200767
0000003210,-0.0269463
0000003220,-0.0126668
0000003230,-0.0286652
0000003240,-0.0231878
0000003250,-0.0211652
0000003260,-0.0228392
0000003270,-0.0180887
0000003280,-0.0151055
0000003290,-0.0219483
0000003300,-0.0124956
0000003310,-0.00660946
0000003320,-0.0242876
0000003330,-0.0174161
0000003340,-0.0203545
0000003350,-0.0248878
0000003360,-0.0134894
0000003370,-0.0170075
0000003380,-0.0144051
0000003390,-0.0066028
0000003400,-0.0205195
0000003410,-0.0130667
0000003420,-0.0263235
0000003430,-0.0209213
0000003440,-0.0264391
0000003450,-0.0167254
0000003460,-0.021042
0000003470,-0.0291396
0000003480,-0.018561
0000003490,-0.0158135
0000003500,-0.0130645
0000003510,-0.0198753
0000003520,-0.0230975
0000003530,-0.0086752
0000003540,-0.0115305
0000003550,-0.0161764
0000003560,-0.0152191
0000003570,-0.0241185
0000003580,-0.0195701
0000003590,-0.0170574
0000003600,-0.0174049
0000003610,-0.0168811
0000003620,-0.0226273
0000003630,-0.0204767
0000003640,-0.0222638
0000003650,-0.0139339
0000003660,-0.0160746
0000003670,-0.0212935
0000003680,-0.0234188
0000003690,-0.0169585
0000003700,-0.0190047
0000003710,-0.0195451
0000003720,-0.0173005
0000003730,-0.0199716
0000003740,-0.0227438
0000003750,-0.0245702
0000003760,-0.0129763
0000003770,-0.0268422
0000003780,-0.017365
0000003790,-0.00622815
0000003800,-0.0218159
0000003810,-0.0123548
0000003820,-0.0247264
0000003830,-0.0152876
0000003840,-0.0211511
0000003850,-0.0210081
0000003860,-0.0244505
0000003870,-0.0200955
0000003880,-0.0152144
0000003890,-0.0198508
0000003900,-0.0236246
0000003910,-0.0200836
0000003920,-0.0218264
0000003930,-0.0235432
0000003940,-0.0225632
0000003950,-0.0266887
0000003960,-0.0208828
0000003970,-0.0185014
0000003980,-0.0147329
0000003990,-0.0202084
0000004000,-0.0150073
0000004010,-0.0138183
0000004020,-0.0176513
0000004030,-0.0275336
0000004040,-0.0207172
0000004050,-0.0130431
0000004060,-0.0144506
0000004070,-0.0104743
0000004080,-0.0122777
0000004090,-0.0112753
0000004100,-0.018178
0000004110,-0.0134681
0000004120,-0.0167971
0000004130,-0.02331
0000004140,-0.0226801
0000004150,-0.0199885
0000004160,-0.0189669
0000004170,-0.0191728
0000004180,-0.0131434
0000004190,-0.0281845
0000004200,-0.0161782
0000004210,-0.0234781
0000004220,-0.024549
0000004230,-0.0176
0000004240,-0.0201207
0000004250,-0.0220785
0000004260,-0.0197601
0000004270,-0.016639
0000004280,-0.0154638
0000004290,-0.0208892
0000004300,-0.0205395
0000004310,-0.00871232
0000004320,-0.0253757
0000004330,-0.0130573
0000004340,-0.0185808
0000004350,-0.018016
0000004360,-0.0200859
0000004370,-0.0197644
0000004380,-0.00746184
0000004390,-0.0250463
0000004400,-0.0187527
0000004410,-0.0271883
0000004420,-0.0163214
0000004430,-0.0084931
0000004440,-0.0194085
0000004450,-0.0199094
0000004460,-0.0272043
0000004470,-0.00869244
0000004480,-0.0169875
0000004490,-0.0123367
0000004500,-0.0225219
0000004510,-0.0155511
0000004520,-0.0112885
0000004530,-0.0244421
0000004540,-0.0164352
0000004550,-0.0154005
0000004560,-0.0147287
0000004570,-0.0254034
0000004580,-0.0160091
0000004590,-0.0214914
0000004600,-0.0225932
0000004610,-0.0231666
0000004620,-0.0154127
0000004630,-0.0164897
0000004640,-0.0161837
0000004650,-0.0205986
0000004660,-0.0184996
0000004670,-0.0133646
0000004680,-0.0123798
0000004690,-0.0181098
0000004700,-0.0144813
0000004710,-0.019014
0000004720,-0.0223003
0000004730,-0.0133305
0000004740,-0.0246727
0000004750,-0.0176476
0000004760,-0.0230288
0000004770,-0.00877529
0000004780,-0.00972759
0000004790,-0.0182754
0000004800,-0.0181813
0000004810,-0.0215048
0000004820,-0.0195988
0000004830,-0.0164055
0000004840,-0.0193479
0000004850,-0.0169609
0000004860,-0.0202021
0000004870,-0.0173438
0000004880,-0.017049
0000004890,-0.0192614
0000004900,-0.023135
0000004910,-0.013032
0000004920,-0.01835
0000004930,-0.01301
0000004940,-0.0153688
0000004950,-0.0193123
0000004960,-0.0173492
0000004970,-0.0220484
0000004980,-0.0281284
0000004990,-0.0198442
0000005000,-0.0147966
0000005010,-0.0189227
0000005020,-0.0162731
0000005030,-0.0136577
0000005040,-0.0238732
0000005050,-0.019313
0000005060,-0.0185455
0000005070,-0.0224651
0000005080,-0.0196228
0000005090,-0.018263
0000005100,-0.0206181
0000005110,-0.016954
0000005120,-0.0148668
0000005130,-0.0168879
0000005140,-0.0203827
0000005150,-0.0177557
0000005160,-0.01646
0000005170,-0.00292845
0000005180,-0.0107898
0000005190,-0.0175105
0000005200,-0.0161651
0000005210,-0.0170079
0000005220,-0.0145433
0000005230,-0.0158429
0000005240,-0.0167314
0000005250,-0.0161711
0000005260,-0.012871
0000005270,-0.0216
0000005280,-0.0216781
0000005290,-0.0160717
0000005300,-0.0212447
0000005310,-0.0139489
0000005320,-0.0220552
0000005330,-0.0144127
0000005340,-0.0170238
0000005350,-0.0189108
0000005360,-0.0228177
0000005370,-0.0159124
0000005380,-0.00556188
0000005390,-0.0120603
0000005400,-0.0157659
0000005410,-0.025422
0000005420,-0.0211029
0000005430,-0.0185352
0000005440,-0.0194235
0000005450,-0.0136106
0000005460,-0.0105713
0000005470,-0.01358
0000005480,-0.0222114
0000005490,-0.00953526
0000005500,-0.0172038
0000005510,-0.0217149
0000005520,-0.0269088
0000005530,-0.0194927
0000005540,-0.020972
0000005550,-0.018438
0000005560,-0.0298203
0000005570,-0.0140328
0000005580,-0.0217038
0000005590,-0.0200877
0000005600,-0.0173124
0000005610,-0.0187074
0000005620,-0.0222334
0000005630,-0.0123277
0000005640,-0.0185553
0000005650,-0.0221891
0000005660,-0.0191231
0000005670,-0.0205487
0000005680,-0.0143082
0000005690,-0.0236061
0000005700,-0.0161872
0000005710,-0.0216793
0000005720,-0.0192023
0000005730,-0.0146931
0000005740,-0.0251685
0000005750,-0.0215526
0000005760,-0.0160593
0000005770,-0.0287371
0000005780,-0.0192483
0000005790,-0.0158215
0000005800,-0.0155121
0000005810,-0.0180239
0000005820,-0.0176144
0000005830,-0.0149396
0000005840,-0.0239028
0000005850,-0.022628
0000005860,-0.0178602
0000005870,-0.0119283
0000005880,-0.00984711
0000005890,-0.0185926
0000005900,-0.0234954
0000005910,-0.0171303
0000005920,-0.0140204
0000005930,-0.0163905
0000005940,-0.0257635
0000005950,-0.0163085
0000005960,-0.0182301
0000005970,-0.0295785
0000005980,-0.0210783
0000005990,-0.0204554
0000006000,-0.0157808
0000006010,-0.0182481
0000006020,-0.0190939
0000006030,-0.0103944
0000006040,-0.0220238
0000006050,-0.0152052
0000006060,-0.0179474
0000006070,-0.0225172
0000006080,-0.0168013
0000006090,-0.0216413
0000006100,-0.0239614
0000006110,-0.0217743
0000006120,-0.013879
0000006130,-0.0192026
0000006140,-0.022737
0000006150,-0.0143595
0000006160,-0.017889
0000006170,-0.0172301
0000006180,-0.0175469
0000006190,-0.0196091
0000006200,-0.0212024
0000006210,-0.0160622
0000006220,-0.0208241
0000006230,-0.0156198
0000006240,-0.0122291
0000006250,-0.0175435
0000006260,-0.017084
0000006270,-0.024001
0000006280,-0.0194838
0000006290,-0.0159672
0000006300,-0.0121161
0000006310,-0.0200536
0000006320,-0.013826
0000006330,-0.0162968
0000006340,-0.0190447
0000006350,-0.0223978
0000006360,-0.0162879
0000006370,-0.0238751
0000006380,-0.0168885
0000006390,-0.00818578
0000006400,-0.0244649
0000006410,-0.012317
0000006420,-0.0233356
0000006430,-0.0252416
0000006440,-0.0197288
0000006450,-0.0268906
0000006460,-0.0239482
0000006470,-0.0143295
0000006480,-0.026727
0000006490,-0.0184894
0000006500,-0.0107859
0000006510,-0.0209565
0000006520,-0.00913278
0000006530,-0.0225838
0000006540,-0.0218224
0000006550,-0.0186744
0000006560,-0.0202651
0000006570,-0.0220139
0000006580,-0.0204912
0000006590,-0.020472
0000006600,-0.0145486
0000006610,-0.0167636
0000006620,-0.0199371
0000006630,-0.0133162
0000006640,-0.0109384
0000006650,-0.0215337
0000006660,-0.00709077
0000006670,-0.0194018
0000006680,-0.0147941
0000006690,-0.0206978
0000006700,-0.0176378
0000006710,-0.0267884
0000006720,-0.029447
0000006730,-0.025744
0000006740,-0.0190872
0000006750,-0.027769
0000006760,-0.0183124
0000006770,-0.0249
0000006780,-0.0286995
0000006790,-0.0237703
0000006800,-0.0125212
0000006810,-0.0105755
0000006820,-0.0195624
0000006830,-0.0155065
0000006840,-0.0152869
0000006850,-0.00884159
0000006860,-0.0156835
0000006870,-0.0217323
0000006880,-0.0217462
0000006890,-0.0149797
0000006900,-0.0205468
0000006910,-0.0241084
0000006920,-0.0287563
0000006930,-0.0143893
0000006940,-0.0146095
0000006950,-0.0223148
0000006960,-0.0167793
0000006970,-0.0151449
0000006980,-0.0168858
0000006990,-0.0168616
0000007000,-0.0140153
0000007010,-0.0215604
0000007020,-0.0172979
0000007030,-0.0189737
0000007040,-0.0175393
0000007050,-0.0214895
0000007060,-0.0240749
0000007070,-0.0249004
0000007080,-0.0157685
0000007090,-0.0220798
0000007100,-0.0287173
0000007110,-0.0260344
0000007120,-0.0168383
0000007130,-0.0196691
0000007140,-0.0115739
0000007150,-0.0225555
0000007160,-0.0212038
0000007170,-0.0195999
0000007180,-0.0197085
0000007190,-0.015858
0000007200,-0.0294226
0000007210,-0.0118345
0000007220,-0.0174394
0000007230,-0.0183425
0000007240,-0.0231796
0000007250,-0.0210496
0000007260,-0.0207675
0000007270,-0.0161442
0000007280,-0.0220532
0000007290,-0.0109316
0000007300,-0.0279913
0000007310,-0.0124475
0000007320,-0.0152931
0000007330,-0.0180636
0000007340,-0.0166324
0000007350,-0.0212459
0000007360,-0.0206779
0000007370,-0.0168985
0000007380,-0.0183758
0000007390,-0.0133609
0000007400,-0.0201743
0000007410,-0.0267277
0000007420,-0.0171874
0000007430,-0.0136167
0000007440,-0.0292633
0000007450,-0.0257636
0000007460,-0.0159411
0000007470,-0.0127714
0000007480,-0.0213727
0000007490,-0.0176393
0000007500,-0.0276912
0000007510,-0.00958861
0000007520,-0.0210022
0000007530,-0.0163521
0000007540,-0.0193465
0000007550,-0.021507
0000007560,-0.0211919
0000007570,-0.0166361
0000007580,-0.0232196
0000007590,-0.0216081
0000007600,-0.0125902
0000007610,-0.0164095
0000007620,-0.0216796
0000007630,-0.0202249
0000007640,-0.0168516
0000007650,-0.0226546
0000007660,-0.0193599
0000007670,-0.0093436
0000007680,-0.0157138
0000007690,-0.018347
0000007700,-0.0322182
0000007710,-0.0120772
0000007720,-0.0223644
0000007730,-0.0196786
0000007740,-0.0203829
0000007750,-0.0219806
0000007760,-0.0210679
0000007770,-0.0238627
0000007780,-0.0212055
0000007790,-0.0237856
0000007800,-0.0225117
0000007810,-0.0257904
0000007820,-0.0133981
0000007830,-0.0255472
0000007840,-0.0236211
0000007850,-0.0120114
0000007860,-0.0184364
0000007870,-0.0190949
0000007880,-0.0192499
0000007890,-0.0172269
0000007900,-0.0152633
0000007910,-0.020225
0000007920,-0.0148694
0000007930,-0.022857
0000007940,-0.0233783
0000007950,-0.0183714
0000007960,-0.015964
0000007970,-0.0244361
0000007980,-0.0186141
0000007990,-0.0221432
0000008000,-0.0249007
0000008010,-0.0151104
0000008020,-0.0242741
0000008030,-0.0120717
0000008040,-0.0263356
0000008050,-0.00748801
0000008060,-0.0283317
0000008070,-0.0123434
0000008080,-0.0202581
0000008090,-0.016965
0000008100,-0.0138212
0000008110,-0.0154544
0000008120,-0.0178038
0000008130,-0.0174109
0000008140,-0.0186558
0000008150,-0.0240537
0000008160,-0.0206183
0000008170,-0.0134859
0000008180,-0.0186677
0000008190,-0.0202446
0000008200,-0.0204981
0000008210,-0.0139028
0000008220,-0.0229871
0000008230,-0.0204782
0000008240,-0.0207017
0000008250,-0.0195167
0000008260,-0.0259296
0000008270,-0.0142615
0000008280,-0.0190282
0000008290,-0.0221457
0000008300,-0.0261845
0000008310,-0.016999
0000008320,-0.0203593
0000008330,-0.021712
0000008340,-0.0165256
0000008350,-0.00680381
0000008360,-0.0125402
0000008370,-0.00949194
0000008380,-0.013742
0000008390,-0.0230098
0000008400,-0.0148049
0000008410,-0.0189593
0000008420,-0.012971
0000008430,-0.0188912
0000008440,-0.031452
0000008450,-0.0201478
0000008460,-0.0275616
0000008470,-0.0240643
0000008480,-0.0190437
0000008490,-0.0198341
0000008500,-0.0193969
0000008510,-0.0199837
0000008520,-0.0167606
0000008530,-0.0218508
0000008540,-0.0196185
0000008550,-0.0130226
0000008560,-0.0122786
0000008570,-0.0249189
0000008580,-0.0171936
0000008590,-0.0120421
0000008600,-0.0174676
0000008610,-0.0191331
0000008620,-0.023239
0000008630,-0.0310153
0000008640,-0.012594
0000008650,-0.0207329
0000008660,-0.0172108
0000008670,-0.02182
0000008680,-0.0225445
0000008690,-0.0174446
0000008700,-0.0175512
0000008710,-0.0180766
0000008720,-0.0146797
0000008730,-0.0174828
0000008740,-0.0280914
0000008750,-0.0282992
0000008760,-0.0152917
0000008770,-0.0217464
0000008780,-0.0165121
0000008790,-0.0168429
0000008800,-0.0284784
0000008810,-0.0226401
0000008820,-0.016932
0000008830,-0.0199736
0000008840,-0.022375
0000008850,-0.0127678
0000008860,-0.00939871
0000008870,-0.0155375
0000008880,-0.00888743
0000008890,-0.0167807
0000008900,-0.0240745
0000008910,-0.0254391
0000008920,-0.0239459
0000008930,-0.0185152
0000008940,-0.022189
0000008950,-0.0229707
0000008960,-0.0193875
0000008970,-0.019768
0000008980,-0.0186278
0000008990,-0.0177439
0000009000,-0.0114734
0000009010,-0.0170563
0000009020,-0.024046
0000009030,-0.0196399
0000009040,-0.0169804
0000009050,-0.0166681
0000009060,-0.00669249
0000009070,-0.016745
0000009080,-0.0192984
0000009090,-0.0198488
0000009100,-0.0159064
0000009110,-0.021619
0000009120,-0.014206
0000009130,-0.0222081
0000009140,-0.0176145
0000009150,-0.0143516
0000009160,-0.0220653
0000009170,-0.0217214
0000009180,-0.0100504
0000009190,-0.0239988
0000009200,-0.0229103
0000009210,-0.0324464
0000009220,-0.0181103
0000009230,-0.0189624
0000009240,-0.0141552
0000009250,-0.0183186
0000009260,-0.023401
0000009270,-0.0203986
0000009280,-0.00227272
0000009290,-0.0170865
0000009300,-0.00887774
0000009310,-0.00570892
0000009320,-0.0125706
0000009330,-0.0180837
0000009340,-0.021144
0000009350,-0.0164634
0000009360,-0.0143053
0000009370,-0.0244295
0000009380,-0.0266518
0000009390,-0.0214461
0000009400,-0.0187537
0000009410,-0.0112658
0000009420,-0.0148183
0000009430,-0.017897
0000009440,-0.0158267
0000009450,-0.0238994
0000009460,-0.0208639
0000009470,-0.0235393
0000009480,-0.0104399
0000009490,-0.0108598
0000009500,-0.0189946
0000009510,-0.0222413
0000009520,-0.0188898
0000009530,-0.00869304
0000009540,-0.0138561
0000009550,-0.0134131
0000009560,-0.015933
0000009570,-0.00761963
0000009580,-0.0158646
0000009590,-0.0103127
0000009600,-0.0189325
0000009610,-0.0230594
0000009620,-0.0175737
0000009630,-0.0165853
0000009640,-0.0195817
0000009650,-0.0114561
0000009660,-0.0146593
0000009670,-0.0118708
0000009680,-0.0227844
0000009690,-0.0132927
0000009700,-0.0199639
0000009710,-0.0244673
0000009720,-0.0299946
0000009730,-0.01731
0000009740,-0.013326
0000009750,-0.0201327
0000009760,-0.0194789
0000009770,-0.0193188
0000009780,-0.0218285
0000009790,-0.0103785
0000009800,-0.0218286
0000009810,-0.0122347
0000009820,-0.0238883
0000009830,-0.0200065
0000009840,-0.0298596
0000009850,-0.0206113
0000009860,-0.0266078
0000009870,-0.0158246
0000009880,-0.0140894
0000009890,-0.0249152
0000009900,-0.0258602
0000009910,-0.0220825
0000009920,-0.0147441
0000009930,-0.0228122
0000009940,-0.00525762
0000009950,-0.0175441
0000009960,-0.0173624
0000009970,-0.0204934
0000009980,-0.0216834
0000009990,-0.0236445
0000010000,-0.0177252
0000010010,-0.0168303
0000010020,-0.0188733
0000010030,-0.0222827
0000010040,-0.0224268
0000010050,-0.015829
0000010060,-0.0192434
0000010070,-0.0125374
0000010080,-0.0208962
0000010090,-0.0228905
0000010100,-0.0147449
0000010110,-0.0163091
0000010120,-0.0188598
0000010130,-0.0200514
0000010140,-0.0239883
0000010150,-0.0227649
0000010160,-0.0205809
0000010170,-0.0147453
0000010180,-0.0173361
0000010190,-0.0164881
0000010200,-0.0183024
0000010210,-0.0146291
0000010220,-0.0244367
0000010230,-0.0125286
0000010240,-0.0301393
0000010250,-0.0216035
0000010260,-0.0134559
0000010270,-0.0185809
0000010280,-0.0208969
0000010290,-0.0109099
0000010300,-0.0133738
0000010310,-0.0155207
0000010320,-0.0164569
0000010330,-0.0153913
0000010340,-0.0178971
0000010350,-0.0203914
0000010360,-0.0134505
0000010370,-0.0242949
0000010380,-0.0227916
0000010390,-0.0161022
0000010400,-0.015705
0000010410,-0.0226411
0000010420,-0.0247891
0000010430,-0.0241578
0000010440,-0.0202737
0000010450,-0.0104136
0000010460,-0.0162827
0000010470,-0.0118604
0000010480,-0.0254632
0000010490,-0.0170538
0000010500,-0.0145675
0000010510,-0.0259297
0000010520,-0.0163842
0000010530,-0.0159865
0000010540,-0.0124088
0000010550,-0.0183625
0000010560,-0.0116185
0000010570,-0.0166773
0000010580,-0.0190759
0000010590,-0.0228518
0000010600,-0.0154418
0000010610,-0.0132594
0000010620,-0.0143725
0000010630,-0.0167683
0000010640,-0.0158252
0000010650,-0.0132337
0000010660,-0.0239132
0000010670,-0.0243041
0000010680,-0.00850334
0000010690,-0.0195916
0000010700,-0.0149949
0000010710,-0.0275774
0000010720,-0.0116167
0000010730,-0.0194776
0000010740,-0.0171892
0000010750,-0.0208147
0000010760,-0.0182185
0000010770,-0.0216306
0000010780,-0.0235646
0000010790,-0.0189713
0000010800,-0.0224201
0000010810,-0.00926256
0000010820,-0.0207441
0000010830,-0.0148367
0000010840,-0.0229821
0000010850,-0.0172453
0000010860,-0.0240669
0000010870,-0.0154069
0000010880,-0.0124253
0000010890,-0.0228841
0000010900,-0.0167988
0000010910,-0.0145963
0000010920,-0.0131654
0000010930,-0.0197764
0000010940,-0.0119715
0000010950,-0.0177536
0000010960,-0.0213008
0000010970,-0.0142419
0000010980,-0.0259188
0000010990,-0.0159872
0000011000,-0.0213953
0000011010,-0.0139692
0000011020,-0.0249397
0000011030,-0.0066653
0000011040,-0.022737
0000011050,-0.0111858
0000011060,-0.0159141
0000011070,-0.0227754
0000011080,-0.017604
0000011090,-0.0144442
0000011100,-0.020944
0000011110,-0.0172827
0000011120,-0.0164282
0000011130,-0.0145138
0000011140,-0.00878987
0000011150,-0.0174918
0000011160,-0.0173735
0000011170,-0.023638
0000011180,-0.0123609
0000011190,-0.0235431
0000011200,-0.031325
0000011210,-0.0136167
0000011220,-0.0176105
0000011230,-0.0103504
0000011240,-0.0171058
0000011250,-0.021903
0000011260,-0.0197617
0000011270,-0.0260279
0000011280,-0.0102266
0000011290,-0.017352
0000011300,-0.0207223
0000011310,-0.0141906
0000011320,-0.0196805
0000011330,-0.0148366
0000011340,-0.0214763
0000011350,-0.0242036
0000011360,-0.0217609
0000011370,-0.0177347
0000011380,-0.0199781
0000011390,-0.0186148
0000011400,-0.0210466
0000011410,-0.0176282
0000011420,-0.00871256
0000011430,-0.0160227
0000011440,-0.019128
0000011450,-0.015115
0000011460,-0.0180838
0000011470,-0.0198902
0000011480,-0.00915124
0000011490,-0.0139206
0000011500,-0.026324
0000011510,-0.0183434
0000011520,-0.0176064
0000011530,-0.0165805
0000011540,-0.0169585
0000011550,-0.0201196
0000011560,-0.0185485
0000011570,-0.0181343
0000011580,-0.00900136
0000011590,-0.00971192
0000011600,-0.0164987
0000011610,-0.0171199
0000011620,-0.0244242
0000011630,-0.0134183
0000011640,-0.0113536
0000011650,-0.0262262
0000011660,-0.00989892
0000011670,-0.0181507
0000011680,-0.0221144
0000011690,-0.0119107
0000011700,-0.0152558
0000011710,-0.0181925
0000011720,-0.0176532
0000011730,-0.0251385
0000011740,-0.00913895
0000011750,-0.0180641
0000011760,-0.0147189
0000011770,-0.0151379
0000011780,-0.0187981
0000011790,-0.0108322
0000011800,-0.0160033
0000011810,-0.0126764
0000011820,-0.0118406
0000011830,-0.0129484
0000011840,-0.0193197
0000011850,-0.0255442
0000011860,-0.0170321
0000011870,-0.00989692
0000011880,-0.0239284
0000011890,-0.0197846
0000011900,-0.0202681
0000011910,-0.0284916
0000011920,-0.016675
0000011930,-0.0160649
0000011940,-0.0143273
0000011950,-0.0156185
0000011960,-0.0212262
0000011970,-0.022837
0000011980,-0.0304543
0000011990,-0.0076564
0000012000,-0.0217636
0000012010,-0.015773
0000012020,-0.0221886
0000012030,-0.0177219
0000012040,-0.0121753
0000012050,-0.0100622
0000012060,-0.0123204
0000012070,-0.0186717
0000012080,-0.0233258
0000012090,-0.0249651
0000012100,-0.0104052
0000012110,-0.0209309
0000012120,-0.0163536
0000012130,-0.0136106
0000012140,-0.0190433
0000012150,-0.0223308
0000012160,-0.019553
0000012170,-0.0133794
0000012180,-0.0152099
0000012190,-0.00640168
0000012200,-0.0219411
0000012210,-0.0168988
0000012220,-0.020423
0000012230,-0.0201966
0000012240,-0.0154356
0000012250,-0.0265377
0000012260,-0.0143252
0000012270,-0.0181021
0000012280,-0.0188185
0000012290,-0.0283532
0000012300,-0.0252517
0000012310,-0.029959
0000012320,-0.013934
0000012330,-0.0197399
0000012340,-0.0162108
0000012350,-0.0179139
0000012360,-0.0240395
0000012370,-0.0280993
0000012380,-0.0164069
0000012390,-0.0266742
0000012400,-0.0273904
0000012410,-0.0104631
0000012420,-0.0140481
0000012430,-0.0196087
0000012440,-0.0210318
0000012450,-0.0269415
0000012460,-0.0254879
0000012470,-0.0129696
0000012480,-0.0132349
0000012490,-0.0212811
0000012500,-0.0249824
0000012510,-0.012138
0000012520,-0.0156452
0000012530,-0.0196711
0000012540,-0.0141568
0000012550,-0.0252554
0000012560,-0.0132993
0000012570,-0.0108187
0000012580,-0.0157976
0000012590,-0.0203632
0000012600,-0.0187878
0000012610,-0.019669
0000012620,-0.0168051
0000012630,-0.0216489
0000012640,-0.0235912
0000012650,-0.0173921
0000012660,-0.0205209
0000012670,-0.0222983
0000012680,-0.0150168
0000012690,-0.0148041
0000012700,-0.0127997
0000012710,-0.0194598
0000012720,-0.0153798
0000012730,-0.0227926
0000012740,-0.013775
0000012750,-0.027222
0000012760,-0.0200558
0000012770,-0.0200522
0000012780,-0.0203686
0000012790,-0.0136701
0000012800,-0.0230877
0000012810,-0.0160528
0000012820,-0.00160322
0000012830,-0.0269719
0000012840,-0.0144427
0000012850,-0.00876261
0000012860,-0.0217261
0000012870,-0.014614
0000012880,-0.0139371
0000012890,-0.021127
0000012900,-0.0194175
0000012910,-0.0150345
0000012920,-0.0152124
0000012930,-0.0179745
0000012940,-0.0114736
0000012950,-0.019793
0000012960,-0.0270151
0000012970,-0.0258019
0000012980,-0.0159575
0000012990,-0.0166276
0000013000,-0.0271838
0000013010,-0.0157859
0000013020,-0.0154562
0000013030,-0.0111454
0000013040,-0.0102415
0000013050,-0.0172245
0000013060,-0.0170685
0000013070,-0.0151118
0000013080,-0.0209949
0000013090,-0.0157729
0000013100,-0.0206851
0000013110,-0.0213008
0000013120,-0.0211755
0000013130,-0.0206717
0000013140,-0.019151
0000013150,-0.0159796
0000013160,-0.0189144
0000013170,-0.0136315
0000013180,-0.0235507
0000013190,-0.0202328
0000013200,-0.0236514
0000013210,-0.0195947
0000013220,-0.0202158
0000013230,-0.0206528
0000013240,-0.0255003
0000013250,-0.0146849
0000013260,-0.0187849
0000013270,-0.0212435
0000013280,-0.0269249
0000013290,-0.0205329
0000013300,-0.0150752
0000013310,-0.0202768
0000013320,-0.0217418
0000013330,-0.016283
0000013340,-0.0217015
0000013350,-0.0206958
0000013360,-0.0172326
0000013370,-0.0187481
0000013380,-0.022912
0000013390,-0.0232588
0000013400,-0.0164864
0000013410,-0.0300136
0000013420,-0.0191741
0000013430,-0.021496
0000013440,-0.0152458
0000013450,-0.0225939
0000013460,-0.0142116
0000013470,-0.0220122
0000013480,-0.0067032
0000013490,-0.0175989
0000013500,-0.015821
0000013510,-0.0204212
0000013520,-0.0240714
0000013530,-0.0188236
0000013540,-0.017887
0000013550,-0.0158541
0000013560,-0.0124706
0000013570,-0.0150907
0000013580,-0.0190683
0000013590,-0.01333
0000013600,-0.0218957
0000013610,-0.0210123
0000013620,-0.0268076
0000013630,-0.0145623
0000013640,-0.0151875
0000013650,-0.00645184
0000013660,-0.022746
0000013670,-0.0029473
0000013680,-0.0168119
0000013690,-0.0237686
0000013700,-0.02485
0000013710,-0.023799
0000013720,-0.0197766
0000013730,-0.0165462
0000013740,-0.0144756
0000013750,-0.016957
0000013760,-0.0184833
0000013770,-0.0327774
0000013780,-0.0237218
0000013790,-0.0232001
0000013800,-0.0187935
0000013810,-0.0234736
0000013820,-0.0174624
0000013830,-0.0196096
0000013840,-0.0219323
0000013850,-0.0182305
0000013860,-0.0192722
0000013870,-0.0228631
0000013880,-0.0221535
0000013890,-0.0135961
0000013900,-0.0245274
0000013910,-0.0226173
0000013920,-0.0128789
0000013930,-0.0242265
0000013940,-0.0149316
0000013950,-0.0273534
0000013960,-0.0192225
0000013970,-0.00728081
0000013980,-0.0174644
0000013990,-0.0152455
0000014000,-0.014584
0000014010,-0.0136462
0000014020,-0.0250289
0000014030,-0.0128267
0000014040,-0.00592021
0000014050,-0.0230148
0000014060,-0.0193941
0000014070,-0.0206986
0000014080,-0.0166339
0000014090,-0.0111139
0000014100,-0.0236681
0000014110,-0.0203156
0000014120,-0.0236531
0000014130,-0.0214893
0000014140,-0.0158328
0000014150,-0.0150531
0000014160,-0.00995614
0000014170,-0.016579
0000014180,-0.0172286
0000014190,-0.0150405
0000014200,-0.024175
0000014210,-0.0252589
0000014220,-0.0148198
0000014230,-0.0193165
0000014240,-0.0234804
0000014250,-0.0177911
0000014260,-0.0171938
0000014270,-0.015225
0000014280,-0.0234423
0000014290,-0.0102929
0000014300,-0.0169769
0000014310,-0.0218904
0000014320,-0.0228787
0000014330,-0.0164512
0000014340,-0.021391
0000014350,-0.0149677
0000014360,-0.012282
0000014370,-0.0148418
0000014380,-0.0218884
0000014390,-0.0204741
0000014400,-0.0130874
0000014410,-0.0211183
0000014420,-0.0198809
0000014430,-0.0117473
0000014440,-0.0185095
0000014450,-0.0252691
0000014460,-0.0200056
0000014470,-0.0218099
0000014480,-0.0184827
0000014490,-0.0212031
0000014500,-0.0168366
0000014510,-0.0229943
0000014520,-0.0196342
0000014530,-0.0159923
0000014540,-0.0156765
0000014550,-0.0215785
0000014560,-0.0220616
0000014570,-0.0201452
0000014580,-0.0202308
0000014590,-0.01385
0000014600,-0.0227027
0000014610,-0.0183261
0000014620,-0.0237975
0000014630,-0.0178566
0000014640,-0.0241168
0000014650,-0.0192986
0000014660,-0.0216699
0000014670,-0.0177664
0000014680,-0.0151759
0000014690,-0.0212526
0000014700,-0.0139758
0000014710,-0.01717
0000014720,-0.0203425
0000014730,-0.0151124
0000014740,-0.0191133
0000014750,-0.0124504
0000014760,-0.0180508
0000014770,-0.013065
0000014780,-0.0215862
0000014790,-0.0122641
0000014800,-0.0131868
0000014810,-0.0152071
0000014820,-0.0179563
0000014830,-0.017452
0000014840,-0.0185134
0000014850,-0.0190452
0000014860,-0.0193933
0000014870,-0.0209809
0000014880,-0.0213762
0000014890,-0.0168828
0000014900,-0.0183104
0000014910,-0.0161144
0000014920,-0.016338
0000014930,-0.0104211
0000014940,-0.0145417
0000014950,-0.0237039
0000014960,-0.0144531
0000014970,-0.0217757
0000014980,-0.0157719
0000014990,-0.0193927
0000015000,-0.0150173
0000015010,-0.0100578
0000015020,-0.0131632
0000015030,-0.0139827
0000015040,-0.00806878
0000015050,-0.019124
0000015060,-0.00856
0000015070,-0.0200569
0000015080,-0.0323999
0000015090,-0.0235268
0000015100,-0.0231433
0000015110,-0.0157805
0000015120,-0.0186567
0000015130,-0.0264436
0000015140,-0.0173476
0000015150,-0.0229565
0000015160,-0.0159763
0000015170,-0.0197477
0000015180,-0.0198956
0000015190,-0.0220446
0000015200,-0.0196885
0000015210,-0.025609
0000015220,-0.0160294
0000015230,-0.0220993
0000015240,-0.0190041
0000015250,-0.0221879
0000015260,-0.0185374
0000015270,-0.019183
0000015280,-0.0247898
0000015290,-0.00670766
0000015300,-0.0128722
0000015310,-0.016419
0000015320,-0.0167811
0000015330,-0.0162443
0000015340,-0.00887183
0000015350,-0.017222
0000015360,-0.0200331
0000015370,-0.0183007
0000015380,-0.0193305
0000015390,-0.0141056
0000015400,-0.0227377
0000015410,-0.0121187
0000015420,-0.0137702
0000015430,-0.0283159
0000015440,-0.00924923
0000015450,-0.0177661
0000015460,-0.0274798
0000015470,-0.026197
0000015480,-0.0219127
0000015490,-0.021142
0000015500,-0.0190317
0000015510,-0.0142545
0000015520,-0.00949972
0000015530,-0.0167759
0000015540,-0.0214738
0000015550,-0.0195129
0000015560,-0.0197878
0000015570,-0.0215705
0000015580,-0.0135544
0000015590,-0.0132878
0000015600,-0.0181795
0000015610,-0.0212043
0000015620,-0.0124323
0000015630,-0.0150951
0000015640,-0.0184493
0000015650,-0.0122468
0000015660,-0.0145421
0000015670,-0.0170361
0000015680,-0.00908923
0000015690,-0.0194805
0000015700,-0.0189843
0000015710,-0.0198755
0000015720,-0.0227065
0000015730,-0.0108618
0000015740,-0.0164715
0000015750,-0.0144089
0000015760,-0.013433
0000015770,-0.0157657
0000015780,-0.0197701
0000015790,-0.0190006
0000015800,-0.0146247
0000015810,-0.0176088
0000015820,-0.0171148
0000015830,-0.0230249
0000015840,-0.0173392
0000015850,-0.0155565
0000015860,-0.0146989
0000015870,-0.0114694
0000015880,-0.0184649
0000015890,-0.0136936
0000015900,-0.0212365
0000015910,-0.0240019
0000015920,-0.0122032
0000015930,-0.0127155
0000015940,-0.0124206
0000015950,-0.0209968
0000015960,-0.0210685
0000015970,-0.0184689
0000015980,-0.0192316
0000015990,-0.0225165
