0000000000,-0.0163595
0000000010,-0.0211371
0000000020,-0.0160706
0000000030,-0.0180752
0000000040,-0.0125256
0000000050,-0.015475
0000000060,-0.00735635
0000000070,-0.02207
0000000080,-0.0281764
0000000090,-0.0360793
0000000100,-0.0190937
0000000110,-0.0065979
0000000120,-0.0212382
0000000130,-0.0148434
0000000140,-0.0142327
0000000150,-0.0115298
0000000160,-0.0228411
0000000170,-0.0247049
0000000180,-0.0113697
0000000190,-0.00608438
0000000200,-0.0267783
0000000210,-0.0057292
0000000220,-0.00661634
0000000230,-0.0149029
0000000240,-0.0100655
0000000250,-0.00398774
0000000260,-0.00691169
0000000270,-0.0239188
0000000280,-0.0268367
0000000290,-0.00716303
0000000300,-0.0266452
0000000310,-0.0278708
0000000320,-0.0137898
0000000330,-0.00680615
0000000340,-0.014777
0000000350,-0.00677824
0000000360,-0.0208381
0000000370,-0.0131413
0000000380,-0.0240313
0000000390,-0.0154828
0000000400,-0.0184374
0000000410,-0.00822641
0000000420,-0.0193288
0000000430,-0.00264941
0000000440,-0.0224641
0000000450,-0.0222786
0000000460,-0.0321162
0000000470,-0.0274559
0000000480,-0.0197925
0000000490,-0.00702781
0000000500,-0.0107459
0000000510,-0.00843387
0000000520,-0.0192606
0000000530,-0.00599404
0000000540,-0.0249555
0000000550,-0.0190473
0000000560,-0.0199117
0000000570,-0.0253689
0000000580,-0.0132961
0000000590,-0.0125848
0000000600,-0.00674975
0000000610,-0.0149193
0000000620,-0.0252962
0000000630,-0.00923246
0000000640,-0.0197156
0000000650,-0.0197721
0000000660,-0.0204296
0000000670,-0.0275103
0000000680,-0.0178456
0000000690,-0.0168791
0000000700,-0.0168633
0000000710,-0.024398
0000000720,-0.0326338
0000000730,-0.0095272
0000000740,-0.0200666
0000000750,-0.0209564
0000000760,-0.0205454
0000000770,-0.0175227
0000000780,-0.0193495
0000000790,-0.0118049
0000000800,0.0084906
0000000810,-0.0071994
0000000820,-0.0171701
0000000830,0.00882826
0000000840,-0.0138035
0000000850,0.00717174
0000000860,-0.0239813
0000000870,-0.0280908
0000000880,-0.02216
0000000890,-0.00583731
0000000900,-0.0237986
0000000910,-0.0338695
0000000920,-0.0342385
0000000930,0.00870537
0000000940,-0.0128736
0000000950,-0.0297418
0000000960,-0.0309599
0000000970,-0.0236582
0000000980,0.00263341
0000000990,-0.0334092
0000001000,0.000387622
0000001010,-0.0151986
0000001020,-0.0125146
0000001030,-0.00912205
0000001040,-0.0153677
0000001050,-0.00860831
0000001060,-0.0129723
0000001070,-0.0427566
0000001080,-0.00266043
0000001090,-0.0417934
0000001100,-0.0238527
0000001110,-0.00689943
0000001120,-0.0305319
0000001130,-0.0256318
0000001140,-0.0135194
0000001150,-0.0181472
0000001160,-0.0192052
0000001170,-0.00771315
0000001180,-0.000237093
0000001190,-0.0226347
0000001200,-0.0282116
0000001210,-0.0152996
0000001220,-0.0254227
0000001230,-0.0168391
0000001240,-0.0329087
0000001250,-0.0177326
0000001260,-0.0217923
0000001270,-0.0122881
0000001280,-0.0216849
0000001290,-0.0202111
0000001300,-0.0173166
0000001310,-0.0113845
0000001320,-0.0167049
0000001330,-0.0360628
0000001340,-0.0237765
0000001350,-0.0233385
0000001360,-0.0116
0000001370,-0.0171274
0000001380,-0.0122897
0000001390,-0.0215658
0000001400,-0.0176832
0000001410,-0.0187778
0000001420,-0.0258367
0000001430,-0.0120641
0000001440,-0.00601616
0000001450,-0.022818
0000001460,-0.00849383
0000001470,-0.0159419
0000001480,-0.0364323
0000001490,-0.00456168
0000001500,-0.0112428
0000001510,-0.0487879
0000001520,-0.00580473
0000001530,-0.00523703
0000001540,-0.00503452
0000001550,-0.00906508
0000001560,-0.0226171
0000001570,-0.0305308
0000001580,-0.0330785
0000001590,-0.0123521
0000001600,-0.0293876
0000001610,-0.0293463
0000001620,-0.0166654
0000001630,-0.00783458
0000001640,-0.0230281
0000001650,-0.0149576
0000001660,-0.0158604
0000001670,-0.014573
0000001680,-0.0216112
0000001690,-0.0149443
0000001700,-0.0285972
0000001710,-0.0221812
0000001720,-0.0207903
0000001730,-0.0283844
0000001740,-0.0260399
0000001750,-0.0318512
0000001760,-0.0153273
0000001770,-0.0121474
0000001780,-0.0117573
0000001790,-0.0407181
0000001800,-0.0189814
0000001810,-0.0110155
0000001820,-0.0181097
0000001830,-0.025513
0000001840,-0.00285089
0000001850,-0.0112137
0000001860,-0.0168941
0000001870,-0.00832498
0000001880,-0.0236287
0000001890,0.00259131
0000001900,0.000796346
0000001910,-0.0116531
0000001920,-0.0145397
0000001930,-0.0308356
0000001940,-0.0188158
0000001950,-0.0091952
0000001960,-0.00622327
0000001970,-0.0249472
0000001980,-0.00606328
0000001990,-0.00992638
0000002000,-0.0129358
0000002010,-0.0160727
0000002020,-0.0269657
0000002030,-0.016744
0000002040,-0.0132003
0000002050,-0.0148874
0000002060,-0.0340453
0000002070,-0.0193155
0000002080,-0.0150416
0000002090,-0.0345783
0000002100,-0.00761558
0000002110,-0.0279308
0000002120,-0.014149
0000002130,-0.00775446
0000002140,-0.0237518
0000002150,-0.0117713
0000002160,-0.0229282
0000002170,-0.0140217
0000002180,-0.0152428
0000002190,-0.038845
0000002200,-0.00753829
0000002210,-0.0259159
0000002220,-0.0234903
0000002230,-0.0120913
0000002240,-0.020737
0000002250,-0.0264441
0000002260,-0.0355263
0000002270,-0.0365376
0000002280,-0.0116179
0000002290,-0.0308332
0000002300,-0.0262795
0000002310,-0.0180693
0000002320,-0.0276242
0000002330,-0.00445244
0000002340,-0.012713
0000002350,-0.0101126
0000002360,-0.0233169
0000002370,-0.0246411
0000002380,-0.0185562
0000002390,-0.00706761
0000002400,-0.00112498
0000002410,-0.0217247
0000002420,-0.0299012
0000002430,-0.0232768
0000002440,-0.0137795
0000002450,-0.0211756
0000002460,-0.0164867
0000002470,-0.0125221
0000002480,-0.00950947
0000002490,0.00149629
0000002500,-0.0152267
0000002510,-0.0143478
0000002520,-0.0122558
0000002530,-0.0261462
0000002540,-0.024952
0000002550,-0.0225538
0000002560,-0.0171331
0000002570,-0.0174656
0000002580,-0.0312501
0000002590,-0.0269987
0000002600,-0.0249746
0000002610,-0.0257623
0000002620,-0.015947
0000002630,-0.0241017
0000002640,-0.0326119
0000002650,-0.0186851
0000002660,-0.0214541
0000002670,-0.0154404
0000002680,-0.00868146
0000002690,-0.0156678
0000002700,-0.0237288
0000002710,-0.00938435
0000002720,-0.0211839
0000002730,-0.0121628
0000002740,-0.016555
0000002750,-0.0107047
0000002760,-0.0138913
0000002770,-0.0160714
0000002780,-0.0125535
0000002790,-0.0157947
0000002800,-0.00855229
0000002810,0.00230384
0000002820,-0.020166
0000002830,-0.0306819
0000002840,-0.0125801
0000002850,-0.02552
0000002860,-0.0187906
0000002870,-0.0135236
0000002880,-0.0233556
0000002890,-0.0192511
0000002900,-0.0259945
0000002910,-0.019345
0000002920,-0.00760054
0000002930,-0.0155994
0000002940,-0.020049
0000002950,-0.00983807
0000002960,-0.0259719
0000002970,-0.0242347
0000002980,-0.0098578
0000002990,-0.0102306
0000003000,-0.0181891
0000003010,-0.0254332
0000003020,-0.0239111
0000003030,-0.00820087
0000003040,-0.0172579
0000003050,-0.0244225
0000003060,-0.0145849
0000003070,-0.0230305
0000003080,-0.034976
0000003090,-0.0322624
0000003100,-0.0228487
0000003110,-0.0084396
0000003120,-0.00300706
0000003130,-0.0096595
0000003140,-0.0313281
0000003150,-0.00594065
0000003160,-0.0185694
0000003170,-0.0220174
0000003180,-0.0294068
0000003190,-0.0206408
0000003200,-0.00929419
0000003210,-0.0139804
0000003220,-0.0376277
0000003230,-0.0196393
0000003240,-0.0257294
0000003250,-0.0329656
0000003260,-0.0186791
0000003270,-0.00784738
0000003280,-0.0256949
0000003290,-0.024491
0000003300,-0.0138499
0000003310,-0.0096881
0000003320,-0.00865671
0000003330,-0.0278519
0000003340,-0.00498838
0000003350,-0.00949883
0000003360,-0.0150865
0000003370,-0.0288102
0000003380,-0.0118002
0000003390,-0.0177841
0000003400,-0.0175318
0000003410,-0.025549
0000003420,-0.01269
0000003430,-0.0221711
0000003440,-0.0137039
0000003450,-0.0197553
0000003460,-0.0130673
0000003470,-0.0253956
0000003480,0.00265695
0000003490,-0.0242457
0000003500,-0.0222992
0000003510,-0.0135757
0000003520,-0.0177174
0000003530,-0.0158983
0000003540,-0.0290847
0000003550,-0.0243806
0000003560,-0.010428
0000003570,-0.0321408
0000003580,-0.0187974
0000003590,-0.0272488
0000003600,-0.0137165
0000003610,-0.0190728
0000003620,-0.0283213
0000003630,-0.00809537
0000003640,-0.00496334
0000003650,-0.0302016
0000003660,-0.00756346
0000003670,-0.00771565
0000003680,-0.00704133
0000003690,-0.0176203
0000003700,-0.0291334
0000003710,-0.00560626
0000003720,-0.00170529
0000003730,-0.00261207
0000003740,-0.0209127
0000003750,0.0136275
0000003760,-0.0207398
0000003770,-0.0187306
0000003780,-0.0206306
0000003790,-0.0149664
0000003800,-0.0128834
0000003810,-0.0143381
0000003820,-0.0170284
0000003830,-0.0094595
0000003840,-0.0291724
0000003850,-0.00140318
0000003860,-0.0424893
0000003870,-0.0325678
0000003880,-0.0351433
0000003890,-0.0282619
0000003900,-0.0363184
0000003910,-0.022215
0000003920,-0.00866931
0000003930,-0.0327826
0000003940,-0.0138262
0000003950,-0.0133588
0000003960,-0.0324376
0000003970,-0.0252823
0000003980,-0.0265539
0000003990,-0.00873954
0000004000,-0.0146901
0000004010,-0.0122277
0000004020,-0.0304388
0000004030,-0.0114289
0000004040,-0.0202797
0000004050,-0.0169077
0000004060,-0.0190692
0000004070,-0.0278764
0000004080,-0.0118932
0000004090,-0.0241273
0000004100,-0.0130461
0000004110,-0.0104506
0000004120,-0.0229181
0000004130,-0.000538611
0000004140,-0.0133861
0000004150,-0.00953592
0000004160,-0.0251794
0000004170,-0.010645
0000004180,-0.017712
0000004190,-0.0276735
0000004200,-0.014169
0000004210,0.00520685
0000004220,-0.0182343
0000004230,-0.0176238
0000004240,-0.0233345
0000004250,-0.0316384
0000004260,-0.0328886
0000004270,-0.0239033
0000004280,-0.0273055
0000004290,-0.0278949
0000004300,-0.0092037
0000004310,-0.0287759
0000004320,-0.0122012
0000004330,-0.0272219
0000004340,-0.00208934
0000004350,-0.011006
0000004360,0.00683907
0000004370,-0.00726216
0000004380,-0.0316105
0000004390,-0.0248526
0000004400,-0.0363292
0000004410,-0.0295298
0000004420,-0.0242585
0000004430,-0.0419217
0000004440,-0.0134785
0000004450,-0.0429331
0000004460,-0.0131463
0000004470,-0.016039
0000004480,-0.0172104
0000004490,-0.0567166
0000004500,-0.00989591
0000004510,-0.0197589
0000004520,-0.0318299
0000004530,-0.0330781
0000004540,-0.000354056
0000004550,-0.00143466
0000004560,-0.0220444
0000004570,-0.00615072
0000004580,-0.0157633
0000004590,0.00756074
0000004600,-0.0191324
0000004610,-0.0408884
0000004620,-0.0111758
0000004630,-0.0145404
0000004640,-0.0148805
0000004650,-0.0330888
0000004660,0.00446787
0000004670,-0.00966865
0000004680,-0.0141843
0000004690,-0.00870658
0000004700,-0.0349659
0000004710,-0.0175429
0000004720,0.00690267
0000004730,-0.0366313
0000004740,-0.0179967
0000004750,-0.0195624
0000004760,-0.018087
0000004770,-0.0314182
0000004780,0.00172476
0000004790,-0.01972
0000004800,-0.0218611
0000004810,-0.0279821
0000004820,-0.023313
0000004830,-0.021695
0000004840,-0.0209401
0000004850,0.00951218
0000004860,-0.0181684
0000004870,-0.0207866
0000004880,-0.0177507
0000004890,-0.00240588
0000004900,-0.0227429
0000004910,0.00644899
0000004920,-0.00390232
0000004930,-0.00526469
0000004940,-0.00560262
0000004950,-0.0152629
0000004960,-0.00632857
0000004970,-0.0148421
0000004980,-0.00896165
0000004990,-0.0209253
0000005000,-0.00663451
0000005010,0.0144944
0000005020,-0.0170456
0000005030,-0.0339047
0000005040,-0.0302822
0000005050,-0.0348885
0000005060,-0.0278996
0000005070,-0.00812632
0000005080,-0.0385408
0000005090,-0.0164182
0000005100,-0.00438922
0000005110,-0.0181195
0000005120,-0.0139323
0000005130,-0.0166111
0000005140,-0.0313634
0000005150,-0.0322274
0000005160,-0.0274129
0000005170,-0.0309118
0000005180,-0.0214251
0000005190,-0.0323454
0000005200,-0.0109931
0000005210,-0.00844495
0000005220,-0.0196065
0000005230,-0.0189851
0000005240,-0.0296852
0000005250,-0.0253461
0000005260,-0.0154377
0000005270,-0.016363
0000005280,-0.0282849
0000005290,-0.016506
0000005300,-0.0253564
0000005310,-0.0106864
0000005320,-0.0279153
0000005330,-0.0294817
0000005340,-0.0206725
0000005350,-0.0160414
0000005360,-0.0136509
0000005370,-0.0114804
0000005380,-0.0237867
0000005390,-0.0141625
0000005400,-0.0195343
0000005410,-0.02612
0000005420,-0.032123
0000005430,-0.00328261
0000005440,-0.0181375
0000005450,-0.0415494
0000005460,-0.033571
0000005470,0.00373162
0000005480,-0.0250138
0000005490,-0.00961843
0000005500,-0.00702176
0000005510,-0.0185654
0000005520,0.00948574
0000005530,-0.0273421
0000005540,-0.0133457
0000005550,-0.00452392
0000005560,-0.0201633
0000005570,-0.00243248
0000005580,-0.0117502
0000005590,-0.0184249
0000005600,-0.0136738
0000005610,0.00150348
0000005620,-0.0162857
0000005630,-0.0148091
0000005640,-0.0304638
0000005650,-0.0296657
0000005660,-0.000415195
0000005670,-0.00678746
0000005680,-0.0314608
0000005690,-0.040446
0000005700,0.00238476
0000005710,-0.00223114
0000005720,-0.0167469
0000005730,0.0120636
0000005740,-0.0148412
0000005750,-0.0200801
0000005760,-0.0407369
0000005770,-0.033248
0000005780,-0.0205636
0000005790,-0.0110192
0000005800,-0.014904
0000005810,-0.00774908
0000005820,-0.00540053
0000005830,-0.0242261
0000005840,-0.00484737
0000005850,-0.00990249
0000005860,-0.0370482
0000005870,-0.011328
0000005880,-0.0214498
0000005890,-0.013879
0000005900,-0.027301
0000005910,-0.0115173
0000005920,-0.0129247
0000005930,-0.0313926
0000005940,-0.0160283
0000005950,-0.0232332
0000005960,0.000912908
0000005970,0.00309281
0000005980,-0.0186886
0000005990,-0.0107661
0000006000,-0.00629906
0000006010,-0.0301191
0000006020,-0.0104036
0000006030,-0.0419018
0000006040,-0.023277
0000006050,-0.017955
0000006060,-0.0141882
0000006070,-0.00376498
0000006080,0.0126766
0000006090,-0.0318432
0000006100,-0.0131749
0000006110,-0.0262184
0000006120,-0.0357281
0000006130,-0.0275151
0000006140,-0.0188462
0000006150,-0.0303458
0000006160,-0.0188162
0000006170,-0.0143586
0000006180,-0.0297401
0000006190,-0.0339156
0000006200,-0.0183195
0000006210,-0.0116079
0000006220,-0.00232104
0000006230,-0.029271
0000006240,-0.00293828
0000006250,-0.00228352
0000006260,-0.0312899
0000006270,0.00149355
0000006280,-0.0135369
0000006290,-0.0320602
0000006300,-0.0251209
0000006310,-0.01805
0000006320,-0.00731922
0000006330,-0.00469182
0000006340,0.00780086
0000006350,-0.0267967
0000006360,-0.0124103
0000006370,-0.0303952
0000006380,-0.0172814
0000006390,-0.0057902
0000006400,-0.0265534
0000006410,-0.0166626
0000006420,-0.0115758
0000006430,-0.0198558
0000006440,-0.0184559
0000006450,-0.0218797
0000006460,-0.0321887
0000006470,-0.0113412
0000006480,-0.0168311
0000006490,-0.0186183
0000006500,-0.0291979
0000006510,-0.0278608
0000006520,-0.0191206
0000006530,-0.0435055
0000006540,-0.00885936
0000006550,-0.00652971
0000006560,-0.0136156
0000006570,-0.0193897
0000006580,-0.0175042
0000006590,-0.0147524
0000006600,-0.0301213
0000006610,-0.0272561
0000006620,-0.0113054
0000006630,-0.0107413
0000006640,-0.0277379
0000006650,-0.0266692
0000006660,-0.00849551
0000006670,-0.0156283
0000006680,-0.0262897
0000006690,-0.0377967
0000006700,-0.0120579
0000006710,0.00480335
0000006720,-0.0460804
0000006730,-0.0295719
0000006740,-0.00568313
0000006750,-0.0198675
0000006760,-0.0191914
0000006770,-0.0420516
0000006780,-0.0210957
0000006790,-0.0138801
0000006800,-0.017017
0000006810,-0.0101623
0000006820,-0.0190515
0000006830,-0.0101
0000006840,-0.0328
0000006850,-0.00619987
0000006860,-0.0204399
0000006870,-0.0375176
0000006880,-0.0254461
0000006890,-0.0199637
0000006900,-0.0136967
0000006910,-0.0248246
0000006920,-0.015989
0000006930,-0.00814006
0000006940,-0.0144683
0000006950,-0.0107208
0000006960,-0.0263086
0000006970,-0.00943885
0000006980,-0.0188628
0000006990,-0.0200458
0000007000,-0.0143727
0000007010,-0.0316959
0000007020,-0.0242074
0000007030,-0.00848902
0000007040,-0.0172223
0000007050,-0.021696
0000007060,-0.0027246
0000007070,-0.0226424
0000007080,-0.0227773
0000007090,-0.00958113
0000007100,-0.0359239
0000007110,0.00501287
0000007120,-0.0257704
0000007130,-0.0283885
0000007140,-0.0147189
0000007150,-0.00887613
0000007160,-0.00218601
0000007170,-0.0233469
0000007180,-0.0126503
0000007190,-0.00716787
0000007200,-0.0414966
0000007210,-0.028334
0000007220,-0.0377648
0000007230,-0.00671828
0000007240,-0.0200946
0000007250,-0.0144957
0000007260,-0.0107178
0000007270,-0.00995757
0000007280,-0.0119086
0000007290,-0.0128514
0000007300,-0.00623967
0000007310,-0.0319597
0000007320,-0.0121238
0000007330,-0.0274826
0000007340,-0.000189972
0000007350,-0.0408412
0000007360,-0.0158425
0000007370,-0.0272545
0000007380,-0.0208501
0000007390,-0.0323247
0000007400,-0.0161278
0000007410,-0.00946508
0000007420,-0.00182786
0000007430,-0.00983183
0000007440,-0.0386996
0000007450,-0.0246872
0000007460,-0.0376921
0000007470,-0.00838294
0000007480,0.00794618
0000007490,-0.00579689
0000007500,-0.0251772
0000007510,-0.00419683
0000007520,-0.0158704
0000007530,-0.0342851
0000007540,-0.013771
0000007550,-0.00990032
0000007560,-0.0295143
0000007570,-0.0340708
0000007580,-0.0207756
0000007590,-0.00500445
0000007600,-0.0285771
0000007610,-0.0111129
0000007620,-0.0116108
0000007630,-0.0310644
0000007640,0.00255603
0000007650,-0.0240198
0000007660,-0.0206135
0000007670,-0.0123566
0000007680,-0.00900479
0000007690,-0.0127405
0000007700,-0.0157012
0000007710,-0.0448981
0000007720,-0.0269765
0000007730,-0.0231966
0000007740,-0.0211663
0000007750,-0.0118419
0000007760,-0.0226483
0000007770,-0.0295046
0000007780,-0.0228982
0000007790,-0.0255454
0000007800,-0.0163645
0000007810,-0.0389074
0000007820,-0.0226639
0000007830,-0.0223865
0000007840,-0.0273044
0000007850,-0.0151217
0000007860,-0.0131829
0000007870,-0.0125587
0000007880,-0.0148666
0000007890,-0.024096
0000007900,-0.0151202
0000007910,-0.0211087
0000007920,-0.022111
0000007930,-0.025216
0000007940,-0.0187007
0000007950,-0.0245105
0000007960,-0.00110178
0000007970,-0.0154197
0000007980,-0.00113766
0000007990,-0.0442713
0000008000,-0.0273169
0000008010,-0.0275607
0000008020,-0.0313758
0000008030,0.000585679
0000008040,-0.0115377
0000008050,-0.0182053
0000008060,0.00181126
0000008070,-0.0194988
0000008080,-0.0224775
0000008090,-0.0227836
0000008100,0.000181716
0000008110,-0.0106521
0000008120,-0.0216474
0000008130,-0.00739294
0000008140,-0.0171785
0000008150,-0.0260069
0000008160,-0.0156967
0000008170,-0.0310421
0000008180,-0.0223437
0000008190,-0.00704515
0000008200,0.00220963
0000008210,-0.0330718
0000008220,-0.0134491
0000008230,-0.0053044
0000008240,-0.0153269
0000008250,-0.0329415
0000008260,-0.0282352
0000008270,-0.0159013
0000008280,-0.0124312
0000008290,-0.0232996
0000008300,-0.0207058
0000008310,-0.00863411
0000008320,-0.0118387
0000008330,-0.0128921
0000008340,-0.000107479
0000008350,-0.0209323
0000008360,-0.0248457
0000008370,-0.0295771
0000008380,-0.0105036
0000008390,-0.00972804
0000008400,-0.0286848
0000008410,-0.00895494
0000008420,-0.0174311
0000008430,-0.0209788
0000008440,-0.0142234
0000008450,-0.0202708
0000008460,-0.0294179
0000008470,-0.0105816
0000008480,-0.000565849
0000008490,-0.00943147
0000008500,-0.0061967
0000008510,-0.0138606
0000008520,-0.0190592
0000008530,-0.0116494
0000008540,-0.0134724
0000008550,-0.00837734
0000008560,-0.0127975
0000008570,-0.0157381
0000008580,-0.0240549
0000008590,-0.0338693
0000008600,-0.0126939
0000008610,-0.00290312
0000008620,-0.007584
0000008630,-0.0178662
0000008640,-0.0316846
0000008650,-0.0105907
0000008660,-0.0110761
0000008670,-0.0248209
0000008680,-0.0108655
0000008690,-0.0188065
0000008700,-0.0218333
0000008710,-0.0217545
0000008720,-0.0127815
0000008730,-0.0245651
0000008740,-0.0117213
0000008750,-0.0257965
0000008760,-0.0124541
0000008770,-0.010512
0000008780,-0.0200922
0000008790,-0.0104019
0000008800,-0.0198029
0000008810,-0.0244153
0000008820,-0.0151085
0000008830,-0.0161812
0000008840,-0.0107403
0000008850,-0.0103149
0000008860,-0.0210589
0000008870,-0.00739788
0000008880,-0.0140926
0000008890,-0.0183153
0000008900,-0.0195478
0000008910,0.00138187
0000008920,-0.0051421
0000008930,-0.0113566
0000008940,-0.0322823
0000008950,-0.00609237
0000008960,-0.0220398
0000008970,-0.00326251
0000008980,-0.0105563
0000008990,-0.0210098
0000009000,-0.0157991
0000009010,-0.0297777
0000009020,-0.0214876
0000009030,-0.0162153
0000009040,-0.0114998
0000009050,-0.0103838
0000009060,-0.00794122
0000009070,-0.0224858
0000009080,-0.0164497
0000009090,-0.0225221
0000009100,-0.0298999
0000009110,-0.016318
0000009120,-0.0169575
0000009130,-0.0301483
0000009140,-0.0277997
0000009150,-0.00471003
0000009160,-0.0190455
0000009170,-0.01845
0000009180,-0.0193715
0000009190,-0.00257628
0000009200,-0.00967185
0000009210,-0.0182515
0000009220,-0.016476
0000009230,-0.00145196
0000009240,-0.0285107
0000009250,-0.0137562
0000009260,-0.0211128
0000009270,-0.0338364
0000009280,-0.0104599
0000009290,-0.00929989
0000009300,-0.0133879
0000009310,-0.0106152
0000009320,-0.00369432
0000009330,-0.0178492
0000009340,-0.0241381
0000009350,-0.0251342
0000009360,-0.0322354
0000009370,-0.0212134
0000009380,-0.0275876
0000009390,-0.0225782
0000009400,-0.0177701
0000009410,-0.0189672
0000009420,-0.006009
0000009430,-0.0189451
0000009440,-0.0290385
0000009450,-0.0179459
0000009460,-0.0051983
0000009470,-0.0184256
0000009480,-0.00468731
0000009490,-0.0174327
0000009500,-0.0116382
0000009510,-0.0186258
0000009520,-0.00952741
0000009530,-0.0243833
0000009540,-0.01983
0000009550,-0.0168927
0000009560,-0.0227065
0000009570,-0.0161745
0000009580,-0.0198368
0000009590,-0.0207349
0000009600,-0.00657379
0000009610,-0.0239254
0000009620,-0.014285
0000009630,-0.020883
0000009640,-0.0272569
0000009650,-0.0078164
0000009660,-0.0247513
0000009670,-0.0240436
0000009680,-0.0186602
0000009690,-0.0142734
0000009700,-0.00226555
0000009710,-0.0178583
0000009720,-0.0162312
0000009730,-0.0272027
0000009740,-0.00580523
0000009750,-0.0227497
0000009760,-0.0307648
0000009770,-0.0326917
0000009780,-0.0186645
0000009790,-0.0284361
0000009800,-0.00854934
0000009810,-0.0274946
0000009820,-0.0206278
0000009830,-0.0186144
0000009840,-0.0292451
0000009850,-0.00826688
0000009860,-0.0257839
0000009870,0.00600753
0000009880,-0.0213487
0000009890,-0.0161159
0000009900,-0.0111421
0000009910,-0.0105433
0000009920,-0.0239299
0000009930,-0.0254793
0000009940,-0.0213088
0000009950,-0.0154052
0000009960,-0.00788827
0000009970,-0.011935
0000009980,-0.0115582
0000009990,-0.0141313
0000010000,-0.0204359
0000010010,-0.0167967
0000010020,-0.0352444
0000010030,-0.0257747
0000010040,-0.0147983
0000010050,-0.0121071
0000010060,-0.0204329
0000010070,-0.0132483
0000010080,-0.0122498
0000010090,-0.0194782
0000010100,-0.0150381
0000010110,-0.0257456
0000010120,-0.0221985
0000010130,-0.0227469
0000010140,-0.0175399
0000010150,-0.0135807
0000010160,-0.0207044
0000010170,-0.0164675
0000010180,-0.018858
0000010190,-0.0246005
0000010200,-0.0217796
0000010210,-0.0109163
0000010220,-0.0187258
0000010230,-0.0126503
0000010240,-0.0240331
0000010250,-0.0217308
0000010260,-0.0125643
0000010270,-0.0142998
0000010280,-0.0281447
0000010290,-0.0139345
0000010300,-0.0234972
0000010310,-0.00847488
0000010320,-0.0197745
0000010330,-0.0249936
0000010340,-0.0120168
0000010350,-0.0195072
0000010360,-0.0249283
0000010370,-0.0261481
0000010380,-0.0181414
0000010390,-0.0213656
0000010400,-0.011977
0000010410,-0.0438231
0000010420,-0.00699824
0000010430,-0.0129984
0000010440,-0.00506986
0000010450,-0.0192214
0000010460,-0.0185996
0000010470,-0.0304221
0000010480,-0.0227476
0000010490,-0.0270348
0000010500,-0.0152046
0000010510,-0.0282561
0000010520,-0.0153041
0000010530,-0.0250548
0000010540,-0.0215173
0000010550,-0.0253132
0000010560,-0.0156821
0000010570,-0.0126425
0000010580,-0.00695488
0000010590,-0.0137523
0000010600,-0.0150425
0000010610,-0.00604863
0000010620,-0.0276439
0000010630,-0.0028889
0000010640,-0.0273109
0000010650,-0.0399009
0000010660,-0.0208432
0000010670,-0.00663355
0000010680,-0.0219956
0000010690,-0.0214758
0000010700,-0.0243682
0000010710,-0.0160619
0000010720,-0.0190911
0000010730,-0.00973604
0000010740,-0.0220996
0000010750,-0.0169594
0000010760,-0.00727727
0000010770,-0.0320008
0000010780,-0.0163767
0000010790,-0.0289977
0000010800,-0.0173436
0000010810,-0.00861408
0000010820,-0.00796532
0000010830,-0.0165937
0000010840,-0.0194708
0000010850,-0.0181088
0000010860,-0.00233032
0000010870,-0.0160483
0000010880,-0.0182536
0000010890,-0.0206817
0000010900,-0.0131326
0000010910,-0.0204785
0000010920,-0.011416
0000010930,-0.0267996
0000010940,-0.0230841
0000010950,-0.0171077
0000010960,-0.0197248
0000010970,-0.0256129
0000010980,-0.0105557
0000010990,-0.032235
0000011000,-0.0228905
0000011010,-0.0179335
0000011020,-0.0249169
0000011030,-0.0164784
0000011040,-0.0243146
0000011050,-0.0164398
0000011060,-0.00854239
0000011070,-0.0260534
0000011080,-0.0108304
0000011090,-0.0233026
0000011100,-0.0116376
0000011110,-0.0219302
0000011120,-0.0196044
0000011130,-0.0271921
0000011140,-0.015807
0000011150,-0.0180859
0000011160,-0.0180313
0000011170,-0.0216042
0000011180,-0.0167055
0000011190,-0.0269328
0000011200,-0.0258959
0000011210,-0.00475631
0000011220,-0.0197491
0000011230,-0.0129702
0000011240,-0.0127334
0000011250,-0.016261
0000011260,-0.0284817
0000011270,-0.0191195
0000011280,-0.0153182
0000011290,-0.0275666
0000011300,-0.00412858
0000011310,-0.028022
0000011320,-0.0231912
0000011330,-0.0122879
0000011340,-0.0130331
0000011350,-0.00729581
0000011360,-0.0200062
0000011370,-0.0208905
0000011380,-0.0177939
0000011390,-0.0188017
0000011400,-0.0181419
0000011410,-0.028822
0000011420,-0.0203695
0000011430,-0.0185841
0000011440,-0.0063384
0000011450,-0.0221453
0000011460,-0.0107865
0000011470,-0.0279126
0000011480,-0.0200009
0000011490,-0.0270743
0000011500,-0.0156634
0000011510,-0.0105179
0000011520,-0.0178879
0000011530,-0.00882681
0000011540,-0.0220458
0000011550,-0.0135612
0000011560,-0.0191687
0000011570,-0.0206878
0000011580,-0.0165705
0000011590,-0.0151424
0000011600,-0.0205853
0000011610,-0.0111368
0000011620,-0.00143004
0000011630,-0.0242177
0000011640,-0.0145724
0000011650,-0.0189415
0000011660,-0.0272736
0000011670,-0.0229658
0000011680,-0.0244309
0000011690,-0.0160036
0000011700,-0.022687
0000011710,-0.0127784
0000011720,-0.0174513
0000011730,-0.0156133
0000011740,-0.0140542
0000011750,-0.0233535
0000011760,-0.0174416
0000011770,-0.034448
0000011780,-0.0215374
0000011790,-0.0235727
0000011800,-0.0201338
0000011810,-0.0224244
0000011820,-0.0176974
0000011830,-0.0110207
0000011840,-0.00941079
0000011850,-0.0205439
0000011860,-0.0246616
0000011870,-0.0194492
0000011880,-0.0135103
0000011890,-0.0338013
0000011900,-0.0168779
0000011910,-0.0141009
0000011920,-0.0204277
0000011930,-0.0182188
0000011940,-0.0143962
0000011950,-0.0178843
0000011960,-0.0263525
0000011970,-0.0142237
0000011980,-0.0117502
0000011990,-0.0115916
0000012000,-0.014247
0000012010,-0.0152593
0000012020,-0.0166494
0000012030,-0.0154703
0000012040,-0.0147595
0000012050,-0.0187265
0000012060,-0.0209936
0000012070,-0.0267959
0000012080,-0.0125393
0000012090,-0.0219082
0000012100,-0.0207781
0000012110,-0.0258737
0000012120,-0.0182314
0000012130,-0.0232814
0000012140,-0.011986
0000012150,-0.0193844
0000012160,-0.0157653
0000012170,-0.0200624
0000012180,-0.0219815
0000012190,-0.00934325
0000012200,-0.00915914
0000012210,-0.0136037
0000012220,-0.0157953
0000012230,-0.0309517
0000012240,-0.00882333
0000012250,-0.0270029
0000012260,-0.0127519
0000012270,-0.0128241
0000012280,-0.00509357
0000012290,-0.0145986
0000012300,-0.0146519
0000012310,-0.0196786
0000012320,-0.0179885
0000012330,-0.00321856
0000012340,-0.0234851
0000012350,-0.018813
0000012360,-0.0165938
0000012370,-0.021673
0000012380,-0.0192201
0000012390,-0.0199416
0000012400,-0.0265013
0000012410,-0.0150772
0000012420,-0.00625011
0000012430,-0.0188609
0000012440,-0.0269843
0000012450,-0.0160654
0000012460,-0.0156127
0000012470,-0.0124528
0000012480,-0.0203282
0000012490,-0.00821542
0000012500,-0.0266547
0000012510,-0.0289117
0000012520,-0.0268087
0000012530,-0.0149404
0000012540,-0.0164734
0000012550,-0.0206612
0000012560,-0.0209641
0000012570,-0.021184
0000012580,0.00131764
0000012590,-0.0148775
0000012600,-0.0170741
0000012610,-0.0165946
0000012620,-0.0168791
0000012630,-0.0103987
0000012640,-0.0177474
0000012650,-0.0197209
0000012660,-0.0109849
0000012670,-0.0251652
0000012680,-0.0246815
0000012690,-0.0325234
0000012700,-0.0144129
0000012710,-0.0204404
0000012720,-0.0191116
0000012730,-0.0324043
0000012740,-0.0117705
0000012750,-0.0191541
0000012760,-0.0145097
0000012770,-0.00888549
0000012780,-0.0223331
0000012790,-0.0128347
0000012800,-0.0255074
0000012810,-0.0239101
0000012820,-0.0224467
0000012830,-0.029097
0000012840,-0.0140452
0000012850,-0.0133514
0000012860,-0.00628006
0000012870,-0.01613
0000012880,-0.013325
0000012890,-0.0174822
0000012900,-0.0202079
0000012910,-0.0271623
0000012920,-0.0242495
0000012930,-0.0164093
0000012940,-0.0168362
0000012950,-0.023468
0000012960,-0.0142492
0000012970,-0.0180753
0000012980,-0.0139641
0000012990,-0.023264
0000013000,-0.0208072
0000013010,-0.0153183
0000013020,-0.0217993
0000013030,-0.0221049
0000013040,-0.0157878
0000013050,-0.019284
0000013060,-0.0310153
0000013070,-0.0231121
0000013080,-0.0218446
0000013090,-0.0149549
0000013100,-0.0137563
0000013110,-0.0077713
0000013120,-0.0209243
0000013130,-0.014449
0000013140,-0.0158887
0000013150,-0.0191889
0000013160,-0.0126846
0000013170,-0.013108
0000013180,-0.0261471
0000013190,-0.0110254
0000013200,-0.0145872
0000013210,-0.025742
0000013220,-0.0234607
0000013230,-0.0271704
0000013240,-0.0170299
0000013250,-0.0151512
0000013260,-0.0117575
0000013270,-0.0103892
0000013280,-0.0100719
0000013290,-0.021198
0000013300,-0.0150082
0000013310,-0.0150191
0000013320,-0.0123935
0000013330,-0.0173849
0000013340,-0.0216405
0000013350,-0.0245239
0000013360,-0.00796887
0000013370,-0.0149261
0000013380,-0.0146019
0000013390,-0.0211596
0000013400,-0.0247613
0000013410,-0.00790271
0000013420,-0.0109903
0000013430,-0.0125256
0000013440,-0.0211084
0000013450,-0.00770872
0000013460,-0.0274973
0000013470,-0.0260876
0000013480,-0.0248862
0000013490,-0.0102765
0000013500,-0.0203093
0000013510,-0.0108336
0000013520,-0.0129685
0000013530,-0.0298059
0000013540,-0.0184746
0000013550,-0.00546456
0000013560,-0.0201989
0000013570,-0.0290578
0000013580,-0.0148497
0000013590,-0.019269
0000013600,-0.00368922
0000013610,-0.0147523
0000013620,-0.0133391
0000013630,-0.0217625
0000013640,-0.0191097
0000013650,-0.0156638
0000013660,-0.0204526
0000013670,-0.0179528
0000013680,-0.0260067
0000013690,-0.0122565
0000013700,-0.0247532
0000013710,0.000402504
0000013720,-0.00958739
0000013730,-0.0125978
0000013740,-0.0200016
0000013750,-0.0176834
0000013760,-0.0143783
0000013770,-0.0200668
0000013780,-0.0263846
0000013790,-0.0187872
0000013800,-0.0214968
0000013810,-0.0185644
0000013820,-0.00699296
0000013830,-0.0161804
0000013840,-0.0238017
0000013850,-0.00400013
0000013860,-0.0235901
0000013870,-0.0238304
0000013880,-0.0227227
0000013890,-0.0230864
0000013900,-0.0196289
0000013910,-0.0172867
0000013920,-0.026049
0000013930,-0.016906
0000013940,-0.0132913
0000013950,-0.0101139
0000013960,-0.0282767
0000013970,-0.0201628
0000013980,-0.00136308
0000013990,-0.0129004
0000014000,-0.0113235
0000014010,-0.0209717
0000014020,-0.0140702
0000014030,-0.0160603
0000014040,-0.0115692
0000014050,-0.0198603
0000014060,-0.0273366
0000014070,-0.0123686
0000014080,-0.017277
0000014090,-0.0161101
0000014100,-0.0206683
0000014110,-0.0113335
0000014120,-0.00974806
0000014130,-0.02581
0000014140,-0.0311205
0000014150,-0.0138942
0000014160,-0.0122426
0000014170,-0.0141981
0000014180,-0.0125837
0000014190,-0.0026961
0000014200,-0.0189313
0000014210,-0.0216303
0000014220,-0.0218713
0000014230,-0.0152895
0000014240,-0.014175
0000014250,-0.0103778
0000014260,-0.00497445
0000014270,-0.0212848
0000014280,-0.00926996
0000014290,-0.0154229
0000014300,-0.00854527
0000014310,-0.00994228
0000014320,-0.024982
0000014330,-0.0222749
0000014340,-0.0171623
0000014350,-0.00552503
0000014360,-0.0117114
0000014370,-0.00994655
0000014380,-0.0204307
0000014390,-0.0151452
0000014400,-0.0215389
0000014410,-0.021404
0000014420,-0.0261946
0000014430,-0.0185165
0000014440,-0.00885461
0000014450,-0.0188306
0000014460,-0.0217984
0000014470,-0.017254
0000014480,-0.0206639
0000014490,-0.0245317
0000014500,-0.0207325
0000014510,-0.0164493
0000014520,-0.0204991
0000014530,-0.0153262
0000014540,-0.0105895
0000014550,-0.0150364
0000014560,-0.00176194
0000014570,-0.017427
0000014580,-0.0222268
0000014590,-0.02248
0000014600,-0.0192615
0000014610,-0.0265293
0000014620,-0.0133429
0000014630,-0.00602879
0000014640,-0.0135568
0000014650,-0.0182139
0000014660,-0.017243
0000014670,-0.011788
0000014680,-0.0289746
0000014690,-0.0153296
0000014700,-0.022975
0000014710,-0.0190633
0000014720,-0.0182234
0000014730,-0.0095392
0000014740,-0.024598
0000014750,-0.0236441
0000014760,-0.00770559
0000014770,-0.0281746
0000014780,-0.00959938
0000014790,-0.0255395
0000014800,-0.0221055
0000014810,-0.0244426
0000014820,-0.0104152
0000014830,-0.0118692
0000014840,-0.0199975
0000014850,-0.0156115
0000014860,-0.0168975
0000014870,-0.00918749
0000014880,-0.0196511
0000014890,-0.012413
0000014900,-0.016023
0000014910,-0.0200763
0000014920,-0.030471
0000014930,-0.0186364
0000014940,-0.022902
0000014950,-0.0168557
0000014960,-0.0130088
0000014970,-0.0142983
0000014980,-0.00785256
0000014990,-0.0185976
0000015000,-0.0132636
0000015010,-0.0138267
0000015020,-0.0190924
0000015030,-0.015183
0000015040,-0.00264037
0000015050,-0.0143942
0000015060,-0.00569787
0000015070,-0.0130183
0000015080,-0.0293961
0000015090,-0.0173828
0000015100,-0.0151384
0000015110,-0.0257953
0000015120,-0.00400974
0000015130,-0.0155607
0000015140,-0.0111673
0000015150,-0.0175242
0000015160,-0.0105542
0000015170,-0.027639
0000015180,-0.0219401
0000015190,-0.0290373
0000015200,-0.019056
0000015210,-0.0188941
0000015220,-0.0221228
0000015230,-0.0299415
0000015240,-0.0244582
0000015250,-0.0162521
0000015260,-0.0229504
0000015270,-0.0140391
0000015280,-0.0186431
0000015290,-0.0124882
0000015300,-0.0208151
0000015310,-0.0196819
0000015320,-0.015635
0000015330,-0.0166577
0000015340,-0.0228225
0000015350,-0.0169389
0000015360,-0.01238
0000015370,-0.01896
0000015380,-0.0291939
0000015390,-0.0204868
0000015400,-0.0224446
0000015410,-0.018771
0000015420,-0.022736
0000015430,-0.0181129
0000015440,-0.0189343
0000015450,-0.0178727
0000015460,-0.0214701
0000015470,-0.0148722
0000015480,-0.0115955
0000015490,-0.024967
0000015500,-0.0200748
0000015510,-0.00772882
0000015520,-0.00204834
0000015530,-0.0198868
0000015540,-0.0112843
0000015550,-0.0246888
0000015560,-0.0164725
0000015570,-0.0175562
0000015580,-0.0111664
0000015590,-0.0135365
0000015600,-0.013903
0000015610,-0.0139669
0000015620,-0.0176507
0000015630,-0.0162697
0000015640,-0.0177746
0000015650,0.000315321
0000015660,-0.0244611
0000015670,-0.00865098
0000015680,-0.0225058
0000015690,-0.0129057
0000015700,-0.00896572
0000015710,-0.0132896
0000015720,-0.016422
0000015730,-0.0118089
0000015740,-0.0237492
0000015750,-0.0254464
0000015760,-0.0165661
0000015770,-0.0273403
0000015780,-0.00902712
0000015790,-0.0221251
0000015800,-0.0204065
0000015810,-0.0141836
0000015820,-0.0228719
0000015830,-0.00892497
0000015840,-0.0207802
0000015850,-0.0133818
0000015860,-0.0142992
0000015870,-0.018836
0000015880,-0.0202345
0000015890,-0.0268373
0000015900,-0.0149029
0000015910,-0.0237656
0000015920,-0.0272023
0000015930,-0.0116686
0000015940,-0.020959
0000015950,-0.00781665
0000015960,-0.00443932
0000015970,-0.013617
0000015980,-0.00739647
0000015990,-0.0258523
