0000000000,-0.0208522
0000000010,-0.00922743
0000000020,-0.0095917
0000000030,-0.014437
0000000040,-0.0159333
0000000050,-0.026515
0000000060,-0.018872
0000000070,0.000823522
0000000080,0.00166087
0000000090,-0.00561904
0000000100,-0.0196578
0000000110,-0.0345353
0000000120,-0.0338877
0000000130,-0.0313182
0000000140,-0.0122034
0000000150,-0.0168285
0000000160,-0.0189673
0000000170,-0.00377335
0000000180,-0.00396052
0000000190,-0.0118511
0000000200,-0.0243187
0000000210,-0.00965738
0000000220,-0.0053206
0000000230,-0.0271441
0000000240,-0.0215865
0000000250,-0.0219795
0000000260,-0.0321438
0000000270,-0.00824294
0000000280,-0.0160533
0000000290,-0.00753018
0000000300,-0.013009
0000000310,-0.0177577
0000000320,-0.0165128
0000000330,-0.0217298
0000000340,-0.0168955
0000000350,-0.0127687
0000000360,-0.00987849
0000000370,0.00639528
0000000380,-0.0163594
0000000390,-0.0194479
0000000400,-0.0107686
0000000410,-0.0128995
0000000420,-0.0160819
0000000430,-0.0167423
0000000440,-4.31597e-05
0000000450,-0.0283829
0000000460,-0.0137742
0000000470,-0.0404217
0000000480,0.00110203
0000000490,-0.0184166
0000000500,-0.010128
0000000510,-0.0167485
0000000520,-0.0140201
0000000530,-0.0347173
0000000540,-0.00530482
0000000550,-0.0270404
0000000560,0.0140108
0000000570,-0.0249498
0000000580,-0.0349795
0000000590,-0.0222003
0000000600,-0.016089
0000000610,-0.0153666
0000000620,-0.000844347
0000000630,-0.00934538
0000000640,-0.0212697
0000000650,0.00457667
0000000660,-0.00961913
0000000670,0.0151655
0000000680,-0.0106306
0000000690,-0.00850095
0000000700,-0.0304337
0000000710,-0.0369394
0000000720,-0.00804397
0000000730,-0.0193749
0000000740,-0.00661662
0000000750,-0.0171155
0000000760,-0.0142859
0000000770,0.0173801
0000000780,-0.0266038
0000000790,-0.0314393
0000000800,-0.0175625
0000000810,-0.0306905
0000000820,-0.0284518
0000000830,-0.0165555
0000000840,-0.00592511
0000000850,-0.0234021
0000000860,-0.014012
0000000870,-0.00823185
0000000880,-0.0144122
0000000890,-0.0370567
0000000900,-0.0102873
0000000910,-0.00124281
0000000920,-0.00463645
0000000930,-0.00786689
0000000940,-0.0307357
0000000950,-0.00958384
0000000960,-0.0101461
0000000970,-0.0233188
0000000980,-0.0111401
0000000990,-0.0200017
0000001000,-0.00787932
0000001010,-0.00638905
0000001020,-0.039364
0000001030,-0.0197242
0000001040,-0.0114716
0000001050,-0.0210547
0000001060,-0.016497
0000001070,0.00924495
0000001080,-0.00834108
0000001090,-0.0252861
0000001100,-0.0112782
0000001110,-0.0255944
0000001120,-0.0210608
0000001130,-0.0296182
0000001140,-0.00413093
0000001150,-0.0173297
0000001160,-0.0098782
0000001170,-0.0159251
0000001180,-0.00543813
0000001190,-0.0339375
0000001200,-0.0120542
0000001210,-0.0170375
0000001220,-0.0118866
0000001230,-0.0101826
0000001240,-0.0280984
0000001250,0.010762
0000001260,-0.0349809
0000001270,-0.032705
0000001280,-0.0215661
0000001290,-0.0225466
0000001300,-0.0110681
0000001310,0.00599443
0000001320,-0.0136239
0000001330,-0.0225064
0000001340,-0.0194345
0000001350,-0.0316178
0000001360,-0.0162224
0000001370,-0.0171098
0000001380,-0.00757615
0000001390,-0.0210639
0000001400,-0.0025815
0000001410,0.0113917
0000001420,-0.0204639
0000001430,-0.0350813
0000001440,-0.00919793
0000001450,-0.0165495
0000001460,-0.0095906
0000001470,-0.00602912
0000001480,-0.0188888
0000001490,-0.0319259
0000001500,-0.0365431
0000001510,-0.0360062
0000001520,-0.0115991
0000001530,-0.0126631
0000001540,-0.0107975
0000001550,-0.0226727
0000001560,-0.00801125
0000001570,-0.0130278
0000001580,-0.0281334
0000001590,-0.00641725
0000001600,-0.0160226
0000001610,-0.0101757
0000001620,-0.00729856
0000001630,-0.0249796
0000001640,-0.0122758
0000001650,-0.0202687
0000001660,-0.04173
0000001670,0.0001492
0000001680,-0.0196956
0000001690,-0.0304824
0000001700,-0.0102724
0000001710,0.0137715
0000001720,-0.0302391
0000001730,-0.0305091
0000001740,-0.0219211
0000001750,-0.0201826
0000001760,-0.0206936
0000001770,-0.0147845
0000001780,-0.028122
0000001790,-0.0180558
0000001800,-0.0173571
0000001810,-0.0101546
0000001820,-0.00808692
0000001830,-0.028325
0000001840,-0.0309977
0000001850,-0.00989289
0000001860,-0.00270232
0000001870,-0.0134468
0000001880,-0.0224293
0000001890,-0.0194586
0000001900,-0.0245286
0000001910,-0.0107198
0000001920,0.00355497
0000001930,-0.0310252
0000001940,-0.0181517
0000001950,-0.0297069
0000001960,-0.0143042
0000001970,-0.0163019
0000001980,0.0032597
0000001990,-0.0201061
0000002000,-0.0393975
0000002010,-0.00873187
0000002020,-0.0337183
0000002030,-0.0255994
0000002040,0.000584486
0000002050,-0.0106297
0000002060,-0.0177929
0000002070,-0.00789224
0000002080,-0.0276473
0000002090,-0.0166663
0000002100,-0.0153028
0000002110,-0.00757327
0000002120,-0.0220452
0000002130,-0.0170974
0000002140,0.000868275
0000002150,0.000727088
0000002160,-0.0180743
0000002170,-0.0169456
0000002180,-0.0176528
0000002190,-0.00668712
0000002200,-0.0266069
0000002210,-0.0395351
0000002220,0.0121861
0000002230,-0.0243957
0000002240,-0.0304451
0000002250,-0.0153418
0000002260,-0.0178073
0000002270,-0.00295534
0000002280,-0.0300807
0000002290,-0.00225873
0000002300,-0.0119427
0000002310,-0.00894021
0000002320,-0.0132883
0000002330,-0.0105219
0000002340,0.0181696
0000002350,-0.00576083
0000002360,-0.0240705
0000002370,-0.0131892
0000002380,-0.0350948
0000002390,-0.0228792
0000002400,-0.0120069
0000002410,-0.0308256
0000002420,-0.0198817
0000002430,0.000379304
0000002440,-0.0158865
0000002450,-0.0175302
0000002460,-0.0105983
0000002470,-0.0197992
0000002480,-0.0105931
0000002490,-0.0333388
0000002500,-0.0258483
0000002510,-0.0318405
0000002520,-0.0237501
0000002530,-0.0205848
0000002540,-0.00817928
0000002550,-0.00498422
0000002560,-0.0288859
0000002570,-0.0185621
0000002580,-0.0162494
0000002590,-0.0136274
0000002600,-0.0221412
0000002610,-0.00585016
0000002620,-0.0142716
0000002630,-0.0228089
0000002640,-0.0157077
0000002650,-0.0243937
0000002660,-0.000992619
0000002670,-0.0115804
0000002680,-0.0257471
0000002690,-0.0255803
0000002700,-0.0013374
0000002710,-0.0137428
0000002720,0.00571425
0000002730,-0.0234456
0000002740,-0.0113342
0000002750,-0.0324394
0000002760,-0.0138188
0000002770,-0.00430326
0000002780,-0.00473206
0000002790,-0.00793233
0000002800,-0.0333094
0000002810,-0.024339
0000002820,-0.0145334
0000002830,-0.00382501
0000002840,0.00229596
0000002850,-0.0134332
0000002860,-0.00208632
0000002870,-0.00754722
0000002880,-0.00924727
0000002890,-0.00585793
0000002900,-0.0240104
0000002910,-0.0148518
0000002920,-0.00177754
0000002930,-0.0314337
0000002940,-0.0174986
0000002950,-0.0251292
0000002960,0.000706489
0000002970,-0.021225
0000002980,-0.020059
0000002990,-0.0285025
0000003000,-0.0281746
0000003010,-0.0154141
0000003020,-0.0159133
0000003030,-0.00344968
0000003040,0.000150536
0000003050,-0.0221795
0000003060,-0.00821648
0000003070,-0.0176879
0000003080,-0.0150345
0000003090,-0.0219956
0000003100,-0.00313155
0000003110,-0.0234263
0000003120,-0.0198493
0000003130,-0.0217786
0000003140,0.0147781
0000003150,-0.0263815
0000003160,-0.0237652
0000003170,-0.0191796
0000003180,-0.00389192
0000003190,-0.025478
0000003200,-0.00143458
0000003210,0.00844598
0000003220,-0.0218891
0000003230,-0.0243288
0000003240,-0.0036284
0000003250,-0.0111851
0000003260,-0.0212612
0000003270,-0.00610005
0000003280,-0.0131908
0000003290,-0.0243697
0000003300,-0.0377886
0000003310,-0.00200962
0000003320,-0.0193594
0000003330,-0.0280368
0000003340,-0.0127447
0000003350,-0.0218521
0000003360,-0.00643383
0000003370,-0.0135904
0000003380,-0.0229964
0000003390,-2.42575e-05
0000003400,-0.0423736
0000003410,0.00291647
0000003420,-0.029622
0000003430,-0.0208434
0000003440,-0.0138798
0000003450,-0.0377515
0000003460,0.0140242
0000003470,-0.00729804
0000003480,-0.0178083
0000003490,-0.0173623
0000003500,-0.0127808
0000003510,-0.000689779
0000003520,-0.0095066
0000003530,-0.00338232
0000003540,-0.00863287
0000003550,-0.0219333
0000003560,-0.0283689
0000003570,-0.00674366
0000003580,-0.0196349
0000003590,-0.0144549
0000003600,-0.0412534
0000003610,0.000900762
0000003620,-0.000912377
0000003630,-0.00558843
0000003640,-0.0348971
0000003650,0.00918346
0000003660,0.0057039
0000003670,-0.00415273
0000003680,-0.030335
0000003690,-0.0110575
0000003700,0.00493097
0000003710,-0.0341454
0000003720,0.00279769
0000003730,-0.0335066
0000003740,0.000480266
0000003750,-0.0242569
0000003760,-0.0210445
0000003770,-0.0179768
0000003780,-0.00194621
0000003790,-0.00766854
0000003800,-0.018262
0000003810,-0.00493934
0000003820,-0.0261665
0000003830,0.00369329
0000003840,-0.0172655
0000003850,-0.0283212
0000003860,-0.00187578
0000003870,-0.0331826
0000003880,-0.00930089
0000003890,-0.0113721
0000003900,-0.0381855
0000003910,-0.0284447
0000003920,-0.0103811
0000003930,-0.0106417
0000003940,-0.0086621
0000003950,0.00735274
0000003960,-0.0258119
0000003970,-0.0413758
0000003980,-0.0246555
0000003990,-0.00525292
0000004000,-0.0153271
0000004010,-0.0233922
0000004020,-0.0368301
0000004030,-0.0275597
0000004040,0.00103109
0000004050,-0.0244266
0000004060,0.00527182
0000004070,-0.0245002
0000004080,-0.0334744
0000004090,-0.0154754
0000004100,-0.0140908
0000004110,-0.0227615
0000004120,-0.0266603
0000004130,0.0153398
0000004140,-0.0125654
0000004150,-0.00517558
0000004160,-0.0242689
0000004170,-0.0176701
0000004180,-0.0263832
0000004190,-0.0253629
0000004200,-0.0214668
0000004210,-0.000880513
0000004220,-0.0156634
0000004230,0.00193727
0000004240,-0.00673508
0000004250,-0.0317575
0000004260,-0.0164289
0000004270,0.00142433
0000004280,-0.0028685
0000004290,-0.0176733
0000004300,-0.0138182
0000004310,-0.0359602
0000004320,-0.0122146
0000004330,-0.0246471
0000004340,-0.0260822
0000004350,-0.0441017
0000004360,-0.0240706
0000004370,-0.00873809
0000004380,-0.029947
0000004390,-0.0142565
0000004400,-0.0421641
0000004410,0.00549216
0000004420,-0.0213881
0000004430,-0.0438417
0000004440,-0.0260312
0000004450,-0.0518051
0000004460,-0.0175139
0000004470,-0.0237339
0000004480,-0.018437
0000004490,-0.00885918
0000004500,-0.00339378
0000004510,-0.00196557
0000004520,-0.0351807
0000004530,-0.00968029
0000004540,-0.0194728
0000004550,-0.00474408
0000004560,-0.0210292
0000004570,-0.0232342
0000004580,-0.0270866
0000004590,-0.00727935
0000004600,-0.0241479
0000004610,-0.0308598
0000004620,-0.00721063
0000004630,-0.0237911
0000004640,0.00726804
0000004650,-0.0286242
0000004660,-0.0105266
0000004670,-0.0345226
0000004680,-0.0294185
0000004690,-0.0180738
0000004700,-0.0066041
0000004710,-0.0144879
0000004720,-0.0236821
0000004730,-0.0253596
0000004740,0.00249746
0000004750,-0.0220171
0000004760,-0.0268268
0000004770,-0.0194662
0000004780,-0.0201321
0000004790,0.00392328
0000004800,-0.00271538
0000004810,0.0014311
0000004820,-0.00116638
0000004830,0.00219271
0000004840,-0.000146121
0000004850,-0.0185556
0000004860,-0.00867748
0000004870,-0.0260343
0000004880,-0.00574667
0000004890,-0.014857
0000004900,-0.00498103
0000004910,-0.00566731
0000004920,-0.0303108
0000004930,-0.00731287
0000004940,-0.022755
0000004950,-0.0338363
0000004960,-0.0299404
0000004970,-0.0339924
0000004980,-0.016897
0000004990,-0.0194865
0000005000,-0.0175631
0000005010,-0.0246504
0000005020,-0.014808
0000005030,-0.011428
0000005040,-0.00321989
0000005050,-0.00504665
0000005060,-0.0139291
0000005070,-0.0201151
0000005080,-0.0177917
0000005090,-0.00694204
0000005100,-0.0205009
0000005110,-0.00855005
0000005120,0.000439669
0000005130,-0.0125159
0000005140,-0.00338348
0000005150,-0.018423
0000005160,-0.00638466
0000005170,0.000867003
0000005180,-0.0106001
0000005190,-0.0317157
0000005200,-0.0240114
0000005210,-0.00884282
0000005220,-0.0122541
0000005230,0.0157709
0000005240,0.00617503
0000005250,0.00014491
0000005260,0.00109494
0000005270,-0.00910193
0000005280,-0.0131437
0000005290,-0.0166603
0000005300,-0.0252581
0000005310,-0.0263542
0000005320,-0.0198083
0000005330,-0.0162429
0000005340,-0.0272136
0000005350,-0.0101884
0000005360,-0.0170832
0000005370,-0.00346858
0000005380,-0.0196889
0000005390,-0.0156112
0000005400,-0.0111797
0000005410,0.0172032
0000005420,-0.0101726
0000005430,-0.00274323
0000005440,0.00781476
0000005450,-0.0228315
0000005460,0.00186253
0000005470,-0.0222667
0000005480,-0.0257228
0000005490,-0.0148913
0000005500,-0.0187121
0000005510,-0.00695663
0000005520,-0.0236494
0000005530,-0.0137405
0000005540,-0.0230741
0000005550,-0.0207198
0000005560,-0.0206675
0000005570,-0.0225456
0000005580,0.00178086
0000005590,-0.0112401
0000005600,-0.0153258
0000005610,-0.011063
0000005620,-0.0189373
0000005630,-0.045933
0000005640,-0.0295999
0000005650,-0.0191892
0000005660,-0.00460951
0000005670,-0.00507751
0000005680,-0.0256709
0000005690,-0.00889608
0000005700,-0.028862
0000005710,-0.0152195
0000005720,-0.0185865
0000005730,-0.0213703
0000005740,-0.0269673
0000005750,0.00228011
0000005760,-0.0149675
0000005770,-0.0333754
0000005780,-0.0227118
0000005790,0.012306
0000005800,-0.0273533
0000005810,-0.00925851
0000005820,-0.029468
0000005830,-0.0237792
0000005840,-0.019852
0000005850,-0.0334667
0000005860,-0.0130993
0000005870,-0.0149755
0000005880,-0.00389458
0000005890,-0.00643119
0000005900,-0.00513576
0000005910,-0.00605562
0000005920,-0.0272038
0000005930,-0.0263716
0000005940,-0.0347749
0000005950,-0.00938051
0000005960,-0.00920575
0000005970,0.00136865
0000005980,-0.0421052
0000005990,-0.031441
0000006000,-0.0169043
0000006010,-0.0314882
0000006020,-0.0362781
0000006030,-0.0342477
0000006040,-0.0249444
0000006050,-0.0366491
0000006060,-0.00478237
0000006070,-0.0242608
0000006080,-0.0196494
0000006090,-0.0189079
0000006100,-0.00497607
0000006110,-0.0182377
0000006120,-0.0148804
0000006130,-0.0211199
0000006140,-0.0331658
0000006150,0.00629774
0000006160,-0.0214038
0000006170,-0.00568054
0000006180,-0.0204356
0000006190,-0.0335198
0000006200,-0.0119193
0000006210,-0.002106
0000006220,0.00459882
0000006230,-0.0204742
0000006240,-0.00660924
0000006250,-0.00733001
0000006260,-0.0314884
0000006270,0.00202085
0000006280,-0.0136774
0000006290,-0.0138403
0000006300,-0.0140603
0000006310,-0.0309889
0000006320,-0.0170495
0000006330,-0.00412955
0000006340,-0.0129119
0000006350,-0.0148412
0000006360,-0.0214273
0000006370,-0.00664508
0000006380,-0.0171173
0000006390,-0.014102
0000006400,-0.0139964
0000006410,-0.00306964
0000006420,-0.0140059
0000006430,-0.0302352
0000006440,-0.00801664
0000006450,-0.0236457
0000006460,-0.0115685
0000006470,-0.016475
0000006480,-0.0186282
0000006490,0.0034669
0000006500,-0.0305671
0000006510,-0.00497912
0000006520,-0.00354459
0000006530,-0.025397
0000006540,0.005019
0000006550,-0.0234005
0000006560,-0.0123802
0000006570,-0.00658614
0000006580,-0.0293538
0000006590,-0.0179868
0000006600,-0.0234224
0000006610,0.00256075
0000006620,-0.0234931
0000006630,0.00122432
0000006640,-0.0441387
0000006650,-0.0191496
0000006660,-0.00160224
0000006670,-0.00989965
0000006680,0.00294616
0000006690,-0.0107425
0000006700,-0.0126894
0000006710,-0.000329864
0000006720,-0.0209498
0000006730,0.0106553
0000006740,-0.02629
0000006750,-0.00448877
0000006760,-0.026684
0000006770,-0.0254213
0000006780,-0.0141317
0000006790,-0.0260355
0000006800,-0.00627419
0000006810,0.0152704
0000006820,-0.0179554
0000006830,-0.00337054
0000006840,-0.0204231
0000006850,-0.0194755
0000006860,-0.0164062
0000006870,0.00460441
0000006880,-0.0181562
0000006890,-0.0133284
0000006900,0.000256441
0000006910,-0.0158918
0000006920,-0.0109178
0000006930,-0.019168
0000006940,-0.0139456
0000006950,-0.00956011
0000006960,-0.0362522
0000006970,-0.0417847
0000006980,-0.00297449
0000006990,-0.00570445
0000007000,-0.027052
0000007010,-0.0335922
0000007020,-0.0226792
0000007030,-0.0106548
0000007040,-0.00980202
0000007050,-0.0165918
0000007060,-0.0127411
0000007070,0.00625134
0000007080,-0.0110269
0000007090,-0.0302667
0000007100,-0.0303391
0000007110,-0.00815375
0000007120,-0.0169632
0000007130,-0.000320696
0000007140,-0.00930021
0000007150,-0.0453754
0000007160,-0.020092
0000007170,-0.0193573
0000007180,-0.00230802
0000007190,-0.0250986
0000007200,-0.00511068
0000007210,-0.0266099
0000007220,-0.00889131
0000007230,-0.024499
0000007240,-0.027027
0000007250,-0.0118002
0000007260,-0.0164021
0000007270,-0.0199824
0000007280,-0.02499
0000007290,-0.0308907
0000007300,-0.014808
0000007310,-0.0196182
0000007320,-0.0188043
0000007330,-0.00960635
0000007340,-0.00998289
0000007350,-0.0272337
0000007360,-0.00667972
0000007370,-0.0244692
0000007380,-0.00531333
0000007390,-0.0071558
0000007400,-0.000315642
0000007410,-0.0343557
0000007420,-0.00767831
0000007430,-0.0347328
0000007440,-0.0204003
0000007450,-0.0168934
0000007460,-0.0335
0000007470,-0.0173112
0000007480,-0.0157995
0000007490,-0.0088297
0000007500,0.00100749
0000007510,-0.00308934
0000007520,-0.00300997
0000007530,0.0102357
0000007540,-0.0158518
0000007550,0.000213439
0000007560,-0.00342021
0000007570,-0.0160357
0000007580,-0.0255854
0000007590,-0.00729146
0000007600,-0.0145239
0000007610,-0.0303049
0000007620,-0.0218157
0000007630,-0.00892857
0000007640,-0.0224534
0000007650,-0.0396674
0000007660,-0.0228311
0000007670,-0.000983446
0000007680,-0.0201381
0000007690,0.00809622
0000007700,-0.0398139
0000007710,-0.0462999
0000007720,-0.0266806
0000007730,-0.0318879
0000007740,-0.00963903
0000007750,-0.0254619
0000007760,-0.0160166
0000007770,-0.00238658
0000007780,-0.0201728
0000007790,-0.0227874
0000007800,-0.0411478
0000007810,-0.0250764
0000007820,-0.0240876
0000007830,-0.0402684
0000007840,-0.0175819
0000007850,-0.0176223
0000007860,-0.0107789
0000007870,-0.0249293
0000007880,-0.00464647
0000007890,-0.00461578
0000007900,-0.0296245
0000007910,-0.0268207
0000007920,-0.0150897
0000007930,-0.0141518
0000007940,-0.0288869
0000007950,-0.020239
0000007960,-0.0229806
0000007970,-0.0277327
0000007980,-0.00434719
0000007990,-0.0172774
0000008000,-0.0200587
0000008010,-0.0386059
0000008020,-0.0109247
0000008030,-0.0183133
0000008040,-0.0206694
0000008050,0.00400816
0000008060,-0.0069175
0000008070,-0.000825439
0000008080,-0.0196926
0000008090,-0.0185272
0000008100,-0.0038757
0000008110,0.00638542
0000008120,-0.00994753
0000008130,-0.00940663
0000008140,-0.0308474
0000008150,-0.0140152
0000008160,-0.0138805
0000008170,-0.0185822
0000008180,-0.0438787
0000008190,-0.00759482
0000008200,-0.0320026
0000008210,-0.0228351
0000008220,-0.000152305
0000008230,-0.00214286
0000008240,-0.00580545
0000008250,-0.0246545
0000008260,0.00680996
0000008270,-0.0201383
0000008280,-0.019655
0000008290,-0.0193533
0000008300,-0.00316077
0000008310,0.00235823
0000008320,-0.0191338
0000008330,-0.050403
0000008340,-0.0164328
0000008350,-0.0264709
0000008360,-0.00713026
0000008370,-0.0268454
0000008380,-0.0357143
0000008390,-0.0210788
0000008400,-0.0160464
0000008410,-0.0156903
0000008420,-0.002665
0000008430,-0.0114859
0000008440,-0.00826453
0000008450,-0.0036338
0000008460,0.00966544
0000008470,-0.0217844
0000008480,-0.00670082
0000008490,-0.0109738
0000008500,-0.00294527
0000008510,-0.0264043
0000008520,-0.0241226
0000008530,-0.024392
0000008540,-0.0183961
0000008550,0.0060737
0000008560,-0.0230173
0000008570,-0.0231476
0000008580,-0.0140636
0000008590,-0.0303803
0000008600,-0.028768
0000008610,-0.0187271
0000008620,-0.0263663
0000008630,-0.0183842
0000008640,-0.016639
0000008650,-0.0260691
0000008660,-0.0222662
0000008670,-0.029133
0000008680,-0.0182154
0000008690,-0.0131996
0000008700,-0.00877434
0000008710,-0.0316207
0000008720,-0.0102098
0000008730,-0.0252958
0000008740,-0.0135702
0000008750,-0.0238193
0000008760,-0.0165516
0000008770,-0.0256601
0000008780,-0.0367575
0000008790,-0.00305954
0000008800,-0.0261672
0000008810,-0.00070474
0000008820,0.00171971
0000008830,-0.0197336
0000008840,-0.00197198
0000008850,-0.0217644
0000008860,-0.0186142
0000008870,0.00614448
0000008880,-0.0258545
0000008890,-0.0167611
0000008900,-0.0260356
0000008910,-0.0315816
0000008920,0.00709216
0000008930,-0.0202971
0000008940,-0.021999
0000008950,-0.00225091
0000008960,-0.016274
0000008970,-0.0310894
0000008980,-0.0184053
0000008990,0.00273082
0000009000,-0.0103134
0000009010,-0.0263177
0000009020,-0.018595
0000009030,-0.0172506
0000009040,-0.00803503
0000009050,-0.0303002
0000009060,-0.0182508
0000009070,-0.0053146
0000009080,0.00471473
0000009090,-0.0124866
0000009100,-0.0341832
0000009110,-0.0180667
0000009120,-0.00545357
0000009130,-0.0183587
0000009140,-0.0282838
0000009150,0.00336661
0000009160,-0.00273905
0000009170,-0.028927
0000009180,-0.00220742
0000009190,-0.0189125
0000009200,0.000771808
0000009210,-0.0338415
0000009220,-0.0147457
0000009230,-0.0217143
0000009240,-0.00732503
0000009250,-0.0246221
0000009260,-0.0101888
0000009270,-0.0294409
0000009280,-0.00241952
0000009290,-0.0092719
0000009300,-0.0359435
0000009310,0.00471111
0000009320,-0.0304275
0000009330,-0.0130141
0000009340,-0.00779118
0000009350,0.00575019
0000009360,-0.0246539
0000009370,-0.0137729
0000009380,-0.0166748
0000009390,-0.0235867
0000009400,-0.0150963
0000009410,-0.00569525
0000009420,-0.0200326
0000009430,-0.00541152
0000009440,-0.00443606
0000009450,0.00687111
0000009460,-0.00481786
0000009470,-0.0221907
0000009480,-0.0159092
0000009490,-0.00614453
0000009500,-0.0321249
0000009510,-0.00642647
0000009520,-0.00228745
0000009530,-0.0146436
0000009540,0.0110713
0000009550,-0.0362187
0000009560,-0.00510199
0000009570,-0.0212733
0000009580,-0.0170274
0000009590,-0.0189824
0000009600,-0.00830847
0000009610,-0.0177052
0000009620,-0.0110426
0000009630,-0.0204097
0000009640,-0.0100878
0000009650,-0.0267891
0000009660,-0.0444267
0000009670,-0.0129976
0000009680,-0.0233964
0000009690,-0.014221
0000009700,-0.0105207
0000009710,-0.029311
0000009720,-0.00335054
0000009730,-0.000649125
0000009740,-0.00834047
0000009750,-0.00669605
0000009760,-0.0149435
0000009770,-0.0305751
0000009780,-0.0205125
0000009790,-0.0264463
0000009800,-0.0117736
0000009810,-0.0104852
0000009820,-0.0162262
0000009830,-0.0144409
0000009840,-0.0215065
0000009850,0.00721141
0000009860,-0.021592
0000009870,-0.020254
0000009880,-0.0358756
0000009890,-0.0261094
0000009900,-0.0141979
0000009910,-0.0145083
0000009920,-0.0132938
0000009930,-0.0186166
0000009940,-0.0233352
0000009950,-0.0160915
0000009960,-0.0327164
0000009970,-0.00558075
0000009980,-0.0273731
0000009990,-0.0303804
0000010000,-0.0201865
0000010010,-0.031061
0000010020,-0.00172988
0000010030,-0.0207758
0000010040,-0.00820461
0000010050,-0.0308345
0000010060,0.000210165
0000010070,-0.00745717
0000010080,-0.0202551
0000010090,-0.0127453
0000010100,-0.0109964
0000010110,-0.0192468
0000010120,-0.0178173
0000010130,-0.0299733
0000010140,-0.051674
0000010150,-0.00840052
0000010160,-0.00700222
0000010170,-0.0230582
0000010180,-0.021782
0000010190,-0.0103268
0000010200,-0.0315719
0000010210,-0.0224792
0000010220,-0.0235933
0000010230,-0.0204771
0000010240,-0.0406041
0000010250,7.39809e-05
0000010260,-0.0288836
0000010270,-0.025177
0000010280,-0.0237746
0000010290,-0.0149877
0000010300,-0.00512723
0000010310,-0.0346416
0000010320,-0.0126968
0000010330,-0.0182464
0000010340,-0.0139009
0000010350,-0.00318971
0000010360,-0.00602732
0000010370,-0.0137185
0000010380,-0.00367404
0000010390,-0.00329705
0000010400,-0.0310514
0000010410,0.00553181
0000010420,-0.013538
0000010430,0.0114618
0000010440,-0.0232898
0000010450,-0.00896628
0000010460,-0.00595634
0000010470,-0.0172557
0000010480,-0.00809996
0000010490,-0.0265749
0000010500,0.000895816
0000010510,-0.0208274
0000010520,-0.0347588
0000010530,-0.0281481
0000010540,-0.0150323
0000010550,-0.00191088
0000010560,-0.0146793
0000010570,-0.00780626
0000010580,-0.0204109
0000010590,-0.0103087
0000010600,-0.0125799
0000010610,-0.0243113
0000010620,7.86906e-05
0000010630,-0.0180876
0000010640,-0.0239869
0000010650,-0.000176899
0000010660,-0.0141137
0000010670,-0.0175515
0000010680,-0.00735541
0000010690,-0.0024686
0000010700,-0.0146179
0000010710,-0.0254897
0000010720,-0.0155559
0000010730,-0.00769002
0000010740,-0.0101893
0000010750,-0.0276437
0000010760,0.0185927
0000010770,-0.00744618
0000010780,-0.0303469
0000010790,-0.00784309
0000010800,-0.0320929
0000010810,-0.0262716
0000010820,-0.0217926
0000010830,-0.0142101
0000010840,0.00375313
0000010850,0.000673191
0000010860,-0.0157118
0000010870,-0.00461664
0000010880,-0.00464971
0000010890,-0.00576092
0000010900,-0.00376942
0000010910,-0.00920239
0000010920,-0.0145849
0000010930,-0.0156566
0000010940,0.00253457
0000010950,-0.00241822
0000010960,-0.0131068
0000010970,-0.00455286
0000010980,0.0062957
0000010990,-0.0158377
0000011000,-0.00398292
0000011010,-0.00853942
0000011020,-0.0249395
0000011030,-0.0303861
0000011040,-0.0165172
0000011050,-0.0217326
0000011060,-0.0209011
0000011070,-0.0109627
0000011080,-0.00908136
0000011090,-0.0134748
0000011100,-0.00919561
0000011110,-0.0255952
0000011120,-0.0150288
0000011130,-0.00861202
0000011140,-0.0149718
0000011150,-0.0100287
0000011160,-0.00641147
0000011170,-0.0182833
0000011180,-0.0174064
0000011190,-0.0137182
0000011200,-0.0260542
0000011210,-0.017726
0000011220,0.00271852
0000011230,0.00317814
0000011240,-0.026711
0000011250,-0.0190827
0000011260,-0.00924188
0000011270,-0.0170123
0000011280,-0.0246294
0000011290,-0.0165036
0000011300,-0.0112985
0000011310,-0.0263259
0000011320,-0.0143625
0000011330,-0.0254978
0000011340,-0.0214697
0000011350,-0.00893336
0000011360,-0.0137172
0000011370,-0.0161251
0000011380,-0.0101489
0000011390,-0.0169385
0000011400,-0.0204477
0000011410,-0.0193078
0000011420,-0.0128713
0000011430,-0.0117611
0000011440,-0.0261626
0000011450,-0.0138147
0000011460,-0.00762247
0000011470,-0.020766
0000011480,-0.0172391
0000011490,-0.00336406
0000011500,-0.0109221
0000011510,-0.0220845
0000011520,-0.00946536
0000011530,-0.0135311
0000011540,-0.0249967
0000011550,-0.0212535
0000011560,-0.0273979
0000011570,-0.00559782
0000011580,0.00206275
0000011590,-0.0261338
0000011600,-0.00354917
0000011610,-0.0358369
0000011620,0.00046662
0000011630,-0.0249292
0000011640,-0.019741
0000011650,-0.0181361
0000011660,-0.0117855
0000011670,-0.00660436
0000011680,-0.00503228
0000011690,-0.0368462
0000011700,-0.0137452
0000011710,-0.00738171
0000011720,0.00381177
0000011730,-0.000779647
0000011740,-0.0382642
0000011750,-0.0190024
0000011760,-0.0106684
0000011770,-0.00714975
0000011780,-0.0223286
0000011790,-0.0155961
0000011800,-0.00452911
0000011810,-0.00863024
0000011820,-0.0227435
0000011830,-0.0304852
0000011840,-0.0109103
0000011850,-0.0304012
0000011860,-0.0134279
0000011870,-0.0131308
0000011880,0.00610459
0000011890,-0.00844208
0000011900,-0.0158575
0000011910,-0.0115896
0000011920,-0.00686707
0000011930,0.00269312
0000011940,-0.0207597
0000011950,-0.0237627
0000011960,-0.0254164
0000011970,-0.0369106
0000011980,-0.0191448
0000011990,-0.0124174
0000012000,-0.0163362
0000012010,-0.0114999
0000012020,-0.00443193
0000012030,-0.00551615
0000012040,-0.0135039
0000012050,-0.0392319
0000012060,-0.0165569
0000012070,-0.0299849
0000012080,-0.00369503
0000012090,-0.0264011
0000012100,-0.0256923
0000012110,-0.037226
0000012120,-0.0331652
0000012130,-0.0261409
0000012140,-0.0217566
0000012150,0.0144848
0000012160,-0.0136002
0000012170,-0.0165048
0000012180,0.00139502
0000012190,-0.0343166
0000012200,-0.00407446
0000012210,0.00123483
0000012220,-0.0100689
0000012230,-0.0122911
0000012240,0.00342931
0000012250,-0.00882183
0000012260,-0.0183367
0000012270,-0.00433628
0000012280,-0.0204138
0000012290,-0.0306549
0000012300,0.0183632
0000012310,-0.0119214
0000012320,-0.00847985
0000012330,0.00243169
0000012340,0.00138121
0000012350,-0.00994185
0000012360,-0.0444131
0000012370,-0.0196655
0000012380,-0.0107842
0000012390,5.97539e-05
0000012400,-0.0124709
0000012410,0.0025453
0000012420,-0.00530745
0000012430,-0.0180583
0000012440,-0.00992445
0000012450,-0.0219935
0000012460,-0.0207395
0000012470,-0.0133606
0000012480,-0.0332699
0000012490,-0.0130089
0000012500,-0.0257427
0000012510,-0.00110924
0000012520,-0.0263338
0000012530,-0.0274469
0000012540,-0.0203796
0000012550,-0.0132796
0000012560,-0.00813394
0000012570,-0.00404127
0000012580,-0.0131565
0000012590,-0.0279452
0000012600,-0.016014
0000012610,-0.00301554
0000012620,0.000803885
0000012630,-0.0346208
0000012640,-0.0141487
0000012650,-0.0324553
0000012660,-0.0226374
0000012670,-0.0308645
0000012680,-0.0287764
0000012690,-0.0157626
0000012700,-0.00631297
0000012710,-0.0122045
0000012720,-0.0170271
0000012730,-0.00714597
0000012740,-0.0276771
0000012750,-0.0127738
0000012760,-0.0284773
0000012770,-0.0261757
0000012780,0.012128
0000012790,-0.0379189
0000012800,-0.0178354
0000012810,-0.0154767
0000012820,-0.0150818
0000012830,-0.0242367
0000012840,-0.0176587
0000012850,0.00373342
0000012860,-0.0220816
0000012870,-0.0139157
0000012880,-0.00969779
0000012890,0.00282518
0000012900,-0.00790741
0000012910,-0.0288305
0000012920,-0.00246704
0000012930,-0.0312215
0000012940,-0.0219586
0000012950,-0.00742123
0000012960,-0.0218113
0000012970,-0.0167668
0000012980,-0.0108382
0000012990,-0.0373438
0000013000,-0.0188141
0000013010,-0.00505082
0000013020,-0.00851339
0000013030,-0.0226787
0000013040,-0.0333721
0000013050,-0.0174119
0000013060,-0.0020033
0000013070,-0.0365309
0000013080,-0.0289754
0000013090,-0.0116886
0000013100,-0.0219773
0000013110,-0.0178636
0000013120,-0.0225623
0000013130,-0.0109194
0000013140,-0.033496
0000013150,-0.00103228
0000013160,-0.0301982
0000013170,-0.00921136
0000013180,-0.0187998
0000013190,-0.00755359
0000013200,-0.00829265
0000013210,-0.0137219
0000013220,-0.00253275
0000013230,0.0233507
0000013240,-0.0242616
0000013250,0.00291836
0000013260,-0.0224122
0000013270,-0.0224767
0000013280,-0.0256871
0000013290,-0.0225835
0000013300,-0.0280386
0000013310,-0.0317382
0000013320,-0.0171347
0000013330,-0.00898353
0000013340,0.0149684
0000013350,-0.0232659
0000013360,-0.00323772
0000013370,-0.0296486
0000013380,-0.0255593
0000013390,-0.0308321
0000013400,-0.0205157
0000013410,0.00252069
0000013420,-0.0248978
0000013430,-0.0229594
0000013440,-0.0162557
0000013450,-0.0284291
0000013460,-0.024094
0000013470,-0.0199476
0000013480,-0.0147102
0000013490,-0.0239045
0000013500,-0.00182268
0000013510,-0.0169902
0000013520,-0.00677586
0000013530,-0.0147414
0000013540,-0.0187808
0000013550,-0.015781
0000013560,-0.0323631
0000013570,-0.0130482
0000013580,-0.0326083
0000013590,-0.0114913
0000013600,-0.0208009
0000013610,-0.0175564
0000013620,-0.00712176
0000013630,-0.00843298
0000013640,-0.0114154
0000013650,-0.0371955
0000013660,-0.0248613
0000013670,-0.0110198
0000013680,-0.0177894
0000013690,1.83497e-05
0000013700,-0.00686372
0000013710,-0.014545
0000013720,-0.0360578
0000013730,-0.0124004
0000013740,-0.00232407
0000013750,-0.00797036
0000013760,-0.0211142
0000013770,-0.0151522
0000013780,0.000660624
0000013790,0.000175557
0000013800,-0.00722712
0000013810,0.00049639
0000013820,0.00443928
0000013830,-0.00557353
0000013840,-0.0103919
0000013850,-0.00956062
0000013860,-0.0342
0000013870,-0.0107793
0000013880,-0.0158838
0000013890,-0.0164519
0000013900,-0.0222751
0000013910,-0.0143799
0000013920,-0.0214606
0000013930,-0.0327434
0000013940,-0.0313479
0000013950,-0.0145264
0000013960,-0.021218
0000013970,-0.0129513
0000013980,0.000872261
0000013990,0.0112227
0000014000,-0.0355302
0000014010,-0.0134899
0000014020,-0.0218302
0000014030,-0.0284413
0000014040,-0.0129694
0000014050,-0.0228144
0000014060,-0.0377248
0000014070,-0.0143179
0000014080,-0.0158082
0000014090,-0.0317422
0000014100,-0.0234008
0000014110,0.00268109
0000014120,0.00300889
0000014130,-0.0392335
0000014140,-0.0140627
0000014150,-0.0100115
0000014160,0.00654697
0000014170,-0.0175869
0000014180,0.00195411
0000014190,0.000376858
0000014200,-0.0253872
0000014210,-0.0293329
0000014220,0.00240676
0000014230,-0.00266242
0000014240,-0.0235144
0000014250,-0.0288968
0000014260,-0.0241994
0000014270,-0.0425388
0000014280,-0.015468
0000014290,0.00191175
0000014300,-0.0202076
0000014310,-0.00611923
0000014320,-0.0163635
0000014330,-0.0190124
0000014340,-0.0163423
0000014350,-0.0141944
0000014360,-0.0223455
0000014370,0.00262399
0000014380,-0.0273931
0000014390,0.00197729
0000014400,0.00740831
0000014410,-0.00980409
0000014420,-0.0193971
0000014430,-0.00422755
0000014440,-0.0156563
0000014450,-0.00765541
0000014460,-0.0182632
0000014470,-0.0074525
0000014480,-0.0154861
0000014490,-0.00717229
0000014500,-0.00431947
0000014510,-0.0254304
0000014520,-0.00928017
0000014530,-0.0151756
0000014540,-0.0260766
0000014550,-0.0333904
0000014560,-0.0187736
0000014570,-0.0233895
0000014580,-0.0216374
0000014590,-0.00135952
0000014600,-0.00971807
0000014610,-0.0193895
0000014620,-0.00344596
0000014630,-0.0321205
0000014640,-0.0115168
0000014650,-0.0139754
0000014660,-0.0298947
0000014670,-0.0394915
0000014680,-0.0241643
0000014690,-0.00900289
0000014700,0.00721145
0000014710,0.00426916
0000014720,-0.00588024
0000014730,-0.0130845
0000014740,-0.0116659
0000014750,-0.00620618
0000014760,-0.0256435
0000014770,8.48479e-05
0000014780,-0.0347461
0000014790,0.0035009
0000014800,-0.00682478
0000014810,-0.0235645
0000014820,-0.0214822
0000014830,-0.0111482
0000014840,-0.0113327
0000014850,-0.0266783
0000014860,-0.0254661
0000014870,-0.0242083
0000014880,-0.0379667
0000014890,-0.00777229
0000014900,0.002313
0000014910,-0.0207887
0000014920,-0.0228031
0000014930,-0.0146746
0000014940,-0.00598947
0000014950,-0.0157818
0000014960,-0.0300011
0000014970,-0.0356319
0000014980,-0.0253629
0000014990,-0.0301876
0000015000,-0.0301382
0000015010,-0.00267112
0000015020,-0.0237811
0000015030,-0.00696772
0000015040,-0.0121135
0000015050,-0.0147792
0000015060,-0.0103036
0000015070,-0.0283543
0000015080,-0.0164951
0000015090,-0.0143203
0000015100,-0.0251853
0000015110,-0.0202652
0000015120,-0.0123896
0000015130,-0.0252862
0000015140,-0.0152429
0000015150,-0.00756315
0000015160,-0.0140778
0000015170,0.0120632
0000015180,0.000338325
0000015190,-0.0158791
0000015200,-0.0169741
0000015210,-0.0246474
0000015220,-0.00780029
0000015230,-0.00388514
0000015240,-0.00848845
0000015250,-0.0211528
0000015260,0.00392409
0000015270,-0.0166696
0000015280,-0.019353
0000015290,-0.0132888
0000015300,-0.000493976
0000015310,-0.0180511
0000015320,-0.0124229
0000015330,-0.000174545
0000015340,-0.00918967
0000015350,-0.00373942
0000015360,0.00305045
0000015370,-0.0208615
0000015380,-0.017671
0000015390,-0.0147471
0000015400,0.0107374
0000015410,-0.0247351
0000015420,-0.000725878
0000015430,-0.0287769
0000015440,-0.00631587
0000015450,-0.00505796
0000015460,-0.0198833
0000015470,-0.0118885
0000015480,-0.0101328
0000015490,-0.0170305
0000015500,-0.0093414
0000015510,0.00109928
0000015520,-0.00826752
0000015530,-0.0246875
0000015540,0.0251635
0000015550,-0.00598898
0000015560,-0.000994107
0000015570,-0.0290713
0000015580,-0.0158109
0000015590,-0.0467477
0000015600,-0.0174846
0000015610,-0.0303893
0000015620,-0.0365634
0000015630,-0.0194367
0000015640,-0.0118363
0000015650,-0.0093135
0000015660,-0.0296751
0000015670,-0.0268433
0000015680,0.00340668
0000015690,-0.00208226
0000015700,-0.0112306
0000015710,-0.0207706
0000015720,-0.0263192
0000015730,-0.04356
0000015740,-0.0261046
0000015750,-0.00709566
0000015760,-0.00145665
0000015770,0.00136133
0000015780,-0.0268087
0000015790,-0.0245605
0000015800,-0.0223036
0000015810,-0.0277891
0000015820,-0.0223823
0000015830,-0.0141992
0000015840,-0.0120939
0000015850,-0.00512446
0000015860,-0.0227095
0000015870,-0.0280694
0000015880,-0.0131513
0000015890,-0.0078427
0000015900,-0.0154833
0000015910,-0.0258814
0000015920,-0.0213295
0000015930,-0.0406653
0000015940,-0.023548
0000015950,-0.0279002
0000015960,-0.027949
0000015970,-0.0263081
0000015980,-0.0289534
0000015990,-0.00578104
0000016000,-0.019315
0000016010,-0.04639
0000016020,-0.0306061
0000016030,-0.0127558
0000016040,0.00853182
0000016050,-0.0353172
0000016060,-0.0242446
0000016070,-0.0051894
0000016080,-0.0194395
0000016090,-0.00646818
0000016100,-0.00426559
0000016110,-0.00867147
0000016120,-0.0256214
0000016130,-0.0165089
0000016140,-0.0119858
0000016150,-0.0213769
0000016160,-0.0115508
0000016170,-0.00400026
0000016180,-0.0245512
0000016190,-0.0321984
0000016200,-0.0289307
0000016210,-0.0239263
0000016220,0.00244481
0000016230,-0.0235428
0000016240,-0.0323033
0000016250,0.0051271
0000016260,0.00287768
0000016270,-0.0278818
0000016280,-0.0195578
0000016290,-0.0143414
0000016300,-0.00722059
0000016310,-0.00866745
0000016320,-0.0200602
0000016330,-0.0264994
0000016340,-0.0276082
0000016350,0.00526783
0000016360,-0.0202928
0000016370,-0.010477
0000016380,-0.00244063
0000016390,-0.0334698
0000016400,-0.0164742
0000016410,-0.0168473
0000016420,-0.017321
0000016430,-0.021952
0000016440,-0.0196192
0000016450,-0.0228372
0000016460,-0.0107083
0000016470,-0.00369608
0000016480,-0.0419658
0000016490,-0.000215775
0000016500,-0.0245585
0000016510,0.00217898
0000016520,-0.00768225
0000016530,-0.0131948
0000016540,-0.043713
0000016550,-0.0124941
0000016560,-0.0322121
0000016570,-0.0384687
0000016580,-0.00333782
0000016590,-0.02752
0000016600,-0.0342503
0000016610,-0.0124696
0000016620,-0.0113796
0000016630,-0.0256915
0000016640,-0.00699166
0000016650,-0.0388421
0000016660,-0.0152915
0000016670,-0.0232372
0000016680,-0.00893246
0000016690,-0.0170442
0000016700,-0.029889
0000016710,-0.0320954
0000016720,-0.0360799
0000016730,-0.0230026
0000016740,-0.0387433
0000016750,-0.00701023
0000016760,-0.0173608
0000016770,-0.0109485
0000016780,-0.0276183
0000016790,-0.0257555
0000016800,-0.00680783
0000016810,-0.00425655
0000016820,0.00371571
0000016830,-0.0028215
0000016840,0.0105
0000016850,-0.0216734
0000016860,-0.0206633
0000016870,-0.0153481
0000016880,-0.00993492
0000016890,0.0115546
0000016900,-0.017108
0000016910,-0.00273194
0000016920,-0.0263072
0000016930,-0.0265865
0000016940,-0.0122518
0000016950,-0.00542045
0000016960,0.00721579
0000016970,0.00147902
0000016980,-0.0118345
0000016990,-0.0111916
0000017000,-0.0190408
0000017010,-0.00983892
0000017020,-0.0305317
0000017030,-0.0170548
0000017040,-0.0176476
0000017050,-0.0296691
0000017060,-0.0309393
0000017070,-0.0285816
0000017080,-0.00159416
0000017090,-0.00326043
0000017100,-0.0254148
0000017110,-0.0030572
0000017120,-0.0159154
0000017130,-0.00998451
0000017140,-0.0144314
0000017150,-0.0278027
0000017160,-0.0225931
0000017170,0.00140517
0000017180,-0.017804
0000017190,-0.0151134
0000017200,-0.0118519
0000017210,-0.0119084
0000017220,-0.00116668
0000017230,-0.0132626
0000017240,-0.0227324
0000017250,-0.0211059
0000017260,-0.031114
0000017270,-0.0298908
0000017280,-0.0259687
0000017290,-0.0149124
0000017300,-0.0307235
0000017310,-0.0111197
0000017320,-0.0121042
0000017330,-0.00274857
0000017340,-0.0192305
0000017350,-0.0194892
0000017360,-0.0134124
0000017370,-0.00887378
0000017380,-0.0282408
0000017390,-0.00881462
0000017400,-0.0479849
0000017410,-0.011145
0000017420,-0.0128387
0000017430,-0.0010097
0000017440,0.00471491
0000017450,-0.0179339
0000017460,-0.0115547
0000017470,-0.0234574
0000017480,-0.00901782
0000017490,-0.000328331
0000017500,-0.0239015
0000017510,0.00761867
0000017520,-0.0157589
0000017530,0.00222612
0000017540,-0.0299831
0000017550,-0.00643801
0000017560,-0.0243217
0000017570,-0.0229073
0000017580,-0.012451
0000017590,-0.0291566
0000017600,-0.020431
0000017610,-0.0116154
0000017620,-0.0195413
0000017630,-0.0215684
0000017640,-0.011542
0000017650,-0.0257661
0000017660,-0.00730336
0000017670,-0.023771
0000017680,-0.0121138
0000017690,-0.00691053
0000017700,-0.0160511
0000017710,0.0102408
0000017720,-0.0250568
0000017730,0.0122631
0000017740,-0.0120069
0000017750,-0.033776
0000017760,-0.00408749
0000017770,-0.0204885
0000017780,-0.00218589
0000017790,-0.0163134
0000017800,-0.0113529
0000017810,-0.0109757
0000017820,-0.00623452
0000017830,-0.0279086
0000017840,-0.0117939
0000017850,0.00490975
0000017860,-0.00481525
0000017870,-0.0276638
0000017880,-0.0143646
0000017890,-0.00807105
0000017900,-0.0300112
0000017910,-0.00382307
0000017920,-0.00410037
0000017930,-0.0232734
0000017940,-0.00691362
0000017950,-0.00840655
0000017960,-0.00859065
0000017970,-0.0168764
0000017980,-0.0180237
0000017990,-0.0058203
