0000000000,-0.0245345
0000000010,-0.0156249
0000000020,-0.00941509
0000000030,-0.02109
0000000040,-0.0157908
0000000050,-0.0111323
0000000060,-0.0215434
0000000070,-0.00734852
0000000080,-0.00132232
0000000090,-0.0107204
0000000100,-0.0102288
0000000110,-0.00670918
0000000120,-0.0268713
0000000130,-0.0188533
0000000140,-0.0176047
0000000150,-0.0250185
0000000160,-0.0105266
0000000170,-0.0087086
0000000180,-0.0177781
0000000190,-0.0164568
0000000200,-0.017622
0000000210,-0.0240741
0000000220,-0.0238859
0000000230,-0.00916878
0000000240,-0.0208837
0000000250,-0.0197662
0000000260,-0.0204976
0000000270,-0.01187
0000000280,-0.0258481
0000000290,-0.0245667
0000000300,-0.0277572
0000000310,-0.00672351
0000000320,-0.0154621
0000000330,-0.00881287
0000000340,-0.0106632
0000000350,0.00912871
0000000360,-0.0325046
0000000370,-0.0213268
0000000380,-0.0135484
0000000390,-0.0195527
0000000400,-0.00468285
0000000410,-0.00401868
0000000420,-0.000507383
0000000430,-0.0173855
0000000440,-0.00402881
0000000450,-0.0164509
0000000460,-0.012648
0000000470,-0.00105635
0000000480,-0.0146348
0000000490,-0.0151647
0000000500,-0.0147854
0000000510,-0.0281732
0000000520,-0.0232368
0000000530,-0.0169144
0000000540,-0.0130077
0000000550,-0.0134498
0000000560,-0.0101354
0000000570,-0.0302765
0000000580,-0.0180955
0000000590,-0.0188515
0000000600,-0.0290957
0000000610,-0.0287867
0000000620,-0.0230176
0000000630,-0.0298679
0000000640,-0.0166946
0000000650,-0.0108211
0000000660,-0.0324434
0000000670,-0.0158828
0000000680,-0.00785736
0000000690,-0.0129613
0000000700,-0.0268646
0000000710,-0.0288394
0000000720,-0.017644
0000000730,-0.0121554
0000000740,-0.01393
0000000750,-0.0116403
0000000760,-0.0168939
0000000770,-0.0273204
0000000780,-0.0298032
0000000790,-0.0183695
0000000800,-0.0188375
0000000810,-0.0205729
0000000820,-0.010766
0000000830,-0.0106086
0000000840,-0.021856
0000000850,-0.0125879
0000000860,-0.0200384
0000000870,-0.0234636
0000000880,-0.011116
0000000890,-0.0196394
0000000900,-0.023428
0000000910,-0.0226314
0000000920,-0.0239587
0000000930,-0.000245458
0000000940,-0.0265912
0000000950,-0.0144254
0000000960,-0.0240625
0000000970,-0.0168806
0000000980,-0.00787713
0000000990,-0.00982059
0000001000,-0.00816524
0000001010,-0.0298335
0000001020,-0.0222369
0000001030,-0.00426681
0000001040,-0.0251958
0000001050,-0.0175702
0000001060,-0.0117826
0000001070,-0.00621667
0000001080,-0.0129653
0000001090,-0.0251597
0000001100,-0.01205
0000001110,-0.00769802
0000001120,-0.026999
0000001130,-0.0120765
0000001140,-0.0153123
0000001150,-0.0135652
0000001160,-0.0272219
0000001170,-0.0235159
0000001180,-0.0193973
0000001190,-0.0197204
0000001200,-0.0228029
0000001210,-0.013663
0000001220,-0.0268904
0000001230,-0.0164589
0000001240,-0.0166643
0000001250,-0.0201674
0000001260,-0.00608882
0000001270,-0.0321867
0000001280,-0.0157629
0000001290,-0.0312394
0000001300,-0.0143295
0000001310,-0.0129462
0000001320,-0.0118127
0000001330,-0.0300189
0000001340,-0.0128893
0000001350,-0.00299961
0000001360,-0.0145007
0000001370,-0.0274803
0000001380,-0.00939556
0000001390,-0.017139
0000001400,-0.0287854
0000001410,-0.0238766
0000001420,-0.0206796
0000001430,-0.0336398
0000001440,-0.0245871
0000001450,-0.0180101
0000001460,-0.0149054
0000001470,-0.00922445
0000001480,-0.0128458
0000001490,-0.0164549
0000001500,-0.0278077
0000001510,-0.0128285
0000001520,-0.0191118
0000001530,-0.0162913
0000001540,-0.0317211
0000001550,0.00359916
0000001560,-0.00835198
0000001570,-0.0124239
0000001580,-0.0112898
0000001590,-0.0161625
0000001600,-0.0214609
0000001610,-0.0224076
0000001620,-0.0151293
0000001630,-0.0110031
0000001640,-0.00957204
0000001650,-0.0109942
0000001660,-0.0104197
0000001670,-0.0135392
0000001680,-0.0408644
0000001690,-0.0155542
0000001700,-0.0218566
0000001710,-0.0168045
0000001720,-0.0150945
0000001730,-0.0277319
0000001740,-0.0111966
0000001750,-0.00916177
0000001760,-0.0166638
0000001770,-0.0254497
0000001780,-0.0180385
0000001790,-0.0164417
0000001800,-0.0176127
0000001810,-0.00698147
0000001820,-0.018436
0000001830,-0.00760011
0000001840,-0.0351843
0000001850,0.000106099
0000001860,-0.0227116
0000001870,-0.0202044
0000001880,-0.0124176
0000001890,-0.0143438
0000001900,-0.00100837
0000001910,-0.0200095
0000001920,-0.00559805
0000001930,-0.00163582
0000001940,-0.0118594
0000001950,-0.00159304
0000001960,-0.0115805
0000001970,-0.00728497
0000001980,0.000775392
0000001990,-0.00360997
0000002000,-0.0154066
0000002010,-0.0205053
0000002020,-0.0127607
0000002030,-0.00612624
0000002040,0.00457671
0000002050,-0.0152183
0000002060,-0.00400189
0000002070,-0.0108432
0000002080,-0.00732814
0000002090,-0.0225591
0000002100,-0.0278365
0000002110,-0.0205458
0000002120,0.00204703
0000002130,-0.0133089
0000002140,-0.00115637
0000002150,-0.0282285
0000002160,-0.0097411
0000002170,0.00129816
0000002180,-0.00977014
0000002190,-0.0239816
0000002200,-0.0043844
0000002210,-0.00401283
0000002220,-0.0201483
0000002230,-0.0149411
0000002240,-0.00426942
0000002250,-0.00705599
0000002260,-0.0203898
0000002270,-0.0123936
0000002280,-0.0154452
0000002290,-0.0231923
0000002300,-0.0256942
0000002310,0.0144635
0000002320,-0.00527384
0000002330,-0.00951593
0000002340,-0.0184754
0000002350,-0.0185321
0000002360,-0.00602068
0000002370,-0.0279488
0000002380,-0.0216927
0000002390,-0.0296188
0000002400,-0.024529
0000002410,-0.0260602
0000002420,-0.0116171
0000002430,-0.0162361
0000002440,-0.0181149
0000002450,-0.0181013
0000002460,-0.0218451
0000002470,-0.01983
0000002480,-0.0323963
0000002490,-0.0242406
0000002500,-0.0161975
0000002510,-0.0210335
0000002520,-0.00487557
0000002530,-0.0316713
0000002540,-0.00363237
0000002550,-0.0105282
0000002560,-0.0155949
0000002570,-0.0166302
0000002580,-0.018339
0000002590,-0.0307693
0000002600,-0.0317711
0000002610,-0.0155743
0000002620,-0.0184519
0000002630,-0.0043056
0000002640,-0.0204301
0000002650,-0.0264162
0000002660,-0.0190809
0000002670,-0.0137184
0000002680,-0.0263483
0000002690,-0.0170284
0000002700,-0.0206189
0000002710,-0.0149971
0000002720,-0.0193491
0000002730,-0.0211133
0000002740,-0.0244294
0000002750,-0.0106972
0000002760,-0.0295701
0000002770,-0.00595919
0000002780,-0.005564
0000002790,-0.00501411
0000002800,-0.0237957
0000002810,-0.0175256
0000002820,-0.0201615
0000002830,-0.0136704
0000002840,-0.00117234
0000002850,-0.0169237
0000002860,-0.00792662
0000002870,-0.0289989
0000002880,-0.023813
0000002890,-0.0172643
0000002900,-0.0191593
0000002910,-0.0203157
0000002920,-0.0231829
0000002930,-0.00318362
0000002940,-0.024642
0000002950,-0.0112009
0000002960,-0.0110939
0000002970,-0.0120894
0000002980,-0.0239627
0000002990,-0.00493214
0000003000,-0.0144381
0000003010,0.00455805
0000003020,-0.0231365
0000003030,-0.0155077
0000003040,-0.00850214
0000003050,-0.025305
0000003060,-0.0136085
0000003070,-0.0104416
0000003080,-0.0128553
0000003090,-0.0231003
0000003100,-0.0104266
0000003110,-0.0121127
0000003120,-0.0230697
0000003130,-0.0155439
0000003140,-0.0175146
0000003150,-0.0156395
0000003160,-0.0197641
0000003170,-0.0230668
0000003180,-0.0170934
0000003190,-0.0162957
0000003200,-0.00926252
0000003210,-0.00490026
0000003220,-0.0144499
0000003230,-0.013598
0000003240,-0.0330593
0000003250,-0.018027
0000003260,-0.0204935
0000003270,0.00984247
0000003280,-0.0136482
0000003290,-0.0165005
0000003300,-0.00563932
0000003310,-0.0232304
0000003320,-0.0117224
0000003330,-0.0169919
0000003340,0.00150188
0000003350,-0.0244691
0000003360,-0.00481135
0000003370,-0.0121946
0000003380,-0.011733
0000003390,-0.0192357
0000003400,-0.00101707
0000003410,-0.00998417
0000003420,-0.00419138
0000003430,-0.021743
0000003440,-0.0106581
0000003450,-0.00715417
0000003460,-0.0135614
0000003470,-0.00999666
0000003480,-0.025956
0000003490,-0.0106361
0000003500,-0.0148767
0000003510,-0.01472
0000003520,-0.00470853
0000003530,-0.0231671
0000003540,-0.0146982
0000003550,-0.017334
0000003560,-0.0190574
0000003570,-0.010307
0000003580,-0.0290935
0000003590,-0.0215786
0000003600,-0.030948
0000003610,-0.0104966
0000003620,-0.0151899
0000003630,-0.0195548
0000003640,-0.0184941
0000003650,0.00864737
0000003660,-0.0168183
0000003670,-0.0323731
0000003680,-0.0120233
0000003690,-0.00556161
0000003700,-0.0206889
0000003710,-0.0225142
0000003720,-0.0352433
0000003730,-0.0121339
0000003740,-0.0164943
0000003750,-0.0137638
0000003760,-0.0209916
0000003770,-0.00540893
0000003780,-0.0101248
0000003790,-0.0305056
0000003800,-0.031579
0000003810,-0.0174171
0000003820,0.000374165
0000003830,-0.0196973
0000003840,-0.0342172
0000003850,-0.019439
0000003860,-0.0273205
0000003870,-0.0201588
0000003880,-0.0278067
0000003890,-0.0149531
0000003900,-0.0239428
0000003910,-0.0191744
0000003920,-0.0161783
0000003930,-0.00748668
0000003940,-0.018562
0000003950,-0.0168376
0000003960,-0.00606077
0000003970,-0.0158633
0000003980,-0.00986271
0000003990,-0.00969037
0000004000,-0.0235343
0000004010,-0.00563653
0000004020,-0.0157708
0000004030,-0.000461265
0000004040,-0.0300567
0000004050,-0.0266267
0000004060,-0.0250489
0000004070,-0.00817795
0000004080,-0.017988
0000004090,-0.00860448
0000004100,-0.0202979
0000004110,-0.0209169
0000004120,-0.00686468
0000004130,-0.0193071
0000004140,0.00250788
0000004150,-0.0247429
0000004160,-0.0269494
0000004170,-0.0146328
0000004180,-0.0140152
0000004190,0.00515593
0000004200,-0.0220553
0000004210,-0.0109952
0000004220,-0.0204938
0000004230,-0.0194621
0000004240,0.00323923
0000004250,-0.0141231
0000004260,-0.0097281
0000004270,-0.000485622
0000004280,-0.029568
0000004290,-0.0144406
0000004300,-0.0222361
0000004310,-0.00980369
0000004320,-0.0269273
0000004330,-0.0136973
0000004340,-0.0384036
0000004350,-0.0064911
0000004360,-0.0172182
0000004370,-0.0072439
0000004380,-0.0139307
0000004390,-0.0218877
0000004400,-0.000480515
0000004410,-0.00379833
0000004420,-0.01919
0000004430,-0.0142862
0000004440,-0.00676391
0000004450,-0.0169683
0000004460,-0.0137849
0000004470,-0.0166309
0000004480,-0.0164391
0000004490,-0.0129555
0000004500,-0.0207787
0000004510,-0.00192556
0000004520,-0.0252913
0000004530,-0.0245417
0000004540,-0.0184844
0000004550,-0.0271847
0000004560,-0.0169805
0000004570,-0.0131388
0000004580,-0.0210723
0000004590,-0.0124448
0000004600,-0.0229033
0000004610,-0.0153689
0000004620,-0.00956299
0000004630,-0.0104854
0000004640,-0.0134514
0000004650,-0.0251724
0000004660,-0.0109991
0000004670,-0.0101058
0000004680,-0.00334138
0000004690,-0.0173485
0000004700,-0.0205333
0000004710,-0.0172405
0000004720,-0.0143868
0000004730,-0.0180195
0000004740,-0.0162513
0000004750,-0.0217723
0000004760,-0.0184593
0000004770,-0.0164893
0000004780,-0.0114245
0000004790,-0.0143668
0000004800,-0.0264372
0000004810,-0.00672075
0000004820,-0.00596886
0000004830,0.00529701
0000004840,-0.018082
0000004850,-0.00846065
0000004860,-0.0114649
0000004870,-0.0109268
0000004880,-0.0348208
0000004890,-0.00894277
0000004900,-0.0186957
0000004910,-0.00684783
0000004920,-0.00782719
0000004930,-0.00439079
0000004940,-0.0188778
0000004950,-0.0203196
0000004960,-0.0101509
0000004970,-0.0184222
0000004980,-0.0274168
0000004990,-0.00618006
0000005000,-0.00967027
0000005010,-0.0189973
0000005020,-0.0228396
0000005030,-0.0284006
0000005040,-0.0398484
0000005050,-0.00651201
0000005060,-0.0153735
0000005070,-0.0202184
0000005080,-0.0139519
0000005090,-0.0167357
0000005100,-0.00941948
0000005110,-0.022804
0000005120,-0.0202045
0000005130,-0.00127468
0000005140,-0.014462
0000005150,-0.027231
0000005160,-0.0168198
0000005170,-0.0106781
0000005180,-0.032647
0000005190,-0.0104557
0000005200,-0.0296068
0000005210,-0.0095803
0000005220,-0.0121829
0000005230,-0.0310404
0000005240,-0.0207576
0000005250,-0.0256211
0000005260,-0.0194964
0000005270,-0.0172405
0000005280,-0.0108117
0000005290,-0.0176453
0000005300,0.00328591
0000005310,-0.0404662
0000005320,-0.0096653
0000005330,-0.0146804
0000005340,0.00371612
0000005350,-0.00867272
0000005360,-0.0266241
0000005370,-0.0209304
0000005380,-0.0228693
0000005390,-0.0166782
0000005400,-0.0235405
0000005410,-0.0302938
0000005420,-0.0182776
0000005430,-0.0107949
0000005440,-0.0217678
0000005450,-0.0177987
0000005460,-0.0127988
0000005470,-0.00934061
0000005480,-0.0160421
0000005490,-0.0241166
0000005500,-0.0182237
0000005510,-0.0186127
0000005520,-0.0232379
0000005530,-0.0240575
0000005540,-0.0293198
0000005550,-0.0256384
0000005560,-0.0200235
0000005570,0.00115984
0000005580,-0.0196868
0000005590,-0.010782
0000005600,-0.00737434
0000005610,-0.0149566
0000005620,-0.0162639
0000005630,-0.019023
0000005640,-0.0152742
0000005650,-0.0229803
0000005660,-0.0220599
0000005670,-0.018092
0000005680,-0.00954365
0000005690,-0.0228827
0000005700,-0.0328652
0000005710,-0.0198241
0000005720,-0.0240385
0000005730,-0.0090527
0000005740,-0.00735932
0000005750,-0.00882247
0000005760,-0.0115314
0000005770,-0.00869951
0000005780,-0.0149862
0000005790,-0.0207566
0000005800,-0.0235071
0000005810,-0.025683
0000005820,-0.0260148
0000005830,-0.0261985
0000005840,-0.013158
0000005850,-0.0190773
0000005860,-0.018075
0000005870,-0.00532854
0000005880,-0.0313133
0000005890,-0.020137
0000005900,-0.0111216
0000005910,-0.0224045
0000005920,-0.0196496
0000005930,-0.0210423
0000005940,-0.0193836
0000005950,-0.0143386
0000005960,-0.0141315
0000005970,-0.0195576
0000005980,-0.0172886
0000005990,-0.0299071
0000006000,-0.0134862
0000006010,-0.0171649
0000006020,-0.0102092
0000006030,-0.00686207
0000006040,-0.013995
0000006050,-0.0126074
0000006060,-0.026138
0000006070,-0.0151704
0000006080,0.00424015
0000006090,-0.019856
0000006100,-0.0136363
0000006110,-0.0290626
0000006120,-0.00881063
0000006130,-0.00210788
0000006140,-0.00647853
0000006150,-0.0210826
0000006160,-0.010615
0000006170,-0.00674132
0000006180,-0.00241429
0000006190,-0.0298499
0000006200,-0.0255953
0000006210,-0.0235618
0000006220,-0.00255051
0000006230,-0.014093
0000006240,-0.000623795
0000006250,-0.0171287
0000006260,-0.0220586
0000006270,-0.0131616
0000006280,-0.0263587
0000006290,-0.0105025
0000006300,-0.0163041
0000006310,-0.0231963
0000006320,-0.0231612
0000006330,-0.0511404
0000006340,-0.0487784
0000006350,-0.013557
0000006360,-0.0267001
0000006370,-0.0126249
0000006380,-0.00733398
0000006390,-0.01521
0000006400,-0.0298095
0000006410,-0.00676045
0000006420,-0.0215661
0000006430,-0.0305786
0000006440,-0.0136172
0000006450,-0.00664224
0000006460,-0.000902906
0000006470,-0.0118645
0000006480,-0.00564543
0000006490,-0.0125458
0000006500,-0.0132177
0000006510,-0.0155934
0000006520,-0.0215931
0000006530,0.00298414
0000006540,-0.0287401
0000006550,-0.00755032
0000006560,-0.00320972
0000006570,-0.0184028
0000006580,0.00528257
0000006590,-0.0252971
0000006600,-0.0201636
0000006610,-0.0281709
0000006620,-0.0168371
0000006630,-0.0132895
0000006640,-0.0221306
0000006650,-0.00668318
0000006660,-0.0344275
0000006670,-0.0251076
0000006680,-0.0307157
0000006690,-0.00931847
0000006700,-0.0156086
0000006710,-0.00688588
0000006720,-0.0184775
0000006730,-0.0117368
0000006740,-0.0246416
0000006750,-0.012724
0000006760,-0.0237462
0000006770,-0.00555686
0000006780,-0.0261544
0000006790,-0.0205563
0000006800,-0.00916861
0000006810,-0.00899352
0000006820,-0.00968519
0000006830,-0.0231258
0000006840,-0.0151928
0000006850,-0.0174113
0000006860,-0.0228819
0000006870,-0.0139618
0000006880,-0.017174
0000006890,-0.0178126
0000006900,-0.02396
0000006910,-0.0215005
0000006920,-5.35517e-05
0000006930,-0.0211934
0000006940,-0.0182505
0000006950,-0.0117758
0000006960,-0.00774601
0000006970,-0.0147345
0000006980,-0.0269799
0000006990,-0.00407071
0000007000,-0.0132319
0000007010,-0.0217161
0000007020,-0.000302438
0000007030,-0.0260645
0000007040,-0.0110184
0000007050,-0.0099266
0000007060,-0.0199515
0000007070,-0.0260244
0000007080,-0.00945799
0000007090,-0.0142427
0000007100,-0.0172232
0000007110,-0.0126382
0000007120,-0.0178519
0000007130,-0.0186056
0000007140,-0.0165483
0000007150,-0.0176222
0000007160,-0.0178027
0000007170,-0.0152264
0000007180,-0.0181162
0000007190,-0.0063694
0000007200,0.000865414
0000007210,-0.0217412
0000007220,-0.00735643
0000007230,-0.0132429
0000007240,-0.00774672
0000007250,-0.00953305
0000007260,-0.0219156
0000007270,-0.0219957
0000007280,-0.0190599
0000007290,-0.0325007
0000007300,-0.0122379
0000007310,-0.0214668
0000007320,-0.0226521
0000007330,-0.025658
0000007340,-0.00776815
0000007350,0.00332162
0000007360,-0.0169702
0000007370,-0.0138076
0000007380,0.000875567
0000007390,-0.0120006
0000007400,-0.0212687
0000007410,-0.0120851
0000007420,-0.0210149
0000007430,-0.0311516
0000007440,-0.020056
0000007450,-0.0218903
0000007460,-0.0158831
0000007470,-0.00459421
0000007480,-0.0318654
0000007490,-0.0203555
0000007500,-0.0127681
0000007510,-0.028575
0000007520,-0.0295869
0000007530,-0.0167397
0000007540,-0.0188144
0000007550,-0.0184912
0000007560,-0.0129969
0000007570,-0.0185862
0000007580,-0.0116272
0000007590,-0.0102915
0000007600,-0.00998303
0000007610,-0.0156069
0000007620,-0.0126845
0000007630,-0.0168601
0000007640,-0.0186252
0000007650,-0.0178153
0000007660,-0.0155702
0000007670,-0.0106835
0000007680,-0.0191622
0000007690,-0.009083
0000007700,-0.0257559
0000007710,-0.0101406
0000007720,0.000368676
0000007730,-0.00884873
0000007740,-0.00560672
0000007750,-0.0292258
0000007760,-0.0263205
0000007770,-0.0179594
0000007780,-0.0101014
0000007790,-0.0225049
0000007800,-0.0211764
0000007810,-0.0148279
0000007820,-0.0302274
0000007830,-0.00771978
0000007840,1.97469e-05
0000007850,-0.00187709
0000007860,-0.00990279
0000007870,-0.0134856
0000007880,-0.0202257
0000007890,-0.025998
0000007900,-0.00961914
0000007910,-0.0200982
0000007920,-0.016083
0000007930,-0.0109125
0000007940,-0.00210734
0000007950,-0.00689895
0000007960,-0.0162696
0000007970,-0.00411953
0000007980,-0.00751578
0000007990,-0.0330829
0000008000,-0.0150761
0000008010,-0.0294808
0000008020,-0.00697445
0000008030,-0.00176418
0000008040,-0.0299705
0000008050,-0.017183
0000008060,-0.0104568
0000008070,-0.0319266
0000008080,-0.0214823
0000008090,-0.0141468
0000008100,-0.0141825
0000008110,-0.0119801
0000008120,-0.0221734
0000008130,-0.0138472
0000008140,-0.0152279
0000008150,-0.00115396
0000008160,-0.0183907
0000008170,-0.0090669
0000008180,-0.0202138
0000008190,-0.0168013
0000008200,-0.0291601
0000008210,-0.0139958
0000008220,-0.0175053
0000008230,-0.0270992
0000008240,-0.0095101
0000008250,-0.0186328
0000008260,-0.00696877
0000008270,-0.00139259
0000008280,-0.00924106
0000008290,-0.0215243
0000008300,-0.0194536
0000008310,-0.0242162
0000008320,0.000580765
0000008330,-0.0146597
0000008340,-0.0103241
0000008350,-0.0186636
0000008360,-0.0189519
0000008370,-0.0358073
0000008380,-0.00967118
0000008390,6.33747e-06
0000008400,-0.000797937
0000008410,-0.032034
0000008420,-0.022531
0000008430,-0.0144171
0000008440,-0.00567356
0000008450,-0.0232902
0000008460,-0.0269523
0000008470,-0.0175155
0000008480,-0.011961
0000008490,-0.0279154
0000008500,-0.0189361
0000008510,-0.0156929
0000008520,-0.0165533
0000008530,-0.0278453
0000008540,-0.0148822
0000008550,-0.0159501
0000008560,-0.00363677
0000008570,-0.0120556
0000008580,-0.0162322
0000008590,-0.0119255
0000008600,-0.0104136
0000008610,-0.023585
0000008620,-0.0118275
0000008630,-0.0198697
0000008640,-0.0333646
0000008650,-0.0161489
0000008660,-0.0133787
0000008670,-0.00895851
0000008680,-0.0197631
0000008690,-0.0179615
0000008700,-0.0176952
0000008710,-0.00546685
0000008720,-0.0133937
0000008730,-0.0064053
0000008740,-0.0117089
0000008750,-0.0132386
0000008760,-0.0242294
0000008770,-0.0166245
0000008780,-0.0218405
0000008790,-0.00840891
0000008800,-0.0127287
0000008810,-0.0172705
0000008820,-0.0243512
0000008830,-0.0185762
0000008840,-0.0148507
0000008850,-0.0102478
0000008860,-0.0066848
0000008870,-0.0239502
0000008880,-0.00753969
0000008890,-0.0223061
0000008900,-0.0199891
0000008910,-0.0285012
0000008920,-0.00505032
0000008930,-0.00378372
0000008940,-0.0231512
0000008950,-0.0177865
0000008960,-0.023894
0000008970,-0.0156525
0000008980,-0.025706
0000008990,-0.0221249
0000009000,-0.0153556
0000009010,-0.0102044
0000009020,0.00511748
0000009030,-0.0190776
0000009040,-0.016046
0000009050,-0.0124741
0000009060,-0.0262067
0000009070,-0.0249425
0000009080,-0.0165824
0000009090,-0.0119475
0000009100,-0.013772
0000009110,-0.0146684
0000009120,-0.0253812
0000009130,-0.01951
0000009140,-0.00523288
0000009150,-0.0154235
0000009160,-0.0113966
0000009170,-0.0215726
0000009180,-0.0184632
0000009190,-0.00890893
0000009200,-0.0151604
0000009210,-0.00112002
0000009220,-0.0297174
0000009230,-0.0233963
0000009240,-0.0141893
0000009250,-0.0219373
0000009260,-0.0192547
0000009270,-0.0168369
0000009280,-0.0110005
0000009290,-0.003749
0000009300,-0.0258229
0000009310,-0.0201328
0000009320,-0.0171254
0000009330,-0.0215219
0000009340,-0.0111479
0000009350,-0.0267838
0000009360,-0.00414413
0000009370,-0.017054
0000009380,-0.0110911
0000009390,-0.0131692
0000009400,-0.0154817
0000009410,-0.0246245
0000009420,-0.00988199
0000009430,-0.0257914
0000009440,-0.0014933
0000009450,-0.0133915
0000009460,-0.0097103
0000009470,-0.00543863
0000009480,-0.0278598
0000009490,-0.00797386
0000009500,-0.0192096
0000009510,-0.0185875
0000009520,-0.00853432
0000009530,-0.0192414
0000009540,-0.0114353
0000009550,-0.0157178
0000009560,-0.0286815
0000009570,-0.0339821
0000009580,-0.0108308
0000009590,-0.0171422
0000009600,-0.0184655
0000009610,-0.0191523
0000009620,-0.0181956
0000009630,-0.00936829
0000009640,-0.00570287
0000009650,-0.00270707
0000009660,-0.00953218
0000009670,-0.0172488
0000009680,-0.0236598
0000009690,-0.0103209
0000009700,-0.0192734
0000009710,-0.0181616
0000009720,-0.0269186
0000009730,-0.0108261
0000009740,-0.0193713
0000009750,-0.0207089
0000009760,-0.0270131
0000009770,-0.00688105
0000009780,-0.0193371
0000009790,-0.00690376
0000009800,-0.0167088
0000009810,-0.0172632
0000009820,-0.0119967
0000009830,-0.0270067
0000009840,-0.0103942
0000009850,-0.0149094
0000009860,-0.0271932
0000009870,-0.0100544
0000009880,-0.0134273
0000009890,-0.0126137
0000009900,-0.00747212
0000009910,-0.0117124
0000009920,-0.0261958
0000009930,-0.0080448
0000009940,-0.0188054
0000009950,-0.0169557
0000009960,-0.0206257
0000009970,-0.0258099
0000009980,-0.0193113
0000009990,-0.0171324
0000010000,-0.0162618
0000010010,-0.0161627
0000010020,-0.0228842
0000010030,-0.00882578
0000010040,-0.0228308
0000010050,-0.0209723
0000010060,-0.00726911
0000010070,-0.0139763
0000010080,-0.0121473
0000010090,-0.0175446
0000010100,-0.00733906
0000010110,-0.0126577
0000010120,-0.0242239
0000010130,-0.0198387
0000010140,-0.00933882
0000010150,-0.0180377
0000010160,-0.0208303
0000010170,-0.0339139
0000010180,-0.01898
0000010190,-0.0097377
0000010200,-0.0157965
0000010210,-0.00570473
0000010220,-0.00819779
0000010230,-0.0274252
0000010240,-0.0185537
0000010250,-0.0202502
0000010260,-0.0105852
0000010270,-0.0146568
0000010280,-0.0235826
0000010290,-0.00473824
0000010300,-0.0344294
0000010310,-0.0208408
0000010320,-0.0208516
0000010330,-0.0139627
0000010340,-0.0147907
0000010350,-0.0187054
0000010360,-0.00832468
0000010370,-0.0136394
0000010380,-0.0127285
0000010390,-0.0143202
0000010400,-0.015267
0000010410,-0.0267958
0000010420,-0.0179537
0000010430,0.000806147
0000010440,-0.0299769
0000010450,-0.0251596
0000010460,-0.00601483
0000010470,-0.0233946
0000010480,-0.0119658
0000010490,-0.0128139
0000010500,-0.0228611
0000010510,-0.0212878
0000010520,-0.0219478
0000010530,-0.0179058
0000010540,-0.0267592
0000010550,-0.00988712
0000010560,-0.0232434
0000010570,-0.00559355
0000010580,-0.0110901
0000010590,-0.022374
0000010600,-0.0297773
0000010610,-0.0160985
0000010620,-0.00986034
0000010630,-0.0158245
0000010640,-0.0224073
0000010650,-0.0210145
0000010660,-0.0132497
0000010670,-0.01809
0000010680,-0.0136774
0000010690,-0.0291665
0000010700,-0.00164578
0000010710,-0.019392
0000010720,-0.0176637
0000010730,-0.0129936
0000010740,-0.00957366
0000010750,-0.0177518
0000010760,-0.00658899
0000010770,-0.0309644
0000010780,-0.02096
0000010790,-0.0191259
0000010800,-0.0214151
0000010810,-0.00741857
0000010820,-0.0143313
0000010830,-0.0112652
0000010840,-0.00758278
0000010850,-0.0157784
0000010860,-0.0116804
0000010870,-0.0229781
0000010880,-0.0104964
0000010890,-0.0114412
0000010900,-0.019653
0000010910,-0.0220743
0000010920,-0.0180558
0000010930,-0.0192353
0000010940,-0.0166863
0000010950,-0.0247023
0000010960,-0.0152183
0000010970,-0.0289522
0000010980,-0.0254692
0000010990,-0.0180764
0000011000,-0.0274193
0000011010,-0.0207455
0000011020,-0.00698378
0000011030,-0.00844999
0000011040,-0.0205911
0000011050,-0.0217263
0000011060,-0.014406
0000011070,-0.0216316
0000011080,-0.0047853
0000011090,-0.0126533
0000011100,-0.002246
0000011110,-0.0248569
0000011120,-0.0238248
0000011130,-0.0147671
0000011140,-0.017071
0000011150,-0.0150038
0000011160,-0.0133977
0000011170,-0.00530681
0000011180,-0.0193234
0000011190,-0.0150946
0000011200,-0.0218994
0000011210,-0.00570526
0000011220,-0.0164979
0000011230,-0.00871317
0000011240,-0.0173777
0000011250,-0.0136891
0000011260,-0.00526849
0000011270,-0.0100996
0000011280,-0.0124611
0000011290,-0.018626
0000011300,-0.0193676
0000011310,-0.0261806
0000011320,-0.0122538
0000011330,-0.0187555
0000011340,-0.0232114
0000011350,-0.0145317
0000011360,-0.0224451
0000011370,-0.00910812
0000011380,-0.0209256
0000011390,-0.00801567
0000011400,-0.00949061
0000011410,-0.0349939
0000011420,-0.0126485
0000011430,-0.00965712
0000011440,-0.0141938
0000011450,-0.0116153
0000011460,-0.0218772
0000011470,-0.0117787
0000011480,-0.0315011
0000011490,-0.0139781
0000011500,-0.0142536
0000011510,-0.0110911
0000011520,-0.0154767
0000011530,-0.019336
0000011540,-0.0142122
0000011550,-0.0075859
0000011560,-0.0197366
0000011570,-0.0207691
0000011580,-0.00503457
0000011590,-0.0192206
0000011600,-0.0162473
0000011610,-0.0176994
0000011620,-0.00514743
0000011630,-0.0179036
0000011640,-0.0384784
0000011650,-0.0121486
0000011660,-0.0204792
0000011670,0.000682467
0000011680,-0.017753
0000011690,-0.0154101
0000011700,-0.0193802
0000011710,-0.0103539
0000011720,-0.019494
0000011730,-0.0121882
0000011740,-0.0132452
0000011750,-0.012652
0000011760,-0.00813122
0000011770,-0.0207239
0000011780,-0.00869742
0000011790,-0.0262273
0000011800,-0.0259672
0000011810,-0.0186146
0000011820,-0.0159377
0000011830,-0.0171157
0000011840,-0.0210252
0000011850,-0.0327616
0000011860,-0.0112864
0000011870,-0.0111632
0000011880,-0.0224587
0000011890,-0.00756126
0000011900,-0.030849
0000011910,0.00850189
0000011920,-0.0102756
0000011930,-0.0122114
0000011940,-0.0129192
0000011950,-0.010273
0000011960,-0.00991476
0000011970,-0.013973
0000011980,-0.0177724
0000011990,-0.0133918
0000012000,-0.0108972
0000012010,-0.0159103
0000012020,-0.0218908
0000012030,-0.0213073
0000012040,0.00273739
0000012050,-0.0133276
0000012060,-0.00337106
0000012070,-0.022747
0000012080,-0.0202558
0000012090,-0.0107981
0000012100,-0.00781946
0000012110,-0.0187213
0000012120,-0.00930016
0000012130,-0.00993765
0000012140,-0.020723
0000012150,-0.00977096
0000012160,-0.0185382
0000012170,-0.0168635
0000012180,-0.0194333
0000012190,-0.0356796
0000012200,-0.0268235
0000012210,-0.0145283
0000012220,-0.0225211
0000012230,-0.0170191
0000012240,-0.00660778
0000012250,-0.0195718
0000012260,-0.0199647
0000012270,-0.00788263
0000012280,-0.0164195
0000012290,-0.0107961
0000012300,-0.00603461
0000012310,-0.00909039
0000012320,-0.0163549
0000012330,-0.023696
0000012340,-0.00828104
0000012350,-0.0290418
0000012360,-0.0117041
0000012370,-0.0300936
0000012380,-0.0141938
0000012390,-0.0271795
0000012400,-0.0229219
0000012410,-0.0195662
0000012420,-0.0204029
0000012430,-0.00347726
0000012440,-0.0142362
0000012450,-0.0176408
0000012460,-0.0132474
0000012470,-0.00469435
0000012480,-0.0147017
0000012490,-0.0121789
0000012500,-0.00172241
0000012510,-0.0104501
0000012520,-0.0138382
0000012530,-0.0212145
0000012540,-0.0186883
0000012550,-0.0149617
0000012560,0.00261763
0000012570,-0.0179108
0000012580,-0.0227757
0000012590,-0.0215737
0000012600,-0.0239634
0000012610,-0.0379226
0000012620,-0.0138558
0000012630,-0.0266351
0000012640,-0.0102123
0000012650,-0.0219018
0000012660,-0.0209206
0000012670,-0.023658
0000012680,-0.0163047
0000012690,-0.00497416
0000012700,-0.0210297
0000012710,-0.0231715
0000012720,0.0100469
0000012730,-0.0150726
0000012740,-0.00154017
0000012750,-0.00904398
0000012760,-0.00211832
0000012770,0.00345697
0000012780,-0.0237544
0000012790,-0.00409891
0000012800,-0.0154031
0000012810,-0.0116286
0000012820,-0.0186319
0000012830,-0.0247597
0000012840,-0.0080338
0000012850,-0.026583
0000012860,-0.0193195
0000012870,-0.025417
0000012880,-0.000218522
0000012890,-0.0139439
0000012900,-0.0146016
0000012910,-0.00842752
0000012920,-0.0250004
0000012930,-0.00716602
0000012940,-0.0208314
0000012950,-0.0238231
0000012960,-0.00907936
0000012970,-0.0288172
0000012980,-0.0142037
0000012990,-0.0127312
0000013000,-0.0231821
0000013010,-0.0155543
0000013020,0.00423974
0000013030,-0.00837987
0000013040,-0.0166743
0000013050,-0.00722769
0000013060,-0.00398163
0000013070,-0.0188133
0000013080,-0.0187532
0000013090,-0.01356
0000013100,-0.00824038
0000013110,-0.00472277
0000013120,-0.0184551
0000013130,-0.023132
0000013140,-0.0240607
0000013150,-0.0199242
0000013160,-0.0106105
0000013170,-0.0209641
0000013180,-0.0047344
0000013190,-0.0215806
0000013200,-0.0105159
0000013210,-0.0108795
0000013220,-0.0140286
0000013230,-0.0299762
0000013240,-0.0176814
0000013250,-0.0158631
0000013260,-0.0159979
0000013270,0.000302526
0000013280,-0.0258142
0000013290,-0.0127764
0000013300,-0.00454758
0000013310,-0.0213508
0000013320,-0.0109603
0000013330,-0.00899854
0000013340,-0.0272674
0000013350,-0.016946
0000013360,-0.0101737
0000013370,-0.00854124
0000013380,-0.00866706
0000013390,-0.0252966
0000013400,-0.0205202
0000013410,-0.0202623
0000013420,-0.0134669
0000013430,-0.0117706
0000013440,-0.0246965
0000013450,-0.0209433
0000013460,-0.0278021
0000013470,-0.0151507
0000013480,-0.029539
0000013490,-0.0221335
0000013500,-0.0147763
0000013510,-0.00592894
0000013520,-0.0141314
0000013530,-0.00445818
0000013540,-0.0237343
0000013550,-0.0210389
0000013560,-0.00323791
0000013570,-0.0142948
0000013580,-0.0118851
0000013590,-0.01695
0000013600,-0.00399519
0000013610,-0.00396991
0000013620,-0.0170435
0000013630,-0.0153912
0000013640,-0.0158364
0000013650,-0.0155874
0000013660,-0.0165129
0000013670,-0.023497
0000013680,-0.00409005
0000013690,-0.0133287
0000013700,-0.0220615
0000013710,-0.00629306
0000013720,0.0015971
0000013730,0.00201303
0000013740,-0.0195144
0000013750,-0.0088348
0000013760,-0.0121211
0000013770,-0.00818115
0000013780,-0.0209919
0000013790,-0.0232394
0000013800,-0.0313701
0000013810,-0.0154752
0000013820,-0.0160884
0000013830,-0.0254958
0000013840,-0.0115935
0000013850,-0.0128262
0000013860,-0.0143765
0000013870,-0.0181373
0000013880,-0.0164774
0000013890,-0.0238652
0000013900,-0.0227465
0000013910,-0.0359696
0000013920,-0.00225095
0000013930,-0.022723
0000013940,-0.0171584
0000013950,-0.0258064
0000013960,-0.0128578
0000013970,-0.0168542
0000013980,-0.0180753
0000013990,-0.0161891
0000014000,-0.0123098
0000014010,-0.0130776
0000014020,-0.0159086
0000014030,-0.0182116
0000014040,-0.0144061
0000014050,-0.0152273
0000014060,-0.0194083
0000014070,-0.0273883
0000014080,-0.00683837
0000014090,-0.00814212
0000014100,-0.0027771
0000014110,-0.00934296
0000014120,-0.00261104
0000014130,-0.00768991
0000014140,-0.00299466
0000014150,-0.0115
0000014160,-0.00198157
0000014170,-0.0244909
0000014180,-0.0226462
0000014190,-0.0139688
0000014200,-0.0108794
0000014210,-0.021015
0000014220,-0.0130008
0000014230,-0.0243763
0000014240,-0.0322679
0000014250,-0.00962127
0000014260,-0.0151402
0000014270,-0.0160647
0000014280,-0.0230445
0000014290,-0.00704319
0000014300,-0.0025137
0000014310,-0.0118327
0000014320,-0.0230452
0000014330,-0.0182687
0000014340,-0.015376
0000014350,-0.0170433
0000014360,-0.025946
0000014370,-0.0173678
0000014380,-0.016238
0000014390,0.00286792
0000014400,-0.0305725
0000014410,-0.0187061
0000014420,-0.0179454
0000014430,-0.0088275
0000014440,-0.038628
0000014450,-0.0284855
0000014460,-0.025926
0000014470,-0.0129583
0000014480,-0.0219788
0000014490,-0.0142135
0000014500,0.000541311
0000014510,-0.0227758
0000014520,-0.0130334
0000014530,-0.0167643
0000014540,-0.0203226
0000014550,-0.0217451
0000014560,-0.012705
0000014570,-0.0183741
0000014580,-0.0210657
0000014590,-0.0180499
0000014600,-0.027622
0000014610,-0.00791053
0000014620,-0.0187899
0000014630,-0.0219671
0000014640,-0.0180943
0000014650,-0.0130707
0000014660,-0.0119034
0000014670,-0.0136479
0000014680,-0.00226353
0000014690,-0.0229486
0000014700,-0.0215354
0000014710,-0.0115877
0000014720,-0.0172964
0000014730,-0.00180564
0000014740,-0.0262028
0000014750,-0.0184427
0000014760,-0.0109106
0000014770,-0.0307317
0000014780,-0.0272912
0000014790,-0.0236807
0000014800,-0.00502439
0000014810,0.000369901
0000014820,-0.0173597
0000014830,-0.00358502
0000014840,-0.0165123
0000014850,-0.0122053
0000014860,-0.01078
0000014870,-0.0214944
0000014880,-0.00880461
0000014890,-0.0189706
0000014900,-0.00582711
0000014910,-0.0119556
0000014920,-0.0152037
0000014930,-0.00954933
0000014940,-0.0234723
0000014950,-0.0145968
0000014960,-0.0200067
0000014970,-0.0118486
0000014980,-0.0111226
0000014990,-0.0135035
0000015000,-0.0100709
0000015010,-0.0257021
0000015020,-0.0340748
0000015030,-0.0164385
0000015040,-0.0191395
0000015050,-0.0181629
0000015060,-0.0218096
0000015070,-0.0158639
0000015080,-0.0111598
0000015090,-0.0170198
0000015100,-0.0216902
0000015110,0.00280346
0000015120,0.000553234
0000015130,-0.00964035
0000015140,-0.00515362
0000015150,-0.015267
0000015160,-0.0121815
0000015170,-0.00378478
0000015180,-0.0177731
0000015190,-0.0170197
0000015200,-0.0175946
0000015210,-0.0161017
0000015220,-0.0233782
0000015230,-0.00721114
0000015240,-0.0143497
0000015250,-0.0031739
0000015260,-0.0142065
0000015270,-0.00809456
0000015280,-0.0108841
0000015290,-0.0253384
0000015300,-0.0253992
0000015310,-0.0180093
0000015320,-0.0104446
0000015330,-0.030666
0000015340,-0.0223973
0000015350,-0.0133524
0000015360,-0.00708764
0000015370,-0.0169347
0000015380,-0.0247543
0000015390,-0.0135301
0000015400,-0.0206143
0000015410,-0.00633952
0000015420,-0.0180331
0000015430,-0.0226347
0000015440,-0.0130965
0000015450,-0.00967017
0000015460,-0.00989933
0000015470,-0.0272282
0000015480,-0.00108693
0000015490,-0.0208951
0000015500,-0.0183293
0000015510,-0.0127586
0000015520,-0.0211405
0000015530,-0.0280549
0000015540,-0.0229154
0000015550,-0.0181905
0000015560,-0.00261362
0000015570,-0.0156799
0000015580,-0.0240596
0000015590,-0.020711
0000015600,-0.00663998
0000015610,-0.0233985
0000015620,-0.015387
0000015630,-0.0109031
0000015640,-0.000895433
0000015650,-0.0198946
0000015660,-0.00220777
0000015670,0.000930426
0000015680,-0.023296
0000015690,-0.01093
0000015700,-0.0306319
0000015710,-0.0221032
0000015720,-0.00948073
0000015730,-0.0240477
0000015740,-0.0182805
0000015750,-0.00476834
0000015760,-0.0178969
0000015770,-0.00497475
0000015780,-0.0252145
0000015790,-0.0155652
0000015800,-0.00296933
0000015810,-0.0257212
0000015820,-0.00841814
0000015830,-0.0222695
0000015840,-0.0280519
0000015850,-0.0237948
0000015860,-0.00492798
0000015870,-0.0255182
0000015880,-0.0205886
0000015890,-0.0180214
0000015900,-0.0105697
0000015910,-0.0158346
0000015920,-0.0161492
0000015930,-0.00554548
0000015940,-0.0150658
0000015950,-0.0119815
0000015960,-0.0273398
0000015970,-0.00640449
0000015980,-0.00542331
0000015990,-0.00693454
