0000000000,-0.0107616
0000000010,-0.0118151
0000000020,-0.0156407
0000000030,-0.0148679
0000000040,-0.0171842
0000000050,-0.00865654
0000000060,-0.0134229
0000000070,-0.0239683
0000000080,-0.00758199
0000000090,-0.016312
0000000100,-0.0128568
0000000110,-0.000418191
0000000120,-0.00509989
0000000130,-0.0121914
0000000140,-0.0125164
0000000150,-0.0086826
0000000160,-0.022682
0000000170,-0.0326085
0000000180,-0.0143739
0000000190,-0.00682498
0000000200,-0.0267429
0000000210,-0.00781775
0000000220,-0.0115834
0000000230,-0.00401811
0000000240,-0.0102249
0000000250,-0.00817263
0000000260,-0.00313109
0000000270,-0.0162558
0000000280,-0.00792449
0000000290,-0.0148557
0000000300,-0.0143211
0000000310,-0.0205158
0000000320,-0.0181974
0000000330,-0.0186848
0000000340,-0.00393727
0000000350,-0.0188157
0000000360,-0.0108447
0000000370,-0.00350047
0000000380,0.000641572
0000000390,-0.0211948
0000000400,-0.0185883
0000000410,-0.00664147
0000000420,-0.00754976
0000000430,-0.0271603
0000000440,-0.0206709
0000000450,-0.0164834
0000000460,-0.0181828
0000000470,-0.0247252
0000000480,-0.0177327
0000000490,-0.0111334
0000000500,-0.0174705
0000000510,-0.00961051
0000000520,-0.0125634
0000000530,-0.0240215
0000000540,-0.00745279
0000000550,-0.00604039
0000000560,-0.0054773
0000000570,-0.0282214
0000000580,-0.0321967
0000000590,-0.019686
0000000600,-0.0210043
0000000610,-0.018316
0000000620,-0.0217595
0000000630,-0.0105888
0000000640,-0.00420963
0000000650,-0.0175859
0000000660,-0.0108909
0000000670,-0.0180038
0000000680,-0.0162092
0000000690,-0.0235667
0000000700,-0.012269
0000000710,-0.0203623
0000000720,-0.0181735
0000000730,-0.014449
0000000740,-0.0173061
0000000750,-0.0179213
0000000760,-0.0162775
0000000770,-0.0227326
0000000780,-0.0178996
0000000790,-0.0304553
0000000800,-0.00870912
0000000810,-0.0058985
0000000820,-0.0157197
0000000830,-0.0155786
0000000840,-0.0175271
0000000850,-0.0255537
0000000860,-0.0208997
0000000870,-0.0235918
0000000880,-0.0173504
0000000890,-0.00940377
0000000900,-0.00915802
0000000910,-0.0127274
0000000920,-0.01978
0000000930,-0.022998
0000000940,-0.0180128
0000000950,-0.0218816
0000000960,-0.00369889
0000000970,-0.024688
0000000980,-0.0147276
0000000990,-0.0276402
0000001000,-0.0263455
0000001010,-0.0217388
0000001020,-0.00702508
0000001030,-0.0164689
0000001040,-0.0180722
0000001050,-0.0375761
0000001060,-0.0239648
0000001070,-0.0138415
0000001080,-0.0168329
0000001090,-0.0115583
0000001100,-0.012994
0000001110,-0.0075623
0000001120,-0.0116265
0000001130,-0.0092658
0000001140,-0.0110176
0000001150,-0.0334416
0000001160,-0.0213129
0000001170,-0.01766
0000001180,-0.0228289
0000001190,-0.0233495
0000001200,-0.0035414
0000001210,-0.0168881
0000001220,-0.0324941
0000001230,4.72057e-05
0000001240,-0.00798013
0000001250,-0.0163461
0000001260,-0.0208788
0000001270,-0.0177229
0000001280,-0.0180785
0000001290,-0.0222811
0000001300,-0.00809496
0000001310,-0.0140303
0000001320,-0.0135748
0000001330,-0.0139531
0000001340,-0.021561
0000001350,-0.0129463
0000001360,-0.0186997
0000001370,-0.0124132
0000001380,-0.0125219
0000001390,-0.0184856
0000001400,-0.0190479
0000001410,-0.0237098
0000001420,-0.0276576
0000001430,-0.00566492
0000001440,-0.0188521
0000001450,-0.0115535
0000001460,0.0116433
0000001470,-0.00975347
0000001480,-0.0196269
0000001490,-0.0182136
0000001500,-0.0128772
0000001510,-0.0251952
0000001520,0.00200163
0000001530,-0.0251929
0000001540,-0.0202836
0000001550,-0.0112259
0000001560,-0.0289913
0000001570,-0.0188292
0000001580,-0.00931205
0000001590,-0.022483
0000001600,-0.00998566
0000001610,-0.0207702
0000001620,-0.0186152
0000001630,-0.0100953
0000001640,-0.0189784
0000001650,-0.00704706
0000001660,-0.0172184
0000001670,-0.0165081
0000001680,-0.00905271
0000001690,-0.0270305
0000001700,-0.0355496
0000001710,-0.00874198
0000001720,-0.0104244
0000001730,-0.0180057
0000001740,-0.0295497
0000001750,-0.00499046
0000001760,0.00612061
0000001770,-0.0123389
0000001780,-0.0247306
0000001790,-0.0157217
0000001800,-0.0252415
0000001810,-0.0177689
0000001820,-0.0163022
0000001830,-0.0193622
0000001840,-0.0124025
0000001850,-0.0133093
0000001860,-0.0290284
0000001870,-0.0140531
0000001880,-0.0113496
0000001890,-0.018197
0000001900,-0.0177098
0000001910,-0.0224895
0000001920,-0.0174497
0000001930,-0.00854983
0000001940,-0.0165137
0000001950,-0.00695115
0000001960,-0.0102068
0000001970,-0.019653
0000001980,-0.0187682
0000001990,-0.00360638
0000002000,-0.0217395
0000002010,-0.0182038
0000002020,-0.0206524
0000002030,-0.0130231
0000002040,-0.0179401
0000002050,-0.0174957
0000002060,-0.0164658
0000002070,-0.0132499
0000002080,-0.0183206
0000002090,-0.00960475
0000002100,-0.0184806
0000002110,-0.011713
0000002120,-0.012989
0000002130,-0.0344698
0000002140,-0.0208581
0000002150,-0.00844899
0000002160,-0.0126124
0000002170,-0.0126535
0000002180,2.65321e-05
0000002190,-0.0119445
0000002200,-0.0151302
0000002210,-0.00825112
0000002220,-0.025914
0000002230,-0.0127916
0000002240,-0.0115293
0000002250,-0.0156189
0000002260,-0.02684
0000002270,-0.0056471
0000002280,-0.00433899
0000002290,-0.0149895
0000002300,-0.0043541
0000002310,-0.0110385
0000002320,-0.00538322
0000002330,-0.00914564
0000002340,-0.0169163
0000002350,-0.0238918
0000002360,-0.0174517
0000002370,-0.0131449
0000002380,-0.0318045
0000002390,-0.00925347
0000002400,-0.0138859
0000002410,-0.00914661
0000002420,-0.0222603
0000002430,-0.00620365
0000002440,-0.00672873
0000002450,-0.0147824
0000002460,-0.0175864
0000002470,-0.0219656
0000002480,-0.0194862
0000002490,-0.017618
0000002500,-0.0243974
0000002510,-0.0170852
0000002520,-0.0139702
0000002530,-0.0204106
0000002540,-0.0170042
0000002550,-0.0242936
0000002560,-0.0126421
0000002570,-0.00439889
0000002580,-0.0150025
0000002590,-0.0201466
0000002600,-0.0129665
0000002610,-0.0181772
0000002620,-0.00858374
0000002630,-0.0237736
0000002640,-0.0215099
0000002650,-0.026518
0000002660,-0.0222477
0000002670,-0.0105193
0000002680,-0.0140372
0000002690,-0.0128119
0000002700,-0.0171384
0000002710,-0.0226736
0000002720,-0.00688248
0000002730,-0.00411872
0000002740,-0.0241465
0000002750,-0.0104713
0000002760,-0.0128536
0000002770,-0.0208628
0000002780,-0.0109517
0000002790,-0.00949963
0000002800,-0.00223583
0000002810,-0.0144899
0000002820,-0.00852257
0000002830,-0.0098438
0000002840,-0.0188184
0000002850,-0.0101062
0000002860,-0.0128464
0000002870,-0.00268068
0000002880,-0.0272066
0000002890,-0.0188395
0000002900,-0.0256085
0000002910,-0.0243424
0000002920,-0.00528701
0000002930,-0.0244694
0000002940,-0.0133533
0000002950,0.00237965
0000002960,-0.0222971
0000002970,-0.011812
0000002980,-0.0168006
0000002990,-0.00529045
0000003000,-0.0203714
0000003010,-0.00637364
0000003020,0.00175347
0000003030,-0.0249692
0000003040,-0.0167327
0000003050,-0.0184269
0000003060,-0.0130888
0000003070,-0.0244323
0000003080,-0.0121571
0000003090,-0.0114423
0000003100,-0.0231404
0000003110,-0.0199095
0000003120,-0.00386453
0000003130,-0.0246087
0000003140,-0.00177206
0000003150,-0.0171205
0000003160,-0.0174697
0000003170,-0.0116739
0000003180,-0.0155202
0000003190,-0.0255589
0000003200,-0.01065
0000003210,-0.00329617
0000003220,-0.0317064
0000003230,0.000199797
0000003240,-0.0108474
0000003250,-0.0209206
0000003260,-0.0184272
0000003270,-0.00519843
0000003280,-0.00859816
0000003290,-0.00547397
0000003300,-0.0153131
0000003310,-0.017501
0000003320,-0.00900652
0000003330,-0.00107507
0000003340,-0.0168679
0000003350,-0.0101306
0000003360,-0.0304132
0000003370,-0.00130162
0000003380,-0.0182449
0000003390,-0.0120727
0000003400,-0.0202954
0000003410,-0.0109863
0000003420,-0.00554033
0000003430,-0.0343912
0000003440,-0.00369436
0000003450,-0.0137601
0000003460,-0.00888446
0000003470,-0.0193586
0000003480,-0.0279221
0000003490,-0.00759994
0000003500,-0.0184073
0000003510,-0.0150605
0000003520,-0.0248783
0000003530,-0.00657216
0000003540,-0.0113281
0000003550,-0.00907299
0000003560,-0.00991378
0000003570,-0.0190325
0000003580,-0.0302611
0000003590,-0.0217433
0000003600,-0.0240808
0000003610,-0.00602265
0000003620,-0.0179203
0000003630,-0.0209672
0000003640,-0.0220642
0000003650,-0.0056831
0000003660,-0.0165111
0000003670,-0.0146473
0000003680,-0.026142
0000003690,-0.00948876
0000003700,-0.0142548
0000003710,-0.0109201
0000003720,-0.0152965
0000003730,-0.0102287
0000003740,-0.019172
0000003750,0.00393024
0000003760,-0.0152359
0000003770,-0.0158421
0000003780,-0.024643
0000003790,-0.0224957
0000003800,-0.0195411
0000003810,-0.0136626
0000003820,-0.0288492
0000003830,-0.0105109
0000003840,-0.0239143
0000003850,-0.0046908
0000003860,-0.00318596
0000003870,-0.0178574
0000003880,-0.00944571
0000003890,-0.0206481
0000003900,-0.0143506
0000003910,0.000329527
0000003920,-0.0194906
0000003930,-0.0135275
0000003940,-0.0292001
0000003950,-0.014933
0000003960,-0.0202462
0000003970,-0.0221148
0000003980,-0.0219358
0000003990,-0.0228862
0000004000,-0.0130869
0000004010,-0.0214953
0000004020,-0.0149229
0000004030,-0.0217142
0000004040,-0.0196086
0000004050,-0.0152344
0000004060,-0.0236862
0000004070,-0.00809855
0000004080,-0.0188761
0000004090,-0.0217114
0000004100,-0.0164599
0000004110,-0.0134717
0000004120,-0.00992215
0000004130,-0.0203475
0000004140,-0.0135242
0000004150,-0.0144824
0000004160,-0.00682273
0000004170,-0.0194559
0000004180,-0.0124117
0000004190,-0.00602094
0000004200,-0.0147379
0000004210,-0.012614
0000004220,-0.0128217
0000004230,-0.0129907
0000004240,-0.013917
0000004250,-0.0178352
0000004260,-0.0248658
0000004270,-0.00939233
0000004280,-0.0128214
0000004290,-0.0117312
0000004300,-0.0175707
0000004310,-0.0195721
0000004320,-0.00772078
0000004330,-0.0112798
0000004340,-0.017191
0000004350,-0.0132785
0000004360,-0.0244869
0000004370,-0.0270324
0000004380,-0.0113269
0000004390,-0.022596
0000004400,-0.016898
0000004410,-0.0126493
0000004420,-0.0181426
0000004430,-0.00721787
0000004440,-0.0244364
0000004450,-0.00219731
0000004460,-0.0146762
0000004470,-0.0103625
0000004480,-0.018897
0000004490,-0.00904618
0000004500,-0.0277788
0000004510,-0.0218283
0000004520,-0.0120326
0000004530,-0.0179782
0000004540,-0.0116917
0000004550,-0.0223302
0000004560,-0.0118643
0000004570,0.000987562
0000004580,-0.0361796
0000004590,-0.0100623
0000004600,-0.0241735
0000004610,-0.0123343
0000004620,-0.0208711
0000004630,-0.0117283
0000004640,-0.0203086
0000004650,-0.0158517
0000004660,-0.00385087
0000004670,-0.00522237
0000004680,-0.0130643
0000004690,-0.0155184
0000004700,-0.00987611
0000004710,-0.0103482
0000004720,-0.00572058
0000004730,-0.0246867
0000004740,-0.0304145
0000004750,-0.0143672
0000004760,-0.0199393
0000004770,-0.00194495
0000004780,-0.00241512
0000004790,0.0019052
0000004800,-0.00617404
0000004810,-0.0177911
0000004820,-0.0121021
0000004830,-0.0259759
0000004840,-0.00611865
0000004850,-0.0180099
0000004860,-0.00408449
0000004870,-0.00595684
0000004880,-0.0217636
0000004890,-0.0176926
0000004900,-0.00933191
0000004910,-0.0229513
0000004920,-0.0215211
0000004930,-0.0340223
0000004940,-0.0160223
0000004950,-0.0253292
0000004960,-0.0107021
0000004970,-0.0183641
0000004980,-0.00712317
0000004990,-0.0127919
0000005000,-0.00704128
0000005010,-0.00190537
0000005020,-0.0163441
0000005030,-0.0202933
0000005040,-0.0121075
0000005050,-0.0134609
0000005060,-0.00732713
0000005070,-0.013888
0000005080,-0.00909882
0000005090,-0.0184755
0000005100,-0.0180351
0000005110,-0.0173769
0000005120,-0.00792809
0000005130,0.000519232
0000005140,-0.0119005
0000005150,-0.0261276
0000005160,-0.0187392
0000005170,-0.0137586
0000005180,-0.0139933
0000005190,-0.0177568
0000005200,-0.00945749
0000005210,-0.0241007
0000005220,-0.02719
0000005230,-0.020388
0000005240,-0.0116577
0000005250,-0.00728238
0000005260,-0.00408439
0000005270,-0.0211988
0000005280,-0.00475524
0000005290,-0.00446457
0000005300,-0.0239272
0000005310,-0.00535262
0000005320,-0.0172427
0000005330,-0.0128219
0000005340,-0.0260317
0000005350,-0.00306347
0000005360,-0.0147656
0000005370,-0.0222279
0000005380,-0.00988826
0000005390,-0.0120227
0000005400,-0.0228268
0000005410,-0.00717624
0000005420,-0.0104874
0000005430,-0.0122363
0000005440,-0.00722898
0000005450,-0.0131043
0000005460,-0.0118544
0000005470,-0.0284994
0000005480,-0.0120534
0000005490,-0.0258198
0000005500,-0.00839256
0000005510,-0.00661391
0000005520,-0.0165795
0000005530,-0.0015404
0000005540,-0.0131639
0000005550,-0.0034459
0000005560,-0.0159518
0000005570,-0.0268466
0000005580,-0.0219215
0000005590,-0.0188117
0000005600,-0.0106558
0000005610,-0.0139392
0000005620,-0.00620915
0000005630,-0.0145029
0000005640,-0.00514386
0000005650,-0.0108041
0000005660,-0.0206507
0000005670,-0.0132473
0000005680,-0.00622592
0000005690,-0.0187722
0000005700,-0.00771456
0000005710,-0.00924118
0000005720,-0.0147791
0000005730,-0.0119926
0000005740,-0.0128687
0000005750,-0.013107
0000005760,-0.0288652
0000005770,-0.0187524
0000005780,-0.0173933
0000005790,-0.0224344
0000005800,-0.0180862
0000005810,-0.00158077
0000005820,-0.00355121
0000005830,-0.00464224
0000005840,-0.0172036
0000005850,-0.00928563
0000005860,-0.0113316
0000005870,-0.00972184
0000005880,-0.00621174
0000005890,-0.0181672
0000005900,-0.0126043
0000005910,-0.01154
0000005920,-0.0132722
0000005930,-0.0234381
0000005940,-0.0258994
0000005950,-0.00776703
0000005960,-0.00808343
0000005970,-0.0148326
0000005980,-0.00824227
0000005990,-0.0118039
0000006000,-0.00434613
0000006010,-0.0240683
0000006020,-0.0134805
0000006030,-0.0157735
0000006040,-0.000188542
0000006050,-0.0207757
0000006060,-0.0243353
0000006070,-0.0184373
0000006080,0.00177111
0000006090,-0.00758534
0000006100,-0.0185501
0000006110,-0.0153459
0000006120,0.00152218
0000006130,-0.0205532
0000006140,-0.014732
0000006150,-0.0226992
0000006160,-0.0242357
0000006170,-0.00668443
0000006180,-0.0179064
0000006190,-0.0152087
0000006200,-0.0172166
0000006210,-0.00952209
0000006220,-0.0278022
0000006230,-0.019052
0000006240,-0.0194331
0000006250,-0.0101265
0000006260,-0.0153673
0000006270,-0.0321154
0000006280,-0.0167515
0000006290,-0.0229519
0000006300,-0.0149322
0000006310,-0.0080278
0000006320,-0.00856264
0000006330,-0.0202689
0000006340,-0.0118159
0000006350,-0.0129919
0000006360,-0.021272
0000006370,-0.0133418
0000006380,-0.0155052
0000006390,-0.015354
0000006400,-0.0136375
0000006410,-0.0236803
0000006420,-0.0248844
0000006430,-0.012481
0000006440,-0.0166571
0000006450,-0.0221022
0000006460,-0.0240984
0000006470,-0.0146498
0000006480,-0.0219853
0000006490,-0.0156245
0000006500,-0.00768197
0000006510,-0.023278
0000006520,-0.0215556
0000006530,-0.0214183
0000006540,-0.016187
0000006550,-0.0179904
0000006560,-0.0285378
0000006570,-0.0158473
0000006580,-0.0253306
0000006590,-0.00420544
0000006600,-0.0163545
0000006610,-0.0248205
0000006620,-0.000952803
0000006630,-0.00555175
0000006640,-0.0187724
0000006650,-0.0162248
0000006660,-0.0200439
0000006670,-0.016363
0000006680,-0.0288955
0000006690,-0.0204175
0000006700,-0.0178455
0000006710,-0.0160829
0000006720,-0.00560824
0000006730,-0.0286787
0000006740,-0.0334804
0000006750,-0.00849501
0000006760,-0.0247046
0000006770,-0.0148231
0000006780,-0.0150037
0000006790,-0.015352
0000006800,-0.0352567
0000006810,-0.0130088
0000006820,-0.0106526
0000006830,-0.0176648
0000006840,-0.0111531
0000006850,-0.00981184
0000006860,-0.0277923
0000006870,-0.0122952
0000006880,-0.0184022
0000006890,-0.0165381
0000006900,-0.00411491
0000006910,-0.00318916
0000006920,-0.0247039
0000006930,-0.00490001
0000006940,-0.021281
0000006950,-0.0309041
0000006960,-0.0109179
0000006970,-0.0114081
0000006980,-0.0165853
0000006990,-0.00687672
0000007000,-0.01385
0000007010,-0.0121877
0000007020,-0.00659328
0000007030,-0.0204695
0000007040,-0.0126618
0000007050,-0.0153717
0000007060,-0.0110566
0000007070,-0.0189687
0000007080,-0.0159283
0000007090,-0.0211202
0000007100,-0.0194091
0000007110,-0.012543
0000007120,-0.0105976
0000007130,-0.0187183
0000007140,-0.029124
0000007150,-0.0176258
0000007160,-0.0224751
0000007170,-0.0175208
0000007180,-0.0309184
0000007190,-0.00825869
0000007200,-0.00562849
0000007210,-0.00872199
0000007220,-0.0217503
0000007230,-0.0260976
0000007240,-0.0276653
0000007250,-0.0158595
0000007260,-0.00235316
0000007270,-0.0168949
0000007280,-0.0116339
0000007290,-0.020061
0000007300,-0.0200568
0000007310,-0.0087762
0000007320,-0.0271242
0000007330,-0.0130808
0000007340,-0.0112692
0000007350,-0.0129525
0000007360,-0.0124889
0000007370,-0.015741
0000007380,-0.0220194
0000007390,-0.0183123
0000007400,-0.0121964
0000007410,-0.0165858
0000007420,-0.0123625
0000007430,-0.0175276
0000007440,-0.0206282
0000007450,-0.00461729
0000007460,-0.0113889
0000007470,-0.0271778
0000007480,-0.0190674
0000007490,-0.0117095
0000007500,-0.00997748
0000007510,-0.0212241
0000007520,-0.017748
0000007530,-0.0169935
0000007540,-0.0113056
0000007550,-0.0189943
0000007560,-0.0371196
0000007570,-0.0153677
0000007580,-0.0404557
0000007590,-0.0169765
0000007600,-0.0236806
0000007610,-0.0175928
0000007620,-0.00862093
0000007630,-0.0132628
0000007640,-0.0128204
0000007650,-0.0172197
0000007660,-0.0161895
0000007670,-0.0179033
0000007680,-0.00838526
0000007690,-0.021868
0000007700,-0.019228
0000007710,-0.0217703
0000007720,-0.0155635
0000007730,-0.0154708
0000007740,-0.0112642
0000007750,-0.0220011
0000007760,-0.0311651
0000007770,-0.0310144
0000007780,0.00458358
0000007790,-0.0389848
0000007800,-0.0181324
0000007810,-0.0191392
0000007820,-0.0164911
0000007830,-0.0151616
0000007840,-0.0181424
0000007850,-0.0185201
0000007860,-0.0183032
0000007870,-0.00445817
0000007880,-0.0126079
0000007890,-0.0253194
0000007900,-0.0113405
0000007910,-0.0208679
0000007920,-0.0163265
0000007930,-0.0150409
0000007940,-0.0172725
0000007950,-0.0276462
0000007960,-0.0135382
0000007970,-0.0200679
0000007980,-0.00736724
0000007990,-0.018761
0000008000,-0.0128104
0000008010,-0.00419238
0000008020,-0.0109293
0000008030,-0.0353158
0000008040,-0.0165234
0000008050,-0.0200903
0000008060,-0.0115825
0000008070,-0.019416
0000008080,-0.0204057
0000008090,-0.0239052
0000008100,-0.0114188
0000008110,-0.0234093
0000008120,-0.0240571
0000008130,-0.0230315
0000008140,-0.00435756
0000008150,-0.0245359
0000008160,-0.0283133
0000008170,-0.017114
0000008180,-0.0180864
0000008190,-0.0122734
0000008200,-0.0209671
0000008210,-0.00755228
0000008220,-0.00679235
0000008230,-0.00750718
0000008240,-0.025701
0000008250,-0.00896819
0000008260,-0.0139545
0000008270,-0.0193691
0000008280,-0.0178843
0000008290,-0.0126805
0000008300,-0.00862111
0000008310,-0.0127945
0000008320,-0.023831
0000008330,-0.0121402
0000008340,-0.00290759
0000008350,-0.00302243
0000008360,-0.01909
0000008370,-0.0114041
0000008380,-0.0155212
0000008390,-0.0165199
0000008400,-0.0124712
0000008410,-0.0258433
0000008420,-0.0156309
0000008430,-0.00919413
0000008440,-0.0104874
0000008450,-0.0121935
0000008460,-0.0200302
0000008470,-0.00732894
0000008480,-0.0215114
0000008490,-0.014481
0000008500,-0.019328
0000008510,-0.0172445
0000008520,-0.0307246
0000008530,-0.015388
0000008540,-0.0194698
0000008550,-0.0216288
0000008560,-0.0214381
0000008570,-0.0225736
0000008580,-0.0188753
0000008590,-0.0224076
0000008600,-0.0224977
0000008610,-0.0213446
0000008620,-0.0273084
0000008630,-0.0247812
0000008640,-0.0116473
0000008650,-0.0127529
0000008660,-0.012289
0000008670,-0.0222496
0000008680,-0.0187206
0000008690,-0.0217071
0000008700,-0.00670317
0000008710,-0.0034024
0000008720,-0.0140494
0000008730,-0.0133145
0000008740,-0.020041
0000008750,-0.0288418
0000008760,-0.0180636
0000008770,-0.00625342
0000008780,-0.0205071
0000008790,-0.0307858
0000008800,-0.00403252
0000008810,0.000799198
0000008820,-0.0103642
0000008830,-0.0205623
0000008840,0.00119449
0000008850,0.00244192
0000008860,-0.0267321
0000008870,-0.0296896
0000008880,-0.00209976
0000008890,-0.00162794
0000008900,-0.0339763
0000008910,-0.0154687
0000008920,-0.0155247
0000008930,-0.0271928
0000008940,-0.0177791
0000008950,-0.0261771
0000008960,-0.0248653
0000008970,-0.00521022
0000008980,-0.00859595
0000008990,-0.000514207
0000009000,-0.0252643
0000009010,-0.00850848
0000009020,-0.0243376
0000009030,-0.0242191
0000009040,-0.00304306
0000009050,-0.00854183
0000009060,-0.00390003
0000009070,-0.0130761
0000009080,-0.0107604
0000009090,-0.0256393
0000009100,-0.00674055
0000009110,-0.0184511
0000009120,-0.0255252
0000009130,-0.00756766
0000009140,-0.0114747
0000009150,-0.0258292
0000009160,-0.00783186
0000009170,-0.0241293
0000009180,-0.019421
0000009190,0.00428559
0000009200,-0.0167271
0000009210,-0.0102266
0000009220,-0.00779081
0000009230,-0.00663207
0000009240,-0.015323
0000009250,-0.0149433
0000009260,-0.00295564
0000009270,-0.0174493
0000009280,-0.0327246
0000009290,-0.0192517
0000009300,-0.0214288
0000009310,-0.0239379
0000009320,-0.0244862
0000009330,-0.0093134
0000009340,-0.0295474
0000009350,-0.00798458
0000009360,-0.0144993
0000009370,-0.029792
0000009380,-0.0201649
0000009390,0.000144347
0000009400,-0.0105134
0000009410,-0.0293323
0000009420,-0.0219576
0000009430,-0.0109706
0000009440,-0.0142199
0000009450,0.00173522
0000009460,-0.0175873
0000009470,-0.00908784
0000009480,-0.0155699
0000009490,-0.0121672
0000009500,-0.0106044
0000009510,-0.0127287
0000009520,-0.0106667
0000009530,-0.0268802
0000009540,-0.00723293
0000009550,-0.0106001
0000009560,-0.0181579
0000009570,-0.00385326
0000009580,-0.0155257
0000009590,-0.0315321
0000009600,-0.00747818
0000009610,-0.0185446
0000009620,-0.0149417
0000009630,-0.00455955
0000009640,0.000724506
0000009650,-0.023079
0000009660,-0.029461
0000009670,-0.0106643
0000009680,-0.0218181
0000009690,-0.0143417
0000009700,-0.019769
0000009710,-0.0134898
0000009720,-0.0097984
0000009730,-0.00111265
0000009740,-0.0120276
0000009750,-0.0146308
0000009760,-0.0138422
0000009770,-0.0174442
0000009780,-0.0100781
0000009790,0.00330005
0000009800,-0.0232123
0000009810,-0.0196474
0000009820,-0.0209368
0000009830,-0.00907734
0000009840,-0.0128638
0000009850,-0.0108928
0000009860,-0.0154353
0000009870,-0.0154187
0000009880,-0.00513152
0000009890,-0.0110445
0000009900,-0.00712912
0000009910,-0.0174488
0000009920,-0.00465647
0000009930,-0.0155213
0000009940,-0.0198176
0000009950,-0.0122003
0000009960,-0.0162534
0000009970,-0.0210251
0000009980,-0.0214873
0000009990,-0.00749325
0000010000,-0.0137632
0000010010,-0.0259588
0000010020,-0.016549
0000010030,-0.0115115
0000010040,-0.00657003
0000010050,-0.0129985
0000010060,-0.0190997
0000010070,-0.0142164
0000010080,-0.0222171
0000010090,-0.0250222
0000010100,-0.0172493
0000010110,-0.0107933
0000010120,-0.0121008
0000010130,-0.00784229
0000010140,0.00703847
0000010150,-0.0120989
0000010160,-0.018712
0000010170,-0.0253867
0000010180,-0.0136011
0000010190,-0.0174905
0000010200,-0.0137372
0000010210,-0.0264866
0000010220,-0.0351837
0000010230,-0.0153897
0000010240,-0.017853
0000010250,-0.0105598
0000010260,-0.00672799
0000010270,-0.0141639
0000010280,-0.0200184
0000010290,-0.0167672
0000010300,-0.0105397
0000010310,-0.0226114
0000010320,-0.0159328
0000010330,-0.0287484
0000010340,-0.0268722
0000010350,-0.0158277
0000010360,-0.0161955
0000010370,-0.0114831
0000010380,-0.00369521
0000010390,-0.00102341
0000010400,-0.0291677
0000010410,-0.00487941
0000010420,-0.0185743
0000010430,-0.0045315
0000010440,-0.00671689
0000010450,-0.0214003
0000010460,-0.0282551
0000010470,-0.0160173
0000010480,-0.0170323
0000010490,-0.0108031
0000010500,-0.0105536
0000010510,-0.0244202
0000010520,-0.00361057
0000010530,0.00591274
0000010540,-0.0264688
0000010550,-0.0182523
0000010560,-0.0141974
0000010570,-0.0102756
0000010580,-0.0245709
0000010590,-0.0141527
0000010600,-0.019559
0000010610,-0.0230925
0000010620,-0.0114696
0000010630,-0.0169142
0000010640,-0.0129157
0000010650,-0.0138146
0000010660,-0.00509926
0000010670,-0.0203591
0000010680,-0.00474279
0000010690,-0.0106105
0000010700,-0.00924335
0000010710,-0.01474
0000010720,-0.0215062
0000010730,-0.0219388
0000010740,-0.0275227
0000010750,-0.00507456
0000010760,-0.00690584
0000010770,-0.00528241
0000010780,-0.0331151
0000010790,-0.0332365
0000010800,-0.0104585
0000010810,-0.00498115
0000010820,-0.0178281
0000010830,-0.00446114
0000010840,0.00503735
0000010850,-0.0150034
0000010860,-0.0125832
0000010870,-0.00533853
0000010880,0.00608888
0000010890,-0.0149529
0000010900,-0.0198847
0000010910,-0.0147073
0000010920,-0.0126
0000010930,-0.0207605
0000010940,-0.0230727
0000010950,-0.0149941
0000010960,-0.0189157
0000010970,-0.00438782
0000010980,-0.018086
0000010990,-0.0101083
0000011000,-0.0165182
0000011010,-0.0202113
0000011020,-0.0304466
0000011030,-0.0117466
0000011040,-0.0178289
0000011050,-0.0192834
0000011060,-0.00694779
0000011070,-0.00171435
0000011080,-0.0169422
0000011090,-0.00823582
0000011100,-0.0166917
0000011110,-0.0329843
0000011120,-0.0180875
0000011130,-0.0134431
0000011140,-0.0270886
0000011150,-0.00395557
0000011160,-0.00879121
0000011170,-0.0226233
0000011180,-0.00888277
0000011190,-0.0186328
0000011200,-0.0211556
0000011210,-0.0263659
0000011220,-0.0202993
0000011230,-0.0162295
0000011240,-0.0181892
0000011250,0.011804
0000011260,-0.01587
0000011270,-0.0125408
0000011280,-0.0248915
0000011290,-0.0141116
0000011300,-0.0110501
0000011310,-0.012262
0000011320,-0.0156574
0000011330,-0.017868
0000011340,-0.0167252
0000011350,-0.00525637
0000011360,-0.0315882
0000011370,0.00113374
0000011380,-0.0100332
0000011390,-0.0222728
0000011400,-0.0159904
0000011410,-0.0208431
0000011420,-0.0290411
0000011430,-0.010138
0000011440,-0.0271551
0000011450,-0.0127665
0000011460,-0.0134788
0000011470,-0.0114119
0000011480,0.00240709
0000011490,-0.00999512
0000011500,-0.00961034
0000011510,-0.0304157
0000011520,-0.0321588
0000011530,-0.0080832
0000011540,-0.0262589
0000011550,-0.0285413
0000011560,-0.00417624
0000011570,-0.0082712
0000011580,-0.0348037
0000011590,-0.0134123
0000011600,-0.0226256
0000011610,-0.028124
0000011620,-0.004758
0000011630,-0.0120027
0000011640,-0.0142912
0000011650,-0.0115049
0000011660,-0.000544033
0000011670,-0.0150886
0000011680,-0.0203367
0000011690,-0.0197608
0000011700,-0.00838051
0000011710,-0.0196532
0000011720,-0.0338772
0000011730,-0.0347277
0000011740,-0.0095909
0000011750,-0.0166233
0000011760,-0.00767603
0000011770,-0.0227625
0000011780,-0.00708916
0000011790,-0.00309794
0000011800,-0.0224117
0000011810,-0.00313954
0000011820,-0.0124975
0000011830,-0.0110192
0000011840,-0.0156182
0000011850,-0.0346918
0000011860,-0.0144481
0000011870,-0.0168842
0000011880,-0.0181397
0000011890,-0.00274565
0000011900,-0.0222409
0000011910,-0.00523286
0000011920,-0.0207761
0000011930,-0.0242817
0000011940,-0.00681716
0000011950,-0.0200617
0000011960,-0.0140443
0000011970,-0.0250196
0000011980,-0.0128771
0000011990,-0.017619
0000012000,-0.0229963
0000012010,-0.0213694
0000012020,-0.00741976
0000012030,-0.0163874
0000012040,-0.0045861
0000012050,0.00580564
0000012060,-0.016205
0000012070,-0.0105551
0000012080,-0.0158355
0000012090,-0.0229178
0000012100,-0.0151986
0000012110,-0.00879719
0000012120,-0.0170904
0000012130,-0.006121
0000012140,-0.0275617
0000012150,-0.0258364
0000012160,-0.0106128
0000012170,-0.0264021
0000012180,0.000570289
0000012190,-0.0155443
0000012200,-0.0229236
0000012210,-0.0213868
0000012220,-0.00312988
0000012230,-0.0264038
0000012240,-0.0143545
0000012250,-0.0248172
0000012260,-0.0124894
0000012270,-0.0167316
0000012280,-0.0189709
0000012290,-0.00962428
0000012300,-0.0229276
0000012310,-0.0171777
0000012320,-0.00790101
0000012330,0.0030472
0000012340,0.00107782
0000012350,-0.0131419
0000012360,-0.0158806
0000012370,-0.0159926
0000012380,-0.027351
0000012390,-0.0206931
0000012400,-0.00976874
0000012410,-0.0125302
0000012420,-0.0215941
0000012430,-0.00701014
0000012440,-0.0105146
0000012450,-0.0128279
0000012460,-0.00628243
0000012470,-0.0135276
0000012480,-0.024918
0000012490,-0.0107114
0000012500,0.00208832
0000012510,-0.0179892
0000012520,-0.0167752
0000012530,-0.0236817
0000012540,-0.0123154
0000012550,-0.0171638
0000012560,-0.0078036
0000012570,-0.0165405
0000012580,-0.0114632
0000012590,-0.0177406
0000012600,-0.0195131
0000012610,-0.0219205
0000012620,-0.0202485
0000012630,-0.0080602
0000012640,-0.00907895
0000012650,-0.015829
0000012660,-0.0202345
0000012670,0.00738869
0000012680,-0.013546
0000012690,-0.00520221
0000012700,-0.00918818
0000012710,-0.00446604
0000012720,0.00039766
0000012730,-0.0186543
0000012740,-0.0117104
0000012750,-0.014881
0000012760,-0.0257693
0000012770,-0.0332227
0000012780,-0.00393934
0000012790,-0.00660023
0000012800,-0.0226245
0000012810,-0.0216197
0000012820,-0.0235776
0000012830,-0.000729418
0000012840,-0.0247677
0000012850,-0.00421634
0000012860,-0.0193303
0000012870,-0.0124474
0000012880,-0.0207939
0000012890,-0.017388
0000012900,-0.0148914
0000012910,-0.00260101
0000012920,-0.0118723
0000012930,-0.0260857
0000012940,-0.00803989
0000012950,-0.0245291
0000012960,-0.0115684
0000012970,-0.00853812
0000012980,-0.0179249
0000012990,-0.0140412
0000013000,-0.0137817
0000013010,-0.0261432
0000013020,-0.0125399
0000013030,-0.00180584
0000013040,-0.0204016
0000013050,-0.0147369
0000013060,-0.0185618
0000013070,-0.0319539
0000013080,-0.00500938
0000013090,-0.0153717
0000013100,-0.0113892
0000013110,-0.00835289
0000013120,-0.0109281
0000013130,-0.00785644
0000013140,-0.00574123
0000013150,-0.0166191
0000013160,-0.0162396
0000013170,-0.00695641
0000013180,-0.0142226
0000013190,-0.00679075
0000013200,0.00623813
0000013210,-0.00505233
0000013220,-0.00792497
0000013230,-0.00626794
0000013240,-0.010373
0000013250,-0.00939505
0000013260,-0.0336236
0000013270,0.000893759
0000013280,-0.0110787
0000013290,-0.0165881
0000013300,-0.013235
0000013310,-0.0150475
0000013320,-0.0104224
0000013330,-0.0134757
0000013340,-0.0145885
0000013350,-0.0178596
0000013360,-0.00558626
0000013370,-0.0189009
0000013380,-0.0258438
0000013390,-0.0183629
0000013400,-0.0128562
0000013410,-0.0177464
0000013420,-0.0270386
0000013430,-0.0239754
0000013440,-0.0134624
0000013450,-0.0292962
0000013460,-0.024238
0000013470,-0.0111907
0000013480,-0.0266215
0000013490,-0.0202794
0000013500,-0.012624
0000013510,-0.0029014
0000013520,-0.00420912
0000013530,-0.0123605
0000013540,-0.0232619
0000013550,-0.0114793
0000013560,-0.0077354
0000013570,-0.0179245
0000013580,-0.0198122
0000013590,-0.0133993
0000013600,-0.0151859
0000013610,-0.0068495
0000013620,-0.00584392
0000013630,-0.00980024
0000013640,0.00903917
0000013650,-0.0188859
0000013660,-0.016631
0000013670,-0.0133554
0000013680,-0.0212246
0000013690,-0.0197684
0000013700,-0.0181332
0000013710,-0.0262243
0000013720,0.00488077
0000013730,-0.0121915
0000013740,-0.0103501
0000013750,-0.0148385
0000013760,-0.0115141
0000013770,-0.00999529
0000013780,-0.0125465
0000013790,-0.0329038
0000013800,-0.00909978
0000013810,-0.0269311
0000013820,-0.0170971
0000013830,-0.0263345
0000013840,-0.021899
0000013850,-0.00721854
0000013860,-0.0193282
0000013870,-0.0190346
0000013880,-0.00416061
0000013890,-0.0185522
0000013900,-0.00503046
0000013910,-0.00921921
0000013920,-0.0254642
0000013930,-0.010118
0000013940,-0.0126285
0000013950,-0.026231
0000013960,-0.0221857
0000013970,-0.0107081
0000013980,-0.00711087
0000013990,-0.00698096
0000014000,-0.021262
0000014010,-0.0118499
0000014020,-0.0165912
0000014030,-0.0159978
0000014040,-0.025653
0000014050,-0.0223062
0000014060,-0.0182459
0000014070,-0.0239129
0000014080,-0.016079
0000014090,0.000535927
0000014100,-0.0118083
0000014110,-0.022828
0000014120,-0.0137757
0000014130,-0.00516688
0000014140,-0.0202385
0000014150,-0.0150642
0000014160,-0.020115
0000014170,-0.0200813
0000014180,-0.0294542
0000014190,-0.0180373
0000014200,-0.00389233
0000014210,-0.00699284
0000014220,-0.0162316
0000014230,-0.0148496
0000014240,-0.0265424
0000014250,-0.0126245
0000014260,-0.0136698
0000014270,-0.0242975
0000014280,-0.0115735
0000014290,-0.0295097
0000014300,-0.023448
0000014310,-0.025845
0000014320,-0.000696503
0000014330,-0.0142324
0000014340,-0.0240905
0000014350,-0.02755
0000014360,-0.00601299
0000014370,-0.0154364
0000014380,-0.0183042
0000014390,-0.0179531
0000014400,-0.0193084
0000014410,-0.0119231
0000014420,-0.0271082
0000014430,-0.0264387
0000014440,-0.0118412
0000014450,-0.0139893
0000014460,-0.00951525
0000014470,-0.0160479
0000014480,-0.00285894
0000014490,-0.0142383
0000014500,-0.00938169
0000014510,-0.0179329
0000014520,-0.0262046
0000014530,-0.00740585
0000014540,-0.00744915
0000014550,-0.00135386
0000014560,-0.0200532
0000014570,-0.0230175
0000014580,-0.00946413
0000014590,-0.0143242
0000014600,-0.023906
0000014610,-0.00759051
0000014620,-0.0194219
0000014630,-0.00936952
0000014640,-0.00871861
0000014650,-0.00933244
0000014660,-0.0173674
0000014670,-0.00465288
0000014680,-0.0275425
0000014690,-0.025558
0000014700,-0.019514
0000014710,-0.00582397
0000014720,-0.0231829
0000014730,-0.00554653
0000014740,-0.00854769
0000014750,-0.00826743
0000014760,-0.019636
0000014770,-0.0141067
0000014780,-0.0144984
0000014790,-0.00828243
0000014800,-0.017709
0000014810,-0.00485395
0000014820,-0.0108491
0000014830,-0.00632229
0000014840,-0.0197503
0000014850,-0.0207574
0000014860,-0.012717
0000014870,-0.0199308
0000014880,-0.0246446
0000014890,-0.0260436
0000014900,-0.0367391
0000014910,-0.00789731
0000014920,-0.032983
0000014930,-0.00868603
0000014940,-0.0238849
0000014950,-0.0177699
0000014960,-0.0190045
0000014970,-0.000790875
0000014980,-0.00923655
0000014990,-0.00627703
0000015000,-0.0157698
0000015010,-0.0149135
0000015020,-0.0058862
0000015030,-0.0158111
0000015040,-0.0362358
0000015050,-0.00322417
0000015060,-0.00632353
0000015070,0.000486447
0000015080,-0.0220863
0000015090,-0.0232976
0000015100,-0.0152913
0000015110,-0.00801678
0000015120,-0.0107379
0000015130,-0.00768424
0000015140,-0.0177585
0000015150,-0.0180813
0000015160,-0.00575653
0000015170,-0.0086435
0000015180,-0.0251821
0000015190,-0.012302
0000015200,-0.0204641
0000015210,-0.0242766
0000015220,-0.0212203
0000015230,-0.00567187
0000015240,-0.0162748
0000015250,-0.011266
0000015260,-0.0152819
0000015270,-0.00904282
0000015280,-0.0162099
0000015290,-0.0148022
0000015300,-0.0105529
0000015310,-0.011667
0000015320,-0.011015
0000015330,-0.0145514
0000015340,-0.0219512
0000015350,-0.00404488
0000015360,-0.0118962
0000015370,-0.0133814
0000015380,-0.0191063
0000015390,-0.0034126
0000015400,-0.0205034
0000015410,-0.00965209
0000015420,-0.017408
0000015430,-0.013499
0000015440,-0.00459393
0000015450,-0.0336519
0000015460,-0.0237448
0000015470,-0.0151086
0000015480,-0.0202489
0000015490,-0.0110419
0000015500,-0.0222598
0000015510,-0.0137234
0000015520,-0.0179398
0000015530,-0.0173368
0000015540,-0.014464
0000015550,-0.0326646
0000015560,-0.0133992
0000015570,-0.0203136
0000015580,-0.0138873
0000015590,-0.0108188
0000015600,-0.0214392
0000015610,-0.00907607
0000015620,-0.0180431
0000015630,-0.020047
0000015640,-0.0151668
0000015650,-0.0138831
0000015660,-0.0138311
0000015670,-0.0131444
0000015680,-0.01228
0000015690,-0.0217231
0000015700,-0.00624289
0000015710,-0.0217765
0000015720,-0.0106749
0000015730,-0.0293997
0000015740,-0.0312911
0000015750,-0.00575807
0000015760,-0.0227541
0000015770,-0.0264008
0000015780,-0.01864
0000015790,-0.0196582
0000015800,-0.0071555
0000015810,-0.028456
0000015820,-0.00849182
0000015830,0.00616693
0000015840,-0.0150823
0000015850,-0.0044377
0000015860,-0.0114763
0000015870,-0.0214103
0000015880,-0.0171542
0000015890,-0.00957326
0000015900,-0.0219051
0000015910,-0.0166362
0000015920,-0.0005178
0000015930,-0.0265514
0000015940,-0.00978129
0000015950,-0.0194742
0000015960,-0.0035416
0000015970,-0.0133483
0000015980,-0.0206551
0000015990,-0.0238964
0000016000,-0.0139959
0000016010,-0.011263
0000016020,-0.0158214
0000016030,-0.0103852
0000016040,-0.0218201
0000016050,-0.0299783
0000016060,-0.0190343
0000016070,-0.0197366
0000016080,-0.0208822
0000016090,-0.0119719
0000016100,-0.0263001
0000016110,-0.00991697
0000016120,-0.012555
0000016130,-0.01053
0000016140,-0.0143002
0000016150,-0.0138129
0000016160,-0.00590926
0000016170,-0.00537623
0000016180,-0.000625416
0000016190,-0.00150709
0000016200,-0.012297
0000016210,-0.0194837
0000016220,-0.0122069
0000016230,-0.0240849
0000016240,-0.00148618
0000016250,-0.0208409
0000016260,-0.00781599
0000016270,-0.0105372
0000016280,0.00760229
0000016290,-0.0212828
0000016300,-0.0106662
0000016310,-0.00556758
0000016320,-0.00159111
0000016330,-0.019939
0000016340,-0.00856467
0000016350,-0.00849445
0000016360,-0.00791162
0000016370,-0.0224314
0000016380,-0.0124124
0000016390,-0.00757774
0000016400,-0.00783825
0000016410,-0.0129527
0000016420,-0.014695
0000016430,-0.0165544
0000016440,-0.014253
0000016450,-0.0114347
0000016460,-0.0119002
0000016470,-0.0119014
0000016480,-0.00594349
0000016490,-0.0112221
0000016500,-0.000967666
0000016510,-0.0205067
0000016520,-0.000231492
0000016530,-0.0118775
0000016540,-0.0128576
0000016550,-0.028353
0000016560,-0.0156514
0000016570,-0.0227944
0000016580,-0.00402091
0000016590,-0.0173104
0000016600,-0.0211913
0000016610,-0.0287912
0000016620,-0.00959865
0000016630,-0.0182426
0000016640,-0.019352
0000016650,-0.00783704
0000016660,-0.00899403
0000016670,-0.0152972
0000016680,-0.0268263
0000016690,-0.0231465
0000016700,-0.0166399
0000016710,-0.000373721
0000016720,-0.0108999
0000016730,-0.0124538
0000016740,-0.00740826
0000016750,-0.0272701
0000016760,-0.0133793
0000016770,-0.00714262
0000016780,-0.0147287
0000016790,-0.0266407
0000016800,-0.00579184
0000016810,-0.00633716
0000016820,-0.00161331
0000016830,-0.0298761
0000016840,-0.0127946
0000016850,-0.0223669
0000016860,-0.00719183
0000016870,-0.0119432
0000016880,-0.0265918
0000016890,-0.00946328
0000016900,-0.0134069
0000016910,-0.0230557
0000016920,-0.0163368
0000016930,-0.0114797
0000016940,-0.0163646
0000016950,-0.0212856
0000016960,-0.0336556
0000016970,-0.00472648
0000016980,-0.0200358
0000016990,-0.0142513
0000017000,-0.0231568
0000017010,-0.00148655
0000017020,-0.022576
0000017030,-0.00997432
0000017040,-0.00017267
0000017050,-0.0163413
0000017060,-0.0106387
0000017070,-0.0076992
0000017080,-0.00878131
0000017090,-0.0128307
0000017100,0.000971645
0000017110,-0.0259444
0000017120,-0.0236856
0000017130,-0.0216789
0000017140,-0.0104285
0000017150,-0.0164156
0000017160,-0.0142895
0000017170,-0.0299506
0000017180,-0.0262418
0000017190,-0.0178981
0000017200,-0.0138614
0000017210,-0.0123627
0000017220,-0.00901389
0000017230,-0.0217861
0000017240,-0.0179544
0000017250,-0.0138362
0000017260,-0.0128334
0000017270,-0.0128245
0000017280,-0.0135202
0000017290,-0.0139704
0000017300,-0.029734
0000017310,-0.0188549
0000017320,-0.00979423
0000017330,-0.013674
0000017340,-0.0223288
0000017350,-0.0321827
0000017360,-0.0197356
0000017370,-0.0144629
0000017380,-0.00886072
0000017390,-0.0118583
0000017400,-0.0129654
0000017410,-0.0079328
0000017420,-0.0329552
0000017430,-0.0110029
0000017440,-0.0215622
0000017450,0.00362334
0000017460,-0.000315566
0000017470,-0.0123124
0000017480,-0.0141478
0000017490,-0.0187931
0000017500,-0.0116509
0000017510,-0.0166215
0000017520,-0.0131557
0000017530,-0.0167959
0000017540,-0.0210292
0000017550,-0.00601307
0000017560,-0.00230014
0000017570,-0.021099
0000017580,-0.0167617
0000017590,-0.0160102
0000017600,-0.0173522
0000017610,-0.0241274
0000017620,-0.0227883
0000017630,-0.0254897
0000017640,-0.0244552
0000017650,-0.000813705
0000017660,-0.0116413
0000017670,-0.00840789
0000017680,-0.0166069
0000017690,-0.0204936
0000017700,-0.00872945
0000017710,-0.0115908
0000017720,-0.0145575
0000017730,-0.0134216
0000017740,-0.00378286
0000017750,-0.0153168
0000017760,-0.0221451
0000017770,-0.0137311
0000017780,-0.0206473
0000017790,-0.0153003
0000017800,-0.0137221
0000017810,-0.016489
0000017820,-0.00134512
0000017830,-0.00782168
0000017840,-0.0153065
0000017850,-0.012773
0000017860,-0.0179176
0000017870,-0.0238696
0000017880,-0.00632613
0000017890,-0.0154114
0000017900,-0.0139491
0000017910,-0.0214511
0000017920,-0.00506948
0000017930,0.00216453
0000017940,-0.0193057
0000017950,-0.000862702
0000017960,-0.00173107
0000017970,-0.0207898
0000017980,-0.0111157
0000017990,-0.0220525
0000018000,-0.00944594
0000018010,-0.0174163
0000018020,-0.0149414
0000018030,-0.0158587
0000018040,-0.0101573
0000018050,-0.0246155
0000018060,-0.00856097
0000018070,-0.0156125
0000018080,-0.00606497
0000018090,-0.0202547
0000018100,-0.00752995
0000018110,-0.0148798
0000018120,-0.0132387
0000018130,-0.0177434
0000018140,-0.00853948
0000018150,-0.0240365
0000018160,-0.0141452
0000018170,-0.01843
0000018180,-0.0151521
0000018190,-0.0179175
0000018200,-0.0198671
0000018210,-0.0134513
0000018220,-0.0173701
0000018230,-0.00547381
0000018240,-0.0158368
0000018250,-0.0242393
0000018260,-0.018577
0000018270,0.00094857
0000018280,-0.0218965
0000018290,-0.0249037
0000018300,-0.0199261
0000018310,-0.0125404
0000018320,-0.0106553
0000018330,-0.0186538
0000018340,-0.0182932
0000018350,-0.00945327
0000018360,-0.00842668
0000018370,-0.0164387
0000018380,-0.0183495
0000018390,-0.00308013
0000018400,-0.00918336
0000018410,-0.0129188
0000018420,-0.00456093
0000018430,-0.0207759
0000018440,-0.00345708
0000018450,-0.013062
0000018460,-0.0166286
0000018470,-0.0217763
0000018480,-0.0222381
0000018490,-0.0170651
0000018500,-0.022751
0000018510,-0.0360328
0000018520,-0.016267
0000018530,-0.0192938
0000018540,-0.0191423
0000018550,-0.0220789
0000018560,-0.00458824
0000018570,-0.0133732
0000018580,0.000808275
0000018590,-0.0139564
0000018600,-0.0154487
0000018610,-0.0260687
0000018620,-0.0185883
0000018630,-0.0197981
0000018640,-0.0130522
0000018650,-0.0103771
0000018660,-0.0183983
0000018670,-0.0111755
0000018680,-0.0157216
0000018690,-0.013153
0000018700,-0.00611393
0000018710,-0.0150751
0000018720,-0.023986
0000018730,-0.021079
0000018740,-0.0184836
0000018750,-0.0119675
0000018760,-0.0111399
0000018770,-0.0264695
0000018780,-0.0204076
0000018790,-0.00234721
0000018800,-0.0296951
0000018810,-0.0133822
0000018820,-0.00762766
0000018830,-0.0112682
0000018840,-0.0219654
0000018850,-0.0057136
0000018860,-0.0141192
0000018870,-0.0143565
0000018880,-0.0269124
0000018890,-0.0256302
0000018900,-0.0169227
0000018910,4.35542e-06
0000018920,-0.0147546
0000018930,-0.0125124
0000018940,-0.00603308
0000018950,-0.0055634
0000018960,-0.0192013
0000018970,-0.0206962
0000018980,-0.00595052
0000018990,-0.0145242
0000019000,-0.0113131
0000019010,-0.0262741
0000019020,-0.00806663
0000019030,-0.0168792
0000019040,-0.020682
0000019050,-0.0228776
0000019060,-0.0155101
0000019070,-0.0165998
0000019080,-0.0154305
0000019090,-0.0228202
0000019100,-0.0163052
0000019110,0.00213739
0000019120,-0.0170108
0000019130,-0.0124911
0000019140,-0.0163886
0000019150,-0.0143998
0000019160,-0.00317964
0000019170,-0.0132297
0000019180,-0.00743493
0000019190,-0.00668835
0000019200,-0.00970646
0000019210,-0.0031318
0000019220,-0.0148302
0000019230,-0.0146359
0000019240,-0.0174098
0000019250,-0.0145784
0000019260,-0.00962242
0000019270,-0.0268863
0000019280,-0.0255618
0000019290,-0.0232099
0000019300,-0.0281997
0000019310,-0.0197722
0000019320,-0.00739635
0000019330,-0.0166055
0000019340,-0.0079752
0000019350,-0.00970111
0000019360,-0.0420177
0000019370,-0.0152293
0000019380,-0.0126124
0000019390,-0.0205939
0000019400,-0.0199852
0000019410,-0.0111548
0000019420,-0.00818535
0000019430,-0.0133424
0000019440,-0.0202568
0000019450,-0.0147042
0000019460,-0.0225515
0000019470,-0.00778057
0000019480,-0.0141349
0000019490,-0.0142746
0000019500,-0.00451792
0000019510,-0.0165601
0000019520,-0.00479778
0000019530,-0.00769373
0000019540,-0.0261028
0000019550,-0.021007
0000019560,-0.0131516
0000019570,-0.015152
0000019580,-0.0142902
0000019590,-0.026896
0000019600,-0.0156615
0000019610,-0.019525
0000019620,-0.0232727
0000019630,-0.00775585
0000019640,-0.0223203
0000019650,-0.00741415
0000019660,-0.0166427
0000019670,-0.0187109
0000019680,-0.0136552
0000019690,-0.0118601
0000019700,0.000973655
0000019710,-0.0261937
0000019720,-0.0149729
0000019730,-0.00451267
0000019740,-0.0121774
0000019750,0.00374931
0000019760,-0.0238921
0000019770,-0.00507061
0000019780,-0.0304882
0000019790,-0.0104662
0000019800,-0.00695252
0000019810,-0.0239203
0000019820,-0.00058324
0000019830,-0.0130296
0000019840,-0.0214301
0000019850,0.00396793
0000019860,-0.0185423
0000019870,-0.00661325
0000019880,-0.0217622
0000019890,-0.00882872
0000019900,-0.00493711
0000019910,-0.0237498
0000019920,-0.0121217
0000019930,-0.0111616
0000019940,-0.00979727
0000019950,-0.00377924
0000019960,-0.024468
0000019970,-0.024773
0000019980,-0.00181655
0000019990,-0.0136562
0000020000,-0.0128518
0000020010,-0.014173
0000020020,-0.00552996
0000020030,-0.00767939
0000020040,-0.030044
0000020050,-0.00611489
0000020060,-0.0095569
0000020070,0.00379339
0000020080,-0.0215212
0000020090,-0.0129192
0000020100,-0.0224222
0000020110,-0.0181488
0000020120,0.00104121
0000020130,-0.0112645
0000020140,-0.0176269
0000020150,-0.00598093
0000020160,-0.0212297
0000020170,-0.0123857
0000020180,-0.0138416
0000020190,-0.0113465
0000020200,-0.0107701
0000020210,-0.0165738
0000020220,-0.0267324
0000020230,-0.0206564
0000020240,-0.00925812
0000020250,-0.00331399
0000020260,-0.015152
0000020270,-0.0123831
0000020280,-0.0127944
0000020290,-0.013606
0000020300,-0.00940166
0000020310,-0.0253683
0000020320,-0.0109379
0000020330,-0.0142202
0000020340,-0.00998315
0000020350,-0.00446423
0000020360,-0.0244803
0000020370,-0.0227995
0000020380,-0.0202393
0000020390,-0.0146405
0000020400,-0.0192428
0000020410,-0.02243
0000020420,-0.0205558
0000020430,-0.0180901
0000020440,-0.0275839
0000020450,-0.0267424
0000020460,-0.0274149
0000020470,-0.0110754
0000020480,-0.0133388
0000020490,-0.0258087
0000020500,-0.012508
0000020510,-0.00464806
0000020520,-0.0241917
0000020530,-0.00309533
0000020540,-0.00432182
0000020550,-0.00751308
0000020560,-0.0149168
0000020570,-0.0188871
0000020580,-0.0175951
0000020590,-0.0211626
0000020600,-0.0107483
0000020610,-0.0143514
0000020620,-0.0217415
0000020630,-0.00946954
0000020640,-0.0156988
0000020650,-0.00841952
0000020660,-0.0114523
0000020670,-0.00862482
0000020680,-0.0129504
0000020690,-0.0181516
0000020700,-0.0157498
0000020710,-0.024542
0000020720,-0.00936854
0000020730,-0.012454
0000020740,-0.0189841
0000020750,-0.0227891
0000020760,-0.0174233
0000020770,-0.015814
0000020780,-0.0107373
0000020790,-0.0120728
0000020800,-0.013496
0000020810,-0.025387
0000020820,-0.0144701
0000020830,-0.0176566
0000020840,-0.00852419
0000020850,-0.0206498
0000020860,-0.0177205
0000020870,-0.0212709
0000020880,-0.00521151
0000020890,-0.00813687
0000020900,-0.0149224
0000020910,-0.00558783
0000020920,-0.0141001
0000020930,-0.00506463
0000020940,-0.0160972
0000020950,-0.0251094
0000020960,-0.00625844
0000020970,-0.019552
0000020980,-0.0151689
0000020990,-0.00668613
0000021000,-0.00156008
0000021010,-0.0165327
0000021020,-0.000454218
0000021030,-0.0229712
0000021040,-0.00170348
0000021050,-0.00262756
0000021060,-0.0175008
0000021070,-0.0149828
0000021080,-0.0127892
0000021090,-0.0277974
0000021100,-0.00863941
0000021110,-0.00888358
0000021120,-0.0178995
0000021130,-0.0155895
0000021140,-0.0181599
0000021150,-0.0172562
0000021160,-0.0181088
0000021170,-0.00774718
0000021180,-0.00713124
0000021190,-0.0111897
0000021200,-0.0174677
0000021210,-0.0219059
0000021220,-0.0189259
0000021230,-0.0104811
0000021240,-0.0233937
0000021250,-0.00994385
0000021260,-0.00183021
0000021270,-0.0252986
0000021280,-0.00961162
0000021290,-0.011387
0000021300,-0.01582
0000021310,-0.0101412
0000021320,-0.0160693
0000021330,-0.0237423
0000021340,-0.0063053
0000021350,-0.0193848
0000021360,-0.0333373
0000021370,-0.0213972
0000021380,-0.0121423
0000021390,-0.00654501
0000021400,-0.00303186
0000021410,-0.0198403
0000021420,-0.0125632
0000021430,-0.0111165
0000021440,-0.0150461
0000021450,-0.0189047
0000021460,-0.0102747
0000021470,-0.0122123
0000021480,-0.0130502
0000021490,-0.011234
0000021500,-0.0280864
0000021510,-0.0104161
0000021520,-0.0153985
0000021530,-0.0288219
0000021540,-0.00599925
0000021550,-0.0176962
0000021560,-0.00201245
0000021570,-0.00662045
0000021580,-0.0243483
0000021590,-0.0209566
0000021600,-0.0296445
0000021610,-0.033047
0000021620,-0.0225807
0000021630,-0.00981399
0000021640,-0.013093
0000021650,-0.0253199
0000021660,-0.0210279
0000021670,-0.00531254
0000021680,-0.0164389
0000021690,-0.0144822
0000021700,0.00123621
0000021710,-0.0262066
0000021720,-0.0139526
0000021730,-0.0206506
0000021740,-0.0105497
0000021750,-0.0120872
0000021760,-0.00910002
0000021770,-0.010317
0000021780,-0.0118755
0000021790,-0.018162
0000021800,-0.0107638
0000021810,-0.0190271
0000021820,-0.0261662
0000021830,-0.0236921
0000021840,-0.00787589
0000021850,0.010211
0000021860,-0.00947026
0000021870,-0.0166625
0000021880,-0.0112206
0000021890,-0.0126449
0000021900,-0.00384814
0000021910,-0.0154496
0000021920,-0.00639307
0000021930,-0.0106862
0000021940,-0.0285848
0000021950,-0.0258643
0000021960,-0.0136012
0000021970,-0.018347
0000021980,-0.0225534
0000021990,-0.0198309
