0000000000,-0.015961
0000000010,-0.0163293
0000000020,-0.0124837
0000000030,-0.011299
0000000040,-0.0248228
0000000050,-0.015404
0000000060,-0.0210008
0000000070,-0.0187371
0000000080,-0.0354645
0000000090,-0.0219795
0000000100,-0.0133887
0000000110,-0.00727369
0000000120,-0.027403
0000000130,-0.033643
0000000140,-0.0264513
0000000150,-0.00908442
0000000160,-0.0208725
0000000170,-0.0248048
0000000180,-0.0259558
0000000190,-0.0114459
0000000200,-0.00950549
0000000210,-0.0164869
0000000220,-0.0169024
0000000230,-0.0069679
0000000240,-0.0132839
0000000250,-0.0155514
0000000260,-0.0165122
0000000270,-0.0171478
0000000280,-0.0268555
0000000290,-0.0280005
0000000300,-0.0106852
0000000310,-0.0161776
0000000320,-0.00663151
0000000330,-0.0163884
0000000340,-0.0175172
0000000350,-0.017988
0000000360,-0.0164798
0000000370,-0.0211322
0000000380,-0.0160869
0000000390,-0.0210465
0000000400,-0.0122023
0000000410,-0.0245344
0000000420,-0.012481
0000000430,-0.0348822
0000000440,-0.0218352
0000000450,-0.0121255
0000000460,-0.0149794
0000000470,-0.00877592
0000000480,-0.0314455
0000000490,-0.0189114
0000000500,-0.0296089
0000000510,-0.0229245
0000000520,-0.0147209
0000000530,-0.0244371
0000000540,-0.019988
0000000550,-0.00499024
0000000560,-0.0168794
0000000570,-0.0128495
0000000580,-0.0152777
0000000590,-0.00857048
0000000600,-0.0207235
0000000610,-0.0178958
0000000620,-0.0114185
0000000630,-0.0157263
0000000640,-0.0156269
0000000650,-0.0214226
0000000660,-0.01769
0000000670,-0.0173779
0000000680,-0.019438
0000000690,-0.0285534
0000000700,-0.0139947
0000000710,-0.0155089
0000000720,-0.00997297
0000000730,-0.0194366
0000000740,-0.0211614
0000000750,-0.0236362
0000000760,-0.0296908
0000000770,-0.0127945
0000000780,-0.0112213
0000000790,-0.0140733
0000000800,-0.0230188
0000000810,-0.0119729
0000000820,-0.00230087
0000000830,-0.0153948
0000000840,-0.00563698
0000000850,-0.0158864
0000000860,-0.0122516
0000000870,-0.0307152
0000000880,-0.0277457
0000000890,-0.0142903
0000000900,-0.018266
0000000910,-0.00619605
0000000920,-0.0125733
0000000930,-0.0179471
0000000940,-0.0108657
0000000950,-0.0218174
0000000960,-0.0160354
0000000970,-0.0265717
0000000980,-0.0210231
0000000990,-0.0267597
0000001000,-0.0188156
0000001010,-0.0239555
0000001020,-0.0149274
0000001030,-0.0207485
0000001040,-0.0124931
0000001050,-0.021914
0000001060,-0.0256805
0000001070,-0.0160046
0000001080,-0.0297573
0000001090,-0.025341
0000001100,-0.00744908
0000001110,-0.0137131
0000001120,-0.0126892
0000001130,-0.00506022
0000001140,-0.0134262
0000001150,-0.023575
0000001160,-0.0191759
0000001170,-0.0238824
0000001180,-0.00535901
0000001190,-0.00865756
0000001200,-0.0180555
0000001210,-0.0186843
0000001220,-0.0183008
0000001230,-0.0174567
0000001240,-0.0109693
0000001250,-0.00494529
0000001260,-0.0197117
0000001270,-0.0201461
0000001280,-0.0233725
0000001290,-0.0242511
0000001300,-0.00822937
0000001310,-0.0369506
0000001320,-0.0196235
0000001330,-0.0145381
0000001340,-0.0170603
0000001350,-0.0211371
0000001360,-0.0158606
0000001370,-0.0156147
0000001380,-0.030433
0000001390,-0.0114906
0000001400,-0.0220543
0000001410,-0.0131327
0000001420,-0.017736
0000001430,-0.00928918
0000001440,-0.0197541
0000001450,-0.0115284
0000001460,-0.0249847
0000001470,-0.0116184
0000001480,-0.0123342
0000001490,-0.0220558
0000001500,-0.0107449
0000001510,-0.0263873
0000001520,-0.0230983
0000001530,-0.0172738
0000001540,-0.0169198
0000001550,-0.0171961
0000001560,-0.00745546
0000001570,-0.0243928
0000001580,-0.0234178
0000001590,-0.0157831
0000001600,-0.0213854
0000001610,-0.0164194
0000001620,-0.0298891
0000001630,-0.0270257
0000001640,-0.0137622
0000001650,-0.00955284
0000001660,-0.0192779
0000001670,-0.0161303
0000001680,-0.0102251
0000001690,-0.0165428
0000001700,-0.00336634
0000001710,-0.0139059
0000001720,-0.0148788
0000001730,-0.00897191
0000001740,-0.0176141
0000001750,-0.00457597
0000001760,-0.00344033
0000001770,0.000634329
0000001780,-0.00696362
0000001790,-0.0218786
0000001800,-0.0157845
0000001810,-0.028559
0000001820,-0.0186986
0000001830,-0.0222849
0000001840,-0.0242132
0000001850,-0.0217404
0000001860,-0.015758
0000001870,-0.00800789
0000001880,-0.0185754
0000001890,-0.00947787
0000001900,-0.0102543
0000001910,-0.0223538
0000001920,-0.0229893
0000001930,-0.00697634
0000001940,-0.0155254
0000001950,-0.0226581
0000001960,-0.0257257
0000001970,-0.0191894
0000001980,-0.0198777
0000001990,-0.0274846
0000002000,-0.0102906
0000002010,-0.0190421
0000002020,-0.0209419
0000002030,-0.0236082
0000002040,-0.0174697
0000002050,-0.0187615
0000002060,-0.0235161
0000002070,-0.0176973
0000002080,-0.00910675
0000002090,-0.0140031
0000002100,-0.0145575
0000002110,-0.0272994
0000002120,-0.0249129
0000002130,-0.0128724
0000002140,-0.02699
0000002150,-0.0151873
0000002160,-0.0191708
0000002170,-0.0132417
0000002180,-0.0134775
0000002190,-0.0133684
0000002200,-0.0104416
0000002210,-0.0171331
0000002220,-0.0231081
0000002230,-0.00191922
0000002240,-0.0241704
0000002250,-0.0246779
0000002260,-0.0146348
0000002270,-0.00925668
0000002280,-0.0153842
0000002290,-0.0121901
0000002300,-0.0273056
0000002310,-0.0144261
0000002320,-0.00427725
0000002330,-0.0125409
0000002340,-0.0175559
0000002350,-0.0201589
0000002360,-0.0251825
0000002370,-0.0152085
0000002380,-0.0223167
0000002390,-0.0211643
0000002400,-0.025317
0000002410,-0.029754
0000002420,-0.0310521
0000002430,-0.00802896
0000002440,-0.0251206
0000002450,-0.0158431
0000002460,-0.0227396
0000002470,-0.0226075
0000002480,-0.022556
0000002490,-0.0213035
0000002500,-0.0185702
0000002510,-0.0199255
0000002520,-0.0170775
0000002530,-0.0196449
0000002540,-0.0108727
0000002550,-0.0212253
0000002560,-0.0270376
0000002570,-0.0245306
0000002580,-0.0174752
0000002590,-0.00426408
0000002600,-0.022506
0000002610,-0.0137794
0000002620,-0.0210155
0000002630,-0.013135
0000002640,-0.0176024
0000002650,-0.0161769
0000002660,-0.0241464
0000002670,-0.0176854
0000002680,-0.0127913
0000002690,-0.029965
0000002700,-0.0156321
0000002710,-0.0199796
0000002720,-0.0169996
0000002730,-0.0234737
0000002740,-0.0185801
0000002750,-0.0178082
0000002760,-0.0118822
0000002770,-0.028374
0000002780,-0.00863956
0000002790,-0.0175327
0000002800,-0.0206776
0000002810,-0.0201817
0000002820,-0.0111021
0000002830,-0.0155498
0000002840,-0.0246158
0000002850,-0.0163519
0000002860,-0.029258
0000002870,-0.021334
0000002880,-0.0323955
0000002890,-0.0181988
0000002900,-0.0215949
0000002910,-0.00950425
0000002920,-0.0175142
0000002930,-0.0123438
0000002940,-0.0128558
0000002950,-0.0291378
0000002960,-0.0205968
0000002970,-0.0120045
0000002980,-0.0327138
0000002990,-0.0297179
0000003000,-0.00841991
0000003010,-0.0205414
0000003020,-0.023033
0000003030,-0.0186656
0000003040,-0.0173358
0000003050,-0.0115525
0000003060,-0.0244999
0000003070,-0.0131988
0000003080,-0.0138552
0000003090,-0.0330192
0000003100,-0.0150199
0000003110,-0.0156398
0000003120,-0.0177509
0000003130,-0.0133546
0000003140,-0.0205869
0000003150,-0.00782897
0000003160,-0.0243955
0000003170,-0.00914102
0000003180,-0.0196856
0000003190,-0.0242616
0000003200,-0.0266086
0000003210,-0.0260267
0000003220,-0.0131335
0000003230,-0.00708637
0000003240,-0.016908
0000003250,-0.0176456
0000003260,-0.0200526
0000003270,-0.015587
0000003280,-0.0152097
0000003290,-0.0139118
0000003300,-0.0110146
0000003310,-0.022258
0000003320,-0.0205286
0000003330,-0.0345592
0000003340,-0.0163205
0000003350,-0.0193676
0000003360,-0.0108468
0000003370,-0.0157822
0000003380,-0.0092422
0000003390,-0.023023
0000003400,-0.0219206
0000003410,-0.00687382
0000003420,-0.0149671
0000003430,-0.00151471
0000003440,-0.0154932
0000003450,-0.0314301
0000003460,-0.0201704
0000003470,-0.015447
0000003480,-0.0193249
0000003490,-0.0198095
0000003500,-0.0249862
0000003510,-0.023496
0000003520,-0.0260813
0000003530,-0.00414322
0000003540,-0.0147271
0000003550,-0.0151578
0000003560,-0.0189465
0000003570,-0.0184311
0000003580,-0.0215687
0000003590,-0.0135044
0000003600,-0.0141484
0000003610,-0.0292575
0000003620,-0.00967276
0000003630,-0.0220537
0000003640,-0.0143047
0000003650,-0.0238828
0000003660,-0.00809174
0000003670,0.00282614
0000003680,-0.0279441
0000003690,-0.023925
0000003700,-0.00817471
0000003710,-0.019868
0000003720,-0.00552584
0000003730,-0.00366517
0000003740,-0.0212602
0000003750,-0.0189548
0000003760,-0.0170715
0000003770,-0.0200254
0000003780,-0.0133308
0000003790,-0.00937536
0000003800,-0.018849
0000003810,-0.0211823
0000003820,-0.0125261
0000003830,-0.0124685
0000003840,-0.0199729
0000003850,-0.00522462
0000003860,-0.0225593
0000003870,-0.0136386
0000003880,-0.0182092
0000003890,-0.0136374
0000003900,-0.0225355
0000003910,-0.0173766
0000003920,-0.0187537
0000003930,-0.017966
0000003940,-0.016786
0000003950,-0.0195821
0000003960,-0.0252029
0000003970,-0.00952175
0000003980,-0.0351548
0000003990,-0.0130622
0000004000,-0.00488745
0000004010,-0.0101277
0000004020,-0.0227651
0000004030,-0.00853619
0000004040,-0.00309323
0000004050,-0.0172219
0000004060,-0.0183587
0000004070,-0.0272332
0000004080,-0.011604
0000004090,-0.0226226
0000004100,-0.00984849
0000004110,-0.0175871
0000004120,-0.00505209
0000004130,-0.0174053
0000004140,-0.0172482
0000004150,-0.0141873
0000004160,-0.0135892
0000004170,-0.024613
0000004180,-0.00340734
0000004190,-0.015018
0000004200,-0.0180399
0000004210,-0.0173945
0000004220,-0.0236683
0000004230,-0.0292961
0000004240,-0.0244846
0000004250,-0.016872
0000004260,-0.0232122
0000004270,-0.0225429
0000004280,-0.0141526
0000004290,-0.00701046
0000004300,-0.0127798
0000004310,-0.0109685
0000004320,-0.0201293
0000004330,-0.018835
0000004340,-0.017288
0000004350,-0.015941
0000004360,-0.0156316
0000004370,-0.011759
0000004380,-0.0146249
0000004390,-0.0177802
0000004400,-0.0167431
0000004410,-0.0360119
0000004420,-0.0257194
0000004430,-0.0212122
0000004440,-0.0122553
0000004450,-0.0126776
0000004460,-0.0217855
0000004470,-0.0146558
0000004480,-0.0209013
0000004490,-0.0156954
0000004500,-0.013898
0000004510,-0.0123461
0000004520,-0.0313292
0000004530,-0.0132086
0000004540,-0.0171602
0000004550,-0.0275128
0000004560,-0.00978732
0000004570,-0.0241213
0000004580,-0.0120884
0000004590,-0.014391
0000004600,-0.0248073
0000004610,-0.0341566
0000004620,-0.0194798
0000004630,-0.0186945
0000004640,-0.0136867
0000004650,-0.00980762
0000004660,-0.0307397
0000004670,-0.0296151
0000004680,-0.00824278
0000004690,-0.00950014
0000004700,-0.0174238
0000004710,-0.0209712
0000004720,-0.0190585
0000004730,-0.00406601
0000004740,-0.019272
0000004750,-0.0269874
0000004760,-0.0202213
0000004770,-0.0166367
0000004780,-0.0205287
0000004790,-0.0196332
0000004800,-0.0154179
0000004810,-0.0232471
0000004820,-0.0110949
0000004830,-0.0056941
0000004840,-0.0242233
0000004850,-0.0172111
0000004860,-0.0210582
0000004870,-0.00299069
0000004880,-0.0248406
0000004890,-0.0270072
0000004900,-0.0133989
0000004910,-0.0279061
0000004920,-0.00704608
0000004930,-0.0188359
0000004940,-0.0165888
0000004950,-0.00616465
0000004960,-0.0167679
0000004970,-0.0123837
0000004980,-0.0234182
0000004990,-0.0100149
0000005000,-0.0134492
0000005010,-0.0201899
0000005020,-0.0223884
0000005030,-0.0198254
0000005040,-0.0130652
0000005050,-0.0227485
0000005060,-0.0206246
0000005070,-0.0297352
0000005080,-0.0104943
0000005090,-0.0164906
0000005100,-0.0131689
0000005110,-0.025759
0000005120,-0.00284611
0000005130,-0.0172616
0000005140,-0.0278196
0000005150,-0.0159726
0000005160,-0.0141594
0000005170,-0.0179307
0000005180,-0.0155296
0000005190,-0.0136297
0000005200,-0.0239532
0000005210,-0.00455736
0000005220,-0.0103745
0000005230,-0.0198904
0000005240,-0.0180945
0000005250,-0.0253127
0000005260,-0.0255686
0000005270,-0.0125884
0000005280,-0.0205959
0000005290,-0.0218005
0000005300,-0.0161422
0000005310,-0.0205107
0000005320,-0.0256252
0000005330,-0.00974509
0000005340,-0.00659351
0000005350,-0.0274439
0000005360,-0.0163196
0000005370,-0.0179128
0000005380,-0.0211975
0000005390,-0.0182967
0000005400,-0.0176016
0000005410,-0.0140761
0000005420,-0.0218399
0000005430,-0.0155128
0000005440,-0.0170163
0000005450,-0.0199884
0000005460,-0.00998064
0000005470,-0.011946
0000005480,-0.0102176
0000005490,-0.0237544
0000005500,-0.0151026
0000005510,-0.00059227
0000005520,-0.00836192
0000005530,-0.00580014
0000005540,-0.0200587
0000005550,-0.0119911
0000005560,-0.0209953
0000005570,-0.0181767
0000005580,-0.020238
0000005590,-0.0218529
0000005600,-0.0258965
0000005610,-0.0107162
0000005620,-0.0162279
0000005630,-0.0130671
0000005640,-0.0245307
0000005650,-0.00419344
0000005660,-0.0331382
0000005670,-0.0215214
0000005680,-0.0290537
0000005690,-0.0114607
0000005700,-0.0218106
0000005710,-0.00895709
0000005720,-0.0163797
0000005730,0.000537872
0000005740,-0.0203571
0000005750,-0.0235869
0000005760,-0.0116894
0000005770,-0.0254666
0000005780,-0.021131
0000005790,-0.0258415
0000005800,-0.0157997
0000005810,-0.0225611
0000005820,-0.0207171
0000005830,-0.0191983
0000005840,-0.0253254
0000005850,-0.0107589
0000005860,-0.0203131
0000005870,-0.0169948
0000005880,-0.010432
0000005890,-0.0207527
0000005900,-0.0105952
0000005910,-0.0144101
0000005920,-0.0255908
0000005930,-0.0285362
0000005940,-0.0156511
0000005950,-0.0286785
0000005960,-0.0128509
0000005970,-0.0221289
0000005980,-0.018297
0000005990,-0.02446
0000006000,-0.0168945
0000006010,-0.0148537
0000006020,-0.00939587
0000006030,-0.0136824
0000006040,-0.0281826
0000006050,-0.0106867
0000006060,-0.0160435
0000006070,-0.011395
0000006080,-0.0206082
0000006090,-0.0239932
0000006100,-0.0167605
0000006110,-0.0186989
0000006120,-0.0128851
0000006130,-0.0164484
0000006140,-0.0161758
0000006150,-0.0263993
0000006160,-0.0151922
0000006170,-0.0198107
0000006180,-0.0218151
0000006190,0.000930406
0000006200,-0.00935077
0000006210,-0.0126636
0000006220,-0.0306445
0000006230,-0.021349
0000006240,-0.0141532
0000006250,-0.00799218
0000006260,-0.0173875
0000006270,-0.01982
0000006280,-0.0146515
0000006290,-0.00970393
0000006300,-0.0220412
0000006310,-0.0227932
0000006320,-0.0143791
0000006330,-0.0121254
0000006340,-0.00910489
0000006350,-0.0157024
0000006360,-0.0202035
0000006370,-0.0137239
0000006380,-0.00994335
0000006390,-0.0163188
0000006400,-0.0179809
0000006410,-0.0143445
0000006420,-0.0253219
0000006430,-0.0289698
0000006440,-0.0242489
0000006450,-0.0275425
0000006460,-0.0154542
0000006470,-0.0216032
0000006480,-0.0168226
0000006490,-0.0205742
0000006500,-0.0274238
0000006510,-0.0159188
0000006520,-0.008331
0000006530,-0.0105006
0000006540,-0.0128262
0000006550,-0.0200281
0000006560,-0.00651709
0000006570,-0.0263668
0000006580,-0.0133884
0000006590,-0.00170327
0000006600,-0.0188622
0000006610,-0.0195635
0000006620,-0.0198853
0000006630,-0.0127577
0000006640,-0.0219336
0000006650,-0.003901
0000006660,-0.0294962
0000006670,-0.0208257
0000006680,-0.024688
0000006690,-0.0207992
0000006700,-0.0107533
0000006710,-0.0171808
0000006720,-0.0214334
0000006730,-0.0177833
0000006740,-0.0125036
0000006750,-0.0243695
0000006760,-0.0274124
0000006770,-0.0181606
0000006780,-0.00367688
0000006790,-0.0163883
0000006800,-0.0157124
0000006810,-0.0146895
0000006820,-0.0136801
0000006830,-0.0192407
0000006840,-0.0211317
0000006850,-0.0191039
0000006860,-0.0102413
0000006870,-0.0234887
0000006880,-0.0290369
0000006890,-0.0243537
0000006900,-0.0130395
0000006910,-0.0286347
0000006920,-0.0202291
0000006930,-0.0192952
0000006940,-0.00957646
0000006950,-0.0401844
0000006960,-0.0143325
0000006970,-0.0176668
0000006980,-0.007847
0000006990,-0.0179242
0000007000,-0.0127155
0000007010,-0.0157101
0000007020,-0.0184732
0000007030,-0.0089608
0000007040,-0.0141281
0000007050,-0.0194914
0000007060,-0.0187905
0000007070,-0.0106281
0000007080,-0.0050289
0000007090,-0.0188961
0000007100,-0.0117962
0000007110,-0.00866625
0000007120,-0.0111515
0000007130,-0.030316
0000007140,-0.00181407
0000007150,-0.0103991
0000007160,-0.0313271
0000007170,-0.0264726
0000007180,-0.0212577
0000007190,-0.0195063
0000007200,-0.0301144
0000007210,-0.0230271
0000007220,-0.0149283
0000007230,-0.0210737
0000007240,-0.0194427
0000007250,-0.00908096
0000007260,-0.0218439
0000007270,-0.014319
0000007280,-0.0242866
0000007290,-0.0204867
0000007300,-0.023853
0000007310,-0.0154605
0000007320,-0.0109993
0000007330,-0.0168239
0000007340,-0.0237881
0000007350,-0.0226438
0000007360,-0.024765
0000007370,-0.0156099
0000007380,-0.0142774
0000007390,-0.022838
0000007400,-0.0279084
0000007410,-0.0262548
0000007420,-0.0142262
0000007430,-0.0155739
0000007440,-0.0217958
0000007450,-0.0195086
0000007460,-0.00270477
0000007470,-0.0121017
0000007480,-0.0256757
0000007490,-0.00407749
0000007500,-0.0155918
0000007510,-0.0248215
0000007520,-0.0256841
0000007530,-0.0241632
0000007540,-0.0253595
0000007550,-0.014987
0000007560,-0.0144649
0000007570,-0.0167024
0000007580,-0.010132
0000007590,-0.0253934
0000007600,-0.0321674
0000007610,-0.00976416
0000007620,-0.0158766
0000007630,-0.00888851
0000007640,-0.0140295
0000007650,-0.0197607
0000007660,-0.0153398
0000007670,-0.0252355
0000007680,-0.0167931
0000007690,-0.0180905
0000007700,-0.00885096
0000007710,-0.0114064
0000007720,-0.0265071
0000007730,-0.0172932
0000007740,-0.0153136
0000007750,-0.022666
0000007760,-0.0144968
0000007770,-0.0050507
0000007780,-0.0195967
0000007790,-0.0287798
0000007800,-0.0130977
0000007810,-0.0215598
0000007820,-0.0156803
0000007830,-0.0125413
0000007840,-0.016051
0000007850,0.00422567
0000007860,-0.0104096
0000007870,-0.0127342
0000007880,-0.0111901
0000007890,-0.021292
0000007900,-0.00900275
0000007910,-0.0213777
0000007920,-0.00874152
0000007930,-0.0326278
0000007940,-0.029127
0000007950,-0.00381871
0000007960,-0.0194593
0000007970,-0.0116132
0000007980,-0.00742469
0000007990,-0.019518
0000008000,-0.00656976
0000008010,-0.0311514
0000008020,-0.0188934
0000008030,-0.0164515
0000008040,-0.016012
0000008050,-0.0185818
0000008060,-0.0103436
0000008070,-0.0187297
0000008080,-0.0147612
0000008090,-0.0201567
0000008100,-0.0120006
0000008110,-0.024663
0000008120,-0.0154754
0000008130,-0.00487995
0000008140,-0.0155837
0000008150,-0.010751
0000008160,-0.0118177
0000008170,-0.016628
0000008180,-0.013851
0000008190,-0.00936833
0000008200,-0.0106711
0000008210,-0.0188465
0000008220,-0.017917
0000008230,-0.0167375
0000008240,-0.0226055
0000008250,-0.0151804
0000008260,-0.0156122
0000008270,-0.0101886
0000008280,-0.0172245
0000008290,-0.0136833
0000008300,-0.0187497
0000008310,-0.0207633
0000008320,-0.0147615
0000008330,-0.0134596
0000008340,-0.00678237
0000008350,-0.0216032
0000008360,-0.0187994
0000008370,-0.021514
0000008380,-0.0135968
0000008390,-0.0277156
0000008400,-0.0101127
0000008410,-0.00497456
0000008420,-0.0118961
0000008430,-0.0215643
0000008440,-0.0196443
0000008450,-0.00834629
0000008460,-0.0199669
0000008470,-0.0146096
0000008480,-0.00201884
0000008490,-0.0228374
0000008500,-0.0128644
0000008510,-0.0210214
0000008520,-0.019265
0000008530,-0.024599
0000008540,-0.0163289
0000008550,-0.0191458
0000008560,-0.0162329
0000008570,-0.0206961
0000008580,-0.0202163
0000008590,-0.0260356
0000008600,-0.0195815
0000008610,-0.0240695
0000008620,-0.0222434
0000008630,-0.00672053
0000008640,-0.0280852
0000008650,-0.00772575
0000008660,-0.0101326
0000008670,-0.0176919
0000008680,-0.0213146
0000008690,-0.0134678
0000008700,-0.0212314
0000008710,-0.00872648
0000008720,-0.0138984
0000008730,-0.0249118
0000008740,-0.0197533
0000008750,-0.0164297
0000008760,-0.0101417
0000008770,-0.0231038
0000008780,-0.0097324
0000008790,-0.0183437
0000008800,-0.0202362
0000008810,-0.0178467
0000008820,-0.00962481
0000008830,-0.0279297
0000008840,-0.00383631
0000008850,-0.0175543
0000008860,-0.00793851
0000008870,-0.0154195
0000008880,-0.0252929
0000008890,-0.0189734
0000008900,-0.0177519
0000008910,-0.0256432
0000008920,-0.0113383
0000008930,-0.011673
0000008940,-0.0101425
0000008950,-0.0135693
0000008960,-0.0236536
0000008970,-0.0229974
0000008980,-0.0223639
0000008990,-0.0224181
0000009000,-0.0133503
0000009010,-0.00878251
0000009020,-0.00606658
0000009030,-0.0195106
0000009040,-0.023777
0000009050,-0.0138315
0000009060,-0.0333824
0000009070,-0.012219
0000009080,-0.0291233
0000009090,-0.0245511
0000009100,-0.0224909
0000009110,-0.0091869
0000009120,-0.015422
0000009130,-0.0293083
0000009140,-0.0168125
0000009150,-0.0130099
0000009160,-0.023532
0000009170,-0.0276988
0000009180,-0.0209225
0000009190,-0.00241013
0000009200,-0.0258254
0000009210,-0.0211969
0000009220,-0.0262858
0000009230,-0.0269557
0000009240,-0.0275347
0000009250,-0.0225077
0000009260,-0.0118489
0000009270,-0.0138169
0000009280,-0.0145032
0000009290,-0.0220562
0000009300,-0.0221654
0000009310,-0.0185917
0000009320,-0.0217245
0000009330,-0.0145993
0000009340,0.00280369
0000009350,-0.0115489
0000009360,-0.0199763
0000009370,-0.0201936
0000009380,-0.0130344
0000009390,-0.0307637
0000009400,-0.0325672
0000009410,-0.0220218
0000009420,-0.0192447
0000009430,-0.0118691
0000009440,-0.0209161
0000009450,-0.0190479
0000009460,-0.0162942
0000009470,-0.027618
0000009480,-0.0102652
0000009490,-1.74366e-05
0000009500,-0.0234167
0000009510,-0.0138406
0000009520,-0.0330715
0000009530,-0.022464
0000009540,-0.021068
0000009550,-0.00985259
0000009560,-0.0212019
0000009570,-0.0292703
0000009580,-0.0150055
0000009590,-0.00567043
0000009600,-0.0161239
0000009610,-0.0163269
0000009620,-0.0241477
0000009630,-0.0132899
0000009640,-0.015797
0000009650,-0.0164975
0000009660,-0.0234897
0000009670,-0.0117505
0000009680,-0.00730591
0000009690,-0.0208837
0000009700,-0.01247
0000009710,-0.00889123
0000009720,-0.0151764
0000009730,-0.0138241
0000009740,-0.021405
0000009750,-0.0214865
0000009760,-0.00648817
0000009770,-0.0173515
0000009780,-0.0264026
0000009790,-0.00639076
0000009800,-0.0186768
0000009810,-0.0230689
0000009820,-0.0207193
0000009830,-0.031787
0000009840,-0.02602
0000009850,-0.0149883
0000009860,-0.0196529
0000009870,-0.0188421
0000009880,-0.025381
0000009890,-0.0107202
0000009900,-0.0258657
0000009910,-0.0304481
0000009920,-0.0116965
0000009930,-0.0131488
0000009940,-0.0198283
0000009950,-0.0179385
0000009960,-0.0120733
0000009970,-0.0125236
0000009980,-0.0224377
0000009990,-0.00520475
0000010000,-0.0191014
0000010010,-0.0322954
0000010020,-0.016538
0000010030,-0.0198536
0000010040,-0.0151616
0000010050,-0.00581637
0000010060,-0.0177171
0000010070,-0.0148534
0000010080,-0.0084791
0000010090,-0.00335873
0000010100,-0.0150808
0000010110,-0.00308848
0000010120,-0.0184266
0000010130,-0.0208808
0000010140,-0.0209785
0000010150,-0.0198199
0000010160,-0.0263457
0000010170,-0.0117943
0000010180,-0.0243361
0000010190,-0.00934522
0000010200,-0.0236983
0000010210,-0.0175293
0000010220,-0.0124161
0000010230,-0.0170137
0000010240,-0.0256144
0000010250,-0.0144111
0000010260,-0.014428
0000010270,-0.0195748
0000010280,-0.0206642
0000010290,-0.0153051
0000010300,-0.012496
0000010310,-0.0166133
0000010320,-0.0218887
0000010330,-0.0298675
0000010340,-0.0116776
0000010350,-0.0192002
0000010360,-0.0128032
0000010370,-0.0149477
0000010380,-0.0193833
0000010390,-0.0294124
0000010400,-0.0126411
0000010410,-0.0262189
0000010420,-0.0213518
0000010430,-0.0226311
0000010440,-0.0253168
0000010450,-0.0234247
0000010460,-0.0184468
0000010470,-0.0170989
0000010480,-0.0258982
0000010490,-0.0160207
0000010500,-0.0151511
0000010510,-0.01962
0000010520,-0.00979445
0000010530,-0.0102262
0000010540,-0.00859402
0000010550,-0.00276553
0000010560,-0.0192551
0000010570,-0.0165052
0000010580,-0.0213932
0000010590,-0.017338
0000010600,-0.022467
0000010610,-0.0178138
0000010620,-0.0308366
0000010630,-0.0222011
0000010640,-0.00889645
0000010650,-0.0264429
0000010660,-0.0149058
0000010670,-0.0180702
0000010680,-0.00989308
0000010690,-0.0243244
0000010700,-0.0149544
0000010710,-0.0172299
0000010720,-0.0295208
0000010730,-0.00287178
0000010740,-0.027829
0000010750,-0.0165868
0000010760,-0.0211563
0000010770,-0.0168527
0000010780,-0.0122294
0000010790,-0.0126604
0000010800,-0.0139967
0000010810,-0.0226211
0000010820,-0.0329477
0000010830,-0.0191541
0000010840,-0.0186617
0000010850,-0.0154814
0000010860,-0.0125609
0000010870,-0.0189271
0000010880,-0.0248024
0000010890,-0.0252851
0000010900,-0.0232634
0000010910,-0.0196904
0000010920,-0.0139961
0000010930,-0.0164787
0000010940,-0.0110343
0000010950,-0.0245988
0000010960,-0.0153435
0000010970,-0.0160124
0000010980,-0.0227944
0000010990,-0.0182764
0000011000,-0.024396
0000011010,-0.0153732
0000011020,-0.0159743
0000011030,-0.0307079
0000011040,-0.017667
0000011050,-0.0158523
0000011060,-0.00745467
0000011070,-0.00881685
0000011080,-0.00451452
0000011090,-0.0211706
0000011100,-0.00864934
0000011110,-0.0177353
0000011120,-0.0274889
0000011130,-0.02913
0000011140,-0.0133767
0000011150,-0.0182747
0000011160,-0.0141674
0000011170,-0.000605579
0000011180,-0.0293715
0000011190,-0.0150825
0000011200,-0.0183431
0000011210,-0.0121573
0000011220,-0.0270378
0000011230,-0.0168279
0000011240,-0.0111137
0000011250,-0.00278655
0000011260,-0.0226796
0000011270,-0.012724
0000011280,-0.0162576
0000011290,-0.00577795
0000011300,-0.01728
0000011310,-0.0250879
0000011320,-0.0229465
0000011330,-0.0206339
0000011340,-0.0386564
0000011350,-0.00571168
0000011360,-0.0111209
0000011370,-0.0219556
0000011380,-0.052768
0000011390,0.00736813
0000011400,-0.00112413
0000011410,-0.020566
0000011420,-0.0339429
0000011430,-0.0160168
0000011440,-0.00325526
0000011450,-0.0326654
0000011460,-0.0043348
0000011470,-0.0382706
0000011480,-0.0103101
0000011490,-0.0211974
0000011500,-0.0119299
0000011510,0.000229635
0000011520,-0.0198979
0000011530,-0.0245309
0000011540,-0.0212598
0000011550,-0.00876691
0000011560,-0.0322338
0000011570,-0.0151614
0000011580,-0.0146689
0000011590,-0.0184695
0000011600,-0.0188446
0000011610,-0.0121715
0000011620,0.0023445
0000011630,-0.0256559
0000011640,-0.0194574
0000011650,-0.0188203
0000011660,-0.00459957
0000011670,-0.0128338
0000011680,-0.0188276
0000011690,-0.0233689
0000011700,-0.0190127
0000011710,-0.00697689
0000011720,-0.0289837
0000011730,-0.0188781
0000011740,-0.0250855
0000011750,-0.0139599
0000011760,-0.00648201
0000011770,-0.0126411
0000011780,-0.0139907
0000011790,-0.0130975
0000011800,-0.00919306
0000011810,-0.0349606
0000011820,-0.0278996
0000011830,-0.0239424
0000011840,-0.0281299
0000011850,-0.00382936
0000011860,-0.0279168
0000011870,-0.0199563
0000011880,-0.0261746
0000011890,-0.0211397
0000011900,-0.0168194
0000011910,-0.0259047
0000011920,-0.0106903
0000011930,-0.0208933
0000011940,-0.0262481
0000011950,-0.0211165
0000011960,-0.0191295
0000011970,-0.0132324
0000011980,-0.0230693
0000011990,-0.0107519
0000012000,-0.00705695
0000012010,-0.0176117
0000012020,-0.0186538
0000012030,-0.0108721
0000012040,-0.0135689
0000012050,-0.0158409
0000012060,-0.0148446
0000012070,-0.0325053
0000012080,-0.0167886
0000012090,-0.00637781
0000012100,-0.0261285
0000012110,-0.0170879
0000012120,-0.0274234
0000012130,-0.0191909
0000012140,-0.0255998
0000012150,-0.0199804
0000012160,-0.0211869
0000012170,-0.034152
0000012180,-0.0231411
0000012190,-0.00594291
0000012200,-0.0378328
0000012210,-0.0256664
0000012220,-0.0180144
0000012230,-0.0239637
0000012240,-0.0123707
0000012250,-0.0115812
0000012260,-0.00766476
0000012270,-0.0127499
0000012280,-0.0106563
0000012290,-0.0200922
0000012300,-0.0160469
0000012310,-0.0252276
0000012320,-0.0183215
0000012330,-0.0211118
0000012340,-0.0182313
0000012350,-0.024942
0000012360,-0.0194682
0000012370,-0.0215555
0000012380,-0.0178524
0000012390,-0.0225817
0000012400,-0.0139689
0000012410,-0.0137522
0000012420,-0.0261049
0000012430,-0.0173335
0000012440,-0.0259973
0000012450,-0.0223488
0000012460,-0.0143368
0000012470,-0.033248
0000012480,-0.016955
0000012490,-0.0174754
0000012500,-0.0176906
0000012510,-0.029256
0000012520,0.00318023
0000012530,-0.0177998
0000012540,-0.0120184
0000012550,-0.0208427
0000012560,-0.0167086
0000012570,-0.00669638
0000012580,-0.0120115
0000012590,-0.0219538
0000012600,-0.0196336
0000012610,-0.0136166
0000012620,-0.014086
0000012630,-0.0163744
0000012640,-0.0235667
0000012650,-0.0023987
0000012660,-0.020496
0000012670,-0.0208228
0000012680,-0.0135732
0000012690,-0.0187281
0000012700,-0.0183816
0000012710,-0.0111268
0000012720,-0.0136527
0000012730,-0.00486356
0000012740,-0.0244311
0000012750,-0.00975116
0000012760,-0.0261
0000012770,-0.0204038
0000012780,-0.0104854
0000012790,-0.0127106
0000012800,-0.0173485
0000012810,-0.0175427
0000012820,-0.0287858
0000012830,-0.017571
0000012840,-0.0193869
0000012850,-0.0120418
0000012860,-0.0157688
0000012870,-0.0184696
0000012880,-0.0156967
0000012890,-0.0197194
0000012900,-0.0230115
0000012910,-0.00994281
0000012920,-0.0185163
0000012930,-0.0195258
0000012940,-0.0133876
0000012950,-0.0199252
0000012960,-0.0176907
0000012970,-0.018724
0000012980,-0.021084
0000012990,-0.0274482
0000013000,-0.0126736
0000013010,-0.025092
0000013020,-0.00975683
0000013030,-0.0144722
0000013040,-0.0164719
0000013050,-0.0153767
0000013060,-0.00899808
0000013070,-0.0142176
0000013080,-0.0165963
0000013090,-0.00795924
0000013100,-0.0135774
0000013110,-0.00511321
0000013120,-0.0251962
0000013130,-0.0116556
0000013140,-0.0180019
0000013150,-0.0161525
0000013160,-0.0214205
0000013170,-0.0181644
0000013180,-0.0174332
0000013190,-0.0190754
0000013200,-0.0195241
0000013210,-0.0160103
0000013220,-0.0216352
0000013230,-0.0276096
0000013240,-0.0166782
0000013250,0.000784406
0000013260,-0.0233097
0000013270,-0.022183
0000013280,-0.0161804
0000013290,-0.00886992
0000013300,-0.00978463
0000013310,-0.0187931
0000013320,-0.0194266
0000013330,-0.0218286
0000013340,-0.0132581
0000013350,-0.0197548
0000013360,-0.0251295
0000013370,-0.0182737
0000013380,-0.0113903
0000013390,-0.0215579
0000013400,-0.01132
0000013410,-0.0117717
0000013420,-0.0299714
0000013430,-0.0233439
0000013440,-0.0185484
0000013450,-0.0217401
0000013460,-0.0179682
0000013470,-0.0337716
0000013480,-0.0221554
0000013490,-0.0156222
0000013500,-0.00699002
0000013510,-0.0246726
0000013520,-0.00630903
0000013530,-0.0242394
0000013540,-0.0200145
0000013550,-0.0237876
0000013560,-0.0233193
0000013570,-0.00560531
0000013580,-0.0110551
0000013590,-0.0188238
0000013600,-0.0247592
0000013610,-0.0275041
0000013620,-0.0228736
0000013630,-0.00511016
0000013640,-0.00920873
0000013650,-0.0288489
0000013660,-0.0191525
0000013670,-0.0115704
0000013680,-0.0155465
0000013690,-0.0243637
0000013700,-0.0150024
0000013710,-0.0190655
0000013720,-0.0167321
0000013730,-0.0145132
0000013740,-0.0149091
0000013750,-0.0156216
0000013760,-0.0245869
0000013770,-0.0199927
0000013780,-0.031163
0000013790,-0.0140571
0000013800,-0.0147437
0000013810,-0.0250657
0000013820,-0.0209619
0000013830,-0.0249748
0000013840,-0.0195891
0000013850,-0.0151294
0000013860,-0.0197166
0000013870,-0.0113886
0000013880,-0.0245109
0000013890,-0.0188661
0000013900,-0.0301637
0000013910,-0.0219689
0000013920,-0.0237545
0000013930,-0.0179572
0000013940,-0.0169814
0000013950,-0.0184006
0000013960,-0.0177326
0000013970,-0.0270163
0000013980,-0.0197656
0000013990,-0.0110639
0000014000,-0.0181856
0000014010,-0.0220962
0000014020,-0.0197002
0000014030,-0.0236609
0000014040,-0.0304776
0000014050,-0.0121514
0000014060,-0.0147846
0000014070,-0.0160845
0000014080,-0.013509
0000014090,-0.021472
0000014100,-0.0199537
0000014110,-0.0103094
0000014120,-0.0183921
0000014130,-0.0131998
0000014140,-0.0182024
0000014150,-0.0241281
0000014160,-0.0222066
0000014170,-0.016615
0000014180,-0.0302228
0000014190,-0.0275766
0000014200,-0.00815498
0000014210,-0.0144167
0000014220,-0.0123044
0000014230,-0.0204931
0000014240,-0.0294751
0000014250,-0.0260157
0000014260,-0.0154623
0000014270,-0.019824
0000014280,-0.0314098
0000014290,-0.0224404
0000014300,-0.0123439
0000014310,-0.0287681
0000014320,-0.0258164
0000014330,-0.0081079
0000014340,-0.022014
0000014350,-0.027683
0000014360,-0.0160487
0000014370,-0.0269433
0000014380,-0.0236107
0000014390,-0.01187
0000014400,-0.0116524
0000014410,-0.0117968
0000014420,-0.0168274
0000014430,-0.0234516
0000014440,-0.016934
0000014450,-0.0202207
0000014460,-0.0164092
0000014470,-0.0223982
0000014480,-0.0153473
0000014490,-0.00774824
0000014500,-0.0233054
0000014510,-0.0273775
0000014520,-0.016095
0000014530,-0.0337624
0000014540,-0.0197533
0000014550,-0.0141378
0000014560,-0.0215203
0000014570,-0.0197802
0000014580,-0.0038114
0000014590,-0.0183721
0000014600,-0.0204369
0000014610,-0.0154708
0000014620,-0.0134739
0000014630,-0.0326784
0000014640,-0.0199951
0000014650,-0.025169
0000014660,-0.0316693
0000014670,-0.0130839
0000014680,-0.0240916
0000014690,-0.0174178
0000014700,-0.0173825
0000014710,-0.0136236
0000014720,-0.00885718
0000014730,-0.00941243
0000014740,-0.027936
0000014750,-0.0211189
0000014760,-0.00982466
0000014770,-0.0171815
0000014780,-0.00729609
0000014790,-0.00912956
0000014800,-0.0226708
0000014810,-0.0115369
0000014820,-0.00943253
0000014830,-0.0206015
0000014840,-0.0299946
0000014850,-0.0165785
0000014860,-0.011491
0000014870,-0.0200042
0000014880,-0.0210377
0000014890,-0.0262196
0000014900,-0.0203823
0000014910,-0.0131246
0000014920,-0.013373
0000014930,-0.00638544
0000014940,-0.00292589
0000014950,-0.0159451
0000014960,-0.0247631
0000014970,-0.0127085
0000014980,-0.0180364
0000014990,-0.0220342
0000015000,-0.0194619
0000015010,-0.0208853
0000015020,-0.0123324
0000015030,-0.030056
0000015040,-0.0101019
0000015050,-0.0137799
0000015060,-0.0261535
0000015070,-0.026513
0000015080,-0.0244422
0000015090,-0.0117607
0000015100,-0.0298862
0000015110,-0.0208064
0000015120,-0.0137518
0000015130,-0.0217482
0000015140,-0.00696062
0000015150,-0.0156569
0000015160,-0.00928749
0000015170,-0.00800761
0000015180,-0.0204381
0000015190,-0.03107
0000015200,-0.0182718
0000015210,-0.0165586
0000015220,-0.00817159
0000015230,-0.0173844
0000015240,-0.0152343
0000015250,-0.0129276
0000015260,-0.0180816
0000015270,-0.0160242
0000015280,-0.00457444
0000015290,-0.0084843
0000015300,-0.0115909
0000015310,-0.0209105
0000015320,-0.00341515
0000015330,-0.0175114
0000015340,-0.0166281
0000015350,-0.00973738
0000015360,-0.0181327
0000015370,-0.0114745
0000015380,-0.0348497
0000015390,-0.0228131
0000015400,-0.0223249
0000015410,-0.0214491
0000015420,0.00300821
0000015430,-0.0206539
0000015440,-0.0244352
0000015450,-0.0178013
0000015460,-0.00264055
0000015470,-0.0178093
0000015480,-0.02154
0000015490,-0.0206965
0000015500,-0.0176182
0000015510,-0.0150675
0000015520,-0.0249107
0000015530,-0.0334825
0000015540,-0.0174245
0000015550,-0.0144967
0000015560,-0.0132981
0000015570,-0.0248572
0000015580,-0.0203273
0000015590,-0.033561
0000015600,-0.0190507
0000015610,-0.0189079
0000015620,-0.0113727
0000015630,-0.0144732
0000015640,-0.0227014
0000015650,-0.0226207
0000015660,-0.0206316
0000015670,-0.0251774
0000015680,-0.0152651
0000015690,-0.017452
0000015700,-0.0222708
0000015710,-0.0082373
0000015720,-0.0166146
0000015730,-0.0225243
0000015740,-0.0104917
0000015750,-0.0192758
0000015760,-0.0164956
0000015770,-0.0173871
0000015780,-0.0165132
0000015790,-0.0029663
0000015800,-0.0263791
0000015810,-0.017274
0000015820,-0.0108966
0000015830,-0.0251129
0000015840,-0.00732206
0000015850,-0.00902328
0000015860,-0.00733449
0000015870,-0.0270952
0000015880,-0.00399937
0000015890,-0.0196029
0000015900,-0.0187139
0000015910,-0.0120477
0000015920,-0.0262377
0000015930,-0.0200737
0000015940,-0.0150199
0000015950,-0.0257914
0000015960,-0.0217259
0000015970,-0.0139592
0000015980,-0.0169183
0000015990,-0.0128755
0000016000,-0.0198436
0000016010,-0.0172209
0000016020,-0.0226999
0000016030,-0.0137266
0000016040,-0.0210703
0000016050,-0.0313133
0000016060,-0.016082
0000016070,-0.0151556
0000016080,-0.0247681
0000016090,-0.00329811
0000016100,-0.0263417
0000016110,-0.0255637
0000016120,-0.00972829
0000016130,-0.0128696
0000016140,-0.0183463
0000016150,-0.0105325
0000016160,-0.0199347
0000016170,-0.0173454
0000016180,-0.0147447
0000016190,-0.0153875
0000016200,-0.0194287
0000016210,-0.0146311
0000016220,-0.00907039
0000016230,-0.0190416
0000016240,-0.00677465
0000016250,-0.00259086
0000016260,-0.016981
0000016270,-0.0170043
0000016280,-0.015027
0000016290,-0.0245838
0000016300,-0.00837707
0000016310,-0.00787572
0000016320,-0.0133483
0000016330,-0.0191713
0000016340,-0.020614
0000016350,-0.0144684
0000016360,-0.0166803
0000016370,-0.0132132
0000016380,-0.0152232
0000016390,-0.0280661
0000016400,-0.00916391
0000016410,-0.019653
0000016420,-0.0203784
0000016430,-0.0233378
0000016440,-0.0110864
0000016450,-0.0252775
0000016460,-0.0194718
0000016470,-0.0200088
0000016480,-0.0169636
0000016490,-0.0150445
0000016500,-0.00623801
0000016510,-0.0189469
0000016520,-0.0119055
0000016530,-0.0175554
0000016540,-0.00374143
0000016550,-0.0123379
0000016560,-0.0292286
0000016570,-0.024723
0000016580,-0.0100144
0000016590,-0.0267809
0000016600,-0.0228962
0000016610,-0.0197155
0000016620,-0.017809
0000016630,-0.00560248
0000016640,-0.0161597
0000016650,-0.0267495
0000016660,-0.0187091
0000016670,-0.00626896
0000016680,-0.0213419
0000016690,-0.0116927
0000016700,-0.00850043
0000016710,-0.0207113
0000016720,-0.0228275
0000016730,-0.00779479
0000016740,-0.0266847
0000016750,-0.0136494
0000016760,-0.029489
0000016770,-0.0213936
0000016780,-0.0293506
0000016790,-0.0136025
0000016800,-0.0235725
0000016810,-0.0157109
0000016820,-0.0134207
0000016830,-0.0257261
0000016840,-0.0174204
0000016850,-0.0175713
0000016860,-0.0284768
0000016870,-0.0155617
0000016880,-0.0207202
0000016890,-0.0179564
0000016900,-0.0179678
0000016910,-0.0307573
0000016920,-0.0137237
0000016930,-0.0121996
0000016940,-0.0140166
0000016950,-0.0185044
0000016960,-0.022857
0000016970,-0.011115
0000016980,-0.0163164
0000016990,-0.0139205
0000017000,-0.0134406
0000017010,-0.0167209
0000017020,-0.0267948
0000017030,-0.0145993
0000017040,-0.0155883
0000017050,-0.0156607
0000017060,-0.0354725
0000017070,-0.00815945
0000017080,-0.013221
0000017090,-0.0247638
0000017100,-0.0282552
0000017110,-0.026056
0000017120,-0.00821792
0000017130,-0.0292646
0000017140,-0.0215436
0000017150,-0.017014
0000017160,-0.0248377
0000017170,-0.0111609
0000017180,-0.0122791
0000017190,-0.0135646
0000017200,-0.0203302
0000017210,-0.020924
0000017220,-0.024913
0000017230,-0.0161638
0000017240,-0.0210301
0000017250,-0.0137085
0000017260,-0.0149804
0000017270,-0.0124603
0000017280,-0.0251774
0000017290,-0.0143318
0000017300,-0.0258355
0000017310,-0.0228454
0000017320,-0.0277644
0000017330,-0.0208899
0000017340,-0.016178
0000017350,-0.0172347
0000017360,-0.0121033
0000017370,-0.0139672
0000017380,-0.00732379
0000017390,-0.0219578
0000017400,-0.0295796
0000017410,-0.0145671
0000017420,-0.0277295
0000017430,-0.0273231
0000017440,-0.00885491
0000017450,-0.011308
0000017460,-0.0176712
0000017470,-0.0128175
0000017480,-0.0207633
0000017490,-0.0271551
0000017500,-0.0187836
0000017510,-0.0108816
0000017520,-0.026694
0000017530,-0.0320996
0000017540,-0.0235368
0000017550,-0.024392
0000017560,-0.0139078
0000017570,-0.0138257
0000017580,-0.010715
0000017590,-0.0117884
0000017600,-0.00861107
0000017610,-0.0246532
0000017620,-0.00779421
0000017630,-0.0187148
0000017640,-0.0139759
0000017650,-0.0219526
0000017660,-0.0115472
0000017670,-0.0244826
0000017680,-0.0147601
0000017690,-0.0182643
0000017700,-0.0219733
0000017710,-0.00726898
0000017720,-0.0313821
0000017730,-0.0284076
0000017740,-0.0131661
0000017750,-0.0248854
0000017760,-0.0264914
0000017770,-0.0162881
0000017780,-0.0277995
0000017790,-0.00992913
0000017800,-0.0162972
0000017810,-0.011733
0000017820,-0.0126009
0000017830,-0.0023996
0000017840,-0.0115609
0000017850,-0.0183973
0000017860,-0.00699103
0000017870,-0.0170897
0000017880,-0.00796507
0000017890,-0.0238428
0000017900,-0.0159311
0000017910,-0.0109772
0000017920,-0.0053785
0000017930,-0.0256177
0000017940,-0.00484892
0000017950,-0.00718832
0000017960,-0.0181368
0000017970,-0.00939807
0000017980,-0.0294201
0000017990,-0.0182665
0000018000,-0.0223959
0000018010,-0.0150422
0000018020,-0.022845
0000018030,-0.0168026
0000018040,-0.0169669
0000018050,-0.0239544
0000018060,-0.00952336
0000018070,-0.0194473
0000018080,-0.0224918
0000018090,-0.0101074
0000018100,-0.0115243
0000018110,-0.00760893
0000018120,-0.0209555
0000018130,-0.0144484
0000018140,-0.010581
0000018150,-0.0279068
0000018160,-0.0174034
0000018170,-0.0176514
0000018180,-0.0184285
0000018190,-0.0343042
0000018200,-0.0174903
0000018210,-0.0145627
0000018220,-0.0248835
0000018230,-0.0165422
0000018240,-0.0214392
0000018250,-0.0254179
0000018260,-0.0156543
0000018270,-0.0245394
0000018280,-0.0204003
0000018290,-0.0357006
0000018300,-0.0200204
0000018310,-0.0211122
0000018320,-0.0212066
0000018330,-0.0159705
0000018340,-0.00987847
0000018350,-0.0130631
0000018360,-0.016309
0000018370,-0.0159733
0000018380,-0.00594965
0000018390,-0.0155974
0000018400,-0.0159977
0000018410,-0.0110297
0000018420,-0.0131924
0000018430,-0.016817
0000018440,-0.0105644
0000018450,-0.0288043
0000018460,-0.0146875
0000018470,-0.0172661
0000018480,-0.0225417
0000018490,-0.00910023
0000018500,-0.0121629
0000018510,-0.0152881
0000018520,-0.010015
0000018530,-0.00506238
0000018540,-0.0129272
0000018550,-0.0119696
0000018560,-0.019394
0000018570,-0.0216156
0000018580,-0.0118731
0000018590,-0.000652728
0000018600,-0.0184783
0000018610,-0.0215184
0000018620,-0.0150967
0000018630,-0.0162814
0000018640,-0.0242365
0000018650,-0.0153654
0000018660,-0.0250985
0000018670,-0.0105221
0000018680,-0.0356235
0000018690,-0.0151334
0000018700,-0.028389
0000018710,-0.0132097
0000018720,-0.0103196
0000018730,-0.0196706
0000018740,0.000828937
0000018750,-0.024044
0000018760,-0.0105468
0000018770,-0.00453677
0000018780,-0.0232095
0000018790,-0.0155162
0000018800,-0.00666025
0000018810,-0.0128549
0000018820,-0.00650701
0000018830,-0.0133474
0000018840,-0.0229149
0000018850,-0.0268816
0000018860,-0.0181337
0000018870,-0.0126157
0000018880,-0.02184
0000018890,-0.0184943
0000018900,-0.0121507
0000018910,-0.0234443
0000018920,-0.0124678
0000018930,-0.0264073
0000018940,-0.021767
0000018950,-0.0151364
0000018960,-0.00808731
0000018970,-0.0177172
0000018980,-0.00931459
0000018990,-0.00514256
0000019000,-0.0234322
0000019010,-0.0229348
0000019020,-0.0184787
0000019030,-0.0114836
0000019040,-0.0122566
0000019050,-0.0114986
0000019060,-0.0105332
0000019070,-0.0210919
0000019080,-0.0229563
0000019090,-0.0190017
0000019100,-0.0163766
0000019110,-0.0217212
0000019120,-0.0198739
0000019130,-0.021968
0000019140,-0.0152748
0000019150,-0.0213099
0000019160,-0.00925349
0000019170,-0.0194877
0000019180,-0.0135219
0000019190,-0.0242252
0000019200,-0.0125655
0000019210,-0.0204628
0000019220,-0.0196425
0000019230,-0.0202752
0000019240,-0.0148606
0000019250,-0.0094693
0000019260,-0.028302
0000019270,-0.0159214
0000019280,-0.0153708
0000019290,-0.0292256
0000019300,-0.0136222
0000019310,-0.00995978
0000019320,-0.0134189
0000019330,-0.0280163
0000019340,-0.0165676
0000019350,-0.0253333
0000019360,-0.00289272
0000019370,-0.0223889
0000019380,-0.0194401
0000019390,-0.0182309
0000019400,-0.00858446
0000019410,-0.0177128
0000019420,-0.0212862
0000019430,-0.0112895
0000019440,-0.0148248
0000019450,-0.0163715
0000019460,-0.0134636
0000019470,-0.00873176
0000019480,-0.0162526
0000019490,-0.0187875
0000019500,-0.0231127
0000019510,-0.0114592
0000019520,-0.0152098
0000019530,-0.021671
0000019540,-0.0131443
0000019550,-0.0174224
0000019560,-0.0185784
0000019570,-0.0217252
0000019580,-0.0284824
0000019590,-0.0286466
0000019600,-0.0222765
0000019610,-0.0199522
0000019620,-0.0136343
0000019630,-0.0218891
0000019640,-0.0143333
0000019650,-0.0220448
0000019660,-0.0232363
0000019670,-0.0141171
0000019680,-0.0241978
0000019690,-0.0137778
0000019700,-0.0034924
0000019710,-0.0153131
0000019720,-0.0312431
0000019730,-0.0285305
0000019740,-0.0107391
0000019750,-0.0211459
0000019760,-0.0178277
0000019770,-0.01305
0000019780,-0.0193161
0000019790,-0.0151329
0000019800,-0.0222586
0000019810,-0.013842
0000019820,-0.0244964
0000019830,-0.00960477
0000019840,-0.00995487
0000019850,-0.0174827
0000019860,-0.0198306
0000019870,-0.0137445
0000019880,-0.0197074
0000019890,-0.0289249
0000019900,-0.0327563
0000019910,-0.0171014
0000019920,-0.0147938
0000019930,-0.0149007
0000019940,-0.0222211
0000019950,-0.0169383
0000019960,-0.0206408
0000019970,-0.00715862
0000019980,-0.0210576
0000019990,-0.0221408
