0000000000,-0.0135362
0000000010,-0.0133828
0000000020,-0.0204052
0000000030,-0.0191868
0000000040,-0.0125845
0000000050,-0.0106842
0000000060,-0.0106984
0000000070,-0.0204004
0000000080,-0.0128381
0000000090,-0.0259665
0000000100,-0.0131431
0000000110,-0.018605
0000000120,-0.0171734
0000000130,-0.0140754
0000000140,-0.0167093
0000000150,-0.0137511
0000000160,-0.0229247
0000000170,-0.0160165
0000000180,-0.0123235
0000000190,-0.0191646
0000000200,-0.0130017
0000000210,-0.00652947
0000000220,-0.0125883
0000000230,-0.015805
0000000240,-0.0114936
0000000250,-0.0101485
0000000260,-0.0135828
0000000270,-0.0179934
0000000280,-0.0145065
0000000290,-0.01656
0000000300,-0.0191279
0000000310,-0.0175475
0000000320,-0.0113815
0000000330,-0.0232121
0000000340,-0.0160899
0000000350,-0.0145849
0000000360,-0.0152827
0000000370,-0.0125343
0000000380,-0.00946636
0000000390,-0.0132002
0000000400,-0.0155155
0000000410,-0.00772425
0000000420,-0.0137359
0000000430,-0.0121101
0000000440,-0.019113
0000000450,-0.0115425
0000000460,-0.022349
0000000470,-0.00961926
0000000480,-0.0120654
0000000490,-0.0120777
0000000500,-0.0133365
0000000510,-0.0138867
0000000520,-0.0134134
0000000530,-0.0148203
0000000540,-0.0210201
0000000550,-0.0156059
0000000560,-0.0158552
0000000570,-0.0187465
0000000580,-0.015072
0000000590,-0.0229738
0000000600,-0.0133672
0000000610,-0.0139664
0000000620,-0.0139637
0000000630,-0.0100621
0000000640,-0.0179416
0000000650,-0.0218772
0000000660,-0.0161787
0000000670,-0.0124282
0000000680,-0.0156506
0000000690,-0.0114119
0000000700,-0.0195872
0000000710,-0.0155324
0000000720,-0.0110535
0000000730,-0.0225114
0000000740,-0.022843
0000000750,-0.0150411
0000000760,-0.0161885
0000000770,-0.0164762
0000000780,-0.0152138
0000000790,-0.0174328
0000000800,-0.0236563
0000000810,-0.0204831
0000000820,-0.0172399
0000000830,-0.0155078
0000000840,-0.0135142
0000000850,-0.0107853
0000000860,-0.00845204
0000000870,-0.0175235
0000000880,-0.00822839
0000000890,-0.0124603
0000000900,-0.00854875
0000000910,-0.0173171
0000000920,-0.0220753
0000000930,-0.0198756
0000000940,-0.0182381
0000000950,-0.0241569
0000000960,-0.00876305
0000000970,-0.016421
0000000980,-0.0116508
0000000990,-0.0148444
0000001000,-0.0147149
0000001010,-0.00806963
0000001020,-0.0103314
0000001030,-0.0170376
0000001040,-0.0189695
0000001050,-0.0139082
0000001060,-0.0211073
0000001070,-0.00782831
0000001080,-0.00948222
0000001090,-0.0102108
0000001100,-0.015583
0000001110,-0.0200376
0000001120,-0.0214432
0000001130,-0.00924421
0000001140,-0.0268116
0000001150,-0.0118703
0000001160,-0.0173299
0000001170,-0.0304616
0000001180,-0.0212847
0000001190,-0.0193306
0000001200,-0.0165099
0000001210,-0.0147111
0000001220,-0.0147573
0000001230,-0.0130983
0000001240,-0.0142114
0000001250,-0.0175262
0000001260,-0.0181772
0000001270,-0.0150648
0000001280,-0.0187117
0000001290,-0.0146823
0000001300,-0.0134122
0000001310,-0.0192606
0000001320,-0.0170145
0000001330,-0.0179089
0000001340,-0.0161579
0000001350,-0.0175533
0000001360,-0.0103319
0000001370,-0.00831668
0000001380,-0.0160213
0000001390,-0.0119824
0000001400,-0.0181195
0000001410,-0.0114435
0000001420,-0.0180399
0000001430,-0.0160656
0000001440,-0.0132555
0000001450,-0.0133195
0000001460,-0.0148466
0000001470,-0.0154149
0000001480,-0.0170679
0000001490,-0.0115944
0000001500,-0.0148267
0000001510,-0.0178272
0000001520,-0.0175397
0000001530,-0.012497
0000001540,-0.0127724
0000001550,-0.00943288
0000001560,-0.0130877
0000001570,-0.0199351
0000001580,-0.0167009
0000001590,-0.0108003
0000001600,-0.00459966
0000001610,-0.0140601
0000001620,-0.0160983
0000001630,-0.0114021
0000001640,-0.013813
0000001650,-0.0122614
0000001660,-0.0171134
0000001670,-0.0138772
0000001680,-0.0185073
0000001690,-0.0124081
0000001700,-0.0162425
0000001710,-0.0113113
0000001720,-0.0153949
0000001730,-0.00947527
0000001740,-0.0111333
0000001750,-0.0205136
0000001760,-0.015818
0000001770,-0.0209545
0000001780,-0.0188822
0000001790,-0.0158916
0000001800,-0.0132555
0000001810,-0.0163954
0000001820,-0.0230763
0000001830,-0.0235118
0000001840,-0.0156264
0000001850,-0.0210033
0000001860,-0.015033
0000001870,-0.0153271
0000001880,-0.0134716
0000001890,-0.0138236
0000001900,-0.0248451
0000001910,-0.0172017
0000001920,-0.00748031
0000001930,-0.021043
0000001940,-0.0122289
0000001950,-0.0222373
0000001960,-0.0138492
0000001970,-0.0203646
0000001980,-0.0125173
0000001990,-0.0188747
0000002000,-0.0170059
0000002010,-0.0220213
0000002020,-0.0116458
0000002030,-0.0133472
0000002040,-0.0183445
0000002050,-0.0156325
0000002060,-0.0173882
0000002070,-0.0245549
0000002080,-0.0231119
0000002090,-0.00886349
0000002100,-0.0136801
0000002110,-0.0125151
0000002120,-0.0142049
0000002130,-0.018126
0000002140,-0.0240893
0000002150,-0.0138284
0000002160,-0.0174603
0000002170,-0.0117904
0000002180,-0.014596
0000002190,-0.0215227
0000002200,-0.0115473
0000002210,-0.0128122
0000002220,-0.0131327
0000002230,-0.0252163
0000002240,-0.0220077
0000002250,-0.0221306
0000002260,-0.0147258
0000002270,-0.0154229
0000002280,-0.019701
0000002290,-0.016602
0000002300,-0.0181209
0000002310,-0.0188521
0000002320,-0.0250103
0000002330,-0.0108694
0000002340,-0.02058
0000002350,-0.0173201
0000002360,-0.009118
0000002370,-0.013649
0000002380,-0.0117342
0000002390,-0.0171138
0000002400,-0.0126877
0000002410,-0.0171783
0000002420,-0.0153967
0000002430,-0.0153492
0000002440,-0.0171286
0000002450,-0.0188461
0000002460,-0.010886
0000002470,-0.0136514
0000002480,-0.0115097
0000002490,-0.0167554
0000002500,-0.0154788
0000002510,-0.0125259
0000002520,-0.0081461
0000002530,-0.0141791
0000002540,-0.0101737
0000002550,-0.0239959
0000002560,-0.0101441
0000002570,-0.006465
0000002580,-0.0263887
0000002590,-0.0162844
0000002600,-0.0208807
0000002610,-0.0162084
0000002620,-0.0138322
0000002630,-0.0110957
0000002640,-0.015184
0000002650,-0.0256355
0000002660,-0.0195024
0000002670,-0.0144578
0000002680,-0.0136337
0000002690,-0.0204193
0000002700,-0.00796949
0000002710,-0.0235659
0000002720,-0.0152349
0000002730,-0.0195511
0000002740,-0.0252683
0000002750,-0.0118627
0000002760,-0.00759446
0000002770,-0.0132405
0000002780,-0.00830154
0000002790,-0.00428892
0000002800,-0.0144043
0000002810,-0.0154282
0000002820,-0.015684
0000002830,-0.0171272
0000002840,-0.00793205
0000002850,-0.0166715
0000002860,-0.0211934
0000002870,-0.0143742
0000002880,-0.0118087
0000002890,-0.0183829
0000002900,-0.00806966
0000002910,-0.0079047
0000002920,-0.016622
0000002930,-0.0235019
0000002940,-0.0195266
0000002950,0.00925694
0000002960,-0.0449484
0000002970,0.00445302
0000002980,0.00851511
0000002990,0.00338544
0000003000,-0.042808
0000003010,-0.00572592
0000003020,-0.0423801
0000003030,-0.0168888
0000003040,-0.0114571
0000003050,-0.0199479
0000003060,-0.0348974
0000003070,-0.0076172
0000003080,-0.00259744
0000003090,-0.00447173
0000003100,-0.0298942
0000003110,-0.00612791
0000003120,-0.0202276
0000003130,-0.0279601
0000003140,-0.00716674
0000003150,0.0131213
0000003160,-0.0511639
0000003170,-0.0229832
0000003180,-0.042849
0000003190,0.0055702
0000003200,-0.00735149
0000003210,-0.0212022
0000003220,-0.00149845
0000003230,-0.00920969
0000003240,-0.00959044
0000003250,-0.0228353
0000003260,-0.0180624
0000003270,-0.00389997
0000003280,-0.028275
0000003290,-0.0239269
0000003300,-0.0143601
0000003310,-0.0213136
0000003320,-0.0182502
0000003330,-0.00586108
0000003340,-0.00966137
0000003350,-0.0170845
0000003360,-0.0250252
0000003370,-0.0244016
0000003380,-0.0248143
0000003390,-0.00520385
0000003400,-0.0207352
0000003410,-0.0140724
0000003420,-0.01873
0000003430,-0.00262269
0000003440,-0.0223673
0000003450,-0.0094005
0000003460,-0.0259949
0000003470,-0.0154439
0000003480,-0.0151018
0000003490,-0.00930259
0000003500,-0.0110782
0000003510,-0.0105068
0000003520,-0.0156792
0000003530,-0.00755167
0000003540,-0.0176155
0000003550,-0.0153588
0000003560,-0.0129002
0000003570,-0.0220059
0000003580,-0.0189648
0000003590,-0.0128559
0000003600,-0.0181995
0000003610,-0.0144102
0000003620,-0.0103581
0000003630,-0.010967
0000003640,-0.0117213
0000003650,-0.0205439
0000003660,-0.0201692
0000003670,-0.0172507
0000003680,-0.0084067
0000003690,-0.0248403
0000003700,-0.00968336
0000003710,-0.013967
0000003720,-0.0100642
0000003730,-0.0170609
0000003740,-0.0111173
0000003750,-0.00934005
0000003760,-0.022229
0000003770,-0.0170171
0000003780,-0.0130793
0000003790,-0.011251
0000003800,-0.00794331
0000003810,-0.0145229
0000003820,-0.0163415
0000003830,-0.0175451
0000003840,-0.0137839
0000003850,-0.0225069
0000003860,-0.0165016
0000003870,-0.00836293
0000003880,-0.0180038
0000003890,-0.00288197
0000003900,-0.0215462
0000003910,-0.0147775
0000003920,-0.0164451
0000003930,-0.0168131
0000003940,-0.0161652
0000003950,-0.0234353
0000003960,-0.024874
0000003970,-0.0149373
0000003980,-0.0109591
0000003990,-0.00831156
0000004000,-0.0183011
0000004010,-0.0135115
0000004020,-0.0187256
0000004030,-0.0104363
0000004040,-0.0126904
0000004050,-0.0163515
0000004060,-0.0194714
0000004070,-0.0218753
0000004080,-0.0163688
0000004090,-0.0122748
0000004100,-0.00446595
0000004110,-0.024811
0000004120,-0.0105366
0000004130,-0.0186012
0000004140,-0.0120191
0000004150,-0.0217041
0000004160,-0.0177271
0000004170,-0.022821
0000004180,-0.0196871
0000004190,-0.0153398
0000004200,-0.0136356
0000004210,-0.00899496
0000004220,-0.0202959
0000004230,-0.00940425
0000004240,-0.011203
0000004250,-0.0157842
0000004260,-0.0105238
0000004270,-0.0179588
0000004280,-0.0109725
0000004290,-0.0215182
0000004300,-0.0122293
0000004310,-0.0149221
0000004320,-0.0124441
0000004330,-0.0210587
0000004340,-0.008819
0000004350,-0.0199902
0000004360,-0.0130888
0000004370,-0.0181003
0000004380,-0.0215487
0000004390,-0.00397149
0000004400,-0.0215642
0000004410,-0.016436
0000004420,-0.0190016
0000004430,-0.0219112
0000004440,-0.00756914
0000004450,-0.0226241
0000004460,-0.0114348
0000004470,-0.0151702
0000004480,-0.0103654
0000004490,-0.0161577
0000004500,-0.00582102
0000004510,-0.0217573
0000004520,-0.0194114
0000004530,-0.00895119
0000004540,-0.014837
0000004550,-0.0245465
0000004560,-0.0166219
0000004570,-0.0111541
0000004580,-0.010285
0000004590,-0.016242
0000004600,-0.0179872
0000004610,-0.0135318
0000004620,-0.023009
0000004630,-4.25368e-05
0000004640,-0.0193526
0000004650,-0.00970984
0000004660,-0.0136078
0000004670,-0.0220044
0000004680,-0.0138374
0000004690,-0.0173966
0000004700,-0.0216282
0000004710,-0.0176724
0000004720,-0.00772301
0000004730,-0.0184742
0000004740,-0.0226899
0000004750,-0.0189344
0000004760,-0.00852926
0000004770,-0.0275788
0000004780,-0.0106959
0000004790,-0.00672845
0000004800,-0.0201699
0000004810,-0.0159875
0000004820,-0.0121439
0000004830,-0.0267234
0000004840,-0.0181347
0000004850,-0.0273631
0000004860,-0.0240834
0000004870,-0.0180619
0000004880,-0.0175861
0000004890,-0.00877205
0000004900,-0.0138478
0000004910,-0.0290711
0000004920,-0.00971967
0000004930,-0.00560994
0000004940,-0.012662
0000004950,-0.018458
0000004960,-0.0156598
0000004970,-0.0145687
0000004980,-0.0112956
0000004990,-0.0198698
0000005000,-0.0131475
0000005010,-0.0121275
0000005020,-0.0140521
0000005030,-0.0120523
0000005040,-0.0204829
0000005050,-0.0144191
0000005060,-0.0267752
0000005070,-0.0135862
0000005080,-0.0133105
0000005090,-0.0213229
0000005100,-0.0227582
0000005110,-0.0138178
0000005120,-0.0150608
0000005130,-0.0146032
0000005140,-0.017939
0000005150,-0.0125099
0000005160,-0.0229279
0000005170,-0.0182252
0000005180,-0.021266
0000005190,-0.0110917
0000005200,-0.00959133
0000005210,-0.0133931
0000005220,-0.0148348
0000005230,-0.014784
0000005240,-0.00950955
0000005250,-0.00690191
0000005260,-0.00862099
0000005270,-0.0187634
0000005280,-0.0152359
0000005290,-0.019096
0000005300,-0.0101645
0000005310,-0.00918877
0000005320,-0.0201916
0000005330,-0.0116455
0000005340,-0.0265287
0000005350,-0.0105645
0000005360,-0.0188484
0000005370,-0.0214059
0000005380,-0.0145315
0000005390,-0.00794327
0000005400,-0.01002
0000005410,-0.0276128
0000005420,-0.0277572
0000005430,-0.0183339
0000005440,-0.0125847
0000005450,-0.0174117
0000005460,-0.0149283
0000005470,-0.00744406
0000005480,-0.00741407
0000005490,-0.0128646
0000005500,-0.00713578
0000005510,-0.0166751
0000005520,-0.0194091
0000005530,-0.0161201
0000005540,-0.00871899
0000005550,-0.00988651
0000005560,-0.0161281
0000005570,-0.0101587
0000005580,-0.0235717
0000005590,-0.0154089
0000005600,-0.0124979
0000005610,-0.00865414
0000005620,-0.0260739
0000005630,-0.0171855
0000005640,-0.0169001
0000005650,-0.0129276
0000005660,-0.00554838
0000005670,-0.0107877
0000005680,-0.00891705
0000005690,-0.0112635
0000005700,-0.0157907
0000005710,-0.0189732
0000005720,-0.0187356
0000005730,-0.0122888
0000005740,-0.0275986
0000005750,-0.0171866
0000005760,-0.019944
0000005770,-0.0145676
0000005780,-0.00984049
0000005790,-0.00583144
0000005800,-0.0339494
0000005810,-0.0300814
0000005820,-0.007533
0000005830,-0.0190089
0000005840,-0.0113408
0000005850,-0.0161341
0000005860,-0.00398386
0000005870,-0.0217711
0000005880,-0.0222951
0000005890,-0.0121502
0000005900,-0.0093854
0000005910,-0.013585
0000005920,-0.0320085
0000005930,-0.0198613
0000005940,-0.00856395
0000005950,-0.00520153
0000005960,-0.01425
0000005970,-0.00800609
0000005980,-0.0169007
0000005990,-0.0195279
0000006000,-0.0227691
0000006010,-0.0193268
0000006020,-0.0183784
0000006030,-0.0246503
0000006040,-0.0205113
0000006050,-0.0200175
0000006060,-0.0138261
0000006070,-0.0141682
0000006080,-0.0148726
0000006090,-0.0131836
0000006100,-0.0180671
0000006110,-0.0118085
0000006120,-0.0222608
0000006130,-0.0115576
0000006140,-0.0151201
0000006150,-0.014366
0000006160,-0.0167802
0000006170,-0.0125892
0000006180,-0.0145933
0000006190,-0.0101167
0000006200,-0.0142667
0000006210,-0.0174142
0000006220,-0.0143349
0000006230,-0.0143021
0000006240,-0.0179865
0000006250,-0.0191182
0000006260,-0.018084
0000006270,-0.0150394
0000006280,-0.0190619
0000006290,-0.0190143
0000006300,-0.0223594
0000006310,-0.0194962
0000006320,-0.0162276
0000006330,-0.0198483
0000006340,-0.0139885
0000006350,-0.0152191
0000006360,-0.0198767
0000006370,-0.0192459
0000006380,-0.0138476
0000006390,-0.0126913
0000006400,-0.0182148
0000006410,-0.0223647
0000006420,-0.0160158
0000006430,-0.0175722
0000006440,-0.00738634
0000006450,-0.0228521
0000006460,-0.0160644
0000006470,-0.0236515
0000006480,-0.0103578
0000006490,-0.0159084
0000006500,-0.0191513
0000006510,-0.00741086
0000006520,-0.0108236
0000006530,-0.0155905
0000006540,-0.00879986
0000006550,-0.0120153
0000006560,-0.0141469
0000006570,-0.0260368
0000006580,-0.0148738
0000006590,-0.0111269
0000006600,-0.0209002
0000006610,-0.0110359
0000006620,-0.0124707
0000006630,-0.0180459
0000006640,-0.0211727
0000006650,-0.0188418
0000006660,-0.0217838
0000006670,-0.0177254
0000006680,-0.0188231
0000006690,-0.0171716
0000006700,-0.0257616
0000006710,-0.0123947
0000006720,-0.0207514
0000006730,-0.0107372
0000006740,-0.00910002
0000006750,-0.0204828
0000006760,-0.00884866
0000006770,-0.013505
0000006780,-0.0179605
0000006790,-0.0189749
0000006800,-0.0189452
0000006810,-0.022009
0000006820,-0.0159925
0000006830,-0.0103397
0000006840,-0.0215529
0000006850,-0.00981963
0000006860,-0.0118098
0000006870,-0.00659367
0000006880,-0.0163949
0000006890,0.00227178
0000006900,-0.020462
0000006910,-0.016289
0000006920,-0.00879523
0000006930,-0.0216892
0000006940,-0.0192155
0000006950,-0.0123457
0000006960,-0.0117331
0000006970,-0.0160458
0000006980,-0.0150939
0000006990,-0.00546687
0000007000,-0.0104656
0000007010,-0.00568989
0000007020,-0.0195631
0000007030,-0.0255786
0000007040,-0.0237634
0000007050,-0.00800016
0000007060,-0.000616224
0000007070,-0.021773
0000007080,-0.0427927
0000007090,0.0133401
0000007100,-0.0204623
0000007110,-0.0197502
0000007120,-0.034672
0000007130,0.0168396
0000007140,-0.0390593
0000007150,-0.00634351
0000007160,-0.00334318
0000007170,-0.0249603
0000007180,-0.0106797
0000007190,-0.0307067
0000007200,0.00575019
0000007210,-0.0150152
0000007220,-0.00594365
0000007230,-0.0281858
0000007240,-0.0227283
0000007250,0.00161076
0000007260,-0.0326863
0000007270,-0.00556605
0000007280,-0.0218007
0000007290,-0.0159676
0000007300,-0.0207856
0000007310,-0.0267668
0000007320,-0.0239445
0000007330,-0.0247925
0000007340,-0.00284966
0000007350,-0.0262605
0000007360,-0.015399
0000007370,-0.0192934
0000007380,-0.00779468
0000007390,-0.0142814
0000007400,-0.0257616
0000007410,-0.0157908
0000007420,-0.0300751
0000007430,-0.00860797
0000007440,-0.034447
0000007450,-0.00703278
0000007460,-0.0215756
0000007470,-0.0210458
0000007480,-0.0184993
0000007490,-0.0213332
0000007500,-0.0248047
0000007510,-0.0197859
0000007520,-0.00931903
0000007530,-0.0245376
0000007540,-0.0151179
0000007550,-0.0246466
0000007560,-0.0102059
0000007570,-0.00435961
0000007580,-0.0170482
0000007590,-0.0149394
0000007600,-0.00986145
0000007610,-0.0183358
0000007620,-0.009708
0000007630,-0.020482
0000007640,-0.014929
0000007650,-0.0109373
0000007660,-0.0279305
0000007670,-0.00708066
0000007680,-0.031753
0000007690,-0.00707878
0000007700,-0.0253889
0000007710,-0.0175504
0000007720,-0.0171146
0000007730,-0.0275363
0000007740,-0.0167376
0000007750,-0.0107771
0000007760,-0.0209792
0000007770,-0.0206536
0000007780,-0.0165902
0000007790,-0.00956641
0000007800,-0.0279965
0000007810,-0.0182681
0000007820,-0.0171105
0000007830,-0.0181383
0000007840,-0.0111418
0000007850,-0.0144777
0000007860,-0.00714059
0000007870,-0.0105475
0000007880,-0.0163222
0000007890,-0.0163233
0000007900,-0.0166351
0000007910,-0.029678
0000007920,-0.0145071
0000007930,-0.0129281
0000007940,-0.0231103
0000007950,-0.02006
0000007960,-0.0195705
0000007970,-0.0139687
0000007980,-0.0306074
0000007990,-0.00617338
0000008000,-0.0226074
0000008010,-0.022159
0000008020,-0.0204704
0000008030,-0.0108325
0000008040,-0.0183227
0000008050,-0.00953095
0000008060,-0.0103356
0000008070,-0.0115757
0000008080,-0.0168937
0000008090,-0.0206326
0000008100,-0.0122724
0000008110,-0.0183996
0000008120,-0.00529419
0000008130,-0.0202812
0000008140,-0.0150673
0000008150,-0.0137096
0000008160,-0.0131201
0000008170,-0.0202242
0000008180,-0.0145325
0000008190,-0.027796
0000008200,-0.0181248
0000008210,-0.0103828
0000008220,-0.0124743
0000008230,-0.0193611
0000008240,-0.0172316
0000008250,-0.00322135
0000008260,-0.0060989
0000008270,-0.0255814
0000008280,-0.0285116
0000008290,-0.0079919
0000008300,-0.0106379
0000008310,-0.0169416
0000008320,-0.0226342
0000008330,-0.010521
0000008340,-0.00162188
0000008350,-0.0314651
0000008360,-0.0114059
0000008370,-0.0101309
0000008380,-0.0220557
0000008390,-0.0369592
0000008400,-0.0271203
0000008410,-0.0218921
0000008420,-0.0175027
0000008430,-0.0127062
0000008440,-0.0241312
0000008450,-0.00879043
0000008460,-0.0280321
0000008470,-0.0285634
0000008480,-0.00795967
0000008490,-0.0190079
0000008500,-0.0160184
0000008510,-0.0167759
0000008520,-0.0110986
0000008530,-0.0260598
0000008540,-0.00839298
0000008550,-0.0213875
0000008560,-0.0141526
0000008570,-0.0155773
0000008580,-0.0273128
0000008590,-0.0064384
0000008600,-0.0179975
0000008610,-0.0165018
0000008620,-0.0208869
0000008630,-0.0257376
0000008640,-0.0203475
0000008650,-0.0176122
0000008660,-0.0260233
0000008670,-0.016825
0000008680,-0.015101
0000008690,-0.0136555
0000008700,-0.0100724
0000008710,-0.0148406
0000008720,-0.0119773
0000008730,-0.0281738
0000008740,-0.0208738
0000008750,-0.022562
0000008760,-0.00940297
0000008770,-0.0162755
0000008780,-0.00791318
0000008790,-0.00324482
0000008800,-0.0164784
0000008810,-0.00241846
0000008820,-0.012644
0000008830,-0.0110536
0000008840,-0.0147314
0000008850,-0.0256882
0000008860,-0.00939025
0000008870,-0.0189244
0000008880,-0.0213274
0000008890,-0.0165869
0000008900,-0.0213277
0000008910,-0.0177576
0000008920,-0.00111401
0000008930,-0.0373251
0000008940,-0.00957073
0000008950,-0.0127468
0000008960,-0.0328322
0000008970,-0.0165269
0000008980,-0.0130035
0000008990,-0.00684371
0000009000,-0.0280573
0000009010,-0.015717
0000009020,0.0119517
0000009030,-0.0116169
0000009040,-0.0122894
0000009050,-0.0132451
0000009060,-0.00874406
0000009070,-0.0265211
0000009080,-0.0411764
0000009090,-0.0163595
0000009100,-0.0210422
0000009110,-0.0204332
0000009120,-0.00921285
0000009130,-0.0322717
0000009140,-0.0114822
0000009150,-0.00749552
0000009160,-0.0215568
0000009170,-0.0212121
0000009180,-0.0091119
0000009190,-0.00213151
0000009200,-0.0172098
0000009210,-0.0170598
0000009220,0.00753996
0000009230,-0.0177832
0000009240,-0.0230631
0000009250,-0.0209535
0000009260,-0.0127604
0000009270,-0.0037923
0000009280,-0.0135904
0000009290,-0.0186184
0000009300,-0.0350319
0000009310,-0.0210083
0000009320,-0.0218112
0000009330,-0.0186992
0000009340,-0.00289489
0000009350,0.00245443
0000009360,-0.0153687
0000009370,-0.0197324
0000009380,-0.0179802
0000009390,-0.0118992
0000009400,-0.0075088
0000009410,-0.0169685
0000009420,-0.0171246
0000009430,-0.00769798
0000009440,0.00315727
0000009450,-0.0170426
0000009460,-0.0184358
0000009470,-0.00902082
0000009480,-0.0125715
0000009490,-0.0214767
0000009500,-0.0173322
0000009510,-0.0153139
0000009520,-0.0147016
0000009530,-0.0175928
0000009540,-0.0179329
0000009550,-0.0230471
0000009560,-0.0215214
0000009570,-0.00401391
0000009580,-0.0231714
0000009590,-0.0325301
0000009600,-0.020453
0000009610,-0.0347161
0000009620,-0.0166431
0000009630,-0.0292501
0000009640,-0.0128801
0000009650,-0.00866276
0000009660,-0.0124045
0000009670,-0.0193636
0000009680,-0.0134957
0000009690,-0.0192026
0000009700,-0.0256285
0000009710,-0.0113172
0000009720,-0.0154977
0000009730,-0.0198034
0000009740,-0.00406493
0000009750,-0.012721
0000009760,-0.0206843
0000009770,-0.0138153
0000009780,-0.0170747
0000009790,-0.00929299
0000009800,-0.00515885
0000009810,-0.00992891
0000009820,0.0032804
0000009830,-0.0238615
0000009840,-0.0186498
0000009850,-0.0105915
0000009860,-0.0188916
0000009870,-0.0110417
0000009880,-0.0199846
0000009890,-0.018101
0000009900,-0.022636
0000009910,-0.0194764
0000009920,-0.0201214
0000009930,-0.0317334
0000009940,0.00541779
0000009950,-0.0199321
0000009960,-0.016347
0000009970,-0.0327036
0000009980,-0.0163179
0000009990,-0.0126092
0000010000,-0.0194933
0000010010,-0.0287584
0000010020,-0.0108718
0000010030,-0.0304439
0000010040,-4.2232e-05
0000010050,-0.00539982
0000010060,-0.0150392
0000010070,-0.0157496
0000010080,-0.0197819
0000010090,-0.0197463
0000010100,-0.0163701
0000010110,-0.0143364
0000010120,-0.0149159
0000010130,-0.0102898
0000010140,-0.0035855
0000010150,-0.0150107
0000010160,-0.00507353
0000010170,-0.0213107
0000010180,-0.0116536
0000010190,-0.0185113
0000010200,-0.013742
0000010210,-0.0180296
0000010220,-0.0263656
0000010230,-0.015939
0000010240,-0.0186083
0000010250,-0.0234779
0000010260,-0.0121762
0000010270,-0.00667037
0000010280,-0.0250188
0000010290,-0.0160592
0000010300,-0.0143639
0000010310,-0.0209714
0000010320,-0.0192885
0000010330,-0.0229893
0000010340,-0.0138566
0000010350,-0.00429638
0000010360,-0.0230993
0000010370,-0.0165422
0000010380,-0.0205374
0000010390,-0.00833256
0000010400,-0.00715513
0000010410,-0.00195816
0000010420,-0.0178745
0000010430,-0.0191319
0000010440,-0.0257721
0000010450,-0.0262251
0000010460,-0.0164674
0000010470,-0.0134756
0000010480,-0.0117036
0000010490,-0.0156087
0000010500,-0.0144765
0000010510,-0.0137524
0000010520,-0.0148964
0000010530,-0.0111893
0000010540,-0.018422
0000010550,-0.0116986
0000010560,-0.015663
0000010570,-0.0265803
0000010580,-0.0147565
0000010590,-0.0215878
0000010600,-0.0169453
0000010610,-0.0237433
0000010620,-0.028195
0000010630,-0.00754425
0000010640,-0.0126465
0000010650,-0.00194315
0000010660,-0.0313326
0000010670,-0.00673694
0000010680,-0.0230638
0000010690,-0.00686052
0000010700,-0.00114281
0000010710,-0.00895393
0000010720,-0.0132407
0000010730,-0.000987428
0000010740,-0.00737837
0000010750,-0.0219979
0000010760,-0.0161955
0000010770,-0.0148784
0000010780,-0.0137466
0000010790,-0.0128308
0000010800,-0.00204252
0000010810,-0.0267022
0000010820,-0.0191619
0000010830,-0.0115786
0000010840,-0.0162945
0000010850,-0.0238459
0000010860,-0.0216424
0000010870,-0.0102496
0000010880,-0.0267909
0000010890,-0.0213326
0000010900,-0.0227303
0000010910,-0.0271833
0000010920,-0.0098504
0000010930,-0.0226994
0000010940,-0.0136429
0000010950,-0.017216
0000010960,-0.0202912
0000010970,-0.0187499
0000010980,-0.00757147
0000010990,-0.013509
0000011000,-0.0203543
0000011010,-0.0209826
0000011020,-0.0181225
0000011030,-0.0126588
0000011040,-0.0164825
0000011050,-0.00811385
0000011060,-0.0122187
0000011070,-0.0165619
0000011080,-0.0218844
0000011090,-0.0257976
0000011100,-0.0200785
0000011110,-0.00810987
0000011120,-0.0116104
0000011130,-0.0141893
0000011140,-0.013146
0000011150,-0.00238386
0000011160,-0.0120761
0000011170,-0.0257338
0000011180,-0.0343438
0000011190,-0.0107736
0000011200,-0.0210629
0000011210,-0.0120787
0000011220,-0.0171696
0000011230,-0.03042
0000011240,-0.00068808
0000011250,-0.0107413
0000011260,-0.0175977
0000011270,-0.00680021
0000011280,-0.0229759
0000011290,-0.0185127
0000011300,-0.0181283
0000011310,-0.0157964
0000011320,-0.0185189
0000011330,-0.0136671
0000011340,-0.0173082
0000011350,-0.018574
0000011360,-0.00235162
0000011370,-0.00975591
0000011380,-0.0176462
0000011390,-0.0110814
0000011400,-0.015801
0000011410,-0.0118017
0000011420,-0.0246582
0000011430,-0.0165374
0000011440,-0.0156525
0000011450,-0.019359
0000011460,-0.0162922
0000011470,-0.012441
0000011480,-0.00651159
0000011490,-0.00855484
0000011500,-0.0114293
0000011510,-0.00826191
0000011520,-0.0186013
0000011530,-0.0197196
0000011540,-0.0140467
0000011550,-0.0215629
0000011560,-0.0131274
0000011570,-0.0165733
0000011580,-0.0188748
0000011590,-0.0134467
0000011600,-0.0120745
0000011610,-0.0126347
0000011620,-0.0171949
0000011630,-0.0247561
0000011640,-0.00998014
0000011650,-0.018452
0000011660,-0.0140753
0000011670,-0.0205436
0000011680,-0.0137321
0000011690,-0.0157774
0000011700,-0.0155902
0000011710,-0.0198878
0000011720,-0.0190378
0000011730,-0.0211988
0000011740,-0.0280509
0000011750,-0.00800076
0000011760,-0.0178145
0000011770,-0.0199679
0000011780,-0.0202263
0000011790,-0.013218
0000011800,-0.0250531
0000011810,-0.0152609
0000011820,-0.0170491
0000011830,-0.00373997
0000011840,-0.0197161
0000011850,-0.0247121
0000011860,-0.0144165
0000011870,-0.0178144
0000011880,-0.0173814
0000011890,-0.0180761
0000011900,-0.0186025
0000011910,-0.00866359
0000011920,-0.0191363
0000011930,-0.0115168
0000011940,-0.0160724
0000011950,-0.0205485
0000011960,-0.0150059
0000011970,-0.0138781
0000011980,-0.0146642
0000011990,-0.0148994
0000012000,-0.0296284
0000012010,-0.0169246
0000012020,-0.0206142
0000012030,-0.0134403
0000012040,-0.0126642
0000012050,-0.00359446
0000012060,-0.0147124
0000012070,-0.0167067
0000012080,-0.0140641
0000012090,-0.0159454
0000012100,-0.00656371
0000012110,-0.0143582
0000012120,-0.00747708
0000012130,-0.0217399
0000012140,-0.0205188
0000012150,-0.016681
0000012160,-0.0161527
0000012170,-0.00454964
0000012180,-0.0203587
0000012190,-0.0152697
0000012200,-0.0137731
0000012210,-0.0208307
0000012220,-0.0311747
0000012230,-0.0184109
0000012240,-0.0163418
0000012250,-0.0129804
0000012260,-0.0218532
0000012270,-0.012344
0000012280,-0.0208922
0000012290,-0.0152633
0000012300,-0.0197388
0000012310,-0.0355045
0000012320,-0.0227899
0000012330,-0.0240894
0000012340,-0.0346586
0000012350,-0.0125334
0000012360,-0.0195946
0000012370,-0.0134493
0000012380,-0.0169254
0000012390,-0.00350181
0000012400,-0.0172974
0000012410,-0.0115645
0000012420,-0.0233446
0000012430,-0.00259283
0000012440,-0.0192206
0000012450,-0.00781278
0000012460,-0.0229971
0000012470,-0.0135941
0000012480,-0.0155455
0000012490,-0.0234797
0000012500,-0.0112373
0000012510,-0.020373
0000012520,-0.0173214
0000012530,-0.0100135
0000012540,-0.00794509
0000012550,-0.0205334
0000012560,-0.0180104
0000012570,-0.0229124
0000012580,-0.013903
0000012590,-0.010094
0000012600,-0.0152364
0000012610,-0.0168725
0000012620,-0.0203294
0000012630,-0.0159901
0000012640,-0.0138261
0000012650,-0.0170275
0000012660,-0.0242884
0000012670,-0.0253519
0000012680,-0.0144266
0000012690,-0.013353
0000012700,-0.0109191
0000012710,-0.0125592
0000012720,-0.00931961
0000012730,-0.029646
0000012740,-0.0124901
0000012750,-0.00851508
0000012760,-0.0125946
0000012770,-0.0177976
0000012780,-0.0232693
0000012790,-0.0199181
0000012800,-0.00642897
0000012810,-0.0129123
0000012820,-0.0217171
0000012830,-0.0127861
0000012840,-0.0177992
0000012850,-0.0182576
0000012860,-0.0187047
0000012870,-0.0149528
0000012880,-0.0167432
0000012890,-0.0268248
0000012900,-0.0168294
0000012910,-0.0172262
0000012920,-0.0208203
0000012930,-0.0231375
0000012940,-0.0100393
0000012950,-0.0164177
0000012960,-0.0172106
0000012970,-0.0157731
0000012980,-0.0199583
0000012990,-0.0140834
0000013000,-0.0213489
0000013010,-0.0219746
0000013020,-0.0154265
0000013030,-0.0180182
0000013040,-0.0238329
0000013050,-0.0057773
0000013060,-0.0158521
0000013070,-0.0140869
0000013080,-0.0149984
0000013090,-0.0266094
0000013100,-0.00959076
0000013110,-0.0130759
0000013120,-0.01681
0000013130,-0.00953694
0000013140,-0.015778
0000013150,-0.0188996
0000013160,-0.0146022
0000013170,-0.0248875
0000013180,-0.00939813
0000013190,-0.0115331
0000013200,-0.0160805
0000013210,-0.0186661
0000013220,-0.015303
0000013230,-0.0148246
0000013240,-0.0190816
0000013250,-0.0139951
0000013260,-0.011723
0000013270,-0.0181446
0000013280,-0.0130714
0000013290,-0.0167427
0000013300,-0.0173193
0000013310,-0.0192098
0000013320,-0.0165202
0000013330,-0.0233276
0000013340,-0.0222162
0000013350,-0.00467683
0000013360,-0.0245622
0000013370,-0.0135541
0000013380,-0.014987
0000013390,-0.0114776
0000013400,-0.0265134
0000013410,-0.0181478
0000013420,-0.0194442
0000013430,-0.0110087
0000013440,-0.0134371
0000013450,-0.00994805
0000013460,-0.00782716
0000013470,-0.00413001
0000013480,-0.0119758
0000013490,-0.0120083
0000013500,-0.0198342
0000013510,-0.0135902
0000013520,-0.0280921
0000013530,-0.0182146
0000013540,-0.0143098
0000013550,-0.0125999
0000013560,-0.0225523
0000013570,-0.0162477
0000013580,-0.0200943
0000013590,-0.0169507
0000013600,-0.014969
0000013610,-0.0193708
0000013620,-0.0128842
0000013630,-0.0184619
0000013640,-0.0195739
0000013650,-0.0157376
0000013660,-0.0104059
0000013670,-0.0116811
0000013680,-0.0180727
0000013690,-0.0139693
0000013700,-0.0100028
0000013710,-0.0233083
0000013720,-0.00887538
0000013730,-0.0130851
0000013740,-0.0201325
0000013750,-0.0138068
0000013760,-0.0160273
0000013770,-0.0298788
0000013780,-0.0214949
0000013790,-0.0153221
0000013800,-0.0122931
0000013810,-0.016376
0000013820,-0.0140864
0000013830,-8.2176e-05
0000013840,-0.0142673
0000013850,-0.0173893
0000013860,-0.0188165
0000013870,-0.0183678
0000013880,-0.00968903
0000013890,-0.0123216
0000013900,-0.0179686
0000013910,-0.0207415
0000013920,-0.00875829
0000013930,-0.0221669
0000013940,-0.0140835
0000013950,-0.0222073
0000013960,-0.0256109
0000013970,-0.0109831
0000013980,-0.0135287
0000013990,-0.0239111
0000014000,-0.0227459
0000014010,-0.0120632
0000014020,-0.0177346
0000014030,-0.0165162
0000014040,-0.0223667
0000014050,-0.0049798
0000014060,-0.0186657
0000014070,-0.0053582
0000014080,-0.0126355
0000014090,-0.0211185
0000014100,-0.0188589
0000014110,-0.0181285
0000014120,-0.0173954
0000014130,-0.0246966
0000014140,-0.0181089
0000014150,-0.014971
0000014160,-0.011795
0000014170,-0.0337248
0000014180,-0.0204371
0000014190,-0.0157249
0000014200,-0.0165745
0000014210,-0.0138201
0000014220,-0.0122155
0000014230,-0.0127239
0000014240,-0.0214272
0000014250,-0.018473
0000014260,-0.0108743
0000014270,-0.00794582
0000014280,-0.0210725
0000014290,-0.0154751
0000014300,-0.0157969
0000014310,-0.0113462
0000014320,-0.0122994
0000014330,-0.0154896
0000014340,-0.0175785
0000014350,-0.0108856
0000014360,-0.0209384
0000014370,-0.0140127
0000014380,-0.0225805
0000014390,-0.0144152
0000014400,-0.0142358
0000014410,-0.00524506
0000014420,-0.0187514
0000014430,-0.0172669
0000014440,-0.0171133
0000014450,-0.0110057
0000014460,-0.0168195
0000014470,-0.0138463
0000014480,-0.0191275
0000014490,-0.0120368
0000014500,-0.0185042
0000014510,-0.0140362
0000014520,-0.0290071
0000014530,-0.0149657
0000014540,-0.0126318
0000014550,-0.0133339
0000014560,-0.0260894
0000014570,-0.0196255
0000014580,-0.0152253
0000014590,-0.00891741
0000014600,-0.0104709
0000014610,-0.0195008
0000014620,-0.0125393
0000014630,-0.0135344
0000014640,-0.0145256
0000014650,-0.0161952
0000014660,-0.0162886
0000014670,-0.0191838
0000014680,-0.014933
0000014690,-0.0165059
0000014700,-0.0187933
0000014710,-0.0165684
0000014720,-0.021149
0000014730,-0.0193468
0000014740,-0.0169324
0000014750,-0.00763151
0000014760,-0.0190312
0000014770,-0.0151335
0000014780,-0.0131208
0000014790,-0.0152933
0000014800,-0.0122166
0000014810,-0.0129462
0000014820,-0.0221298
0000014830,-0.0116633
0000014840,-0.0175989
0000014850,-0.0181403
0000014860,-0.00999578
0000014870,-0.00987145
0000014880,-0.0105235
0000014890,-0.0111244
0000014900,-0.0193141
0000014910,-0.0215822
0000014920,-0.0202366
0000014930,-0.0103894
0000014940,-0.00638675
0000014950,-0.0165301
0000014960,-0.0174735
0000014970,-0.0148461
0000014980,-0.0228462
0000014990,-0.0158528
0000015000,-0.0175686
0000015010,-0.0184112
0000015020,-0.0100406
0000015030,-0.0152934
0000015040,-0.00980071
0000015050,-0.0151518
0000015060,-0.0197063
0000015070,-0.0161337
0000015080,-0.0200323
0000015090,-0.0100734
0000015100,-0.0217515
0000015110,-0.023515
0000015120,-0.0164346
0000015130,-0.0101376
0000015140,-0.0117261
0000015150,-0.0218126
0000015160,-0.0165193
0000015170,-0.0154564
0000015180,-0.0177953
0000015190,-0.0119852
0000015200,-0.0161408
0000015210,-0.0217426
0000015220,-0.0167646
0000015230,-0.0114324
0000015240,-0.00571076
0000015250,-0.0229938
0000015260,-0.0197794
0000015270,-0.0184602
0000015280,-0.0168276
0000015290,-0.0148951
0000015300,-0.0159038
0000015310,-0.0137832
0000015320,-0.0153536
0000015330,-0.0135945
0000015340,-0.0196994
0000015350,-0.0115756
0000015360,-0.0220458
0000015370,-0.0111527
0000015380,-0.0187198
0000015390,-0.0165173
0000015400,-0.0221969
0000015410,-0.0123844
0000015420,-0.015359
0000015430,-0.0190633
0000015440,-0.0213595
0000015450,-0.0184836
0000015460,-0.0134193
0000015470,-0.0199546
0000015480,-0.0189509
0000015490,-0.0220322
0000015500,-0.0221255
0000015510,-0.0210539
0000015520,-0.0206544
0000015530,-0.0117501
0000015540,-0.0207566
0000015550,-0.0199178
0000015560,-0.0146841
0000015570,-0.0239165
0000015580,-0.0219904
0000015590,-0.0112743
0000015600,-0.0124272
0000015610,-0.0157736
0000015620,-0.0186498
0000015630,-0.02448
0000015640,-0.0152324
0000015650,-0.00648577
0000015660,-0.0149095
0000015670,-0.0137171
0000015680,-0.0112287
0000015690,-0.0176261
0000015700,-0.011244
0000015710,-0.0132676
0000015720,-0.00937563
0000015730,-0.0163913
0000015740,-0.0243107
0000015750,-0.0192058
0000015760,-0.0187303
0000015770,-0.013708
0000015780,-0.00712175
0000015790,-0.0161857
0000015800,-0.0124045
0000015810,-0.0106579
0000015820,-0.0226089
0000015830,-0.00896606
0000015840,-0.0187623
0000015850,-0.0180745
0000015860,-0.00872251
0000015870,-0.019181
0000015880,-0.00626729
0000015890,-0.0173772
0000015900,-0.0157536
0000015910,-0.0134451
0000015920,-0.018064
0000015930,-0.0222322
0000015940,-0.0170614
0000015950,-0.0158747
0000015960,-0.0169269
0000015970,-0.0102962
0000015980,-0.0141472
0000015990,-0.0167587
