0000000000,-0.0305174
0000000010,0.00440834
0000000020,-0.0176649
0000000030,-0.00531874
0000000040,-0.0216209
0000000050,-0.0110017
0000000060,-0.00727417
0000000070,-0.0139871
0000000080,-0.00826444
0000000090,-0.0241808
0000000100,-0.029168
0000000110,-0.00598272
0000000120,-0.0205957
0000000130,-0.00956834
0000000140,0.00294844
0000000150,-0.020256
0000000160,-0.0394749
0000000170,0.0158357
0000000180,-0.0267282
0000000190,-0.0275345
0000000200,0.0137212
0000000210,0.00350708
0000000220,-0.0518885
0000000230,-0.0173622
0000000240,-0.0205065
0000000250,0.00487437
0000000260,0.0122974
0000000270,-0.037979
0000000280,-0.0269042
0000000290,-0.00162872
0000000300,-0.00685173
0000000310,-0.0215693
0000000320,-0.00719623
0000000330,-0.0222036
0000000340,-0.00496472
0000000350,-0.0274526
0000000360,-0.0201217
0000000370,-0.0169871
0000000380,0.00692114
0000000390,-0.0213212
0000000400,-0.0385725
0000000410,-0.0177093
0000000420,-0.0298679
0000000430,-0.0457606
0000000440,-0.0244752
0000000450,-0.0251746
0000000460,-0.0392674
0000000470,-0.00679203
0000000480,-0.0702667
0000000490,-0.001836
0000000500,-0.0538478
0000000510,-0.0100995
0000000520,0.00254923
0000000530,0.0475966
0000000540,0.0680277
0000000550,-0.0361306
0000000560,0.0154441
0000000570,0.00635279
0000000580,-0.0373016
0000000590,0.0148224
0000000600,-0.0112888
0000000610,0.0164585
0000000620,-0.0240699
0000000630,-0.00870112
0000000640,0.000941129
0000000650,-0.0280508
0000000660,-0.00757287
0000000670,-0.00900974
0000000680,0.00886277
0000000690,-0.0431664
0000000700,-0.00344525
0000000710,-0.00691633
0000000720,-0.0435991
0000000730,-0.0543499
0000000740,-0.0338961
0000000750,-0.0343706
0000000760,-0.0427852
0000000770,0.00879308
0000000780,0.0156527
0000000790,-0.0230884
0000000800,-0.00592649
0000000810,-0.029969
0000000820,-0.0170253
0000000830,-0.0330479
0000000840,-0.030559
0000000850,-0.0156846
0000000860,-0.0127897
0000000870,-0.0329508
0000000880,-0.0171756
0000000890,-0.0169035
0000000900,-0.0398337
0000000910,-0.0274627
0000000920,-0.000472575
0000000930,-0.021917
0000000940,-0.010569
0000000950,-0.0244841
0000000960,-0.018699
0000000970,-0.0341722
0000000980,-0.0153678
0000000990,-0.00603921
0000001000,-0.00962359
0000001010,-0.00931589
0000001020,-0.00182743
0000001030,-0.00768839
0000001040,-0.0420334
0000001050,-0.0261354
0000001060,-0.0255881
0000001070,-0.000655723
0000001080,-0.00493345
0000001090,-0.0197068
0000001100,-0.0114919
0000001110,-0.00696416
0000001120,-0.0102171
0000001130,-0.0391963
0000001140,0.0104887
0000001150,-0.0156281
0000001160,-0.0163986
0000001170,-0.00507909
0000001180,-0.0412594
0000001190,-0.0138565
0000001200,3.31805e-05
0000001210,-0.021185
0000001220,0.0107418
0000001230,-0.0258799
0000001240,-0.0197044
0000001250,-0.0365214
0000001260,-0.0281152
0000001270,0.0079295
0000001280,-0.0210861
0000001290,-0.00984165
0000001300,-0.00812205
0000001310,-0.00626711
0000001320,-0.0122297
0000001330,-0.0193247
0000001340,-0.00928197
0000001350,-0.0182818
0000001360,0.0044813
0000001370,0.00671812
0000001380,-0.0188474
0000001390,-0.0184783
0000001400,-0.0140293
0000001410,-0.0392831
0000001420,0.0116042
0000001430,-0.015227
0000001440,-0.0156871
0000001450,-0.00894524
0000001460,-0.0123843
0000001470,-0.0161055
0000001480,-0.0195579
0000001490,-0.00956816
0000001500,-0.0050412
0000001510,-0.0138823
0000001520,-0.034689
0000001530,-0.0312922
0000001540,-0.0199581
0000001550,0.00178184
0000001560,-0.013331
0000001570,-0.000455977
0000001580,-0.0209947
0000001590,-0.0170763
0000001600,-0.00912934
0000001610,-0.0113798
0000001620,-0.000604026
0000001630,-0.030174
0000001640,0.0168058
0000001650,-0.00920677
0000001660,-0.0143077
0000001670,-0.00059034
0000001680,-0.0208587
0000001690,-0.0127864
0000001700,-0.0120501
0000001710,-0.0234132
0000001720,-0.0214259
0000001730,-0.0243489
0000001740,-0.00491903
0000001750,-0.0138898
0000001760,-0.011277
0000001770,-0.016376
0000001780,-0.0077803
0000001790,0.00892052
0000001800,-0.00899553
0000001810,-0.00671104
0000001820,-0.0221826
0000001830,0.00111989
0000001840,-0.0111641
0000001850,-0.0195717
0000001860,-0.0168226
0000001870,-0.0148578
0000001880,-0.0226068
0000001890,-0.00112739
0000001900,-0.0248227
0000001910,-0.0141907
0000001920,-0.0316971
0000001930,-0.0103851
0000001940,-0.00871885
0000001950,-0.0220658
0000001960,-0.016926
0000001970,-0.015142
0000001980,-0.00902009
0000001990,-0.0148731
0000002000,-0.0192407
0000002010,-0.0104397
0000002020,-0.02094
0000002030,-0.0192654
0000002040,-0.0177766
0000002050,-0.0169283
0000002060,-0.0224092
0000002070,-0.0348729
0000002080,-0.0295055
0000002090,-0.00686991
0000002100,-0.0365064
0000002110,-0.0283293
0000002120,-0.0251242
0000002130,0.00603715
0000002140,-0.0311207
0000002150,-0.0346915
0000002160,0.00627736
0000002170,-0.0272211
0000002180,-0.0181314
0000002190,-0.00502609
0000002200,-0.0144096
0000002210,-0.0328801
0000002220,-0.0217302
0000002230,-0.0220375
0000002240,-0.0369091
0000002250,-0.0440094
0000002260,-0.00266758
0000002270,-0.0161786
0000002280,-0.010862
0000002290,-0.00165537
0000002300,-0.0179138
0000002310,-0.00865905
0000002320,-0.00218192
0000002330,-0.0209402
0000002340,-0.0193236
0000002350,-0.0054816
0000002360,-0.0142585
0000002370,-0.00634328
0000002380,-0.0144088
0000002390,-0.0217887
0000002400,-0.0234723
0000002410,-0.0131492
0000002420,-0.00152494
0000002430,0.00316907
0000002440,0.00412576
0000002450,-0.0330199
0000002460,-0.00967197
0000002470,0.0262148
0000002480,-0.0072687
0000002490,-0.0071267
0000002500,-0.00912972
0000002510,0.00435194
0000002520,-0.000554905
0000002530,-0.0342084
0000002540,-0.0254907
0000002550,-0.0209271
0000002560,-0.0163328
0000002570,-0.00551057
0000002580,0.0148582
0000002590,-0.0234014
0000002600,-0.0193132
0000002610,-0.0179562
0000002620,-0.0255296
0000002630,-0.02043
0000002640,-0.0109726
0000002650,-0.0157257
0000002660,-0.00851316
0000002670,-0.00961342
0000002680,-0.0124362
0000002690,-0.0199393
0000002700,-0.0258361
0000002710,-0.0265187
0000002720,-0.0355205
0000002730,-0.000983807
0000002740,-0.0152769
0000002750,-0.00729631
0000002760,-0.0217378
0000002770,0.00126595
0000002780,-0.0318537
0000002790,-0.0185619
0000002800,-0.0244225
0000002810,-0.0183701
0000002820,0.00914677
0000002830,-0.00774621
0000002840,-0.031211
0000002850,-0.00733067
0000002860,-0.020476
0000002870,0.0032833
0000002880,-0.02108
0000002890,-0.00190339
0000002900,-0.00979763
0000002910,-0.00715742
0000002920,-0.0188993
0000002930,0.00249955
0000002940,-0.0243732
0000002950,-0.0117827
0000002960,-0.0182454
0000002970,-0.0376208
0000002980,-0.0201235
0000002990,-0.0359641
0000003000,-0.0397162
0000003010,-0.0102824
0000003020,-0.00407097
0000003030,-0.0223945
0000003040,-0.0197174
0000003050,-0.0143332
0000003060,-0.0390018
0000003070,-0.0017562
0000003080,-0.00316637
0000003090,-0.0134657
0000003100,-0.0173708
0000003110,-0.00597244
0000003120,-0.0166898
0000003130,-0.0135836
0000003140,-0.0159701
0000003150,-0.0263332
0000003160,-0.0354343
0000003170,-0.00876196
0000003180,-0.0281284
0000003190,-0.0142248
0000003200,-0.0167728
0000003210,0.00843825
0000003220,-0.0105296
0000003230,-0.00904066
0000003240,-0.0238099
0000003250,-0.00805514
0000003260,-0.00138933
0000003270,-0.00924186
0000003280,0.00300644
0000003290,-0.0262281
0000003300,-0.0044238
0000003310,-0.0224715
0000003320,0.0013268
0000003330,-0.0234765
0000003340,-0.0146356
0000003350,-0.00691454
0000003360,-0.0302736
0000003370,-0.0325915
0000003380,-0.0026998
0000003390,-0.0274842
0000003400,-0.00897718
0000003410,-0.0118809
0000003420,-0.0245839
0000003430,-0.0219371
0000003440,-0.00897339
0000003450,-0.0340262
0000003460,-0.00779675
0000003470,-0.0165442
0000003480,-0.0268289
0000003490,-0.0337445
0000003500,-0.00452589
0000003510,-0.0272471
0000003520,-0.0124291
0000003530,-0.00592489
0000003540,-0.0300467
0000003550,0.00944359
0000003560,-0.00963412
0000003570,-0.000829125
0000003580,-0.00516368
0000003590,0.00940348
0000003600,-0.0450557
0000003610,-0.0246305
0000003620,-0.0279117
0000003630,-0.0281071
0000003640,-0.00219752
0000003650,-0.0242225
0000003660,-0.0305154
0000003670,-0.0361911
0000003680,0.00126411
0000003690,-0.0136208
0000003700,0.00488427
0000003710,-0.0235489
0000003720,-0.0358136
0000003730,-0.0294112
0000003740,0.0158838
0000003750,-0.0398898
0000003760,-0.0110094
0000003770,-0.0199089
0000003780,-0.000712985
0000003790,-0.00446356
0000003800,-0.0532003
0000003810,0.00423649
0000003820,-0.00742076
0000003830,-0.0128408
0000003840,-0.0389502
0000003850,-0.0437395
0000003860,-0.0104207
0000003870,-0.0209948
0000003880,-0.00750781
0000003890,-0.0161335
0000003900,-0.0308575
0000003910,-0.00691752
0000003920,-0.0123568
0000003930,-0.0307374
0000003940,-0.0198051
0000003950,-0.0209118
0000003960,-0.0193506
0000003970,-0.0292676
0000003980,-0.0224298
0000003990,-0.0149654
0000004000,-0.0319726
0000004010,0.00626647
0000004020,-0.0148355
0000004030,-0.0379779
0000004040,0.00735372
0000004050,-0.0123405
0000004060,-0.0260692
0000004070,-0.0101311
0000004080,-0.0244982
0000004090,-0.0129459
0000004100,-0.019519
0000004110,-0.0258713
0000004120,-0.00791691
0000004130,-0.027292
0000004140,-0.0195478
0000004150,-0.00186176
0000004160,-0.0190503
0000004170,-0.0133297
0000004180,-0.036512
0000004190,-0.0223524
0000004200,-0.0203702
0000004210,-0.0233255
0000004220,0.00566264
0000004230,-0.031176
0000004240,-0.0153218
0000004250,0.00191727
0000004260,-0.0317589
0000004270,-0.0317646
0000004280,-0.00779976
0000004290,-0.0138837
0000004300,-0.0320409
0000004310,-0.00276398
0000004320,-0.00232055
0000004330,-0.0214997
0000004340,-0.0582272
0000004350,-0.000808728
0000004360,-0.0263818
0000004370,-0.0232024
0000004380,-0.00995978
0000004390,-0.0210784
0000004400,-0.00569136
0000004410,-0.0241546
0000004420,-0.0154741
0000004430,-0.0158913
0000004440,-0.0375173
0000004450,-0.0149138
0000004460,0.00141047
0000004470,0.0130416
0000004480,0.00455571
0000004490,-0.0176245
0000004500,-0.00481512
0000004510,-3.54637e-05
0000004520,-0.0203601
0000004530,-0.0184756
0000004540,-0.00252457
0000004550,-0.00154854
0000004560,-0.013696
0000004570,-0.0277842
0000004580,-0.0138133
0000004590,-0.0158112
0000004600,-0.0116066
0000004610,-0.022545
0000004620,0.00127499
0000004630,-0.00141753
0000004640,-0.00412842
0000004650,-0.0178409
0000004660,-0.0217155
0000004670,-0.0043186
0000004680,-0.0181152
0000004690,-0.00841789
0000004700,-0.0156995
0000004710,-0.015632
0000004720,-0.00594522
0000004730,-0.0158754
0000004740,-0.0296922
0000004750,-0.0110194
0000004760,-0.0416673
0000004770,-0.0284881
0000004780,-0.01872
0000004790,-0.0341324
0000004800,-0.00529556
0000004810,-0.00775686
0000004820,0.0159319
0000004830,-0.00738004
0000004840,-0.0123034
0000004850,-0.0331494
0000004860,-0.00365922
0000004870,-0.0462908
0000004880,0.0114607
0000004890,-0.00297713
0000004900,-0.0184569
0000004910,-0.0342693
0000004920,-0.00321274
0000004930,-0.0119742
0000004940,0.00340997
0000004950,-0.023204
0000004960,0.0144119
0000004970,-0.0203246
0000004980,-0.0125016
0000004990,-0.0231256
0000005000,-0.0163464
0000005010,-0.00474375
0000005020,-0.0109931
0000005030,-0.0213393
0000005040,-0.0228457
0000005050,0.00544756
0000005060,-0.0052226
0000005070,-0.0329895
0000005080,-0.0103346
0000005090,-0.0187424
0000005100,-0.0194246
0000005110,-0.0183595
0000005120,-0.0252298
0000005130,-0.00464132
0000005140,-0.0184411
0000005150,0.0108555
0000005160,0.00634274
0000005170,-0.0222976
0000005180,-0.00305192
0000005190,-0.00628417
0000005200,-0.0169082
0000005210,-0.0517597
0000005220,-0.00613886
0000005230,-0.0117022
0000005240,-0.0114029
0000005250,-0.0102105
0000005260,-0.00474311
0000005270,-0.0333306
0000005280,-0.028808
0000005290,0.00143266
0000005300,-0.0119923
0000005310,0.00555068
0000005320,-0.0151628
0000005330,-0.000297946
0000005340,0.0023595
0000005350,-0.0420493
0000005360,-0.0126915
0000005370,-0.0287229
0000005380,-0.00611427
0000005390,-0.0376204
0000005400,0.00174672
0000005410,-0.0267172
0000005420,-0.00839326
0000005430,-0.00937297
0000005440,-0.0195136
0000005450,0.00458929
0000005460,-0.011901
0000005470,-0.0375073
0000005480,-0.0114608
0000005490,-0.0140132
0000005500,-0.00806025
0000005510,-0.00877551
0000005520,-0.0285821
0000005530,-0.0124729
0000005540,-0.0229763
0000005550,-0.0383819
0000005560,-0.0244483
0000005570,-0.0409669
0000005580,-0.0213436
0000005590,-0.0369236
0000005600,-0.00887123
0000005610,0.00835785
0000005620,-0.00104849
0000005630,-0.0308458
0000005640,-0.0213958
0000005650,-0.00133067
0000005660,-0.0281824
0000005670,0.00368441
0000005680,-0.0182095
0000005690,-0.0297223
0000005700,-0.0120249
0000005710,-0.0101153
0000005720,-0.016984
0000005730,-0.0284117
0000005740,-0.0104375
0000005750,-0.00887642
0000005760,-0.0090061
0000005770,-0.00780521
0000005780,-0.00452099
0000005790,-0.035921
0000005800,-0.0238349
0000005810,-0.0216608
0000005820,-0.0290406
0000005830,-0.00293037
0000005840,-0.0120273
0000005850,-0.0109871
0000005860,-0.0319711
0000005870,-0.0157514
0000005880,-0.0153727
0000005890,-0.0252718
0000005900,-0.0180877
0000005910,-0.0367297
0000005920,-0.0231222
0000005930,-0.0283622
0000005940,-0.0026553
0000005950,-0.0142188
0000005960,-0.0218344
0000005970,-0.0143894
0000005980,-0.0107751
0000005990,0.0107812
0000006000,-0.0380732
0000006010,-0.0203826
0000006020,-0.0219185
0000006030,-0.028803
0000006040,-0.0106844
0000006050,-0.0361695
0000006060,-0.0204578
0000006070,-0.0119739
0000006080,-0.0150714
0000006090,-0.019069
0000006100,-0.00214957
0000006110,0.0349542
0000006120,-0.00618798
0000006130,-0.0273257
0000006140,-0.0188102
0000006150,-0.0273508
0000006160,-0.0114398
0000006170,-0.00354871
0000006180,0.00172892
0000006190,-0.0034103
0000006200,-0.0309381
0000006210,-0.00915544
0000006220,-0.0172973
0000006230,-0.00610641
0000006240,0.00118043
0000006250,-0.00487609
0000006260,-0.0103268
0000006270,0.00181884
0000006280,-0.00673175
0000006290,-0.0167831
0000006300,-0.022639
0000006310,-0.0096631
0000006320,-0.00446385
0000006330,-0.0194477
0000006340,-0.014653
0000006350,-0.0105093
0000006360,-0.0181463
0000006370,-0.0106922
0000006380,-0.0119757
0000006390,-0.013918
0000006400,-0.012506
0000006410,0.00372552
0000006420,-0.0364643
0000006430,-0.0230208
0000006440,-0.00311768
0000006450,-0.00788395
0000006460,0.00327291
0000006470,-0.0239102
0000006480,-0.0539934
0000006490,-0.0195757
0000006500,-0.0224541
0000006510,-0.0357179
0000006520,0.00634429
0000006530,-0.0255885
0000006540,-0.0204237
0000006550,-0.00716229
0000006560,-0.0174481
0000006570,-0.0215946
0000006580,-0.0212366
0000006590,-0.0304602
0000006600,-0.0259518
0000006610,-0.0340132
0000006620,-0.00124112
0000006630,0.0136863
0000006640,-0.0190214
0000006650,-0.0313089
0000006660,-0.0442894
0000006670,-0.0107669
0000006680,-0.0276038
0000006690,-0.0243654
0000006700,0.00558884
0000006710,-0.0439379
0000006720,-0.0168406
0000006730,-0.0217362
0000006740,-0.023068
0000006750,-0.0137356
0000006760,-0.0184391
0000006770,-0.0184231
0000006780,-0.0156204
0000006790,-0.0141971
0000006800,-0.0163639
0000006810,-0.0223756
0000006820,-0.0316422
0000006830,-0.0192409
0000006840,-0.00381359
0000006850,-0.0138178
0000006860,-0.0135446
0000006870,-0.0131805
0000006880,-0.0490843
0000006890,0.00955391
0000006900,-0.0246435
0000006910,-0.00866725
0000006920,-0.0380449
0000006930,-0.0211987
0000006940,-0.0326509
0000006950,-0.026888
0000006960,-0.0161878
0000006970,-0.0146908
0000006980,-0.0167241
0000006990,-0.0263085
0000007000,-0.0092272
0000007010,-0.00862695
0000007020,-0.0139356
0000007030,-0.0242707
0000007040,0.00491017
0000007050,-0.00510432
0000007060,-0.0132955
0000007070,-0.0134634
0000007080,-0.0159491
0000007090,-0.0322082
0000007100,-0.0241747
0000007110,-0.0217274
0000007120,-0.00108944
0000007130,-0.0247556
0000007140,-0.0197627
0000007150,-0.0289024
0000007160,-0.0138313
0000007170,-0.0135843
0000007180,0.00261681
0000007190,-0.0116564
0000007200,-0.0163953
0000007210,-0.0046581
0000007220,-0.00395114
0000007230,-0.0247007
0000007240,-0.0234156
0000007250,-0.00310696
0000007260,0.00797259
0000007270,-0.000894677
0000007280,-0.00840303
0000007290,-0.0274887
0000007300,-0.0212819
0000007310,-0.0100987
0000007320,-0.0337584
0000007330,-0.0381934
0000007340,-0.0250799
0000007350,-0.00524304
0000007360,-0.0301198
0000007370,-0.0251269
0000007380,-0.0280804
0000007390,-0.0132142
0000007400,-0.0174789
0000007410,-0.0289213
0000007420,-0.0176808
0000007430,-0.00393483
0000007440,-0.0258665
0000007450,-0.0189379
0000007460,-0.00879569
0000007470,-0.0247262
0000007480,-0.0145338
0000007490,-0.0281512
0000007500,-0.0225706
0000007510,-0.00832938
0000007520,-0.0149367
0000007530,-0.0287143
0000007540,-0.0054574
0000007550,-0.0241033
0000007560,-0.00709626
0000007570,-0.00522663
0000007580,-0.0233552
0000007590,0.00838959
0000007600,0.000184345
0000007610,-0.0245677
0000007620,-0.0270084
0000007630,-0.0256058
0000007640,-0.0133469
0000007650,0.00130399
0000007660,-0.0321544
0000007670,0.00585884
0000007680,-0.0219563
0000007690,-0.00437629
0000007700,-0.015026
0000007710,-0.0240768
0000007720,-0.0131049
0000007730,-0.0228395
0000007740,-0.0182601
0000007750,-0.0133323
0000007760,-0.00673663
0000007770,-0.0169888
0000007780,-0.0308774
0000007790,-0.0162539
0000007800,-0.0295116
0000007810,-0.0235875
0000007820,-0.0238512
0000007830,-0.0101618
0000007840,-0.0156365
0000007850,-0.0304243
0000007860,-0.0253825
0000007870,-0.0235904
0000007880,-0.013244
0000007890,-0.0148939
0000007900,-0.00476008
0000007910,-0.0273532
0000007920,-0.0154475
0000007930,-0.00392849
0000007940,-0.00819393
0000007950,-0.0109928
0000007960,-0.0282703
0000007970,-0.0233183
0000007980,0.00381272
0000007990,-0.00628369
0000008000,-0.018458
0000008010,-0.0309894
0000008020,-0.0241669
0000008030,-0.00225865
0000008040,-0.00386779
0000008050,-0.0132181
0000008060,-0.0151723
0000008070,-0.0152339
0000008080,-0.0210266
0000008090,-0.0128894
0000008100,-0.0101678
0000008110,-0.0257113
0000008120,0.00121884
0000008130,-0.0079362
0000008140,-0.00907214
0000008150,-0.0104826
0000008160,-0.00612799
0000008170,-0.0190012
0000008180,-0.0204831
0000008190,-0.0197381
0000008200,-0.0168929
0000008210,-0.0239991
0000008220,-0.000321401
0000008230,-0.0185061
0000008240,-0.0178204
0000008250,-0.0312529
0000008260,-0.00628078
0000008270,-0.00885143
0000008280,-0.0268428
0000008290,-0.0170366
0000008300,-0.0333926
0000008310,-0.0253014
0000008320,-0.0363377
0000008330,0.00456636
0000008340,-0.0141477
0000008350,-0.0110089
0000008360,-0.0284785
0000008370,-0.0137501
0000008380,-0.01588
0000008390,-0.0197177
0000008400,-0.0113369
0000008410,-0.00728537
0000008420,0.00966897
0000008430,-0.0229624
0000008440,-0.0302138
0000008450,-0.0175647
0000008460,-0.00701241
0000008470,-0.0277373
0000008480,-0.00498545
0000008490,-0.0214618
0000008500,-0.0185531
0000008510,-0.0156322
0000008520,-0.0239489
0000008530,-0.00467579
0000008540,-0.0609035
0000008550,-0.0137874
0000008560,-0.0239822
0000008570,-0.0179873
0000008580,-0.0158627
0000008590,0.00532581
0000008600,-0.00545463
0000008610,-0.0258159
0000008620,-0.0192244
0000008630,-0.00359475
0000008640,-0.0124913
0000008650,-0.0303005
0000008660,-0.0147213
0000008670,-0.0231003
0000008680,-0.0160045
0000008690,-0.000288407
0000008700,-0.00405519
0000008710,-0.023405
0000008720,0.00414954
0000008730,0.000723518
0000008740,-0.0113632
0000008750,-0.0123652
0000008760,-0.0184028
0000008770,0.00476491
0000008780,-0.0274952
0000008790,0.00566383
0000008800,-0.00588424
0000008810,-0.0356547
0000008820,-0.0224491
0000008830,-0.0463679
0000008840,-0.0194699
0000008850,-0.00281659
0000008860,-0.0227621
0000008870,-0.000861491
0000008880,0.00856931
0000008890,-0.0297873
0000008900,-0.0234888
0000008910,-0.0178937
0000008920,-0.0113652
0000008930,-0.00655565
0000008940,-0.0165264
0000008950,-0.00194866
0000008960,-0.0102045
0000008970,-0.0141646
0000008980,-0.0239972
0000008990,-0.0129519
0000009000,-0.0261699
0000009010,-0.0133776
0000009020,0.00323178
0000009030,-0.0184632
0000009040,-0.0124159
0000009050,-0.00400855
0000009060,-0.0321648
0000009070,-0.0271318
0000009080,-0.0169238
0000009090,-0.0130555
0000009100,-0.00394106
0000009110,-0.0206051
0000009120,-0.0171358
0000009130,-0.00744322
0000009140,-0.0273118
0000009150,-0.00604342
0000009160,-0.00249868
0000009170,-0.0176506
0000009180,-0.0345556
0000009190,-0.0150296
0000009200,-0.00166229
0000009210,-0.0109794
0000009220,-0.0162688
0000009230,-0.0227636
0000009240,-0.00932863
0000009250,-0.00878429
0000009260,-0.0287842
0000009270,-0.0319101
0000009280,-0.0205201
0000009290,-0.0176998
0000009300,-0.00443544
0000009310,-0.00526076
0000009320,-0.0244039
0000009330,0.00474152
0000009340,-0.0296164
0000009350,-0.0235825
0000009360,-0.0198932
0000009370,-0.0154793
0000009380,-0.000653881
0000009390,-0.017177
0000009400,-0.0317018
0000009410,0.00163401
0000009420,0.00345353
0000009430,-0.00855622
0000009440,-0.0176001
0000009450,-0.020833
0000009460,-0.00645006
0000009470,-0.0181248
0000009480,-0.0333304
0000009490,-0.00683089
0000009500,-0.011562
0000009510,-0.0167145
0000009520,-0.0216435
0000009530,-0.0278798
0000009540,-0.0193707
0000009550,0.00808642
0000009560,-0.00634065
0000009570,-0.0271964
0000009580,-0.0121442
0000009590,0.000930951
0000009600,-0.0104048
0000009610,-0.00851059
0000009620,0.00292229
0000009630,-0.0156963
0000009640,-0.0162003
0000009650,-0.00533572
0000009660,-0.0194499
0000009670,-0.0288966
0000009680,-0.000322445
0000009690,-0.0243535
0000009700,-0.0282482
0000009710,0.0139404
0000009720,-0.0218582
0000009730,-0.0163359
0000009740,-0.0105046
0000009750,-0.0256692
0000009760,-0.021527
0000009770,-0.00789739
0000009780,-0.0180345
0000009790,-0.0106197
0000009800,-0.025033
0000009810,-0.00765922
0000009820,0.000421899
0000009830,-0.00506546
0000009840,-0.0305776
0000009850,-0.00824482
0000009860,0.00920158
0000009870,0.000976336
0000009880,-0.0353638
0000009890,-0.0210871
0000009900,-0.0157274
0000009910,-0.0121702
0000009920,-0.0103963
0000009930,-0.00749745
0000009940,-0.0291207
0000009950,-0.0211125
0000009960,-0.0263069
0000009970,-0.0160179
0000009980,-0.0182448
0000009990,-0.00038505
0000010000,-0.0280801
0000010010,-0.0166209
0000010020,0.00329917
0000010030,-0.0240921
0000010040,-0.0323309
0000010050,-0.00935628
0000010060,-0.0124873
0000010070,-0.0126196
0000010080,-0.0257033
0000010090,-0.0049596
0000010100,-0.0332873
0000010110,0.0078905
0000010120,-0.00561576
0000010130,-0.0266786
0000010140,-0.00287691
0000010150,-0.0195018
0000010160,-0.0182113
0000010170,-0.00698406
0000010180,-0.00825007
0000010190,-0.0251229
0000010200,-0.00379555
0000010210,-0.0161913
0000010220,-0.0257224
0000010230,-0.0370594
0000010240,0.0067311
0000010250,-0.0294187
0000010260,-0.00141438
0000010270,-0.0183164
0000010280,-0.0218791
0000010290,-0.0186545
0000010300,-0.0027798
0000010310,-0.0222222
0000010320,-0.0123664
0000010330,-0.0140214
0000010340,-0.00487236
0000010350,-0.00462534
0000010360,-0.00689182
0000010370,-0.0257174
0000010380,0.000451479
0000010390,0.00434062
0000010400,-0.00772332
0000010410,-0.000992066
0000010420,-0.0135745
0000010430,-0.00644074
0000010440,-0.00533224
0000010450,-0.0112467
0000010460,-0.0276903
0000010470,-0.0137667
0000010480,-0.00331148
0000010490,-0.0104941
0000010500,-0.00254269
0000010510,-0.00878186
0000010520,0.000914384
0000010530,-0.000801164
0000010540,-0.00149991
0000010550,-0.00146493
0000010560,-0.00989219
0000010570,-0.0118313
0000010580,-0.0184267
0000010590,0.00722687
0000010600,-0.0154089
0000010610,-0.00355532
0000010620,-0.0298837
0000010630,-0.0201389
0000010640,1.44215e-05
0000010650,-0.00622726
0000010660,0.012887
0000010670,-0.000381088
0000010680,0.00936439
0000010690,0.000544438
0000010700,-0.0273868
0000010710,-0.000880367
0000010720,-0.0182531
0000010730,-0.0187123
0000010740,-0.00840516
0000010750,-0.0104758
0000010760,-0.00283418
0000010770,-0.0287615
0000010780,-0.00965746
0000010790,-0.00186172
0000010800,-0.0066603
0000010810,-0.00492952
0000010820,0.0022653
0000010830,-0.0311383
0000010840,-0.00887873
0000010850,-0.00984826
0000010860,-0.0257801
0000010870,-0.0289665
0000010880,-0.00601462
0000010890,-0.0267994
0000010900,-0.0265454
0000010910,-0.0115085
0000010920,-0.0231639
0000010930,-0.031555
0000010940,-0.00727081
0000010950,-0.00757977
0000010960,-0.0122574
0000010970,-0.0123988
0000010980,-0.0168068
0000010990,0.0021253
0000011000,-0.0195657
0000011010,-0.0115996
0000011020,-0.012687
0000011030,-0.0191925
0000011040,-0.0118206
0000011050,-0.025407
0000011060,0.00262872
0000011070,-0.0195354
0000011080,-0.00574621
0000011090,-0.0226384
0000011100,0.000602213
0000011110,-0.0215762
0000011120,-0.00942831
0000011130,-0.00686312
0000011140,-0.0398233
0000011150,-0.027201
0000011160,-0.00420301
0000011170,-0.0338826
0000011180,-0.030641
0000011190,-0.0234133
0000011200,-0.0262964
0000011210,0.00695635
0000011220,-0.0126688
0000011230,-0.032682
0000011240,-0.0128708
0000011250,-0.0243597
0000011260,-0.0235543
0000011270,-0.0108543
0000011280,0.00769857
0000011290,-0.0274799
0000011300,-0.0186241
0000011310,-0.0289345
0000011320,0.00314014
0000011330,-0.0249069
0000011340,-0.0219985
0000011350,-0.018891
0000011360,-0.0217008
0000011370,-0.0286108
0000011380,-0.0245136
0000011390,-0.00912932
0000011400,-0.0105207
0000011410,-0.0168799
0000011420,-0.00499303
0000011430,-0.0155043
0000011440,-0.000909803
0000011450,0.0162887
0000011460,-0.0189377
0000011470,-0.0116875
0000011480,-0.0118499
0000011490,-0.0341992
0000011500,-0.0134997
0000011510,-0.0278431
0000011520,-0.00975289
0000011530,0.00540761
0000011540,-0.0102737
0000011550,-0.0039241
0000011560,-0.0055446
0000011570,-0.0235738
0000011580,-0.0147827
0000011590,-0.0343945
0000011600,-0.0120203
0000011610,-0.0335672
0000011620,-0.0294811
0000011630,-0.0286615
0000011640,-0.0186087
0000011650,-0.0147321
0000011660,-0.00407069
0000011670,-0.0203481
0000011680,-0.0155088
0000011690,-0.0148904
0000011700,-0.000466674
0000011710,-0.0228231
0000011720,-0.0279219
0000011730,-0.019421
0000011740,-0.0106396
0000011750,-0.0370361
0000011760,0.000339967
0000011770,-0.00730228
0000011780,-0.0192453
0000011790,-0.014481
0000011800,-0.00448759
0000011810,-0.00687004
0000011820,-0.0277551
0000011830,-0.0233257
0000011840,-0.0128508
0000011850,-0.0273906
0000011860,-0.0104313
0000011870,-0.0106682
0000011880,-0.00327934
0000011890,-0.00865932
0000011900,-0.0207623
0000011910,-0.0147808
0000011920,0.00187536
0000011930,-0.013722
0000011940,-0.0222146
0000011950,-0.0145017
0000011960,-0.00333136
0000011970,0.00246725
0000011980,-0.0145022
0000011990,-0.0275013
0000012000,-0.00429204
0000012010,-0.00673468
0000012020,-0.0273801
0000012030,-0.0103327
0000012040,-0.0118094
0000012050,-0.0221493
0000012060,-0.0150189
0000012070,-0.00592469
0000012080,-0.0214407
0000012090,-0.0131199
0000012100,-0.0098904
0000012110,-0.00187308
0000012120,-0.0168832
0000012130,-0.00693571
0000012140,-0.014224
0000012150,-0.0204613
0000012160,-0.0327904
0000012170,-0.00396962
0000012180,-0.0161137
0000012190,-0.0302721
0000012200,-0.0133238
0000012210,-0.033289
0000012220,0.00322319
0000012230,-0.00101131
0000012240,-0.0219391
0000012250,-0.0170082
0000012260,-0.00786394
0000012270,-0.0183439
0000012280,0.0041886
0000012290,-0.0277437
0000012300,-0.0282806
0000012310,-0.00946566
0000012320,-0.0307597
0000012330,0.0150413
0000012340,-0.0292341
0000012350,0.0166029
0000012360,0.00706141
0000012370,-0.00169709
0000012380,-0.026952
0000012390,-0.0320026
0000012400,-0.00658859
0000012410,-0.0262406
0000012420,-0.00708155
0000012430,-0.0210686
0000012440,-0.00665004
0000012450,-0.00626164
0000012460,0.00765464
0000012470,-0.00770034
0000012480,-0.0303301
0000012490,-0.0216096
0000012500,-0.0212214
0000012510,-0.0246286
0000012520,0.000701495
0000012530,-0.00627712
0000012540,-0.00604875
0000012550,-0.0334359
0000012560,-0.0374378
0000012570,-0.0229185
0000012580,-0.0141286
0000012590,-0.0180723
0000012600,-0.0334699
0000012610,-0.0202201
0000012620,-0.0218397
0000012630,0.00579658
0000012640,-0.0261127
0000012650,0.000653057
0000012660,-0.0128063
0000012670,-0.0178488
0000012680,-0.0188786
0000012690,0.00701198
0000012700,-0.0137195
0000012710,-0.0201878
0000012720,-0.0135351
0000012730,-0.018264
0000012740,-0.0167552
0000012750,-0.0171083
0000012760,-0.0217343
0000012770,-0.0146436
0000012780,-0.0117269
0000012790,-0.00799112
0000012800,-0.0277402
0000012810,-0.0252961
0000012820,-0.0093116
0000012830,-0.0122513
0000012840,-0.00884817
0000012850,-0.0228551
0000012860,-0.0160681
0000012870,-0.00835684
0000012880,-0.00903653
0000012890,0.00525749
0000012900,-0.0102114
0000012910,-0.0205084
0000012920,-0.0265608
0000012930,-0.0189557
0000012940,-0.0441053
0000012950,-0.0295355
0000012960,-0.00224232
0000012970,-0.0288877
0000012980,-0.00106734
0000012990,-0.0232968
0000013000,-0.0138053
0000013010,-0.0101135
0000013020,-0.0126181
0000013030,-0.0276099
0000013040,-0.0164755
0000013050,-0.02247
0000013060,-0.0184639
0000013070,-0.0238276
0000013080,0.00452042
0000013090,-0.00468467
0000013100,-0.0110437
0000013110,-0.0122521
0000013120,-0.00409517
0000013130,0.0046797
0000013140,-0.015778
0000013150,-0.0306411
0000013160,-0.024968
0000013170,-0.0176057
0000013180,-0.0246137
0000013190,-0.0246693
0000013200,-0.0195725
0000013210,-0.0214102
0000013220,-0.0102786
0000013230,-0.0136394
0000013240,-0.0358567
0000013250,-0.0346913
0000013260,-0.0234841
0000013270,-0.0135156
0000013280,-0.0247269
0000013290,-0.0179994
0000013300,-0.0360134
0000013310,-0.0193707
0000013320,-0.0324273
0000013330,-0.0399018
0000013340,-0.030788
0000013350,-0.0152817
0000013360,-0.00564991
0000013370,-0.0213246
0000013380,0.00499553
0000013390,-0.0127776
0000013400,-0.0220187
0000013410,-0.0174379
0000013420,-0.00720624
0000013430,-0.0188568
0000013440,-0.00379993
0000013450,-0.00511296
0000013460,-0.0261421
0000013470,0.00109617
0000013480,-0.00152832
0000013490,-0.0282118
0000013500,-0.0168377
0000013510,-0.00729696
0000013520,0.0022402
0000013530,-0.0160731
0000013540,-0.00776838
0000013550,-0.0128243
0000013560,-0.0253342
0000013570,-0.0165563
0000013580,0.00575312
0000013590,-0.0152578
0000013600,-0.00693611
0000013610,-0.0191696
0000013620,-0.0223743
0000013630,-0.0104436
0000013640,-0.0310399
0000013650,-0.00119956
0000013660,-0.00139291
0000013670,0.000621156
0000013680,0.000383475
0000013690,-0.0244235
0000013700,0.00822743
0000013710,-0.0171333
0000013720,-0.00356499
0000013730,-0.015368
0000013740,-0.00219684
0000013750,-0.00841276
0000013760,-0.0220443
0000013770,-0.0220682
0000013780,-0.0148734
0000013790,-0.0136485
0000013800,-0.0385089
0000013810,-0.0103591
0000013820,-0.0197856
0000013830,-0.0261356
0000013840,-0.0256681
0000013850,-0.0234778
0000013860,-0.0297443
0000013870,-0.0320913
0000013880,-0.0308383
0000013890,-0.0249756
0000013900,-0.0145551
0000013910,-0.0148014
0000013920,-0.0324797
0000013930,-0.00684544
0000013940,-0.0106523
0000013950,-0.0148969
0000013960,-0.0147288
0000013970,-0.0148803
0000013980,-0.00488423
0000013990,-0.00862653
0000014000,-0.0210595
0000014010,-0.0141241
0000014020,-0.0114748
0000014030,-0.011432
0000014040,-0.0096491
0000014050,-0.0208696
0000014060,-0.0260665
0000014070,-0.00830072
0000014080,-0.0168294
0000014090,-0.00586304
0000014100,-0.0084991
0000014110,-0.0265562
0000014120,-0.0369485
0000014130,-0.00501305
0000014140,-0.00863459
0000014150,-0.0305205
0000014160,0.000349605
0000014170,-0.017418
0000014180,-0.0158995
0000014190,-0.00226308
0000014200,-0.00869723
0000014210,-0.0146933
0000014220,-0.0117775
0000014230,-0.0248455
0000014240,-0.0285139
0000014250,-0.00988826
0000014260,-0.0119359
0000014270,-0.0214209
0000014280,-0.0273039
0000014290,-0.00600275
0000014300,-0.0150393
0000014310,-0.0365352
0000014320,-0.0220665
0000014330,-0.00710097
0000014340,-0.0186483
0000014350,-0.00580584
0000014360,-0.0376582
0000014370,-0.00663143
0000014380,-0.0253879
0000014390,-0.000342254
0000014400,-0.026291
0000014410,-0.0326446
0000014420,-0.0232895
0000014430,-0.0179656
0000014440,-0.00830197
0000014450,-0.0184777
0000014460,-0.0340003
0000014470,-0.0117182
0000014480,-0.010142
0000014490,-0.00134437
0000014500,-0.0298674
0000014510,-0.0130839
0000014520,-0.00334112
0000014530,-0.0117442
0000014540,0.000172394
0000014550,-0.0182178
0000014560,-0.00506498
0000014570,-0.0257447
0000014580,-0.0158229
0000014590,-0.0158894
0000014600,-0.0110716
0000014610,-0.0169518
0000014620,-0.0386218
0000014630,-0.00760681
0000014640,-0.0108126
0000014650,-0.0171449
0000014660,-0.0305261
0000014670,0.00180554
0000014680,0.00611199
0000014690,-0.0459445
0000014700,-0.0164305
0000014710,-0.0064951
0000014720,0.00655885
0000014730,-0.00759534
0000014740,-0.00794179
0000014750,-0.0110794
0000014760,-0.0126311
0000014770,-0.0315492
0000014780,-0.0132167
0000014790,-0.013306
0000014800,-0.0149197
0000014810,-0.0158635
0000014820,-0.0224115
0000014830,-0.00922735
0000014840,-0.013363
0000014850,0.0124647
0000014860,-0.0115782
0000014870,-0.00550779
0000014880,-0.006228
0000014890,-0.013607
0000014900,-0.00105536
0000014910,-0.0199921
0000014920,-0.00775914
0000014930,-0.0205901
0000014940,-0.0115968
0000014950,-0.0229412
0000014960,-0.0106155
0000014970,-0.0218738
0000014980,-0.0470685
0000014990,-0.0254577
0000015000,-0.0127168
0000015010,0.00616527
0000015020,0.00133891
0000015030,-0.0214613
0000015040,-0.0176876
0000015050,-0.0286331
0000015060,-0.0243023
0000015070,-0.0181157
0000015080,-0.0323641
0000015090,-0.0190628
0000015100,-0.0299883
0000015110,-0.0377657
0000015120,-0.0249342
0000015130,-0.0158016
0000015140,-0.0143645
0000015150,-0.000454838
0000015160,-0.0225774
0000015170,-0.00661621
0000015180,-0.017829
0000015190,-0.0254481
0000015200,-0.024631
0000015210,-0.0154171
0000015220,-0.0158556
0000015230,-0.0287667
0000015240,-0.0112808
0000015250,-0.0134142
0000015260,-0.0225184
0000015270,-0.0238771
0000015280,-0.0363083
0000015290,-0.00872074
0000015300,-0.017616
0000015310,-0.0146077
0000015320,-0.0341871
0000015330,-0.0220851
0000015340,-0.00897138
0000015350,-0.0244242
0000015360,-0.0251382
0000015370,-0.0345683
0000015380,-0.0215123
0000015390,0.00809067
0000015400,0.000390706
0000015410,-0.00994597
0000015420,-0.036922
0000015430,-0.0247388
0000015440,-0.0158889
0000015450,-0.0328532
0000015460,-0.0504439
0000015470,-0.0147033
0000015480,-0.0224486
0000015490,-0.0246369
0000015500,-0.00369918
0000015510,-0.0162981
0000015520,-0.0234712
0000015530,-0.0191105
0000015540,-0.0187075
0000015550,0.00301452
0000015560,-0.00799346
0000015570,-0.0193072
0000015580,-0.0222348
0000015590,-0.0169672
0000015600,0.000100999
0000015610,-0.0290631
0000015620,-0.0135326
0000015630,-0.023241
0000015640,-0.0223248
0000015650,-0.0309479
0000015660,-0.0142682
0000015670,-0.0257951
0000015680,-0.0168881
0000015690,-0.0132998
0000015700,-0.0083426
0000015710,-0.0302256
0000015720,-0.00920967
0000015730,-0.0362735
0000015740,-0.00761639
0000015750,-0.0217748
0000015760,-0.0153611
0000015770,-0.034173
0000015780,-0.0128194
0000015790,0.00123011
0000015800,-0.00248034
0000015810,0.00376081
0000015820,-0.021729
0000015830,-0.0253647
0000015840,0.000404204
0000015850,-0.000261752
0000015860,-0.0230543
0000015870,-0.0139151
0000015880,-0.00852484
0000015890,-0.00839842
0000015900,-0.0107517
0000015910,-0.00691605
0000015920,-0.00501531
0000015930,0.0044114
0000015940,-0.019819
0000015950,-0.0203063
0000015960,-0.01078
0000015970,0.00823765
0000015980,-0.0203988
0000015990,-0.0252913
