0000000000,-0.0175941
0000000010,-0.0108783
0000000020,-0.0150369
0000000030,-0.0238426
0000000040,-0.00277925
0000000050,-0.0196787
0000000060,-0.0186869
0000000070,-0.00887565
0000000080,-0.019012
0000000090,-0.0193862
0000000100,-0.0058065
0000000110,-0.00905859
0000000120,9.60653e-06
0000000130,-0.0169569
0000000140,-0.0121338
0000000150,-0.0179226
0000000160,-0.012677
0000000170,-0.011876
0000000180,-0.0249669
0000000190,-0.00705233
0000000200,-0.00730358
0000000210,-0.0137695
0000000220,-0.0131564
0000000230,-0.0158416
0000000240,-0.0185364
0000000250,-0.0088054
0000000260,-0.0239103
0000000270,-0.0108166
0000000280,-0.0164194
0000000290,-0.0209131
0000000300,-0.00591857
0000000310,-0.0158168
0000000320,-0.0290999
0000000330,-0.0179616
0000000340,-0.0187754
0000000350,-0.0118525
0000000360,-0.0236295
0000000370,-0.0142144
0000000380,-0.0114327
0000000390,-0.0199676
0000000400,-0.0217826
0000000410,-0.0212539
0000000420,-0.0220658
0000000430,-0.0222131
0000000440,-0.0105241
0000000450,-0.00751107
0000000460,-0.0104301
0000000470,-0.0159348
0000000480,-0.0230442
0000000490,-0.0128866
0000000500,-0.0172194
0000000510,-0.026191
0000000520,-0.0112232
0000000530,-0.0178151
0000000540,-0.00728421
0000000550,-0.0282573
0000000560,0.0177311
0000000570,-0.0063753
0000000580,-0.00338329
0000000590,-0.0497441
0000000600,0.0157776
0000000610,-0.0103134
0000000620,-0.0155147
0000000630,-0.0250113
0000000640,-0.0107472
0000000650,-0.0147143
0000000660,-0.0169149
0000000670,0.00271714
0000000680,-0.0249669
0000000690,-0.00675583
0000000700,-0.0137859
0000000710,-0.0189861
0000000720,-0.0169306
0000000730,-0.020989
0000000740,-0.0145403
0000000750,0.00195578
0000000760,-0.0179885
0000000770,-0.0142392
0000000780,-0.0171129
0000000790,-0.0090071
0000000800,-0.0146094
0000000810,-0.0226601
0000000820,-0.0143471
0000000830,-0.0283445
0000000840,-0.00851251
0000000850,-0.0243949
0000000860,-0.0113722
0000000870,0.000811471
0000000880,-0.0273368
0000000890,-0.0135097
0000000900,-0.0164948
0000000910,-0.0159048
0000000920,-0.0264031
0000000930,-0.0174909
0000000940,-0.0094492
0000000950,-0.0113135
0000000960,-0.00966755
0000000970,-0.016539
0000000980,-0.00771945
0000000990,-0.00999055
0000001000,-0.0194279
0000001010,-0.0109454
0000001020,-0.00531562
0000001030,-0.0126727
0000001040,-0.00840049
0000001050,-0.0218249
0000001060,-0.0284111
0000001070,-0.0132638
0000001080,-0.00614903
0000001090,-0.0161016
0000001100,-0.0125822
0000001110,-0.0131057
0000001120,-0.0176032
0000001130,-0.00592221
0000001140,-0.0112908
0000001150,-0.020482
0000001160,-0.0162757
0000001170,-0.00257435
0000001180,-0.0212507
0000001190,-0.0211513
0000001200,-0.0130881
0000001210,-0.0227617
0000001220,-0.0153663
0000001230,-0.0289568
0000001240,-0.0341429
0000001250,-0.0308048
0000001260,-0.00676656
0000001270,-0.00890847
0000001280,-0.014368
0000001290,-0.0182146
0000001300,-0.0170658
0000001310,-0.00762987
0000001320,0.00288476
0000001330,-0.0205301
0000001340,-0.0176548
0000001350,-0.0278762
0000001360,-0.0210897
0000001370,-0.00576641
0000001380,-0.0359215
0000001390,0.00219669
0000001400,-0.0183707
0000001410,-0.0226009
0000001420,-0.00742867
0000001430,-0.0118095
0000001440,8.56635e-05
0000001450,-0.0357843
0000001460,-0.00899916
0000001470,-0.0298479
0000001480,-0.0201326
0000001490,-0.0245965
0000001500,-0.00764797
0000001510,0.00373436
0000001520,-0.0295757
0000001530,-0.0190902
0000001540,-0.012235
0000001550,-0.00645705
0000001560,-0.0176281
0000001570,-0.0348616
0000001580,-0.00983712
0000001590,-0.0121113
0000001600,-0.0010316
0000001610,-0.010755
0000001620,-0.024307
0000001630,-0.0115019
0000001640,-0.00790206
0000001650,-0.0109248
0000001660,-0.0243896
0000001670,-0.00902825
0000001680,-0.0175331
0000001690,-0.0198835
0000001700,-0.0232665
0000001710,-0.0147116
0000001720,-0.0216771
0000001730,-0.0131446
0000001740,-0.000491397
0000001750,-0.0207194
0000001760,-0.0153178
0000001770,-0.0244537
0000001780,-0.0164783
0000001790,-0.0101635
0000001800,-0.0297259
0000001810,-0.0213643
0000001820,-0.0241378
0000001830,-0.0124904
0000001840,-0.0304549
0000001850,-0.00412743
0000001860,-0.0131788
0000001870,-0.0227465
0000001880,-0.0184771
0000001890,-0.01253
0000001900,9.2181e-05
0000001910,-0.0179158
0000001920,-0.0148299
0000001930,-0.0216683
0000001940,-0.0212631
0000001950,-0.00405059
0000001960,-0.00898927
0000001970,-0.0294497
0000001980,-0.0195862
0000001990,-0.0117904
0000002000,-0.0250325
0000002010,-0.0280132
0000002020,-0.00536036
0000002030,-0.0203448
0000002040,-0.0270052
0000002050,-0.0174889
0000002060,-0.0152853
0000002070,-0.0110571
0000002080,-0.0181082
0000002090,-0.0280976
0000002100,-0.00973258
0000002110,-0.0148046
0000002120,-0.0194734
0000002130,-0.0108365
0000002140,-0.0115866
0000002150,-0.0138631
0000002160,-0.0183669
0000002170,-0.015019
0000002180,-0.0121132
0000002190,-0.0194043
0000002200,-0.0195636
0000002210,-0.0153184
0000002220,-0.0102166
0000002230,-0.000822125
0000002240,-0.0361926
0000002250,-0.00744597
0000002260,-0.0278674
0000002270,-0.0110783
0000002280,-0.0201951
0000002290,-0.0117855
0000002300,-0.0232579
0000002310,-0.0266012
0000002320,-0.0286554
0000002330,-0.0149389
0000002340,-0.00562787
0000002350,-0.0184073
0000002360,-0.00778254
0000002370,-0.00877716
0000002380,-0.0100618
0000002390,-0.0200713
0000002400,-0.0307203
0000002410,-0.0255931
0000002420,-0.00915195
0000002430,-0.010021
0000002440,-0.0153707
0000002450,-0.0220058
0000002460,-0.0143354
0000002470,-0.0192087
0000002480,-0.00964437
0000002490,-0.0182657
0000002500,-0.0160781
0000002510,-0.0272892
0000002520,-0.0172927
0000002530,-0.0151373
0000002540,-0.0203306
0000002550,-0.0206212
0000002560,-0.0145521
0000002570,-0.0211787
0000002580,-0.00706725
0000002590,-0.0185775
0000002600,-0.0219368
0000002610,-0.00700849
0000002620,-0.0222909
0000002630,-0.0134267
0000002640,-0.00479464
0000002650,-0.0174516
0000002660,-0.0167484
0000002670,-0.0131211
0000002680,-0.0287376
0000002690,-0.0102302
0000002700,-0.014747
0000002710,-0.00121583
0000002720,-0.0165422
0000002730,-0.0168583
0000002740,-0.0132267
0000002750,-0.00461378
0000002760,-0.0144352
0000002770,-0.00827591
0000002780,-0.0214878
0000002790,-0.00997734
0000002800,-0.0100638
0000002810,-0.0148409
0000002820,0.00291031
0000002830,-0.0252663
0000002840,-0.0218499
0000002850,-0.0202284
0000002860,-0.0126638
0000002870,-0.014893
0000002880,-0.014318
0000002890,-0.00947805
0000002900,-0.0175823
0000002910,-0.0175903
0000002920,-0.0214026
0000002930,-0.00887283
0000002940,-0.0181819
0000002950,-0.028826
0000002960,-0.0146579
0000002970,-0.0122633
0000002980,-0.0145053
0000002990,-0.000666616
0000003000,-0.0267685
0000003010,-0.015437
0000003020,-0.0145822
0000003030,-0.0242784
0000003040,-0.0146602
0000003050,-0.00655075
0000003060,-0.0177845
0000003070,-0.0130638
0000003080,-0.0118545
0000003090,0.00281229
0000003100,0.00208962
0000003110,-0.0266391
0000003120,-0.0235159
0000003130,-0.0147641
0000003140,-0.0127265
0000003150,-0.0237978
0000003160,-0.010207
0000003170,-0.00167726
0000003180,-0.0072821
0000003190,-0.0145311
0000003200,-0.0216624
0000003210,-0.00841942
0000003220,0.000528537
0000003230,-0.0250232
0000003240,-0.0164207
0000003250,-0.00800449
0000003260,-0.0182527
0000003270,-0.0127473
0000003280,-0.0143292
0000003290,-0.0133388
0000003300,-0.0126868
0000003310,-0.0117005
0000003320,-0.0153995
0000003330,-0.0102169
0000003340,0.000549117
0000003350,-0.0120541
0000003360,-0.00316956
0000003370,-0.00683066
0000003380,-0.0203481
0000003390,-0.0235093
0000003400,-0.0255744
0000003410,-0.020269
0000003420,-0.00767668
0000003430,-0.0274869
0000003440,-0.0180425
0000003450,-0.010761
0000003460,-0.0229496
0000003470,-0.0251287
0000003480,-0.00431992
0000003490,-0.014525
0000003500,-0.0137746
0000003510,-0.0133781
0000003520,0.00379131
0000003530,-0.0200532
0000003540,-0.0182259
0000003550,-0.0260723
0000003560,-0.0164846
0000003570,-0.0194069
0000003580,-0.0131865
0000003590,-0.0215688
0000003600,-0.0241975
0000003610,-0.00944663
0000003620,-0.0151329
0000003630,-0.0204932
0000003640,-0.0108831
0000003650,-0.0110691
0000003660,-0.0143868
0000003670,-0.0125722
0000003680,-0.00385262
0000003690,-0.0175527
0000003700,-0.0277913
0000003710,-0.0085349
0000003720,-0.00533602
0000003730,-0.0296632
0000003740,-0.0205741
0000003750,-0.000570861
0000003760,-0.00624251
0000003770,-0.0289796
0000003780,-0.0103453
0000003790,-0.0129896
0000003800,-0.0142183
0000003810,-0.0303124
0000003820,-0.00912567
0000003830,-0.0239383
0000003840,-0.0159179
0000003850,-0.0210468
0000003860,0.00623093
0000003870,-0.0104552
0000003880,-0.00377492
0000003890,-0.0147854
0000003900,-0.0168898
0000003910,-0.0116567
0000003920,-0.037491
0000003930,-0.0184942
0000003940,-0.00959609
0000003950,-0.0246561
0000003960,-0.011177
0000003970,-0.0174379
0000003980,-0.0249876
0000003990,-0.0028154
0000004000,-0.0123855
0000004010,-0.0169365
0000004020,-0.0287757
0000004030,-0.0157551
0000004040,-0.016667
0000004050,-0.00702549
0000004060,-0.0178574
0000004070,-0.0184832
0000004080,-0.0262188
0000004090,-0.0176156
0000004100,-0.00444373
0000004110,-0.00657245
0000004120,-0.0187227
0000004130,-0.00488833
0000004140,-0.0117508
0000004150,-0.0114975
0000004160,-0.016756
0000004170,-0.0126076
0000004180,-0.00505956
0000004190,-0.0137505
0000004200,-0.0114243
0000004210,-0.0130522
0000004220,-0.00934529
0000004230,-0.0107661
0000004240,-0.0312757
0000004250,-0.0267838
0000004260,-0.0279449
0000004270,-0.00832121
0000004280,-0.0172619
0000004290,-0.0237659
0000004300,-0.0156788
0000004310,-0.023272
0000004320,-0.0144032
0000004330,-0.0158803
0000004340,-0.0239989
0000004350,-0.0195187
0000004360,-0.00851498
0000004370,-0.030303
0000004380,-0.022074
0000004390,-0.0170026
0000004400,-0.0115899
0000004410,-0.0229097
0000004420,-0.00982821
0000004430,0.00475604
0000004440,-0.0135077
0000004450,-0.00761103
0000004460,-0.0088594
0000004470,-0.0197671
0000004480,-0.011006
0000004490,-0.0199586
0000004500,-0.02459
0000004510,-0.00548019
0000004520,-0.0147514
0000004530,-0.0282687
0000004540,0.00584155
0000004550,-0.0136136
0000004560,-0.000433929
0000004570,-0.013721
0000004580,-0.00953807
0000004590,-0.0233039
0000004600,0.0016549
0000004610,-0.00804383
0000004620,-0.00762887
0000004630,-0.011088
0000004640,-0.00964423
0000004650,-0.00740705
0000004660,-0.0157826
0000004670,-0.0124836
0000004680,-0.00911375
0000004690,-0.00825614
0000004700,-0.0138758
0000004710,-0.0175753
0000004720,-0.0235832
0000004730,-0.0126918
0000004740,-0.0187916
0000004750,-0.0130665
0000004760,-0.0222501
0000004770,-0.00375033
0000004780,-0.0307012
0000004790,0.00392275
0000004800,-0.013351
0000004810,-0.0321892
0000004820,-0.0307442
0000004830,-0.0106801
0000004840,-0.00292187
0000004850,-0.0317142
0000004860,-0.03064
0000004870,-0.0132067
0000004880,-0.02175
0000004890,-0.0141728
0000004900,-0.0101809
0000004910,-0.0267776
0000004920,-0.00341438
0000004930,-0.024137
0000004940,-0.0147861
0000004950,-0.0105223
0000004960,-0.0126279
0000004970,-0.0139833
0000004980,-0.0110057
0000004990,-0.0242109
0000005000,-0.0171118
0000005010,-0.0140541
0000005020,-0.0171113
0000005030,-0.00610052
0000005040,-0.00241381
0000005050,-0.0175665
0000005060,-0.00615093
0000005070,-0.00890199
0000005080,-0.0248937
0000005090,-0.0275534
0000005100,-0.0081127
0000005110,-0.000842627
0000005120,-0.0332457
0000005130,-0.0190022
0000005140,-0.0103893
0000005150,-0.0179791
0000005160,-0.0217624
0000005170,-0.00721987
0000005180,-0.00444807
0000005190,-0.0168794
0000005200,-0.0207629
0000005210,-0.0144775
0000005220,-0.0165031
0000005230,-0.0131104
0000005240,-0.0201076
0000005250,-0.0143462
0000005260,-0.0173343
0000005270,-0.0199032
0000005280,-0.00676849
0000005290,-0.0116245
0000005300,-0.0219165
0000005310,-0.0282548
0000005320,-0.00687132
0000005330,-0.0130149
0000005340,-0.00332669
0000005350,-0.0146492
0000005360,-0.0310835
0000005370,-0.00886068
0000005380,-0.026429
0000005390,-0.00342832
0000005400,-0.0203982
0000005410,-0.0143056
0000005420,-0.0194267
0000005430,-0.0174456
0000005440,-0.0139481
0000005450,-0.013612
0000005460,-0.000942092
0000005470,-0.00514436
0000005480,-0.0137943
0000005490,-0.00973953
0000005500,-0.0132979
0000005510,-0.0336023
0000005520,-0.0037361
0000005530,-0.0128415
0000005540,-0.00259521
0000005550,-0.0247222
0000005560,-0.00100224
0000005570,-0.0123795
0000005580,-0.0186329
0000005590,-0.0210294
0000005600,-0.0184779
0000005610,-0.0212302
0000005620,-0.0174278
0000005630,-0.014225
0000005640,-0.00817082
0000005650,-0.0177736
0000005660,-0.0119094
0000005670,-0.0113293
0000005680,-0.0201781
0000005690,-0.0297293
0000005700,-0.0114618
0000005710,-0.00520422
0000005720,-0.0291949
0000005730,-0.0228171
0000005740,-0.00116819
0000005750,-0.0115749
0000005760,-0.0202502
0000005770,-0.0122196
0000005780,-0.0147979
0000005790,-0.0192301
0000005800,-0.00221575
0000005810,-0.0260887
0000005820,-0.015254
0000005830,-0.00889811
0000005840,-0.0116881
0000005850,-0.00725953
0000005860,-0.015749
0000005870,-0.0262788
0000005880,-0.0113175
0000005890,-0.0250702
0000005900,-0.0394063
0000005910,-0.0226729
0000005920,-0.012487
0000005930,-0.0175811
0000005940,-0.0091593
0000005950,-0.0276121
0000005960,-0.0363946
0000005970,-0.00760264
0000005980,-0.00819735
0000005990,-0.0347606
0000006000,-0.0120642
0000006010,-0.00216501
0000006020,-0.0212406
0000006030,-0.0225717
0000006040,-0.0206933
0000006050,-0.00986106
0000006060,-0.0092302
0000006070,-0.0070955
0000006080,-0.0230452
0000006090,-0.0175582
0000006100,-0.0148968
0000006110,-0.00617882
0000006120,-0.0122169
0000006130,-0.0210855
0000006140,-0.0289083
0000006150,-0.0143878
0000006160,-0.0156668
0000006170,-0.0143668
0000006180,-0.00305233
0000006190,-0.0128422
0000006200,-0.0118391
0000006210,-0.0148497
0000006220,-0.00797777
0000006230,-0.0172935
0000006240,-0.0110507
0000006250,-0.0167651
0000006260,-0.0153487
0000006270,-0.011221
0000006280,-0.0137224
0000006290,-0.0166221
0000006300,-0.0223966
0000006310,-0.0173452
0000006320,-0.0183937
0000006330,-0.0211753
0000006340,-0.0292234
0000006350,-0.00435747
0000006360,-0.0250543
0000006370,-0.00865587
0000006380,-0.0253928
0000006390,-0.0132875
0000006400,-0.0167088
0000006410,-0.0150878
0000006420,-0.0146859
0000006430,-0.0212804
0000006440,-0.0211188
0000006450,-0.016244
0000006460,0.00171658
0000006470,-0.01897
0000006480,-0.0136634
0000006490,-0.0158462
0000006500,-0.0110898
0000006510,0.00153894
0000006520,-0.0100307
0000006530,-0.00335414
0000006540,-0.0176011
0000006550,-0.0208477
0000006560,-0.0062087
0000006570,-0.0068249
0000006580,-0.0221703
0000006590,-0.0157165
0000006600,-0.0179046
0000006610,-0.0131961
0000006620,-0.0125703
0000006630,-0.0191961
0000006640,0.00224117
0000006650,-0.0273865
0000006660,-0.0215187
0000006670,-0.0268863
0000006680,-0.00788397
0000006690,-0.0106104
0000006700,-0.0283639
0000006710,-0.0153562
0000006720,-0.0145385
0000006730,-0.0235196
0000006740,-0.0228255
0000006750,-0.0188889
0000006760,-0.0364414
0000006770,-0.0189352
0000006780,-0.0135199
0000006790,-0.0129043
0000006800,-0.0315315
0000006810,-0.014148
0000006820,-0.0274013
0000006830,-0.0241638
0000006840,-0.023279
0000006850,-0.0228605
0000006860,-0.00471861
0000006870,-0.0251065
0000006880,-0.0108329
0000006890,-0.025034
0000006900,-0.00973514
0000006910,-0.0123278
0000006920,-0.00708102
0000006930,-0.0186318
0000006940,-0.0110801
0000006950,-0.0117322
0000006960,-0.0115954
0000006970,-0.0111641
0000006980,-0.00599985
0000006990,-0.0177099
0000007000,-0.0166937
0000007010,-0.0327479
0000007020,-0.0196859
0000007030,-0.0009671
0000007040,-0.0232479
0000007050,-0.0112973
0000007060,-0.0135682
0000007070,-0.0156015
0000007080,0.00309552
0000007090,-0.0227223
0000007100,-0.0209975
0000007110,-0.0155658
0000007120,-0.0134553
0000007130,-0.0342267
0000007140,-0.0132206
0000007150,-0.0199331
0000007160,-0.00939531
0000007170,-0.0123159
0000007180,-0.0147232
0000007190,-0.0193233
0000007200,-0.0101674
0000007210,-0.0159297
0000007220,-0.0264702
0000007230,-0.0140983
0000007240,-0.0125582
0000007250,-0.0147653
0000007260,-0.0125752
0000007270,-0.026873
0000007280,-0.00575443
0000007290,-0.0125192
0000007300,-0.0113137
0000007310,-0.0176904
0000007320,-0.0196318
0000007330,-0.0364319
0000007340,-0.00210213
0000007350,-0.0200162
0000007360,-0.0136135
0000007370,-0.0170541
0000007380,-0.0260528
0000007390,-0.0232589
0000007400,-0.011714
0000007410,-0.00355747
0000007420,-0.0245582
0000007430,-0.00629784
0000007440,-0.0113701
0000007450,-0.0135681
0000007460,-0.0116926
0000007470,-0.0147646
0000007480,-0.0201861
0000007490,-0.00360894
0000007500,-0.0148053
0000007510,-0.0135323
0000007520,-0.0111583
0000007530,-0.00825671
0000007540,-0.00286519
0000007550,-0.00959297
0000007560,-0.00772874
0000007570,-0.0115622
0000007580,-0.00191586
0000007590,-0.00785916
0000007600,-0.00932746
0000007610,-0.01548
0000007620,-0.0188664
0000007630,-0.0179081
0000007640,0.012572
0000007650,-0.0183551
0000007660,-0.0100335
0000007670,-0.0313317
0000007680,-0.0214955
0000007690,-0.00249196
0000007700,-0.0104797
0000007710,-0.0132281
0000007720,-0.0149898
0000007730,-0.00810587
0000007740,-0.027331
0000007750,-0.0113483
0000007760,-0.0192826
0000007770,-0.00628138
0000007780,-0.0148783
0000007790,-0.00636187
0000007800,-0.0156203
0000007810,-0.0215844
0000007820,-0.00302765
0000007830,-0.0217962
0000007840,-0.00594708
0000007850,-0.00428351
0000007860,-0.0161863
0000007870,-0.0168439
0000007880,-0.0187661
0000007890,-0.0123489
0000007900,-0.0219717
0000007910,-0.0228343
0000007920,-0.0156815
0000007930,-0.0226773
0000007940,-0.00507403
0000007950,-0.0167157
0000007960,-0.00150137
0000007970,0.000133938
0000007980,-0.0132679
0000007990,-0.0108324
0000008000,-0.0142847
0000008010,-0.0193281
0000008020,-0.0144389
0000008030,-0.0217489
0000008040,-0.019467
0000008050,-0.000326801
0000008060,-0.00512382
0000008070,-0.0144637
0000008080,-0.0254895
0000008090,-0.0106591
0000008100,-0.0388066
0000008110,-0.0167232
0000008120,-0.0197572
0000008130,-0.0304138
0000008140,-0.0193994
0000008150,-0.00524466
0000008160,-0.0303056
0000008170,-0.0154201
0000008180,-0.00274582
0000008190,-0.000533186
0000008200,-0.0210169
0000008210,-0.0320124
0000008220,-0.0250552
0000008230,-0.00713153
0000008240,-0.01583
0000008250,0.00152105
0000008260,-0.0287374
0000008270,-0.0312881
0000008280,-0.0246541
0000008290,-0.0268209
0000008300,-0.0130505
0000008310,-0.029306
0000008320,-0.0215462
0000008330,-0.0185402
0000008340,-0.0243682
0000008350,-0.00818423
0000008360,-0.0230256
0000008370,-0.0217948
0000008380,-0.013731
0000008390,-0.0170845
0000008400,-0.00505723
0000008410,-0.0222847
0000008420,-0.030182
0000008430,-0.00792765
0000008440,-0.00913338
0000008450,-0.0221163
0000008460,-0.0207587
0000008470,-0.0120557
0000008480,-0.0128712
0000008490,-0.0330296
0000008500,-0.0109736
0000008510,-0.0117053
0000008520,-0.0161034
0000008530,-0.0134745
0000008540,-0.0174662
0000008550,-0.00597176
0000008560,-0.00969947
0000008570,-0.0191787
0000008580,-0.000770181
0000008590,-0.01038
0000008600,-0.0308405
0000008610,-0.0155579
0000008620,-0.0145267
0000008630,-0.0213264
0000008640,-0.0194763
0000008650,-0.00804114
0000008660,-0.0170119
0000008670,-0.00581831
0000008680,-0.0140703
0000008690,-0.0134005
0000008700,-0.0145382
0000008710,-0.0180579
0000008720,-0.0201009
0000008730,-0.0135589
0000008740,-0.0129024
0000008750,-0.022971
0000008760,-0.0256596
0000008770,-0.0208003
0000008780,-0.00580016
0000008790,-0.0263095
0000008800,-0.0115639
0000008810,-0.0139851
0000008820,-0.0110771
0000008830,-0.0247718
0000008840,-0.0298781
0000008850,-0.0223125
0000008860,-0.00621569
0000008870,-0.00681957
0000008880,-0.0252902
0000008890,-0.0357527
0000008900,-0.00754657
0000008910,-0.0137239
0000008920,-0.0188443
0000008930,-0.021792
0000008940,-0.0180901
0000008950,-0.0323749
0000008960,-0.0303043
0000008970,-0.00775332
0000008980,-0.0171381
0000008990,-0.0189248
0000009000,-0.0189009
0000009010,-0.0219163
0000009020,-0.013963
0000009030,-0.00658112
0000009040,-0.00634336
0000009050,-0.011476
0000009060,-0.0158572
0000009070,-0.0218446
0000009080,-0.01221
0000009090,-0.0163159
0000009100,-0.0127896
0000009110,-0.0122276
0000009120,-0.0161059
0000009130,-0.00705368
0000009140,-0.015029
0000009150,0.00674512
0000009160,-0.00940008
0000009170,-0.0206415
0000009180,-0.0246526
0000009190,-0.0160057
0000009200,-0.0141867
0000009210,0.0117058
0000009220,-0.00790867
0000009230,-0.0192934
0000009240,-0.00849945
0000009250,-0.0135392
0000009260,-0.016429
0000009270,-0.0206591
0000009280,-0.0202671
0000009290,-0.0159948
0000009300,-0.0184771
0000009310,-0.0111367
0000009320,-0.0155814
0000009330,-0.00589638
0000009340,-0.00715648
0000009350,-0.020153
0000009360,-0.0233874
0000009370,-0.0158631
0000009380,-0.0205776
0000009390,-0.0129988
0000009400,-0.0117864
0000009410,-0.00737766
0000009420,-0.0214274
0000009430,-0.0113023
0000009440,-0.0107078
0000009450,0.0141503
0000009460,-0.0384728
0000009470,-0.0223368
0000009480,-0.0384837
0000009490,-0.00488116
0000009500,-0.02615
0000009510,-0.00812875
0000009520,-0.0156318
0000009530,-0.0114034
0000009540,-0.0166891
0000009550,-0.0333153
0000009560,-0.0120637
0000009570,-0.0289909
0000009580,-0.00767331
0000009590,-0.0174032
0000009600,-0.00466011
0000009610,-0.0157235
0000009620,-0.00224149
0000009630,-0.0206595
0000009640,-0.00954499
0000009650,-0.00848999
0000009660,-0.0140234
0000009670,-0.0123492
0000009680,-0.0125721
0000009690,-0.0177426
0000009700,-0.0114642
0000009710,-0.0136734
0000009720,-0.00348088
0000009730,-0.0175235
0000009740,-0.0282765
0000009750,-0.0165961
0000009760,-0.0187485
0000009770,-0.0261434
0000009780,-0.021735
0000009790,-0.0199479
0000009800,-0.0209537
0000009810,-0.017328
0000009820,-0.0338907
0000009830,-0.0109993
0000009840,-0.0131855
0000009850,-0.0159489
0000009860,-0.013651
0000009870,-0.022017
0000009880,0.00182994
0000009890,-0.0143278
0000009900,-0.0138483
0000009910,-0.0285714
0000009920,-0.00463799
0000009930,-0.0126546
0000009940,-0.00774099
0000009950,0.00178495
0000009960,-0.0212129
0000009970,-0.0302719
0000009980,-0.0283658
0000009990,-0.0188058
0000010000,-0.0105181
0000010010,-0.0216071
0000010020,-0.0088414
0000010030,-0.0122057
0000010040,-0.0211951
0000010050,-0.0228506
0000010060,-0.019999
0000010070,-0.000964715
0000010080,-0.0193418
0000010090,-0.0162758
0000010100,-0.00521893
0000010110,-0.0169601
0000010120,-0.0169051
0000010130,-0.0144636
0000010140,-0.0172797
0000010150,-0.0116524
0000010160,-0.0268464
0000010170,-0.0190685
0000010180,-0.0152788
0000010190,-0.0100771
0000010200,-0.0129409
0000010210,-0.0195073
0000010220,-0.0170158
0000010230,-0.0193396
0000010240,-0.0106545
0000010250,-0.00992385
0000010260,-0.0184593
0000010270,-0.0201242
0000010280,-0.00646793
0000010290,0.00222924
0000010300,-0.0255418
0000010310,-0.0262099
0000010320,-0.0232753
0000010330,-0.0177812
0000010340,-0.0041323
0000010350,-0.0192592
0000010360,-0.00331893
0000010370,-0.0126894
0000010380,-0.0182153
0000010390,-0.00342817
0000010400,-0.00244842
0000010410,-0.0235832
0000010420,-0.0118924
0000010430,-0.0211303
0000010440,-0.0151058
0000010450,0.000475205
0000010460,-0.000664154
0000010470,-0.0194964
0000010480,-0.0256525
0000010490,-0.0178428
0000010500,-0.0115189
0000010510,-0.0182297
0000010520,-0.0240082
0000010530,-0.0247216
0000010540,-0.0187318
0000010550,-0.00804538
0000010560,0.00140647
0000010570,-0.0296271
0000010580,-0.02807
0000010590,-0.0293308
0000010600,-0.0203893
0000010610,-0.0118155
0000010620,-0.0217401
0000010630,-0.00626507
0000010640,-0.0121889
0000010650,-0.0134451
0000010660,-0.00482195
0000010670,-0.0251052
0000010680,-0.00183356
0000010690,-0.0268332
0000010700,-0.0314132
0000010710,-0.0165622
0000010720,-0.0120096
0000010730,-0.0286019
0000010740,-0.0361876
0000010750,-0.0276697
0000010760,-0.0204785
0000010770,-0.0150914
0000010780,-0.00329296
0000010790,-0.00122724
0000010800,-0.0171411
0000010810,-0.00862356
0000010820,-0.0149782
0000010830,-0.00942635
0000010840,-0.0097343
0000010850,-0.025416
0000010860,-0.0276547
0000010870,-0.0159121
0000010880,-0.0148666
0000010890,-0.0133729
0000010900,-0.0210278
0000010910,-0.0167312
0000010920,-0.00306002
0000010930,-0.00250028
0000010940,-0.0212907
0000010950,-0.0142486
0000010960,-0.0200999
0000010970,-0.0195738
0000010980,-0.0229849
0000010990,-0.0190122
0000011000,-0.0187152
0000011010,-0.0276594
0000011020,-0.019318
0000011030,-0.0279456
0000011040,0.000529312
0000011050,-0.0158303
0000011060,-0.0144398
0000011070,-0.0141236
0000011080,-0.00145178
0000011090,-0.0186734
0000011100,-0.00333265
0000011110,-0.00418169
0000011120,0.00969224
0000011130,-0.0096933
0000011140,-0.0245241
0000011150,-0.0230917
0000011160,-0.00684585
0000011170,-0.00950404
0000011180,-0.0143251
0000011190,-0.0140317
0000011200,-0.00725844
0000011210,-0.0204181
0000011220,-0.0301869
0000011230,-0.014068
0000011240,-0.0113161
0000011250,0.00169368
0000011260,-0.0177727
0000011270,-0.00680726
0000011280,-0.0190895
0000011290,0.00471152
0000011300,-0.0287625
0000011310,-0.0247694
0000011320,-0.00904491
0000011330,-0.00880749
0000011340,-0.0200269
0000011350,-0.0287534
0000011360,-0.0140562
0000011370,-0.00856563
0000011380,-0.0243034
0000011390,-0.00774919
0000011400,-0.0143321
0000011410,-0.0156162
0000011420,-0.00729763
0000011430,-0.0130713
0000011440,-0.00191244
0000011450,-0.00633133
0000011460,-0.0216071
0000011470,-0.0128605
0000011480,-0.0117136
0000011490,-0.0231549
0000011500,-0.0144974
0000011510,-0.0264012
0000011520,-0.0194107
0000011530,-0.0196228
0000011540,-0.0109997
0000011550,-0.0121343
0000011560,-0.0206755
0000011570,-0.0217399
0000011580,-0.0118924
0000011590,-0.00533004
0000011600,-0.0312793
0000011610,-0.0197627
0000011620,-0.0374146
0000011630,-0.0240507
0000011640,-0.00643716
0000011650,-0.0174619
0000011660,-0.0119024
0000011670,-0.0179348
0000011680,-0.0166537
0000011690,-0.00569133
0000011700,-0.0222422
0000011710,-0.0158651
0000011720,-0.0172276
0000011730,-0.00339029
0000011740,-0.0177508
0000011750,-0.0144709
0000011760,-0.0108403
0000011770,-0.0233099
0000011780,-0.0200917
0000011790,-0.0228436
0000011800,-0.0205767
0000011810,-0.0359819
0000011820,-0.0180708
0000011830,-0.0121659
0000011840,-0.0146179
0000011850,0.000438763
0000011860,-0.00771468
0000011870,-0.0269492
0000011880,-0.0139821
0000011890,-0.0117398
0000011900,-0.00890847
0000011910,-0.0175798
0000011920,-0.0246354
0000011930,-0.00760428
0000011940,-0.00908216
0000011950,-0.00101627
0000011960,-0.0166522
0000011970,-0.011723
0000011980,-0.0183543
0000011990,-0.0164607
0000012000,-0.0113893
0000012010,-0.0171925
0000012020,0.00446951
0000012030,-0.0185888
0000012040,-0.0255707
0000012050,-0.0198744
0000012060,-0.0298256
0000012070,-0.013794
0000012080,-0.00497113
0000012090,-0.011715
0000012100,-0.00736706
0000012110,-0.0131746
0000012120,-0.00835245
0000012130,-0.0161929
0000012140,-0.0217216
0000012150,-0.0239521
0000012160,-0.0191298
0000012170,-0.0212485
0000012180,-0.0155957
0000012190,-0.0109588
0000012200,-0.0252353
0000012210,-0.014931
0000012220,-0.00978726
0000012230,-0.00871403
0000012240,-0.0106871
0000012250,-0.0240752
0000012260,-0.00747282
0000012270,-0.022006
0000012280,-0.0231442
0000012290,0.00105533
0000012300,-0.0129975
0000012310,-0.0275913
0000012320,-0.0157117
0000012330,-0.0279273
0000012340,-0.0245953
0000012350,-0.00631602
0000012360,0.000858333
0000012370,0.0036804
0000012380,-0.023384
0000012390,-0.0164057
0000012400,-0.0198344
0000012410,-0.0164201
0000012420,-0.0236628
0000012430,-0.0194115
0000012440,-0.017718
0000012450,0.00535297
0000012460,-0.0218996
0000012470,-0.0147483
0000012480,-0.00979933
0000012490,-0.0238485
0000012500,-0.0238713
0000012510,-0.009838
0000012520,-0.0128555
0000012530,-0.0222683
0000012540,-0.0265532
0000012550,-0.0286998
0000012560,-0.0212544
0000012570,-0.0162443
0000012580,-0.0116331
0000012590,-0.0116005
0000012600,-0.0170435
0000012610,-0.00219034
0000012620,-0.0203794
0000012630,-0.0257388
0000012640,-0.00666144
0000012650,-0.0210525
0000012660,-0.0275295
0000012670,-0.0293661
0000012680,-0.0165634
0000012690,-0.0159881
0000012700,-0.0174594
0000012710,-0.0208317
0000012720,-0.00358501
0000012730,-0.000660008
0000012740,-0.0249446
0000012750,-0.0233818
0000012760,-0.0101351
0000012770,-0.00925789
0000012780,-0.0157514
0000012790,-0.0182941
0000012800,-0.0083124
0000012810,-0.0236674
0000012820,-0.00255195
0000012830,-0.0183867
0000012840,-0.0196543
0000012850,-0.012785
0000012860,-0.0208926
0000012870,-0.0177732
0000012880,-0.0190549
0000012890,0.00607952
0000012900,-0.00847316
0000012910,-0.0249351
0000012920,-0.0186031
0000012930,-0.0240938
0000012940,-0.0138776
0000012950,-0.0146787
0000012960,-0.0166615
0000012970,-0.0071132
0000012980,-0.0212811
0000012990,-0.00694592
0000013000,-0.0198271
0000013010,-0.0313563
0000013020,0.000496284
0000013030,-0.0180617
0000013040,-0.0281925
0000013050,-0.026714
0000013060,-0.0249142
0000013070,-0.0165964
0000013080,-0.0124417
0000013090,-0.00589411
0000013100,-0.0444738
0000013110,-0.0141106
0000013120,-0.0156319
0000013130,-0.00424556
0000013140,-0.0161078
0000013150,-0.0258147
0000013160,-0.0198674
0000013170,-0.0138812
0000013180,-0.017063
0000013190,-0.0253374
0000013200,-0.00547736
0000013210,-0.0100572
0000013220,-0.0215064
0000013230,-0.0178041
0000013240,-0.0213376
0000013250,-0.0228159
0000013260,-0.0112935
0000013270,-0.0132761
0000013280,-0.0283818
0000013290,-0.0107008
0000013300,-0.0227693
0000013310,-0.0227979
0000013320,-0.0238147
0000013330,-0.0154913
0000013340,-0.028757
0000013350,-0.0277658
0000013360,-0.0252067
0000013370,-0.0133671
0000013380,-0.00949761
0000013390,-0.0337626
0000013400,-0.0126511
0000013410,-0.0236648
0000013420,-0.018803
0000013430,-0.00762614
0000013440,-0.0214669
0000013450,-0.0269253
0000013460,-0.0193385
0000013470,-0.0263276
0000013480,-0.0167195
0000013490,-0.0105849
0000013500,-0.0308022
0000013510,-0.0170159
0000013520,-0.0211001
0000013530,-0.0299317
0000013540,-0.0295295
0000013550,-0.0188161
0000013560,-0.029953
0000013570,-0.0148019
0000013580,-0.0303291
0000013590,-0.0215936
0000013600,-0.0227671
0000013610,-0.0227289
0000013620,-0.0133191
0000013630,-0.0193349
0000013640,-0.0287405
0000013650,-0.0203146
0000013660,-0.0131841
0000013670,-0.00438575
0000013680,-0.018275
0000013690,-0.0167062
0000013700,-0.0186122
0000013710,-0.0130577
0000013720,-0.0235257
0000013730,-0.0180919
0000013740,-0.0205275
0000013750,0.00222875
0000013760,-0.0100362
0000013770,-0.0205188
0000013780,-0.0026277
0000013790,-0.0223182
0000013800,-0.00769995
0000013810,-0.016366
0000013820,-0.0240928
0000013830,-0.00674686
0000013840,-0.0116392
0000013850,-0.0234935
0000013860,-0.00803961
0000013870,-0.0134476
0000013880,-0.0216494
0000013890,-0.0081333
0000013900,-0.022391
0000013910,-0.0170448
0000013920,-0.0243631
0000013930,-0.0159411
0000013940,-0.0268054
0000013950,-0.0314542
0000013960,-0.0234832
0000013970,-0.0158435
0000013980,-0.0200076
0000013990,-0.0154199
0000014000,-0.00999461
0000014010,-0.0212872
0000014020,-0.0240765
0000014030,-0.0195375
0000014040,-0.0128351
0000014050,-0.0352093
0000014060,-0.00328785
0000014070,-0.0126911
0000014080,-0.0250753
0000014090,-0.0208834
0000014100,-0.0176163
0000014110,-0.0275277
0000014120,-0.0232775
0000014130,-0.0188636
0000014140,-0.0159486
0000014150,-0.0344629
0000014160,-0.0152133
0000014170,-0.023778
0000014180,-0.0133437
0000014190,-0.0147656
0000014200,-0.0224724
0000014210,-0.015908
0000014220,-0.022436
0000014230,-0.0263829
0000014240,-0.0169988
0000014250,-0.0181869
0000014260,-0.0327954
0000014270,-4.22745e-05
0000014280,-0.00753245
0000014290,-0.0207679
0000014300,-0.0162658
0000014310,-0.0214098
0000014320,-0.0167938
0000014330,-0.00564051
0000014340,-0.0214227
0000014350,-0.00945169
0000014360,-0.0248541
0000014370,-0.0103345
0000014380,-0.0195199
0000014390,-0.00650862
0000014400,-0.0157224
0000014410,0.00570266
0000014420,-0.0148804
0000014430,-0.0182583
0000014440,-0.0331129
0000014450,-0.0173144
0000014460,-0.0124146
0000014470,-0.0245534
0000014480,-0.00925498
0000014490,-0.00227102
0000014500,-0.0047653
0000014510,-0.0173762
0000014520,-0.014515
0000014530,-0.00347597
0000014540,-0.0151149
0000014550,0.00072161
0000014560,0.00055728
0000014570,-0.0270792
0000014580,-0.00929017
0000014590,-0.0140521
0000014600,-0.0203739
0000014610,-0.0228845
0000014620,-0.0279638
0000014630,-0.0255561
0000014640,-0.0191694
0000014650,-0.00570072
0000014660,-0.0204677
0000014670,-0.0204702
0000014680,-0.0104095
0000014690,-0.0235489
0000014700,-0.0231142
0000014710,-0.0214006
0000014720,-0.0158339
0000014730,-0.00554451
0000014740,-0.0113357
0000014750,-0.00886265
0000014760,-0.0118843
0000014770,-0.0133517
0000014780,-0.0107335
0000014790,-0.0226973
0000014800,-0.0138136
0000014810,-0.0021026
0000014820,-0.0155718
0000014830,-0.00762588
0000014840,-0.00181685
0000014850,-0.00698222
0000014860,-0.0191312
0000014870,-0.0267879
0000014880,-0.0303384
0000014890,-0.0288187
0000014900,-0.00930106
0000014910,-0.00954479
0000014920,-0.0181187
0000014930,-0.0116001
0000014940,-0.0133691
0000014950,-0.0182731
0000014960,-0.0208071
0000014970,-0.0106168
0000014980,-0.0152116
0000014990,-0.0119988
0000015000,-0.0135828
0000015010,-0.00895579
0000015020,-0.0232361
0000015030,-0.00796737
0000015040,-0.0107728
0000015050,-0.0108477
0000015060,-0.018756
0000015070,-0.0185615
0000015080,-0.0205248
0000015090,-0.00743801
0000015100,-0.00690672
0000015110,-0.0160149
0000015120,-0.0237382
0000015130,-0.0191216
0000015140,-0.0198142
0000015150,-0.0164375
0000015160,-0.0157199
0000015170,-0.00888384
0000015180,-0.00643564
0000015190,-0.0222212
0000015200,-0.00644924
0000015210,-0.0143316
0000015220,0.00544877
0000015230,-0.00351383
0000015240,-0.00988975
0000015250,-0.0124162
0000015260,-0.0228928
0000015270,-0.0133859
0000015280,-0.000897665
0000015290,-0.0110684
0000015300,-0.0162377
0000015310,-0.00627612
0000015320,-0.0185108
0000015330,-0.0184043
0000015340,-0.000411618
0000015350,-0.029828
0000015360,-0.0113218
0000015370,-0.0160228
0000015380,-0.0139716
0000015390,-0.0154425
0000015400,-0.00582327
0000015410,-0.0144329
0000015420,-0.00898805
0000015430,-0.0199843
0000015440,-0.00790703
0000015450,-0.0209258
0000015460,-0.0221687
0000015470,-0.0174621
0000015480,-0.00339108
0000015490,-0.0106012
0000015500,-0.00637724
0000015510,-0.0197479
0000015520,-0.0135059
0000015530,-0.0183621
0000015540,-0.0171194
0000015550,-0.0194578
0000015560,-0.0240672
0000015570,-0.00698376
0000015580,-0.0180304
0000015590,-0.00329349
0000015600,-0.0125391
0000015610,-0.0236005
0000015620,-0.00196851
0000015630,-0.00159686
0000015640,-0.0167195
0000015650,-0.0192202
0000015660,-0.0180055
0000015670,-0.0244072
0000015680,-0.0231271
0000015690,-0.0110706
0000015700,-0.00899844
0000015710,-0.00404389
0000015720,-0.0205525
0000015730,-0.0121686
0000015740,-0.00384355
0000015750,-0.00483531
0000015760,-0.0169737
0000015770,-0.022825
0000015780,-0.0211509
0000015790,-0.00360035
0000015800,-0.0117587
0000015810,-0.0174663
0000015820,-0.0122513
0000015830,-0.0309918
0000015840,-0.0112873
0000015850,-0.0229016
0000015860,-0.0216235
0000015870,-0.00474714
0000015880,-0.0169053
0000015890,-0.0332197
0000015900,-0.0139906
0000015910,-0.0227798
0000015920,-0.00237001
0000015930,-0.00506598
0000015940,-0.0223903
0000015950,-0.00129142
0000015960,-0.0114407
0000015970,-0.0199254
0000015980,-0.0102248
0000015990,-0.0226465
0000016000,-0.0123239
0000016010,-0.0114077
0000016020,-0.0165698
0000016030,-0.00285184
0000016040,-0.013265
0000016050,-0.0254112
0000016060,-0.0151908
0000016070,-0.0225554
0000016080,-0.00972836
0000016090,-0.00817052
0000016100,-0.00860118
0000016110,-0.00886016
0000016120,-0.0295033
0000016130,-0.00945884
0000016140,-0.0178254
0000016150,-0.0132833
0000016160,-0.0324711
0000016170,-0.0128678
0000016180,-0.020286
0000016190,-0.0148286
0000016200,-0.0225301
0000016210,-0.0174257
0000016220,-0.0158154
0000016230,-0.0171338
0000016240,-0.0138791
0000016250,-0.022373
0000016260,-0.00840958
0000016270,-0.00509835
0000016280,-0.0151423
0000016290,-0.00344992
0000016300,-0.0244874
0000016310,-0.0134201
0000016320,-0.00306396
0000016330,-0.0132448
0000016340,-0.0285206
0000016350,-0.0106307
0000016360,-0.0160924
0000016370,-0.0129434
0000016380,-0.0004961
0000016390,-0.0212277
0000016400,-0.0152257
0000016410,-0.00440173
0000016420,0.00291138
0000016430,-0.020764
0000016440,-0.00340728
0000016450,-0.0246291
0000016460,-0.0174607
0000016470,-0.00670732
0000016480,-0.011416
0000016490,-0.0240593
0000016500,-0.0307772
0000016510,-0.00348092
0000016520,-0.0245119
0000016530,-0.00677858
0000016540,-0.012105
0000016550,-0.0116266
0000016560,-0.0207507
0000016570,-0.0250101
0000016580,-0.0170391
0000016590,-0.0337025
0000016600,-0.0261923
0000016610,-0.00462527
0000016620,-0.0180409
0000016630,-0.0100222
0000016640,-0.0220762
0000016650,-0.0218271
0000016660,0.00125473
0000016670,-0.00393414
0000016680,-0.0130564
0000016690,-0.0194019
0000016700,-0.00902732
0000016710,-0.00479807
0000016720,-0.00670689
0000016730,-0.0166604
0000016740,-0.0110807
0000016750,-0.0171401
0000016760,-0.0174827
0000016770,-0.021617
0000016780,-0.0224787
0000016790,-0.0125937
0000016800,-0.0153236
0000016810,-0.00246517
0000016820,-0.0244275
0000016830,-0.00445325
0000016840,-0.0209882
0000016850,-0.0123108
0000016860,-0.0189195
0000016870,-0.00479902
0000016880,-0.00397293
0000016890,-0.0188981
0000016900,-0.00345668
0000016910,-0.0117558
0000016920,-0.0193108
0000016930,-0.0260907
0000016940,-0.0263568
0000016950,-0.0358981
0000016960,-0.0195339
0000016970,-0.0147564
0000016980,-0.0178139
0000016990,-0.0274395
0000017000,-0.00844831
0000017010,-0.00770156
0000017020,-0.00243247
0000017030,-0.0212781
0000017040,-0.0164075
0000017050,-0.0341199
0000017060,-0.0149896
0000017070,-0.00405469
0000017080,-0.0135218
0000017090,-0.013535
0000017100,-0.0158464
0000017110,-0.000437718
0000017120,-0.0108186
0000017130,-0.00551101
0000017140,-0.0195812
0000017150,-0.0155934
0000017160,-0.0186172
0000017170,-0.0334254
0000017180,-0.0174509
0000017190,-0.00418789
0000017200,-0.00649831
0000017210,-0.019403
0000017220,-0.00398631
0000017230,-0.0157486
0000017240,-0.0132771
0000017250,-0.0182042
0000017260,-0.0187977
0000017270,-0.0225359
0000017280,0.00561534
0000017290,-0.0189341
0000017300,-0.0226231
0000017310,-0.0192941
0000017320,-0.00589583
0000017330,-0.0206162
0000017340,-0.011135
0000017350,-0.0213757
0000017360,-0.0217606
0000017370,-0.000545761
0000017380,-0.0181581
0000017390,-0.00151709
0000017400,-0.0273565
0000017410,-0.0157504
0000017420,-0.0278584
0000017430,-0.00396983
0000017440,-0.0180821
0000017450,-0.0171743
0000017460,-0.00526628
0000017470,-0.0216114
0000017480,-0.0162271
0000017490,-0.0028418
0000017500,-0.0191924
0000017510,-0.0285893
0000017520,-0.00910615
0000017530,-0.0229679
0000017540,-0.00181805
0000017550,-0.0138915
0000017560,-0.0243751
0000017570,-0.0135888
0000017580,-0.0292499
0000017590,-0.013675
0000017600,-0.0123456
0000017610,-0.0133655
0000017620,-0.0235882
0000017630,0.00618588
0000017640,-0.0459996
0000017650,-0.0122916
0000017660,-0.0102374
0000017670,-0.0153563
0000017680,-0.012242
0000017690,-0.0248474
0000017700,-0.00144682
0000017710,-0.0175102
0000017720,-0.019109
0000017730,-0.0232536
0000017740,-0.0190684
0000017750,-0.00646195
0000017760,-0.017676
0000017770,-0.0270852
0000017780,-0.0113142
0000017790,-0.0271104
0000017800,-0.00235956
0000017810,-0.00150184
0000017820,-0.00866629
0000017830,-0.0124076
0000017840,-0.0184022
0000017850,-0.0221061
0000017860,-0.0102081
0000017870,-0.0179526
0000017880,-0.00701822
0000017890,-0.025145
0000017900,-0.0196194
0000017910,-0.00151628
0000017920,-0.00611681
0000017930,-0.0105694
0000017940,-0.00277066
0000017950,-0.0176022
0000017960,-0.018065
0000017970,-0.0148765
0000017980,-0.0229136
0000017990,-0.020701
0000018000,-0.00703243
0000018010,-0.00502114
0000018020,-0.0251705
0000018030,-0.0169819
0000018040,-0.0312863
0000018050,-0.0179152
0000018060,-0.0181859
0000018070,-0.00464363
0000018080,-0.0204945
0000018090,-0.0114266
0000018100,-0.0101638
0000018110,-0.0086982
0000018120,-0.0208184
0000018130,-0.0326598
0000018140,-0.019278
0000018150,-0.01808
0000018160,-0.00408084
0000018170,-0.0173017
0000018180,-0.0214071
0000018190,-0.0121268
0000018200,-0.0253552
0000018210,-0.00131526
0000018220,-0.00436395
0000018230,-0.0161486
0000018240,-0.00552717
0000018250,-0.00489598
0000018260,-0.0409802
0000018270,-0.0102378
0000018280,-0.0329311
0000018290,-0.0180186
0000018300,-0.0278622
0000018310,-0.0346002
0000018320,-0.0151062
0000018330,-0.0177728
0000018340,-0.00476223
0000018350,-0.0223347
0000018360,-0.0200926
0000018370,-0.0110139
0000018380,-0.0127975
0000018390,-0.0166433
0000018400,-0.0186226
0000018410,-0.0194953
0000018420,-0.0187268
0000018430,-0.0160645
0000018440,-0.0225258
0000018450,-0.0259594
0000018460,-0.0217964
0000018470,-0.0220511
0000018480,-0.00249731
0000018490,-0.0155802
0000018500,-0.0219516
0000018510,-0.033689
0000018520,-0.0208726
0000018530,-0.0186187
0000018540,-0.0124047
0000018550,-0.00524138
0000018560,-0.022355
0000018570,-0.0127273
0000018580,-0.015223
0000018590,-0.00944995
0000018600,-0.0012867
0000018610,-0.0208543
0000018620,-0.00976255
0000018630,-0.0172033
0000018640,-0.0205436
0000018650,-0.017273
0000018660,-0.0120149
0000018670,-0.0108671
0000018680,-0.0252574
0000018690,-0.0183261
0000018700,-0.00726504
0000018710,-0.0135454
0000018720,-0.0144332
0000018730,-0.0247972
0000018740,-0.0208378
0000018750,-0.0211
0000018760,-0.00529061
0000018770,-0.00647801
0000018780,-0.016257
0000018790,-0.0103369
0000018800,-0.0201827
0000018810,-0.0172078
0000018820,-0.00759458
0000018830,-0.0188445
0000018840,-0.0215769
0000018850,9.49536e-05
0000018860,-0.0161761
0000018870,-0.0172018
0000018880,-0.0206922
0000018890,-0.0132396
0000018900,-0.026693
0000018910,-0.01183
0000018920,-0.0285474
0000018930,-0.00915275
0000018940,-0.0116113
0000018950,-0.0130718
0000018960,-0.0144258
0000018970,-0.0269313
0000018980,-0.0289533
0000018990,-0.00514855
0000019000,-0.0194889
0000019010,-0.0171523
0000019020,-0.0177138
0000019030,-0.0145064
0000019040,-0.0205421
0000019050,-0.00715423
0000019060,-0.0212045
0000019070,-0.0234282
0000019080,-0.00866626
0000019090,-0.0188982
0000019100,-0.02189
0000019110,-0.0211433
0000019120,-0.0125409
0000019130,-0.00263624
0000019140,-0.0203759
0000019150,-0.0137132
0000019160,-0.0207185
0000019170,-0.0199343
0000019180,-0.0141889
0000019190,-0.0215989
0000019200,-0.00784597
0000019210,-0.019776
0000019220,-0.0253697
0000019230,-0.0115745
0000019240,-0.0174785
0000019250,-0.0138423
0000019260,-0.0306219
0000019270,-0.0272257
0000019280,-0.0128918
0000019290,-0.0261048
0000019300,-0.00871861
0000019310,-0.0149644
0000019320,-0.0302337
0000019330,-0.0166537
0000019340,-0.0171528
0000019350,-0.00332098
0000019360,-0.0134889
0000019370,-0.00773057
0000019380,-0.0127359
0000019390,-0.0134333
0000019400,-0.00455541
0000019410,-0.00637119
0000019420,-0.00997645
0000019430,-0.0202041
0000019440,-0.0237557
0000019450,0.00507565
0000019460,-0.0113221
0000019470,-0.0069115
0000019480,-0.0128081
0000019490,-0.0140854
0000019500,-0.0211067
0000019510,-0.0136864
0000019520,-0.012908
0000019530,-0.00186979
0000019540,-0.018937
0000019550,-0.0122995
0000019560,-0.0168126
0000019570,-0.00818008
0000019580,-0.0156829
0000019590,-0.0244097
0000019600,-0.0117194
0000019610,-0.0181318
0000019620,-0.0214061
0000019630,-0.0234368
0000019640,-0.016329
0000019650,-0.031371
0000019660,-0.0140982
0000019670,-0.0114726
0000019680,-0.00173835
0000019690,-0.0218116
0000019700,-0.00977873
0000019710,-0.0105256
0000019720,-0.0223048
0000019730,0.00144671
0000019740,-0.0218438
0000019750,-0.0283106
0000019760,-0.00415096
0000019770,-0.0276771
0000019780,-0.00836475
0000019790,-0.0238073
0000019800,0.00129004
0000019810,-0.0143601
0000019820,-0.0241687
0000019830,-0.00745192
0000019840,-0.0110951
0000019850,-0.00184875
0000019860,-0.00325819
0000019870,-0.0359826
0000019880,-0.0204238
0000019890,-0.0214589
0000019900,-0.0207704
0000019910,-0.0226617
0000019920,-0.0133199
0000019930,-0.0115456
0000019940,-0.0242819
0000019950,-0.0167755
0000019960,-0.0180436
0000019970,-0.0332848
0000019980,-0.0205559
0000019990,-0.022938
0000020000,-0.0101438
0000020010,-0.0153766
0000020020,-0.0141536
0000020030,-0.0197291
0000020040,-0.0296151
0000020050,-0.0145027
0000020060,-0.0215169
0000020070,0.00597235
0000020080,-0.0027007
0000020090,-0.0181198
0000020100,-0.0048036
0000020110,-0.00970629
0000020120,-0.0263393
0000020130,-0.0248793
0000020140,-0.00509581
0000020150,0.0081323
0000020160,-0.0152901
0000020170,-0.0196216
0000020180,-0.0107228
0000020190,-0.0099919
0000020200,-0.0145938
0000020210,-0.0338687
0000020220,-0.0118851
0000020230,-0.00684178
0000020240,-0.00984089
0000020250,0.000853731
0000020260,-0.00977165
0000020270,-0.0180092
0000020280,-0.0117459
0000020290,-0.00953211
0000020300,-0.00623442
0000020310,-0.0201564
0000020320,-0.011454
0000020330,-0.0136338
0000020340,-0.0268589
0000020350,-0.0212783
0000020360,-0.0126438
0000020370,-0.025859
0000020380,-0.0155521
0000020390,-0.0260428
0000020400,-0.0187808
0000020410,-0.00749452
0000020420,-0.013656
0000020430,-0.014197
0000020440,-0.0258978
0000020450,-0.0109545
0000020460,-0.00312186
0000020470,-0.00448361
0000020480,0.0123023
0000020490,-0.0266087
0000020500,-0.0228199
0000020510,-0.00381349
0000020520,-0.0118479
0000020530,-0.0162217
0000020540,-0.0133222
0000020550,-0.0139867
0000020560,-0.0195739
0000020570,-0.0103013
0000020580,-0.00385899
0000020590,-0.0110533
0000020600,-0.0266302
0000020610,-0.0145224
0000020620,-0.0124176
0000020630,-0.0216754
0000020640,-0.0162776
0000020650,-0.0105271
0000020660,-0.0241256
0000020670,-0.021131
0000020680,-0.0112655
0000020690,-0.0120112
0000020700,-0.0113528
0000020710,-0.0240635
0000020720,-0.0106892
0000020730,-0.0160918
0000020740,-0.016277
0000020750,-0.0188555
0000020760,-0.0210676
0000020770,-0.0178527
0000020780,-0.00143176
0000020790,-0.0181977
0000020800,-0.0190938
0000020810,-0.025151
0000020820,-0.0120117
0000020830,-0.0297947
0000020840,-0.0246017
0000020850,-0.00785531
0000020860,-0.0104472
0000020870,-0.0172226
0000020880,-0.0169838
0000020890,-0.0273952
0000020900,-0.0259003
0000020910,-0.0187492
0000020920,-0.013334
0000020930,-0.0138453
0000020940,-0.0285503
0000020950,-0.0170536
0000020960,-0.0151734
0000020970,-0.00318958
0000020980,-0.0211444
0000020990,-0.00896139
0000021000,-0.0121427
0000021010,-0.00465379
0000021020,-0.0212642
0000021030,0.00832206
0000021040,-0.0221814
0000021050,-0.0148486
0000021060,-0.0127267
0000021070,-0.00779602
0000021080,-0.00738747
0000021090,-0.0221655
0000021100,-0.0165319
0000021110,-0.0163135
0000021120,-0.0170218
0000021130,-0.0152806
0000021140,-0.0155945
0000021150,-0.02379
0000021160,-0.0202475
0000021170,-0.0178665
0000021180,-0.0161899
0000021190,-0.0124486
0000021200,-0.00585072
0000021210,-0.0216977
0000021220,-0.0119416
0000021230,-0.0226508
0000021240,-0.0175107
0000021250,-0.0315554
0000021260,-0.0115312
0000021270,-0.00587608
0000021280,-0.0302463
0000021290,-0.0051087
0000021300,-0.0110923
0000021310,-0.0186653
0000021320,-0.0250146
0000021330,-0.00931618
0000021340,-0.0063145
0000021350,-0.00934743
0000021360,-0.023447
0000021370,-0.0216899
0000021380,-0.00166167
0000021390,-0.0170051
0000021400,-0.015876
0000021410,-0.0259307
0000021420,0.00323429
0000021430,-0.0167267
0000021440,-0.0037541
0000021450,-0.0193256
0000021460,-0.010134
0000021470,-0.0315683
0000021480,-0.0192387
0000021490,-0.0232169
0000021500,-0.0034249
0000021510,-0.0145214
0000021520,-0.0243846
0000021530,-0.0271569
0000021540,-0.0330543
0000021550,-0.00515524
0000021560,-0.0109623
0000021570,-0.00476116
0000021580,-0.0189764
0000021590,-0.0109506
0000021600,-0.0144289
0000021610,-5.48466e-05
0000021620,-0.00932283
0000021630,-0.0176162
0000021640,-0.012737
0000021650,-0.0271352
0000021660,-0.0102828
0000021670,-0.015445
0000021680,-0.0126676
0000021690,-0.0167571
0000021700,-0.0209116
0000021710,-0.00837128
0000021720,-0.0197777
0000021730,-0.00525265
0000021740,-0.0152807
0000021750,-0.0237586
0000021760,-0.0160034
0000021770,-0.00488476
0000021780,-0.00956559
0000021790,-0.0149338
0000021800,-0.0325827
0000021810,-0.0176967
0000021820,-0.0180417
0000021830,-0.01037
0000021840,-0.0097876
0000021850,-0.0191945
0000021860,-0.0135506
0000021870,-0.0255574
0000021880,-0.010004
0000021890,-0.0153111
0000021900,-0.0188278
0000021910,-0.0178763
0000021920,-0.0218149
0000021930,-0.0111346
0000021940,-0.0174367
0000021950,-0.0160045
0000021960,-0.0204315
0000021970,-0.0196022
0000021980,-0.023812
0000021990,-0.00904206
0000022000,-0.0151221
0000022010,-0.0170393
0000022020,0.000264989
0000022030,-0.0072179
0000022040,-0.00713877
0000022050,0.00699078
0000022060,-0.0284089
0000022070,-0.0144067
0000022080,-0.0205652
0000022090,-0.0137088
0000022100,-0.0223176
0000022110,-0.0152788
0000022120,-0.0134492
0000022130,-0.0216618
0000022140,-0.0222699
0000022150,-0.0247845
0000022160,-0.0102748
0000022170,-0.0135517
0000022180,-0.0342118
0000022190,-0.00476548
0000022200,-0.022746
0000022210,-0.0240586
0000022220,-0.010912
0000022230,-0.013817
0000022240,-0.00177251
0000022250,-0.026586
0000022260,-0.0105151
0000022270,-0.0275595
0000022280,-0.0116325
0000022290,-0.0109069
0000022300,-0.0260426
0000022310,-0.00797494
0000022320,-0.0113474
0000022330,-0.0124407
0000022340,-0.0136563
0000022350,-0.00837628
0000022360,-0.00760063
0000022370,-0.00787534
0000022380,-0.0248776
0000022390,-0.00770143
0000022400,-0.0218063
0000022410,-0.0140991
0000022420,0.00149111
0000022430,-0.0197628
0000022440,-0.0125053
0000022450,-0.00259176
0000022460,-0.0211143
0000022470,-0.0283269
0000022480,-0.0189077
0000022490,-0.0185734
0000022500,-0.00792067
0000022510,-0.00105374
0000022520,-0.00958289
0000022530,-0.0201836
0000022540,-0.00463085
0000022550,-0.00721977
0000022560,-0.00956008
0000022570,-0.00837344
0000022580,-0.0161173
0000022590,0.00951295
0000022600,-0.011098
0000022610,-0.0209858
0000022620,-0.0159935
0000022630,-0.0284506
0000022640,-0.0252147
0000022650,-0.0276288
0000022660,-0.015651
0000022670,-0.0124307
0000022680,-0.0214109
0000022690,-0.0166215
0000022700,-0.020242
0000022710,-0.0136685
0000022720,-0.00834594
0000022730,-0.0189788
0000022740,-0.0314391
0000022750,0.00423546
0000022760,-0.0278312
0000022770,-0.017889
0000022780,-0.0081885
0000022790,-0.0325361
0000022800,-0.0115958
0000022810,-0.00566732
0000022820,-0.0387454
0000022830,-0.00530768
0000022840,-0.021512
0000022850,-0.0281552
0000022860,-0.013556
0000022870,-0.0153212
0000022880,-0.0313728
0000022890,-0.00153707
0000022900,-0.00379782
0000022910,-0.0217404
0000022920,0.00127826
0000022930,-0.01426
0000022940,-0.0161659
0000022950,-0.0130328
0000022960,-0.0197412
0000022970,-0.00888217
0000022980,-0.0197086
0000022990,-0.0101893
0000023000,-0.0254923
0000023010,-0.00475251
0000023020,-0.0111151
0000023030,-0.0204646
0000023040,-0.0182544
0000023050,-0.00797319
0000023060,-0.009033
0000023070,-0.00742937
0000023080,-0.017902
0000023090,-0.017628
0000023100,-0.0166024
0000023110,-0.00722819
0000023120,-0.0149478
0000023130,-0.00806881
0000023140,-0.000567339
0000023150,-0.011074
0000023160,-0.0130196
0000023170,-0.00651587
0000023180,-0.0106161
0000023190,-0.0305939
0000023200,-0.00948434
0000023210,-0.0181569
0000023220,-0.017968
0000023230,-0.0505118
0000023240,-0.00580795
0000023250,-0.0147871
0000023260,-0.0189494
0000023270,-0.0198894
0000023280,-0.00892298
0000023290,0.00898618
0000023300,-0.0317518
0000023310,-0.023405
0000023320,-0.0115233
0000023330,-0.019031
0000023340,-0.0244655
0000023350,-0.0301061
0000023360,-0.00421283
0000023370,-0.0139926
0000023380,-0.0123914
0000023390,-0.0189674
0000023400,-0.0336381
0000023410,-0.00962752
0000023420,-0.0109829
0000023430,0.00362888
0000023440,-0.0163823
0000023450,-0.0122425
0000023460,-0.00314365
0000023470,0.00754379
0000023480,-0.0173346
0000023490,-0.0140428
0000023500,-0.00610413
0000023510,-0.021375
0000023520,-0.00349246
0000023530,-0.002615
0000023540,-0.0138761
0000023550,-0.0108079
0000023560,-0.007523
0000023570,-0.0274798
0000023580,-0.0158925
0000023590,-0.0087997
0000023600,-0.00834574
0000023610,-0.00793454
0000023620,0.000943793
0000023630,-0.00761201
0000023640,-0.014982
0000023650,-0.000660026
0000023660,-0.0233716
0000023670,-0.0175869
0000023680,-0.00117132
0000023690,-0.029122
0000023700,-0.00434044
0000023710,-0.0178454
0000023720,-0.0279562
0000023730,-0.0176745
0000023740,0.00439483
0000023750,-0.00952485
0000023760,0.0127884
0000023770,-0.0201919
0000023780,-0.0204277
0000023790,-0.00793796
0000023800,-0.00197755
0000023810,-0.0146265
0000023820,-0.0197647
0000023830,-0.00148201
0000023840,-0.0117841
0000023850,-0.0212208
0000023860,-0.00558875
0000023870,-0.0242387
0000023880,-0.00848779
0000023890,-0.0103896
0000023900,-0.00819121
0000023910,-0.0211201
0000023920,-0.00170452
0000023930,-0.00356834
0000023940,-0.0325701
0000023950,-0.0194177
0000023960,-0.0151034
0000023970,-0.0299917
0000023980,0.000969907
0000023990,-0.00709349
0000024000,-0.000998441
0000024010,-0.0174139
0000024020,-0.0124674
0000024030,-0.00412763
0000024040,-0.0294264
0000024050,-0.0211581
0000024060,-0.000808325
0000024070,-0.0195501
0000024080,-0.0236098
0000024090,-0.0114025
0000024100,-0.0237497
0000024110,-0.0162543
0000024120,-0.0112584
0000024130,-0.00302183
0000024140,-0.00700113
0000024150,-0.0137318
0000024160,-0.0164669
0000024170,-0.0207668
0000024180,-0.0170839
0000024190,0.0110743
0000024200,-0.0134411
0000024210,-0.026334
0000024220,-0.0373221
0000024230,-0.0159966
0000024240,-0.0165926
0000024250,0.00122015
0000024260,-0.0251706
0000024270,-0.0195191
0000024280,-0.000843786
0000024290,-0.0246071
0000024300,-0.0230777
0000024310,-0.00829516
0000024320,-0.0245897
0000024330,-0.00911471
0000024340,0.00152659
0000024350,-0.0198028
0000024360,-0.0144423
0000024370,-0.0044252
0000024380,-0.016295
0000024390,-0.0199885
0000024400,-0.00709637
0000024410,-0.00925855
0000024420,-0.00773418
0000024430,-0.0179631
0000024440,-0.0127616
0000024450,-0.00956811
0000024460,-0.00165584
0000024470,-0.0150442
0000024480,-0.00607103
0000024490,-0.00615417
0000024500,-0.0176572
0000024510,-0.00676502
0000024520,-0.0155234
0000024530,-0.00891267
0000024540,-0.0209903
0000024550,0.00228274
0000024560,-0.0127487
0000024570,-0.0217682
0000024580,-0.0169138
0000024590,-0.0128862
0000024600,-0.0280335
0000024610,-0.00449648
0000024620,-0.000495537
0000024630,-0.0207738
0000024640,-0.00954208
0000024650,-0.00602481
0000024660,-0.0269689
0000024670,0.0078964
0000024680,-0.0118862
0000024690,-0.0253176
0000024700,-0.0155625
0000024710,-0.0292945
0000024720,-0.0205207
0000024730,-0.0178519
0000024740,-0.0276602
0000024750,-0.0266007
0000024760,-0.00307714
0000024770,-0.00995875
0000024780,-0.0123608
0000024790,-0.00941536
0000024800,-0.0185954
0000024810,-0.0191631
0000024820,-0.0332833
0000024830,-0.0101203
0000024840,-0.0169037
0000024850,-0.0249909
0000024860,-0.0153297
0000024870,-0.0178458
0000024880,-0.0387819
0000024890,-0.0212973
0000024900,-0.0150286
0000024910,-0.0371187
0000024920,-0.0176354
0000024930,-0.0239039
0000024940,-0.00594614
0000024950,-0.0107826
0000024960,-0.0113559
0000024970,-0.0162207
0000024980,0.00563009
0000024990,-0.0111292
