0000000000,-0.0189047
0000000010,0.00389245
0000000020,-0.0203286
0000000030,-0.00837186
0000000040,-0.0242331
0000000050,-0.0254802
0000000060,-0.0327256
0000000070,-0.0214803
0000000080,-0.0168027
0000000090,-0.0138745
0000000100,-0.0133408
0000000110,-0.013277
0000000120,-0.011539
0000000130,-0.0189329
0000000140,-0.018295
0000000150,-0.0230341
0000000160,-0.0226945
0000000170,0.000924309
0000000180,-0.022559
0000000190,-0.0281288
0000000200,-0.0108904
0000000210,-0.00166272
0000000220,-0.0303464
0000000230,-0.0107051
0000000240,-0.0344651
0000000250,-0.0155082
0000000260,-0.0272036
0000000270,-0.0237199
0000000280,0.000564357
0000000290,-0.0105308
0000000300,-0.0315737
0000000310,-0.024822
0000000320,-0.0233686
0000000330,-0.0200058
0000000340,-0.0255772
0000000350,-0.0202878
0000000360,0.000431822
0000000370,-0.00482502
0000000380,-0.0216331
0000000390,-0.030278
0000000400,-0.0251217
0000000410,-0.0205198
0000000420,-0.0274161
0000000430,-0.0163129
0000000440,-0.0188825
0000000450,-0.0008555
0000000460,-0.0374166
0000000470,-0.0355422
0000000480,-0.0189372
0000000490,-0.0157407
0000000500,-0.0269503
0000000510,-0.0254629
0000000520,-0.0264578
0000000530,-0.0168658
0000000540,-0.0154838
0000000550,-0.00270637
0000000560,-0.0247159
0000000570,-0.0218905
0000000580,-0.0450419
0000000590,-0.0127413
0000000600,-0.0125271
0000000610,-0.0178318
0000000620,-0.010206
0000000630,-0.0207122
0000000640,0.016822
0000000650,-0.0364182
0000000660,-0.014039
0000000670,-0.0235155
0000000680,-0.00674866
0000000690,-0.0171643
0000000700,-0.0291048
0000000710,-0.034679
0000000720,-0.0433823
0000000730,-0.0120308
0000000740,-0.0109992
0000000750,-0.0050093
0000000760,0.00331756
0000000770,-0.0121339
0000000780,-0.00750977
0000000790,-0.0365022
0000000800,0.0216497
0000000810,-0.0212116
0000000820,-0.025421
0000000830,0.000833295
0000000840,0.00614826
0000000850,-0.00674509
0000000860,-0.0273398
0000000870,-0.00533036
0000000880,-0.0177592
0000000890,0.00203263
0000000900,0.000710615
0000000910,-0.0157248
0000000920,-0.025531
0000000930,-0.0157982
0000000940,-0.0183183
0000000950,-0.0137018
0000000960,-0.00187416
0000000970,-0.0237758
0000000980,-0.0290189
0000000990,-0.0267391
0000001000,-0.0240981
0000001010,-0.0472821
0000001020,-0.0107277
0000001030,-0.0245677
0000001040,-0.0376455
0000001050,-0.0266017
0000001060,-0.0228768
0000001070,-0.00311275
0000001080,-0.0355212
0000001090,0.00904765
0000001100,0.000730637
0000001110,-0.0314946
0000001120,-0.0155335
0000001130,0.000738018
0000001140,-0.0286201
0000001150,-0.0130326
0000001160,-0.0154383
0000001170,0.00046324
0000001180,0.015046
0000001190,-0.0267019
0000001200,-0.0202618
0000001210,-0.0180721
0000001220,-0.0307779
0000001230,0.00717288
0000001240,-0.00170782
0000001250,-0.00232107
0000001260,-0.0192645
0000001270,-0.00568956
0000001280,-0.00283734
0000001290,0.00337855
0000001300,-0.0264037
0000001310,-0.00901988
0000001320,-0.046301
0000001330,-0.0266437
0000001340,-0.0113821
0000001350,-0.00596143
0000001360,-0.010314
0000001370,-0.0168363
0000001380,-0.0298935
0000001390,-0.00701046
0000001400,-0.0283175
0000001410,-0.0144106
0000001420,-0.015881
0000001430,-0.0347926
0000001440,-0.00394516
0000001450,-0.0296734
0000001460,-0.0312058
0000001470,0.00398954
0000001480,-0.0066766
0000001490,-0.0252961
0000001500,0.0122307
0000001510,-0.00211155
0000001520,-0.00974066
0000001530,-0.0186257
0000001540,-0.00920052
0000001550,-0.00249744
0000001560,-0.0150309
0000001570,-0.0123566
0000001580,-0.00474841
0000001590,-0.0022229
0000001600,-0.0078651
0000001610,-0.00631807
0000001620,-0.00768591
0000001630,-0.0437294
0000001640,0.00556961
0000001650,-0.0327271
0000001660,-0.0275329
0000001670,0.00477303
0000001680,-0.0057477
0000001690,-0.0229739
0000001700,-0.0220753
0000001710,0.000933917
0000001720,-0.00158968
0000001730,-0.0066281
0000001740,-0.0195936
0000001750,-0.0252702
0000001760,-0.0269996
0000001770,0.00834187
0000001780,-0.0206179
0000001790,-0.0301176
0000001800,-0.0107195
0000001810,-0.0223287
0000001820,-0.0331713
0000001830,-0.0341633
0000001840,-0.0166098
0000001850,-0.0335462
0000001860,-0.0107047
0000001870,-0.0338969
0000001880,0.00049241
0000001890,0.00268131
0000001900,-0.00953236
0000001910,-0.0289974
0000001920,-0.025387
0000001930,-0.0266023
0000001940,-0.026599
0000001950,-0.0247327
0000001960,-0.00743621
0000001970,-0.0349286
0000001980,-0.0232577
0000001990,0.0107864
0000002000,-0.0227229
0000002010,-0.0282384
0000002020,-0.00506408
0000002030,-0.0234286
0000002040,-0.00115944
0000002050,-0.0292268
0000002060,-0.0193925
0000002070,-0.0195582
0000002080,-0.0146861
0000002090,-0.00356753
0000002100,-0.0269625
0000002110,-0.00997278
0000002120,-0.00863731
0000002130,-0.0163693
0000002140,-0.0184507
0000002150,-0.0473571
0000002160,-0.00062651
0000002170,-0.0318891
0000002180,-0.0132109
0000002190,-0.00857167
0000002200,-0.0197562
0000002210,-0.0193676
0000002220,0.00156725
0000002230,-0.029844
0000002240,-0.0177013
0000002250,-0.0230376
0000002260,-0.038559
0000002270,-0.0227194
0000002280,-0.0220421
0000002290,-0.0138345
0000002300,-0.0201496
0000002310,-0.0287226
0000002320,-0.0109827
0000002330,-0.012511
0000002340,-0.0108856
0000002350,-0.00196454
0000002360,-0.032473
0000002370,0.00124184
0000002380,-0.028621
0000002390,-0.00396145
0000002400,-0.0178861
0000002410,-0.0492089
0000002420,-0.0311782
0000002430,-0.00432985
0000002440,0.00063015
0000002450,-0.0154531
0000002460,-0.0304811
0000002470,-0.0303942
0000002480,-0.0471682
0000002490,-0.00512852
0000002500,-0.0223944
0000002510,-0.0200371
0000002520,-0.0180582
0000002530,-0.0138542
0000002540,-0.0153059
0000002550,-0.010003
0000002560,-0.0275931
0000002570,-0.00190364
0000002580,-0.00907128
0000002590,-0.0381162
0000002600,-0.0222451
0000002610,-0.0229421
0000002620,-0.0150067
0000002630,-0.00976915
0000002640,-0.0082655
0000002650,-0.00500412
0000002660,-0.0292966
0000002670,-0.030294
0000002680,-0.000860185
0000002690,-0.0123608
0000002700,-0.0147279
0000002710,-0.0227409
0000002720,-0.0146181
0000002730,-0.0201875
0000002740,-0.0189582
0000002750,-0.0260033
0000002760,0.00578862
0000002770,-0.0116422
0000002780,-0.0142547
0000002790,-0.0266217
0000002800,-0.0230475
0000002810,-0.0251473
0000002820,-0.0239005
0000002830,-0.0278047
0000002840,-0.00268402
0000002850,-0.00407275
0000002860,-0.0329013
0000002870,-8.32392e-05
0000002880,-0.0163325
0000002890,0.00896477
0000002900,-0.0120211
0000002910,-0.00709311
0000002920,-0.0385226
0000002930,-0.0233065
0000002940,-0.00421354
0000002950,-0.0199489
0000002960,-0.0176597
0000002970,-0.0137629
0000002980,-0.0387372
0000002990,-0.0191879
0000003000,-0.0192993
0000003010,-0.0142762
0000003020,-0.0309838
0000003030,-0.0102793
0000003040,-0.0272595
0000003050,-0.00694506
0000003060,-0.0287511
0000003070,-0.0215405
0000003080,-0.00258611
0000003090,-0.0425627
0000003100,-0.0231732
0000003110,0.00720483
0000003120,-0.030024
0000003130,-0.0342456
0000003140,-0.00045654
0000003150,0.0147106
0000003160,-0.00693779
0000003170,-0.00357566
0000003180,-0.0198673
0000003190,-0.00367139
0000003200,0.0104797
0000003210,-0.0380589
0000003220,-0.0152675
0000003230,-0.017997
0000003240,-0.0161338
0000003250,0.00302035
0000003260,-0.0178745
0000003270,-0.0146341
0000003280,-0.0134504
0000003290,-0.0106659
0000003300,-0.0124572
0000003310,-0.0201875
0000003320,-0.0291832
0000003330,-0.0182785
0000003340,-0.0200376
0000003350,-0.0391974
0000003360,-0.0246073
0000003370,-0.0196577
0000003380,-0.018518
0000003390,0.00878557
0000003400,-0.00685041
0000003410,0.00123908
0000003420,-0.0443141
0000003430,-0.0110647
0000003440,-0.0246693
0000003450,-0.0355372
0000003460,0.0024734
0000003470,-0.0318034
0000003480,-0.00349405
0000003490,-0.0287123
0000003500,-0.0268193
0000003510,-0.0141998
0000003520,-0.0087612
0000003530,0.00548968
0000003540,-0.00882798
0000003550,-0.0304039
0000003560,-0.0016802
0000003570,-0.0277742
0000003580,-0.0377765
0000003590,-0.0347902
0000003600,-0.0190706
0000003610,0.00816671
0000003620,-0.0223286
0000003630,-0.0257034
0000003640,-0.0104301
0000003650,-0.0381351
0000003660,-0.0337845
0000003670,-0.0383758
0000003680,-0.0131005
0000003690,-0.0383473
0000003700,-0.0224335
0000003710,-0.011738
0000003720,0.0041362
0000003730,-0.0120295
0000003740,-0.0164613
0000003750,-0.00120266
0000003760,-0.0168584
0000003770,-0.0308199
0000003780,-0.00176787
0000003790,-0.0337784
0000003800,-0.00138224
0000003810,-0.0099263
0000003820,-0.0105272
0000003830,-0.0297731
0000003840,-0.00275968
0000003850,-0.0423068
0000003860,-0.0148437
0000003870,-0.0076377
0000003880,0.0489591
0000003890,-0.0683145
0000003900,-0.00830435
0000003910,-0.00856177
0000003920,-0.0164916
0000003930,-0.0337679
0000003940,-0.0299984
0000003950,-0.0284335
0000003960,-0.00673148
0000003970,-0.00502603
0000003980,-0.0402164
0000003990,0.0375008
0000004000,0.00324578
0000004010,-0.0315077
0000004020,-0.0329484
0000004030,-0.0104678
0000004040,-0.00504877
0000004050,-0.0101672
0000004060,0.020388
0000004070,-0.00590552
0000004080,-0.00539074
0000004090,-0.0271618
0000004100,-0.012379
0000004110,-0.00625059
0000004120,-0.013704
0000004130,-0.00319265
0000004140,-0.0278671
0000004150,-0.00962038
0000004160,-0.0251399
0000004170,-0.00936742
0000004180,-0.0440345
0000004190,-0.012248
0000004200,-0.00182481
0000004210,-0.0314779
0000004220,-0.0155524
0000004230,0.0174544
0000004240,-0.0236028
0000004250,-0.00867147
0000004260,-0.0360761
0000004270,-0.0185534
0000004280,-0.00733126
0000004290,-0.0139081
0000004300,-0.00685946
0000004310,-0.0211172
0000004320,-0.0490143
0000004330,-0.0226068
0000004340,-0.0164982
0000004350,0.00154365
0000004360,-0.000529216
0000004370,-0.0334053
0000004380,-0.00646481
0000004390,0.0134832
0000004400,-0.0236743
0000004410,-0.0198602
0000004420,-0.0442773
0000004430,-0.0238802
0000004440,-0.0107694
0000004450,-0.024397
0000004460,0.0204683
0000004470,-0.0345848
0000004480,-0.026142
0000004490,-0.00777314
0000004500,-0.0335037
0000004510,-0.0286823
0000004520,-0.0203811
0000004530,0.00795166
0000004540,-0.0442483
0000004550,-0.0424924
0000004560,-0.0164084
0000004570,-0.0232808
0000004580,-0.0351693
0000004590,-0.0420075
0000004600,-0.0109016
0000004610,-0.0264068
0000004620,-0.0331659
0000004630,-0.0334159
0000004640,0.00307783
0000004650,-0.00481719
0000004660,-0.00963284
0000004670,-0.0461416
0000004680,-0.00366323
0000004690,-0.0166777
0000004700,-0.0255127
0000004710,-0.0110212
0000004720,-0.0215863
0000004730,-0.0395564
0000004740,-0.0181467
0000004750,-0.00915449
0000004760,0.0144787
0000004770,-0.0059128
0000004780,-0.0143164
0000004790,-0.0382825
0000004800,-0.00897237
0000004810,-0.0149727
0000004820,0.00532009
0000004830,-0.0339007
0000004840,-0.0467401
0000004850,0.00496228
0000004860,-0.00671041
0000004870,-0.0400456
0000004880,-0.0121645
0000004890,-0.0132604
0000004900,-0.0441296
0000004910,-0.0303924
0000004920,-0.0352214
0000004930,-0.0157799
0000004940,-0.0223854
0000004950,-0.00288715
0000004960,0.000538638
0000004970,-0.0169351
0000004980,0.00698742
0000004990,-0.0101333
0000005000,-0.0226707
0000005010,0.00307664
0000005020,-0.0162483
0000005030,-0.00869122
0000005040,-0.0163532
0000005050,-0.0108857
0000005060,-0.00878837
0000005070,-0.0172558
0000005080,-0.0255855
0000005090,-0.0188804
0000005100,-0.0286655
0000005110,-0.0184812
0000005120,-0.0272506
0000005130,0.00818439
0000005140,-0.0132451
0000005150,0.00599058
0000005160,-0.0228453
0000005170,-0.0300186
0000005180,-0.0132343
0000005190,-0.00800037
0000005200,-0.0125749
0000005210,-0.018423
0000005220,-0.00739127
0000005230,-0.0106952
0000005240,-0.00725825
0000005250,-0.0272053
0000005260,-0.0104347
0000005270,-0.0115151
0000005280,-0.0127673
0000005290,-0.000996697
0000005300,-0.0147775
0000005310,-0.0152036
0000005320,-0.0212877
0000005330,0.0097823
0000005340,-0.00768146
0000005350,-0.00635311
0000005360,-0.0271304
0000005370,-0.0150274
0000005380,-0.00873819
0000005390,-0.0302924
0000005400,-0.00443192
0000005410,-0.0369751
0000005420,-0.0384729
0000005430,-0.0132297
0000005440,-0.00244906
0000005450,-0.0346655
0000005460,-0.0293723
0000005470,-0.0135372
0000005480,-0.0328625
0000005490,-0.00727557
0000005500,-0.0215646
0000005510,-0.0295517
0000005520,-0.0394326
0000005530,-0.00628313
0000005540,-0.0419642
0000005550,-0.00447114
0000005560,0.00198162
0000005570,-0.0336354
0000005580,-0.031728
0000005590,-0.0159608
0000005600,-0.0373798
0000005610,-0.0240411
0000005620,-0.0203858
0000005630,-0.0455943
0000005640,-0.0246665
0000005650,-0.0159902
0000005660,-0.0146214
0000005670,-0.0215504
0000005680,0.0086939
0000005690,-0.0211559
0000005700,-0.0189439
0000005710,-0.00193393
0000005720,-0.00572552
0000005730,0.00861969
0000005740,-0.00849032
0000005750,-0.0262621
0000005760,-0.0215574
0000005770,-0.0200391
0000005780,-0.0246257
0000005790,-0.00368413
0000005800,-0.015938
0000005810,-0.0231033
0000005820,-0.0218592
0000005830,-0.0257415
0000005840,-0.0330673
0000005850,-0.0167102
0000005860,-0.0229575
0000005870,-0.024139
0000005880,-0.00109606
0000005890,-0.0121175
0000005900,-0.00194265
0000005910,-0.0273986
0000005920,-0.00214122
0000005930,-0.026585
0000005940,-0.0184551
0000005950,-0.0196954
0000005960,-0.0139276
0000005970,-0.0284327
0000005980,-0.0158095
0000005990,-0.0167904
0000006000,-0.00979706
0000006010,-0.0470018
0000006020,-0.0462631
0000006030,-0.0212968
0000006040,-0.00492895
0000006050,0.0160608
0000006060,-0.032358
0000006070,-0.0206343
0000006080,-0.00659519
0000006090,-0.0236525
0000006100,0.00596306
0000006110,-0.0303229
0000006120,-0.0256594
0000006130,-0.0397777
0000006140,0.00756226
0000006150,-0.00272533
0000006160,-0.00885541
0000006170,-0.00119013
0000006180,-0.00122708
0000006190,-0.0319306
0000006200,-0.0284763
0000006210,-0.00941243
0000006220,-0.0360541
0000006230,-0.0225001
0000006240,-0.00903996
0000006250,-0.0319527
0000006260,-0.0272793
0000006270,-0.0136917
0000006280,-0.0415088
0000006290,0.00482663
0000006300,-0.0237751
0000006310,-0.0177342
0000006320,-0.0236713
0000006330,-0.0302564
0000006340,-0.0491098
0000006350,-0.0473184
0000006360,-0.0335582
0000006370,-0.0232947
0000006380,0.00318202
0000006390,-0.0257382
0000006400,-0.0297105
0000006410,-0.00612779
0000006420,0.00194623
0000006430,-0.00661039
0000006440,0.00105308
0000006450,-0.0181409
0000006460,-0.0148813
0000006470,-0.0180972
0000006480,-0.00660544
0000006490,-0.0266542
0000006500,-0.0199491
0000006510,-0.0202091
0000006520,-0.00204143
0000006530,-0.0103789
0000006540,0.00505333
0000006550,-0.014965
0000006560,0.00508044
0000006570,-0.0386518
0000006580,-0.00607116
0000006590,-0.000692892
0000006600,-0.0389424
0000006610,-0.0268768
0000006620,-0.0187353
0000006630,-0.0370896
0000006640,-0.0201316
0000006650,-0.0211694
0000006660,-0.0274622
0000006670,-0.00299445
0000006680,-0.0145875
0000006690,-0.00425503
0000006700,-0.0369712
0000006710,-0.00845432
0000006720,-0.000900454
0000006730,-0.031501
0000006740,-0.0112552
0000006750,-0.0208286
0000006760,-0.0262289
0000006770,-0.00356091
0000006780,-0.035076
0000006790,0.00847918
0000006800,0.00989419
0000006810,0.000205663
0000006820,-0.0310233
0000006830,0.0057703
0000006840,0.0131619
0000006850,0.000921285
0000006860,-0.00391863
0000006870,-0.00420509
0000006880,-0.0186794
0000006890,-0.0404353
0000006900,-0.0198464
0000006910,-0.00171747
0000006920,-0.00576525
0000006930,-0.0345564
0000006940,-0.00464764
0000006950,-0.0166441
0000006960,-0.0108576
0000006970,-0.00320667
0000006980,-0.0302408
0000006990,-0.00930714
0000007000,-0.01805
0000007010,-0.00967556
0000007020,-0.041076
0000007030,-0.0325093
0000007040,-0.0220498
0000007050,-0.0223076
0000007060,-0.0326446
0000007070,-0.0146876
0000007080,-0.0363508
0000007090,-0.0496533
0000007100,-0.0252797
0000007110,-0.0250668
0000007120,8.70349e-05
0000007130,-0.0107335
0000007140,-0.0141301
0000007150,0.00505847
0000007160,-0.0118081
0000007170,-0.0320316
0000007180,-0.0298578
0000007190,-0.0307576
0000007200,-0.01165
0000007210,-0.025703
0000007220,-0.00675373
0000007230,0.00133465
0000007240,-0.0254093
0000007250,-0.0115473
0000007260,-0.0341784
0000007270,-0.0284395
0000007280,-0.041878
0000007290,0.0125983
0000007300,-0.0205043
0000007310,-0.00448623
0000007320,-0.0275575
0000007330,-0.00534247
0000007340,-0.0256812
0000007350,-0.0162511
0000007360,-0.0292011
0000007370,-0.0374132
0000007380,-0.0353393
0000007390,-0.0156084
0000007400,-0.00230213
0000007410,-0.00707884
0000007420,-0.0100177
0000007430,-0.00712105
0000007440,-0.0191709
0000007450,-0.0148018
0000007460,-0.0219966
0000007470,-0.0208534
0000007480,-0.0131535
0000007490,-0.0103935
0000007500,-0.0445569
0000007510,-0.0253735
0000007520,-0.00897646
0000007530,-0.0246869
0000007540,0.000268063
0000007550,-0.0230759
0000007560,-0.0114268
0000007570,-0.0210849
0000007580,-0.00327416
0000007590,-0.0107077
0000007600,-0.00156987
0000007610,-0.0167266
0000007620,-0.0322588
0000007630,-0.0467365
0000007640,-0.0173723
0000007650,-0.0175934
0000007660,-0.0086925
0000007670,-0.0165226
0000007680,-0.0276969
0000007690,0.00109883
0000007700,-0.0383127
0000007710,-0.0117582
0000007720,-0.0464364
0000007730,-0.0284824
0000007740,-0.0355558
0000007750,0.00098903
0000007760,-0.0295113
0000007770,-0.0298208
0000007780,-0.0154902
0000007790,-0.0180773
0000007800,-0.0251022
0000007810,-0.0103947
0000007820,-0.0256975
0000007830,0.00171631
0000007840,-0.0394818
0000007850,-0.0368454
0000007860,0.0005463
0000007870,-0.0271523
0000007880,-0.0129507
0000007890,-0.0250468
0000007900,-0.00397543
0000007910,-0.032605
0000007920,-0.00442029
0000007930,-0.0228619
0000007940,-0.0169774
0000007950,-0.0303521
0000007960,-0.0165484
0000007970,-0.0247809
0000007980,-0.0228804
0000007990,-0.00786086
0000008000,-0.0210883
0000008010,0.00492476
0000008020,-0.00708852
0000008030,-0.0229945
0000008040,-0.0250915
0000008050,-0.0198401
0000008060,-0.0216278
0000008070,-0.000499202
0000008080,-0.0298545
0000008090,-0.0222528
0000008100,-0.0248028
0000008110,-6.94876e-05
0000008120,0.0156099
0000008130,0.000291431
0000008140,-0.0077629
0000008150,-0.00376126
0000008160,0.00309195
0000008170,-0.0311541
0000008180,-0.00435671
0000008190,0.00733661
0000008200,-0.0399298
0000008210,-0.00949304
0000008220,-0.0146211
0000008230,-0.0184337
0000008240,-0.012089
0000008250,-0.0102647
0000008260,-0.042063
0000008270,-0.0238487
0000008280,-0.0378908
0000008290,-0.0444587
0000008300,-0.00462352
0000008310,-0.00504243
0000008320,-0.0263717
0000008330,-0.0306552
0000008340,-0.00201907
0000008350,-0.0399276
0000008360,-0.00685871
0000008370,-0.0425611
0000008380,-0.022316
0000008390,-0.0354388
0000008400,0.00294457
0000008410,-0.0248433
0000008420,-0.00616924
0000008430,-0.0153712
0000008440,-0.0163036
0000008450,-0.0407271
0000008460,-0.0421239
0000008470,-0.0217736
0000008480,-0.0239072
0000008490,-0.0262411
0000008500,-0.00467241
0000008510,0.00147902
0000008520,-0.0220421
0000008530,-0.0181666
0000008540,-0.0203457
0000008550,-0.0205023
0000008560,-0.0300916
0000008570,-0.0144786
0000008580,-0.0296967
0000008590,-0.0300567
0000008600,-0.0203169
0000008610,-0.00331823
0000008620,0.00288642
0000008630,-0.0210831
0000008640,-0.0224961
0000008650,-0.0277681
0000008660,-0.0235203
0000008670,-0.0384357
0000008680,-0.0055978
0000008690,-0.0214113
0000008700,-0.0357213
0000008710,-0.0141335
0000008720,-0.019784
0000008730,0.00255382
0000008740,-0.0246244
0000008750,-0.0341507
0000008760,-0.00900991
0000008770,-0.0310795
0000008780,-0.0148566
0000008790,-0.0182518
0000008800,-0.0361718
0000008810,-0.024611
0000008820,-0.0217919
0000008830,-0.00690639
0000008840,-0.00909201
0000008850,-0.00742171
0000008860,-0.0239268
0000008870,0.00371663
0000008880,-0.0144055
0000008890,-0.0182053
0000008900,-0.0367749
0000008910,-0.019308
0000008920,-0.0204676
0000008930,-0.00486327
0000008940,-0.012926
0000008950,-0.0181591
0000008960,-0.00154066
0000008970,-0.022826
0000008980,-0.0340876
0000008990,-0.00500754
0000009000,0.00885772
0000009010,-0.023491
0000009020,0.00263179
0000009030,-0.0201057
0000009040,-0.00630528
0000009050,-0.0196583
0000009060,-0.0113677
0000009070,-0.0336134
0000009080,-0.0235564
0000009090,-0.0218018
0000009100,-0.0212313
0000009110,-0.0271119
0000009120,-0.0124647
0000009130,-0.0173925
0000009140,-0.0303563
0000009150,-0.000304284
0000009160,-0.0166112
0000009170,-0.0275002
0000009180,-0.0542046
0000009190,-0.00749456
0000009200,-0.022323
0000009210,0.0101071
0000009220,-0.0136312
0000009230,-0.0158399
0000009240,-0.0210262
0000009250,-0.0184468
0000009260,-0.0314857
0000009270,-0.0370183
0000009280,-0.00395644
0000009290,-0.0182865
0000009300,-0.00948729
0000009310,-0.0359972
0000009320,-0.0228896
0000009330,-0.009807
0000009340,-0.0247085
0000009350,-0.0226132
0000009360,-0.0500751
0000009370,-0.0295388
0000009380,-0.0246721
0000009390,-0.00956654
0000009400,-0.0189825
0000009410,-0.0124203
0000009420,0.0131314
0000009430,-0.0268549
0000009440,0.00367343
0000009450,-0.0190909
0000009460,-0.010815
0000009470,-0.0372073
0000009480,-0.0488427
0000009490,-0.00928186
0000009500,-0.010853
0000009510,-0.0148556
0000009520,-0.0232867
0000009530,-0.0355981
0000009540,-0.0154684
0000009550,-0.0184652
0000009560,-0.0324142
0000009570,-0.00747749
0000009580,-0.0328876
0000009590,0.0053986
0000009600,-0.0312227
0000009610,-0.0149563
0000009620,-0.0274878
0000009630,-0.0403834
0000009640,-0.011005
0000009650,-0.0272688
0000009660,-0.0299409
0000009670,-0.0288887
0000009680,-0.0300673
0000009690,-0.0102788
0000009700,-0.0355619
0000009710,-0.027498
0000009720,-0.00564653
0000009730,-0.0349189
0000009740,-0.0106733
0000009750,-0.0360096
0000009760,-0.0329513
0000009770,-0.0330346
0000009780,-0.0183357
0000009790,0.0081676
0000009800,-0.0113724
0000009810,-0.00945795
0000009820,0.0135706
0000009830,-0.00271703
0000009840,-0.0418074
0000009850,-0.00277587
0000009860,-0.0415569
0000009870,-0.0284978
0000009880,-0.00963197
0000009890,-0.0105294
0000009900,0.00224372
0000009910,-0.0304082
0000009920,-0.0267053
0000009930,-0.0257278
0000009940,-0.0193427
0000009950,-0.0412486
0000009960,-0.00907117
0000009970,-0.015645
0000009980,-0.017487
0000009990,-0.032291
0000010000,-0.0252231
0000010010,-0.00981549
0000010020,-0.0347432
0000010030,-0.0272385
0000010040,-0.0393679
0000010050,-0.00560469
0000010060,-0.0371399
0000010070,-0.0101289
0000010080,-0.00349129
0000010090,-0.0244308
0000010100,0.00359929
0000010110,-0.0104825
0000010120,-0.0343016
0000010130,-0.0243451
0000010140,-0.0149563
0000010150,-0.0219603
0000010160,-0.00959434
0000010170,0.00118986
0000010180,-0.0202037
0000010190,-0.00619144
0000010200,-0.00930529
0000010210,-0.01488
0000010220,-0.0143527
0000010230,-0.0213974
0000010240,-0.0101207
0000010250,-0.0183949
0000010260,0.0129496
0000010270,-0.0328155
0000010280,-0.0230684
0000010290,-0.00903654
0000010300,-0.00619252
0000010310,0.00547548
0000010320,-0.047564
0000010330,-0.00851346
0000010340,-0.0371603
0000010350,-0.0117446
0000010360,-0.0215003
0000010370,-0.0148979
0000010380,-0.0381528
0000010390,-0.0293728
0000010400,-0.0108976
0000010410,-0.0114943
0000010420,-0.00985183
0000010430,-0.0299714
0000010440,-0.00624315
0000010450,-0.00861065
0000010460,-0.0215734
0000010470,-0.00886467
0000010480,-0.027777
0000010490,-0.000474366
0000010500,-0.00218485
0000010510,-0.0382635
0000010520,-0.0222102
0000010530,-0.0240038
0000010540,-0.0323606
0000010550,-0.0395106
0000010560,-0.00715103
0000010570,-0.0237618
0000010580,-0.0239498
0000010590,-0.0179681
0000010600,-0.0155569
0000010610,-0.01417
0000010620,-0.0317034
0000010630,-0.0154059
0000010640,-0.0216461
0000010650,0.0110036
0000010660,-0.00516447
0000010670,0.00140522
0000010680,-0.0202651
0000010690,-0.00343893
0000010700,-0.00167809
0000010710,-0.0147015
0000010720,-0.00313573
0000010730,-0.0356466
0000010740,0.00384256
0000010750,-0.0334749
0000010760,-0.0294275
0000010770,-0.026257
0000010780,-0.027534
0000010790,-0.0214053
0000010800,0.00492644
0000010810,-0.0200094
0000010820,-0.0268119
0000010830,-0.018436
0000010840,-0.02724
0000010850,-0.0207103
0000010860,-0.00496464
0000010870,-0.0026956
0000010880,-0.0109148
0000010890,-0.010602
0000010900,-0.0120505
0000010910,-0.00969936
0000010920,-0.0333255
0000010930,-0.0404435
0000010940,-0.0344608
0000010950,-0.0142811
0000010960,-0.0169181
0000010970,-0.00646427
0000010980,-0.0146541
0000010990,-0.00864419
0000011000,-0.035548
0000011010,-0.0238301
0000011020,-0.0621003
0000011030,-0.0279306
0000011040,-0.0227161
0000011050,-0.0181364
0000011060,-0.00515006
0000011070,-0.0258237
0000011080,-0.0244239
0000011090,0.001657
0000011100,-0.0229059
0000011110,-0.032518
0000011120,-0.0102952
0000011130,-0.0297616
0000011140,-0.0288346
0000011150,-0.0018243
0000011160,-0.0141588
0000011170,-0.0113027
0000011180,-0.000636178
0000011190,-0.014302
0000011200,-0.0463789
0000011210,-0.0309034
0000011220,-0.0370909
0000011230,-0.00350408
0000011240,-0.00217462
0000011250,-0.0272122
0000011260,-0.0145042
0000011270,-0.00901504
0000011280,-0.0307486
0000011290,-0.00469251
0000011300,-0.0183989
0000011310,-0.0409997
0000011320,-0.0201593
0000011330,-0.011202
0000011340,-0.0357675
0000011350,-0.00709606
0000011360,-0.0217219
0000011370,-0.0115181
0000011380,-0.0113913
0000011390,0.00667028
0000011400,-0.0065491
0000011410,-0.0195309
0000011420,-0.0281213
0000011430,-0.0262047
0000011440,-0.00755443
0000011450,-0.0283959
0000011460,-0.0255708
0000011470,-0.00899581
0000011480,-0.00719326
0000011490,0.0180722
0000011500,-0.0347118
0000011510,-0.0188028
0000011520,-0.0160544
0000011530,-0.0193703
0000011540,-0.0260062
0000011550,-0.00395338
0000011560,-0.0251014
0000011570,-0.0450202
0000011580,-0.0187578
0000011590,-0.0199339
0000011600,-0.0334892
0000011610,-0.0292725
0000011620,-0.0406205
0000011630,-0.0458009
0000011640,-0.0202444
0000011650,-0.0172799
0000011660,-0.0276375
0000011670,-0.0464952
0000011680,-0.0196091
0000011690,-0.0239554
0000011700,-0.0135347
0000011710,-0.0243908
0000011720,-0.0126434
0000011730,-0.0274629
0000011740,-0.00529751
0000011750,-0.0180234
0000011760,0.00165214
0000011770,-0.0291276
0000011780,-0.0244626
0000011790,-0.0169794
0000011800,-0.0141237
0000011810,-0.0271463
0000011820,-0.0215822
0000011830,0.0267849
0000011840,-0.0234372
0000011850,-0.0109732
0000011860,-0.0106022
0000011870,-0.0160695
0000011880,-0.0147475
0000011890,-0.0323376
0000011900,-0.050687
0000011910,-0.00963186
0000011920,-0.0050334
0000011930,-0.00284777
0000011940,-0.00586116
0000011950,-0.0220667
0000011960,-0.0260118
0000011970,-0.0246701
0000011980,0.00184076
0000011990,-0.0038884
0000012000,-0.00523152
0000012010,-0.00421545
0000012020,-0.0261314
0000012030,-0.0151261
0000012040,-0.0221369
0000012050,-0.0335885
0000012060,-0.000796609
0000012070,-0.0314327
0000012080,-0.0220537
0000012090,-0.021762
0000012100,-0.010138
0000012110,-0.0190918
0000012120,-0.0147562
0000012130,-0.0248159
0000012140,-0.0183772
0000012150,-0.0339457
0000012160,-0.0116258
0000012170,-0.0197532
0000012180,-0.0121788
0000012190,-0.024551
0000012200,-0.0114911
0000012210,0.00407353
0000012220,-0.00242962
0000012230,-0.00335514
0000012240,-0.0267797
0000012250,-0.00243943
0000012260,-0.0349972
0000012270,-0.0240411
0000012280,0.00590634
0000012290,-0.0104113
0000012300,-0.0185006
0000012310,-0.0390702
0000012320,0.00625809
0000012330,-0.00158001
0000012340,-0.0177791
0000012350,-0.0476752
0000012360,0.00194227
0000012370,3.22317e-05
0000012380,-0.00322881
0000012390,0.00288035
0000012400,-0.020978
0000012410,-0.00923369
0000012420,-0.0128351
0000012430,-0.0216106
0000012440,-0.0148444
0000012450,0.00466424
0000012460,-0.00995109
0000012470,-0.0338002
0000012480,-0.0313227
0000012490,-0.0267837
0000012500,-0.038695
0000012510,-0.008334
0000012520,0.000167396
0000012530,-0.0161662
0000012540,-0.0126341
0000012550,-0.028175
0000012560,-0.0314496
0000012570,-0.0225476
0000012580,-0.0220848
0000012590,-0.0203953
0000012600,-0.0139337
0000012610,-0.00694495
0000012620,0.000705637
0000012630,-0.0448335
0000012640,-0.0324672
0000012650,-0.0061522
0000012660,-0.00298495
0000012670,-0.0160311
0000012680,-0.013868
0000012690,-0.0141589
0000012700,-0.0230663
0000012710,-0.0099157
0000012720,0.00449102
0000012730,-0.0337227
0000012740,0.00585985
0000012750,-0.00137961
0000012760,-0.0263949
0000012770,-0.00709593
0000012780,-0.0232153
0000012790,-0.0289366
0000012800,-0.0169689
0000012810,-0.0263164
0000012820,-0.0183417
0000012830,-0.0230522
0000012840,-0.0161864
0000012850,-0.00164515
0000012860,-0.0141675
0000012870,-0.0432495
0000012880,-0.0110924
0000012890,-0.0243537
0000012900,-0.0184015
0000012910,-0.0135485
0000012920,-0.0169774
0000012930,-0.0277978
0000012940,-0.00551935
0000012950,-0.0284971
0000012960,-0.00431615
0000012970,-0.0310474
0000012980,-0.0458251
0000012990,-0.0256316
0000013000,-0.0310981
0000013010,-0.0231581
0000013020,-0.0073072
0000013030,-0.0210582
0000013040,-0.0153252
0000013050,-0.0318034
0000013060,-0.0128705
0000013070,-0.0240563
0000013080,-0.0138132
0000013090,-0.0198093
0000013100,-0.0230757
0000013110,-0.0309047
0000013120,-0.0198114
0000013130,-0.0233243
0000013140,-0.00940864
0000013150,-0.0178006
0000013160,-0.00441878
0000013170,-0.00175002
0000013180,-0.0243832
0000013190,-0.00808286
0000013200,-0.0266223
0000013210,-0.00992118
0000013220,-0.0324731
0000013230,-0.0369725
0000013240,0.0152685
0000013250,-0.0514303
0000013260,-0.0155217
0000013270,-0.0203066
0000013280,-0.0297021
0000013290,-0.0186018
0000013300,-0.0277671
0000013310,-0.0144879
0000013320,-0.00598442
0000013330,-0.00517043
0000013340,-0.01355
0000013350,0.00468649
0000013360,0.00230317
0000013370,-0.0161664
0000013380,-0.00653956
0000013390,-0.0271001
0000013400,-0.0227451
0000013410,-0.00615943
0000013420,-0.0252138
0000013430,-0.0254641
0000013440,-0.0112771
0000013450,-0.00370802
0000013460,-0.00580993
0000013470,-0.00779921
0000013480,-0.0339274
0000013490,-0.0508926
0000013500,-0.0221595
0000013510,0.00598407
0000013520,-0.027462
0000013530,-0.0330249
0000013540,-0.0363201
0000013550,-0.0192832
0000013560,-0.0150607
0000013570,-1.35953e-06
0000013580,-0.0136182
0000013590,-0.0150623
0000013600,-0.00233251
0000013610,-0.00470384
0000013620,-0.0342619
0000013630,0.00405201
0000013640,-0.013413
0000013650,-0.0364591
0000013660,-0.0268282
0000013670,-0.0112077
0000013680,-0.0122182
0000013690,-0.012772
0000013700,-0.00127609
0000013710,-0.015286
0000013720,-0.0377355
0000013730,-0.025047
0000013740,-0.0134064
0000013750,-0.0180597
0000013760,-0.0365763
0000013770,-0.0270696
0000013780,-0.0278306
0000013790,-0.0021936
0000013800,0.000744506
0000013810,-0.0127483
0000013820,-0.0331262
0000013830,-0.0136535
0000013840,-0.0341689
0000013850,-0.0287086
0000013860,-0.0551997
0000013870,-0.00145133
0000013880,-0.00764467
0000013890,-0.0288724
0000013900,-0.0182563
0000013910,-0.0295559
0000013920,0.000568197
0000013930,-0.037446
0000013940,-0.0229002
0000013950,-0.0140666
0000013960,-0.00609984
0000013970,-0.0166782
0000013980,0.0103249
0000013990,-0.00522391
0000014000,-0.00577922
0000014010,-0.0356119
0000014020,0.00987592
0000014030,-0.0104994
0000014040,-0.0423116
0000014050,-0.0320062
0000014060,0.000546128
0000014070,-0.0131415
0000014080,-0.0204733
0000014090,-0.01349
0000014100,-0.00104496
0000014110,-0.00935512
0000014120,-0.0238246
0000014130,-0.0108603
0000014140,-0.0328804
0000014150,-0.0170843
0000014160,-0.013655
0000014170,-0.0110852
0000014180,-0.00106541
0000014190,-0.0309758
0000014200,-0.0100426
0000014210,-0.00301936
0000014220,-0.017111
0000014230,0.00352449
0000014240,-0.0224908
0000014250,-0.0392245
0000014260,-0.00651124
0000014270,-0.0129876
0000014280,-0.0402961
0000014290,-0.0146184
0000014300,-0.0149566
0000014310,-0.026417
0000014320,-0.0392449
0000014330,-0.0211264
0000014340,-0.0334718
0000014350,-0.0255976
0000014360,-0.0208692
0000014370,-0.0230864
0000014380,-0.0261348
0000014390,-0.0169225
0000014400,-0.0192733
0000014410,0.00332103
0000014420,-0.0119406
0000014430,-0.0182558
0000014440,-0.0191806
0000014450,-0.0278094
0000014460,-0.00612178
0000014470,-0.0168915
0000014480,-0.0218274
0000014490,0.0162635
0000014500,-0.0256291
0000014510,-0.0523228
0000014520,0.00647218
0000014530,-0.00114604
0000014540,-0.0119555
0000014550,-0.0238375
0000014560,-0.0209907
0000014570,-0.0215615
0000014580,-0.022917
0000014590,-0.0273255
0000014600,-0.0259663
0000014610,-0.0308968
0000014620,-0.0202333
0000014630,0.00036395
0000014640,-0.0283332
0000014650,0.0134419
0000014660,0.0275272
0000014670,-0.0116227
0000014680,-0.0242644
0000014690,-0.0194929
0000014700,-0.024604
0000014710,0.00155567
0000014720,-0.0174006
0000014730,-0.0214418
0000014740,-0.00618995
0000014750,-0.00827704
0000014760,-0.0156765
0000014770,-0.0206282
0000014780,-0.0317916
0000014790,-0.0346991
0000014800,-0.0210336
0000014810,-0.00519387
0000014820,-0.0190301
0000014830,-0.046846
0000014840,-0.0305452
0000014850,-0.020075
0000014860,0.00163147
0000014870,-0.0146844
0000014880,-0.0170271
0000014890,-0.00338537
0000014900,-0.0227618
0000014910,-0.0182873
0000014920,-0.0289827
0000014930,-0.0392235
0000014940,0.00149316
0000014950,-0.0202265
0000014960,-0.0281424
0000014970,-0.0224457
0000014980,-0.0123278
0000014990,-0.025166
0000015000,-0.0155925
0000015010,-0.00538572
0000015020,-0.030881
0000015030,-0.0414426
0000015040,-0.0342613
0000015050,-0.0123013
0000015060,-0.0301087
0000015070,-0.0306888
0000015080,-0.0128785
0000015090,-0.0200115
0000015100,-0.0202441
0000015110,-0.0170872
0000015120,-0.019013
0000015130,0.000771157
0000015140,-0.0207622
0000015150,-0.0295733
0000015160,-0.00518395
0000015170,-0.0132969
0000015180,0.000779508
0000015190,-0.0108556
0000015200,-0.0303975
0000015210,-0.0352515
0000015220,-0.0147924
0000015230,-0.0354027
0000015240,-0.0121236
0000015250,-0.00241375
0000015260,-0.0309393
0000015270,-0.0262119
0000015280,-0.016756
0000015290,-0.029861
0000015300,-0.0287402
0000015310,-0.00259051
0000015320,-0.0194157
0000015330,-0.0387259
0000015340,-0.0410663
0000015350,-0.0355026
0000015360,-0.0287467
0000015370,-0.0207667
0000015380,0.00341818
0000015390,-0.0232468
0000015400,-0.00405117
0000015410,-0.0157865
0000015420,-0.0161753
0000015430,-0.0374563
0000015440,-0.0122573
0000015450,-0.0293937
0000015460,0.0132238
0000015470,-0.0283445
0000015480,-0.0275893
0000015490,-0.0174243
0000015500,-0.0291803
0000015510,-0.0364384
0000015520,-0.0258848
0000015530,-0.0172087
0000015540,-0.0236471
0000015550,-0.00733629
0000015560,-0.0230087
0000015570,-0.0373518
0000015580,-0.0177867
0000015590,-0.00291307
0000015600,0.00227893
0000015610,-0.00541806
0000015620,-0.0256612
0000015630,-0.0156781
0000015640,-0.00947029
0000015650,-0.0138068
0000015660,-0.0300743
0000015670,-0.0172621
0000015680,-0.0174607
0000015690,-0.0219006
0000015700,-0.0011157
0000015710,-0.0294322
0000015720,-0.0303883
0000015730,0.00478363
0000015740,-0.0301674
0000015750,-0.0356465
0000015760,-0.0340435
0000015770,-0.0122314
0000015780,-0.00633214
0000015790,-0.0202931
0000015800,-0.0120325
0000015810,-0.0154467
0000015820,-0.0126045
0000015830,-0.0101592
0000015840,-0.045038
0000015850,-0.00746748
0000015860,-0.0215179
0000015870,-0.0244787
0000015880,-0.0238157
0000015890,-0.0250967
0000015900,-0.036979
0000015910,-0.0195114
0000015920,-0.0168721
0000015930,-0.0159164
0000015940,-0.0205205
0000015950,-0.00140621
0000015960,-0.040463
0000015970,-0.0143776
0000015980,-0.0242184
0000015990,-0.0322921
