0000000000,-0.0274831
0000000010,-0.00367509
0000000020,-0.0136632
0000000030,-0.0190411
0000000040,-0.0204089
0000000050,-0.0252806
0000000060,-0.00615278
0000000070,-0.0142145
0000000080,-0.0273794
0000000090,-0.0124967
0000000100,-0.0303553
0000000110,-0.0123645
0000000120,-0.0209989
0000000130,-0.0220581
0000000140,-0.017363
0000000150,-0.0107833
0000000160,0.000948994
0000000170,-0.0219021
0000000180,-0.0234885
0000000190,-0.0409416
0000000200,-0.00414184
0000000210,-0.0207664
0000000220,0.00102312
0000000230,-0.0239189
0000000240,-0.00773702
0000000250,-0.0258322
0000000260,-0.0120801
0000000270,-0.0254063
0000000280,-0.0157526
0000000290,-0.00740511
0000000300,-0.0176779
0000000310,-0.00478351
0000000320,-0.00629625
0000000330,-0.0230872
0000000340,-0.0185906
0000000350,-0.0058817
0000000360,-0.0152638
0000000370,-0.0172568
0000000380,-0.0242271
0000000390,-0.0364087
0000000400,-0.00833505
0000000410,-0.0152178
0000000420,-0.00815191
0000000430,-0.00509971
0000000440,-0.0178647
0000000450,-0.0313219
0000000460,0.00613502
0000000470,-0.0343377
0000000480,-0.0140742
0000000490,0.00377859
0000000500,-0.0105271
0000000510,-0.0263058
0000000520,-0.0274336
0000000530,-0.0170787
0000000540,-0.0180384
0000000550,-0.0170448
0000000560,-0.0270831
0000000570,0.00637947
0000000580,-0.0250438
0000000590,-0.00636347
0000000600,-0.0136426
0000000610,-0.0176039
0000000620,-0.00896546
0000000630,-0.0136624
0000000640,-0.0124752
0000000650,-0.0228978
0000000660,-0.0224765
0000000670,-0.0120286
0000000680,-0.0162572
0000000690,-0.0186793
0000000700,-0.0164551
0000000710,-0.0194959
0000000720,-0.0155656
0000000730,-0.0198486
0000000740,-0.00259516
0000000750,-0.00584516
0000000760,-0.0217717
0000000770,-0.00356658
0000000780,-0.0166001
0000000790,-0.0336924
0000000800,-0.010992
0000000810,-0.0429777
0000000820,-0.0256428
0000000830,-0.0245914
0000000840,-0.00511241
0000000850,-0.0169399
0000000860,-0.0221327
0000000870,-0.00541817
0000000880,-0.0131494
0000000890,-0.0207469
0000000900,-0.0185475
0000000910,-0.0225264
0000000920,0.000902445
0000000930,0.00132277
0000000940,-0.0309075
0000000950,-0.0118127
0000000960,-0.0281956
0000000970,-0.000171815
0000000980,-0.00762612
0000000990,-0.0191376
0000001000,-0.0256935
0000001010,-0.0135721
0000001020,-0.00951001
0000001030,-0.00977775
0000001040,-0.0291797
0000001050,-0.0118312
0000001060,-0.0279547
0000001070,-0.0118025
0000001080,-0.00406558
0000001090,0.021778
0000001100,-0.0125426
0000001110,0.0121474
0000001120,-0.00642124
0000001130,-0.0333446
0000001140,-0.0166223
0000001150,-0.0268034
0000001160,-0.00887623
0000001170,-0.00732625
0000001180,-0.0253417
0000001190,0.012255
0000001200,-0.0163228
0000001210,-0.0232872
0000001220,0.0174295
0000001230,-0.00954554
0000001240,-0.0118233
0000001250,-0.023341
0000001260,-0.0210641
0000001270,-0.0198186
0000001280,-0.0303643
0000001290,-0.0190423
0000001300,-0.0042251
0000001310,-0.0139665
0000001320,-0.0128647
0000001330,-0.0364314
0000001340,-0.0392287
0000001350,-0.00249569
0000001360,-0.0196443
0000001370,-0.0387483
0000001380,-0.0120088
0000001390,0.0110981
0000001400,-0.0059421
0000001410,-0.0372453
0000001420,-0.0261797
0000001430,-0.000190625
0000001440,-0.0195469
0000001450,-0.0135092
0000001460,0.0035969
0000001470,0.00118241
0000001480,-0.0366177
0000001490,-0.00245466
0000001500,-0.00909242
0000001510,-0.0192653
0000001520,-0.00390486
0000001530,0.00548535
0000001540,-0.0225632
0000001550,-0.0347568
0000001560,-0.0339044
0000001570,-0.0310169
0000001580,-0.0334289
0000001590,-0.022898
0000001600,-0.0420377
0000001610,-0.0407459
0000001620,-0.00662771
0000001630,-0.0321501
0000001640,-0.00766594
0000001650,-0.0136305
0000001660,-0.0151023
0000001670,-0.0383036
0000001680,-0.0312958
0000001690,-0.0345584
0000001700,-0.0210531
0000001710,-0.0192541
0000001720,0.00457199
0000001730,-0.0105056
0000001740,-0.0118047
0000001750,-0.00956002
0000001760,0.0104274
0000001770,-0.0224111
0000001780,-0.0145798
0000001790,-0.00642405
0000001800,-0.0270126
0000001810,-0.0226234
0000001820,-0.0223978
0000001830,-0.0375489
0000001840,-0.0277976
0000001850,-0.0250027
0000001860,-0.0212205
0000001870,-0.00629904
0000001880,-0.0313009
0000001890,-0.02188
0000001900,-0.0273824
0000001910,-0.0218748
0000001920,-0.0293925
0000001930,-0.0207367
0000001940,-0.0248113
0000001950,-0.021616
0000001960,-0.0119413
0000001970,-0.0112271
0000001980,0.015821
0000001990,-0.0228906
0000002000,-0.020616
0000002010,-0.0095072
0000002020,-0.00267373
0000002030,-0.0215269
0000002040,-0.0150175
0000002050,-0.00637019
0000002060,-0.0248905
0000002070,-0.0186324
0000002080,-0.00912193
0000002090,-0.0130286
0000002100,-0.0188992
0000002110,-0.0065423
0000002120,-0.023342
0000002130,0.00419125
0000002140,-0.0332109
0000002150,-0.0166906
0000002160,-0.00930691
0000002170,-0.0275531
0000002180,0.00248927
0000002190,-0.00151583
0000002200,-0.0355063
0000002210,-0.017774
0000002220,-0.00521309
0000002230,-0.01542
0000002240,-0.0103319
0000002250,-0.00987319
0000002260,-0.0251052
0000002270,-0.0438802
0000002280,-0.0266219
0000002290,0.0011356
0000002300,-0.0159868
0000002310,-0.0105963
0000002320,-0.0340768
0000002330,-0.00483944
0000002340,-0.0153088
0000002350,-0.0373779
0000002360,-0.0163179
0000002370,-0.0163772
0000002380,-0.0157394
0000002390,-0.0284863
0000002400,-0.0308157
0000002410,-0.0229996
0000002420,-0.0242641
0000002430,0.00183021
0000002440,0.00603061
0000002450,-0.0269329
0000002460,0.0101348
0000002470,-0.0219627
0000002480,-0.012521
0000002490,-0.0179143
0000002500,0.00455031
0000002510,-0.0139034
0000002520,-0.0141522
0000002530,-0.0278081
0000002540,-0.0204076
0000002550,0.00452959
0000002560,-0.0320634
0000002570,-0.022906
0000002580,-0.0348451
0000002590,-0.0167562
0000002600,0.00530566
0000002610,-0.0206345
0000002620,0.00169457
0000002630,-0.0453632
0000002640,-0.0355902
0000002650,-0.0217434
0000002660,-0.022745
0000002670,-0.0116007
0000002680,-0.0417406
0000002690,-0.0133881
0000002700,-0.0435913
0000002710,-0.0367953
0000002720,-0.0188175
0000002730,-0.0271473
0000002740,-0.00563278
0000002750,0.00218402
0000002760,-0.0214494
0000002770,-0.0143467
0000002780,-0.0127432
0000002790,-0.0181354
0000002800,-0.0114061
0000002810,-0.0167051
0000002820,-0.00389589
0000002830,-0.0189152
0000002840,-0.00734839
0000002850,-0.0198606
0000002860,-0.0272679
0000002870,-0.0324402
0000002880,-0.0201854
0000002890,-0.00433081
0000002900,-0.00533747
0000002910,-0.014964
0000002920,-0.0279731
0000002930,-0.00897341
0000002940,-0.017071
0000002950,-0.00546169
0000002960,-0.00681443
0000002970,-0.0218294
0000002980,-0.0236432
0000002990,-0.0352267
0000003000,-0.014451
0000003010,-0.0140399
0000003020,-0.00564543
0000003030,-0.000902071
0000003040,-0.00537116
0000003050,-0.0287779
0000003060,-0.0331767
0000003070,0.00541759
0000003080,0.00237364
0000003090,-0.0101578
0000003100,-0.00314885
0000003110,-0.0196106
0000003120,-0.0333009
0000003130,-0.0163279
0000003140,-0.0215621
0000003150,-0.0306258
0000003160,-0.0209665
0000003170,-0.0186842
0000003180,-0.00809048
0000003190,-0.0228157
0000003200,-0.0244444
0000003210,-0.0109911
0000003220,-0.0152676
0000003230,-0.0103806
0000003240,-0.00652855
0000003250,-0.00742318
0000003260,-0.0201967
0000003270,-0.0372756
0000003280,-0.0185601
0000003290,-0.0221708
0000003300,-0.0144916
0000003310,-0.00871984
0000003320,-0.0106368
0000003330,-0.0159802
0000003340,-0.0165419
0000003350,-0.0136829
0000003360,-0.00827973
0000003370,0.0108376
0000003380,0.00105765
0000003390,-0.0105422
0000003400,-0.0166917
0000003410,-0.0286676
0000003420,-0.0135101
0000003430,-0.0148531
0000003440,-0.010817
0000003450,-0.0254982
0000003460,-0.0181332
0000003470,-0.00562773
0000003480,-0.00280352
0000003490,0.00763912
0000003500,-0.00503862
0000003510,-0.0226566
0000003520,-0.0141012
0000003530,-0.00928124
0000003540,-0.00665912
0000003550,-0.0145983
0000003560,-0.0227857
0000003570,-0.000186872
0000003580,-0.00785948
0000003590,-0.0242835
0000003600,-0.00907753
0000003610,-0.0192223
0000003620,-0.0100244
0000003630,-0.0265295
0000003640,-0.0258012
0000003650,-0.00374803
0000003660,-0.00771667
0000003670,-0.0189492
0000003680,0.0143766
0000003690,-0.0169071
0000003700,-0.0212431
0000003710,-0.0177986
0000003720,-0.0268888
0000003730,-0.00117491
0000003740,-0.0240247
0000003750,-0.0165188
0000003760,-0.0266036
0000003770,-0.020373
0000003780,-0.0258409
0000003790,-0.0233446
0000003800,-0.011294
0000003810,-0.0152133
0000003820,-0.0124811
0000003830,-0.0248939
0000003840,-0.0147219
0000003850,0.00620241
0000003860,-0.0352287
0000003870,-0.0239707
0000003880,-0.0158155
0000003890,-0.00881184
0000003900,-0.027299
0000003910,0.00799544
0000003920,-0.0119225
0000003930,-0.015832
0000003940,-0.0307886
0000003950,-0.0238659
0000003960,-0.0164256
0000003970,0.00489384
0000003980,-0.00761591
0000003990,-0.0390628
0000004000,-0.0198947
0000004010,-0.00556687
0000004020,-0.0115157
0000004030,-0.0153795
0000004040,-0.00294557
0000004050,-0.00875754
0000004060,-0.018942
0000004070,-0.0038184
0000004080,-0.0452107
0000004090,0.000319048
0000004100,-0.0254013
0000004110,-0.0280845
0000004120,-0.0366906
0000004130,-0.000894841
0000004140,-0.0263399
0000004150,-0.00384218
0000004160,-0.0127143
0000004170,-0.00815709
0000004180,-0.00858905
0000004190,-0.0133835
0000004200,-0.00658682
0000004210,-0.0154952
0000004220,0.0110202
0000004230,-0.0282484
0000004240,-0.0165665
0000004250,0.00147725
0000004260,0.00889681
0000004270,-0.0194342
0000004280,-0.0160182
0000004290,-0.0258127
0000004300,-0.0255355
0000004310,-0.00785842
0000004320,-0.0163372
0000004330,0.0045946
0000004340,0.00261815
0000004350,-0.0353838
0000004360,-0.00280856
0000004370,-0.0157
0000004380,-0.015427
0000004390,-0.0312214
0000004400,-0.0162878
0000004410,-0.0175834
0000004420,-0.0257331
0000004430,-0.010863
0000004440,0.00168133
0000004450,-0.0179056
0000004460,0.0069542
0000004470,-0.0141374
0000004480,-0.0227327
0000004490,-0.0244531
0000004500,-0.00454905
0000004510,-0.0236977
0000004520,-0.0215206
0000004530,-0.0300171
0000004540,-0.0175043
0000004550,-0.0145649
0000004560,0.00498796
0000004570,0.00261983
0000004580,-0.0226652
0000004590,-0.0236206
0000004600,-0.00704852
0000004610,-0.0131617
0000004620,0.000957098
0000004630,-0.040767
0000004640,0.00710245
0000004650,0.0065735
0000004660,0.0117153
0000004670,-0.0241993
0000004680,-0.0285258
0000004690,0.0110021
0000004700,-0.0329334
0000004710,0.0125667
0000004720,-0.0437191
0000004730,0.00361544
0000004740,-0.00591982
0000004750,0.019598
0000004760,-0.0370805
0000004770,0.00883032
0000004780,-0.0267978
0000004790,-0.02418
0000004800,0.0125658
0000004810,-0.0307519
0000004820,-0.00602442
0000004830,-0.00484703
0000004840,-0.0202882
0000004850,-0.0218539
0000004860,-0.0258996
0000004870,-0.00598143
0000004880,-0.042547
0000004890,-0.010563
0000004900,-0.0203867
0000004910,-0.0105704
0000004920,-0.00628132
0000004930,-0.0224593
0000004940,-0.00622663
0000004950,-0.0204151
0000004960,-0.00934985
0000004970,-0.00818212
0000004980,0.00636024
0000004990,-0.0268168
0000005000,-0.0372095
0000005010,0.00510906
0000005020,-0.0182634
0000005030,-0.0350353
0000005040,-0.0112347
0000005050,-0.00474372
0000005060,-0.00198537
0000005070,-0.0161617
0000005080,-0.0103332
0000005090,-0.040813
0000005100,-0.030301
0000005110,-0.00452378
0000005120,-0.0092432
0000005130,-0.0265327
0000005140,-0.00560638
0000005150,-0.00966831
0000005160,-0.0176566
0000005170,-0.0126114
0000005180,-0.0403911
0000005190,0.0155251
0000005200,-0.0212455
0000005210,-0.000614021
0000005220,-0.00813033
0000005230,-0.0240899
0000005240,-0.0251657
0000005250,-0.00948691
0000005260,0.0129679
0000005270,-0.0372047
0000005280,-0.00244614
0000005290,-0.016146
0000005300,-0.0246531
0000005310,-0.0242421
0000005320,-0.0260881
0000005330,0.0135556
0000005340,-0.0094759
0000005350,-0.0238567
0000005360,-0.0184115
0000005370,-0.0172582
0000005380,-0.0156141
0000005390,-0.0351961
0000005400,-0.0374721
0000005410,-0.0153943
0000005420,-0.0171166
0000005430,-0.0192372
0000005440,-0.00409651
0000005450,-0.0242775
0000005460,-0.00323176
0000005470,-0.0133723
0000005480,-0.0174635
0000005490,0.00140867
0000005500,-0.00263589
0000005510,-0.0147616
0000005520,-0.0223527
0000005530,-0.0176317
0000005540,-0.0266216
0000005550,-0.0157035
0000005560,-0.0628475
0000005570,-0.0283937
0000005580,-0.0151471
0000005590,-0.03099
0000005600,-0.0112837
0000005610,-0.00833045
0000005620,-0.0406739
0000005630,-0.0378324
0000005640,-0.012578
0000005650,-0.0136236
0000005660,-0.00597865
0000005670,0.0111744
0000005680,-0.0192288
0000005690,-0.00295933
0000005700,-0.0270795
0000005710,-0.0292418
0000005720,-0.0355614
0000005730,-0.0196432
0000005740,0.00822717
0000005750,-0.0211171
0000005760,-0.00561519
0000005770,-0.00210595
0000005780,-0.00490133
0000005790,-0.0157949
0000005800,-0.00889784
0000005810,-0.000607299
0000005820,-0.0389979
0000005830,-0.0324509
0000005840,-0.00265558
0000005850,-0.0135536
0000005860,-0.0023119
0000005870,0.00462499
0000005880,-0.0304307
0000005890,-0.0142323
0000005900,0.00174852
0000005910,-0.0143404
0000005920,-0.00322096
0000005930,0.0103636
0000005940,-0.00343104
0000005950,0.00489242
0000005960,-0.0299542
0000005970,-0.0210326
0000005980,-0.00579821
0000005990,-0.0122235
0000006000,-0.00900808
0000006010,-0.019
0000006020,-0.0073575
0000006030,-0.0192896
0000006040,0.00836361
0000006050,-0.0241485
0000006060,0.0058703
0000006070,-0.0140537
0000006080,0.00431281
0000006090,-0.021724
0000006100,-0.0232118
0000006110,-0.018857
0000006120,-0.00565044
0000006130,-0.00160006
0000006140,-0.0179897
0000006150,0.000655213
0000006160,-0.00319275
0000006170,-0.00237998
0000006180,-0.0120865
0000006190,-0.00417728
0000006200,-0.0111006
0000006210,-0.0262558
0000006220,-0.0177037
0000006230,-0.0263215
0000006240,0.0105198
0000006250,-0.026605
0000006260,0.0118484
0000006270,-0.00947477
0000006280,-0.011328
0000006290,-0.0146801
0000006300,-0.0267699
0000006310,-0.0195354
0000006320,-0.0193345
0000006330,-0.012522
0000006340,-0.0386128
0000006350,0.00237268
0000006360,-0.0263661
0000006370,-0.0270504
0000006380,-0.0314964
0000006390,-0.0358707
0000006400,-0.00202414
0000006410,-0.0117818
0000006420,-0.0196967
0000006430,-0.0298282
0000006440,-0.0468388
0000006450,-0.0289565
0000006460,-0.0207949
0000006470,-0.0294425
0000006480,-0.0290096
0000006490,-0.0132439
0000006500,-0.022364
0000006510,-0.0252497
0000006520,-0.0273888
0000006530,0.00818661
0000006540,-0.0201619
0000006550,-0.00590947
0000006560,-0.0178924
0000006570,-0.0137827
0000006580,-0.00038673
0000006590,-0.0231809
0000006600,-0.0127998
0000006610,-0.0329274
0000006620,-0.029105
0000006630,-0.0170934
0000006640,-0.0331443
0000006650,-0.00657567
0000006660,-0.00634824
0000006670,-0.0134631
0000006680,0.00278076
0000006690,-0.00586069
0000006700,-0.0156588
0000006710,-0.0188759
0000006720,0.00428403
0000006730,-0.0189018
0000006740,-0.0234405
0000006750,-0.0161779
0000006760,-0.0113878
0000006770,-0.00718185
0000006780,-0.0176548
0000006790,-0.00927263
0000006800,-0.0129439
0000006810,-0.0173585
0000006820,-0.0292282
0000006830,-0.0197275
0000006840,-0.00850123
0000006850,-0.0194941
0000006860,-0.0181462
0000006870,-0.01237
0000006880,0.0302369
0000006890,-0.00574108
0000006900,-0.0212634
0000006910,-0.0114544
0000006920,-0.00954323
0000006930,-0.00686571
0000006940,-0.00752428
0000006950,-0.0102444
0000006960,-0.039484
0000006970,-0.0225461
0000006980,-0.0238021
0000006990,-0.0130395
0000007000,-0.0160818
0000007010,-0.0362326
0000007020,-0.00864625
0000007030,-0.00446185
0000007040,-0.020094
0000007050,-0.00235888
0000007060,-0.0107788
0000007070,-0.0124131
0000007080,-0.00873695
0000007090,-0.0142046
0000007100,0.0111571
0000007110,-0.0222318
0000007120,-0.00279101
0000007130,-0.0369383
0000007140,-0.0306344
0000007150,-0.0180925
0000007160,-0.00898119
0000007170,-0.0298294
0000007180,-0.0119121
0000007190,-0.017605
0000007200,-0.0111797
0000007210,-0.00784979
0000007220,-0.005046
0000007230,-0.022129
0000007240,-0.0337444
0000007250,0.00621694
0000007260,0.00262891
0000007270,-0.0086342
0000007280,-0.0300333
0000007290,-0.0305824
0000007300,-0.00589944
0000007310,0.00301825
0000007320,-0.0107194
0000007330,-0.0219272
0000007340,-0.0108849
0000007350,0.00112146
0000007360,-0.0352036
0000007370,-0.03792
0000007380,-0.024283
0000007390,-0.00720629
0000007400,0.00218281
0000007410,-0.0422848
0000007420,-0.00213652
0000007430,-0.0286362
0000007440,-0.0165505
0000007450,-0.0198398
0000007460,-0.0141264
0000007470,-0.00638099
0000007480,-0.0239345
0000007490,-0.00789069
0000007500,-0.0369697
0000007510,-0.0188054
0000007520,-0.0207338
0000007530,0.00662961
0000007540,-0.02588
0000007550,-0.00471043
0000007560,-0.0274815
0000007570,-0.00206376
0000007580,-0.0539208
0000007590,-0.0240992
0000007600,-0.00709661
0000007610,-0.00805368
0000007620,-0.00917347
0000007630,-0.00677088
0000007640,4.21697e-05
0000007650,-0.0367174
0000007660,-0.00987809
0000007670,-0.0120919
0000007680,0.00397054
0000007690,-0.0201657
0000007700,-0.0211474
0000007710,-0.0099487
0000007720,-0.016816
0000007730,-0.00484921
0000007740,-0.0338088
0000007750,-0.0283326
0000007760,-0.0253087
0000007770,-0.00114202
0000007780,-0.0137703
0000007790,-0.0223575
0000007800,-0.0274668
0000007810,-0.0176687
0000007820,-0.013676
0000007830,-0.00241163
0000007840,-0.0183689
0000007850,-0.0121951
0000007860,-0.0174445
0000007870,0.00621446
0000007880,-0.0189738
0000007890,-0.0133233
0000007900,-0.00245305
0000007910,-0.00798588
0000007920,-0.0154817
0000007930,-0.0184077
0000007940,-0.0279022
0000007950,-0.0226268
0000007960,-0.0173556
0000007970,-0.0155205
0000007980,-0.00692172
0000007990,-0.0370763
0000008000,-0.00740941
0000008010,-0.0244995
0000008020,0.0114118
0000008030,-0.0143758
0000008040,-0.0469406
0000008050,0.00320202
0000008060,-0.0422627
0000008070,-0.0137448
0000008080,-0.0317447
0000008090,-0.0134512
0000008100,0.000811288
0000008110,-0.017951
0000008120,0.00498106
0000008130,-0.0444067
0000008140,-0.0225211
0000008150,-0.00929233
0000008160,-0.0223217
0000008170,-0.0319475
0000008180,-0.0265959
0000008190,-0.0209947
0000008200,-0.0439379
0000008210,-0.00809686
0000008220,-0.0047903
0000008230,-0.0138614
0000008240,-0.0291054
0000008250,-0.0200247
0000008260,-0.00493448
0000008270,-0.0430864
0000008280,-0.0214861
0000008290,-0.0399204
0000008300,-0.0146211
0000008310,-0.00678675
0000008320,0.00228915
0000008330,0.00326768
0000008340,-0.0190745
0000008350,-0.0317635
0000008360,-0.00979441
0000008370,0.00303367
0000008380,-0.00412773
0000008390,-0.0400855
0000008400,-0.0114731
0000008410,-0.0267298
0000008420,-0.0153495
0000008430,-0.0217547
0000008440,-0.0144523
0000008450,-0.0249216
0000008460,-0.0315256
0000008470,-0.024013
0000008480,-0.0278066
0000008490,-0.0117214
0000008500,-0.0202928
0000008510,-0.0249169
0000008520,-0.0174914
0000008530,-0.0195684
0000008540,0.0055796
0000008550,-0.0154739
0000008560,-0.00649519
0000008570,-0.0190644
0000008580,-0.0180304
0000008590,-0.0255623
0000008600,-0.0155956
0000008610,-0.0103701
0000008620,-0.0262657
0000008630,-0.00808798
0000008640,-0.0301112
0000008650,-0.000282915
0000008660,-0.021445
0000008670,-0.0271467
0000008680,-0.00534718
0000008690,-0.0255613
0000008700,-0.0212868
0000008710,0.00232229
0000008720,-0.0151585
0000008730,-0.00810294
0000008740,-0.00485514
0000008750,-0.0240349
0000008760,-0.010178
0000008770,-0.035327
0000008780,-0.0342927
0000008790,0.000954828
0000008800,-0.0115519
0000008810,-0.0189402
0000008820,-0.0193838
0000008830,-0.0177258
0000008840,-0.00511248
0000008850,-0.0365676
0000008860,-0.0177103
0000008870,-0.0414853
0000008880,-0.0258334
0000008890,0.00359494
0000008900,-0.0399375
0000008910,-0.0130184
0000008920,-0.0210676
0000008930,-0.0183867
0000008940,-0.0287506
0000008950,-0.0162629
0000008960,-0.00159083
0000008970,0.00444124
0000008980,-0.027358
0000008990,-0.0288527
0000009000,-0.0533255
0000009010,-0.0156579
0000009020,0.00308111
0000009030,-0.0147698
0000009040,-0.0133352
0000009050,-0.0142836
0000009060,-0.0262432
0000009070,-0.0367001
0000009080,-0.0164654
0000009090,-0.00373055
0000009100,-0.00471362
0000009110,-0.00646516
0000009120,-0.0299116
0000009130,-0.0071631
0000009140,-0.0167478
0000009150,-0.0144808
0000009160,-0.0102903
0000009170,-0.00184951
0000009180,-0.0119039
0000009190,-0.00124157
0000009200,-0.0143334
0000009210,0.00910426
0000009220,-0.0193131
0000009230,-0.0351075
0000009240,-0.0234689
0000009250,0.00104328
0000009260,-0.0319636
0000009270,-0.0103369
0000009280,-0.0362222
0000009290,-0.0135064
0000009300,-0.0270282
0000009310,-0.0344815
0000009320,-0.0325215
0000009330,-0.0236625
0000009340,-0.0118836
0000009350,-0.0245773
0000009360,-0.0131123
0000009370,-0.0120285
0000009380,-0.0256847
0000009390,-0.00356188
0000009400,-0.0143365
0000009410,0.00773282
0000009420,-0.025835
0000009430,-0.00824097
0000009440,-0.0325208
0000009450,-0.0299756
0000009460,-0.0211116
0000009470,-0.0331215
0000009480,-0.0201976
0000009490,0.0092591
0000009500,-0.00328131
0000009510,-0.0164502
0000009520,-0.0140414
0000009530,-0.0116864
0000009540,-0.0138995
0000009550,-0.0114758
0000009560,-0.00418687
0000009570,0.0108638
0000009580,-0.0147839
0000009590,-0.0121644
0000009600,-0.00266478
0000009610,-0.018632
0000009620,-0.0397672
0000009630,-0.0141536
0000009640,0.00180829
0000009650,-0.0170698
0000009660,-0.0174904
0000009670,-0.0113881
0000009680,-0.00846595
0000009690,-0.0189199
0000009700,-0.0180012
0000009710,-0.0354476
0000009720,-0.00828154
0000009730,-0.0274996
0000009740,-0.0296738
0000009750,-0.0194818
0000009760,-0.030914
0000009770,-0.0252118
0000009780,-0.0290634
0000009790,-0.0183429
0000009800,-0.00571092
0000009810,-0.0263115
0000009820,-0.000653623
0000009830,-0.0140528
0000009840,-0.0218465
0000009850,-0.0207807
0000009860,-0.0214626
0000009870,-0.0164911
0000009880,-0.00532025
0000009890,-0.0202023
0000009900,-0.0346306
0000009910,-0.0175973
0000009920,-0.00294856
0000009930,-0.0214995
0000009940,-0.0188527
0000009950,-0.0121045
0000009960,0.00494095
0000009970,0.00125991
0000009980,-0.00897639
0000009990,-0.0179599
0000010000,0.00437342
0000010010,-0.0296943
0000010020,-0.0280266
0000010030,-0.0225672
0000010040,-0.0205042
0000010050,-0.0145899
0000010060,-0.0144378
0000010070,-0.00614375
0000010080,-0.0279816
0000010090,-0.0102475
0000010100,-0.0198957
0000010110,-0.00985831
0000010120,-0.0120575
0000010130,-0.0189798
0000010140,0.00274966
0000010150,-0.0309737
0000010160,-0.0245116
0000010170,-0.00689573
0000010180,-0.0116872
0000010190,-0.0168462
0000010200,-0.0374173
0000010210,-0.00250189
0000010220,0.00150347
0000010230,-0.014898
0000010240,-0.021845
0000010250,-1.24521e-05
0000010260,-0.0122571
0000010270,-0.0316308
0000010280,-0.0062246
0000010290,-0.0143991
0000010300,-0.0168949
0000010310,-0.0154421
0000010320,-0.0363512
0000010330,-0.0339315
0000010340,-0.0125292
0000010350,-0.0319803
0000010360,-0.0123134
0000010370,-0.0188477
0000010380,-0.028536
0000010390,-0.0375901
0000010400,-0.0240963
0000010410,-0.0387446
0000010420,0.00316597
0000010430,-0.00836666
0000010440,-0.013641
0000010450,-0.0245571
0000010460,-0.0291351
0000010470,-0.0213497
0000010480,-0.0154672
0000010490,-0.0119969
0000010500,-0.0168338
0000010510,-0.0107689
0000010520,-0.0206336
0000010530,-0.0362462
0000010540,-0.0217188
0000010550,0.00330213
0000010560,-0.00908748
0000010570,-0.0258695
0000010580,-0.0193192
0000010590,-0.0119471
0000010600,-0.0184139
0000010610,-0.0287431
0000010620,-0.0367694
0000010630,-0.0214186
0000010640,-0.010524
0000010650,-0.00233051
0000010660,-0.00711609
0000010670,-0.023978
0000010680,-0.0177272
0000010690,-0.0127713
0000010700,-0.0255313
0000010710,-0.00976885
0000010720,-0.00277052
0000010730,-0.0207281
0000010740,-0.00414425
0000010750,-0.0302728
0000010760,-0.00939881
0000010770,-0.022017
0000010780,-0.0245642
0000010790,-0.00915348
0000010800,-0.0175956
0000010810,-0.0247835
0000010820,-0.0176367
0000010830,-0.0244721
0000010840,-0.0161541
0000010850,0.00707187
0000010860,-0.0212132
0000010870,-0.0568191
0000010880,-0.0238929
0000010890,-0.026109
0000010900,-0.0241383
0000010910,-0.0110272
0000010920,-0.00186209
0000010930,-0.0115576
0000010940,-0.00444673
0000010950,-0.026966
0000010960,-0.00123498
0000010970,0.00248492
0000010980,-0.0148802
0000010990,-0.0105019
0000011000,-0.0335673
0000011010,-0.0332371
0000011020,-0.0140114
0000011030,-0.0178364
0000011040,-0.00815848
0000011050,-0.0291868
0000011060,-0.0148626
0000011070,-0.0127811
0000011080,-0.0436325
0000011090,-0.0187066
0000011100,0.002141
0000011110,0.00425587
0000011120,-0.0031818
0000011130,-0.00583296
0000011140,-0.0289477
0000011150,-0.00361166
0000011160,-0.0215344
0000011170,-0.0203842
0000011180,-0.0205467
0000011190,-0.0307278
0000011200,0.00724553
0000011210,-0.028556
0000011220,-0.0101952
0000011230,-0.015902
0000011240,-0.00236735
0000011250,-0.0339824
0000011260,-0.0256657
0000011270,-0.0178324
0000011280,-0.0284824
0000011290,-0.0164844
0000011300,-0.0175217
0000011310,-0.0190343
0000011320,-0.048588
0000011330,-0.0266413
0000011340,-0.0288146
0000011350,-0.0057435
0000011360,-0.0260213
0000011370,0.0192497
0000011380,-0.0352702
0000011390,-0.00773915
0000011400,-0.0206005
0000011410,-0.024234
0000011420,-0.0281824
0000011430,-0.0262693
0000011440,-0.0175368
0000011450,-0.0198588
0000011460,-0.00613792
0000011470,-0.017081
0000011480,-0.00630923
0000011490,-0.00723321
0000011500,-0.0153221
0000011510,-0.0193723
0000011520,-0.0389629
0000011530,-0.0456474
0000011540,-0.0225569
0000011550,-0.0169937
0000011560,-0.00949434
0000011570,-0.00509267
0000011580,-0.0124191
0000011590,-0.0368873
0000011600,-0.0259974
0000011610,0.0050873
0000011620,-0.0247794
0000011630,-0.0184702
0000011640,-0.0111849
0000011650,-0.0133856
0000011660,-0.0241268
0000011670,-0.00987371
0000011680,0.0158968
0000011690,-0.0261439
0000011700,-0.0138792
0000011710,-0.00135417
0000011720,-0.0160631
0000011730,-0.00669236
0000011740,-0.0057021
0000011750,-4.185e-05
0000011760,-0.0316125
0000011770,-0.00380311
0000011780,-0.0376709
0000011790,-0.00784096
0000011800,-0.0196965
0000011810,-0.0239567
0000011820,-0.0149657
0000011830,-0.0177744
0000011840,-0.00882233
0000011850,-0.0312829
0000011860,-0.0247226
0000011870,-0.0186925
0000011880,-0.00782747
0000011890,-0.0134784
0000011900,-0.000763898
0000011910,-0.0240491
0000011920,-0.0092453
0000011930,-0.0268225
0000011940,-0.02135
0000011950,-0.0106497
0000011960,0.00153008
0000011970,-0.0223855
0000011980,-0.0168116
0000011990,-0.0235133
0000012000,-0.0252475
0000012010,-0.0304667
0000012020,0.00273189
0000012030,-0.0373237
0000012040,-0.0274059
0000012050,-0.018526
0000012060,-0.0244316
0000012070,-0.0295524
0000012080,-0.0125135
0000012090,-0.0148079
0000012100,-0.0105042
0000012110,-0.02361
0000012120,-0.0226297
0000012130,-0.00899433
0000012140,-0.00993668
0000012150,-0.0226973
0000012160,-0.0212448
0000012170,-0.0296984
0000012180,-0.012407
0000012190,-0.039268
0000012200,-0.0248133
0000012210,-0.00749966
0000012220,-0.0251357
0000012230,-0.0239913
0000012240,-0.0212082
0000012250,-0.0143548
0000012260,-0.0291271
0000012270,-0.0305066
0000012280,-0.0207964
0000012290,-0.0137391
0000012300,-0.0117593
0000012310,0.00158812
0000012320,-0.0044033
0000012330,-0.00249699
0000012340,-0.0269727
0000012350,-0.0240037
0000012360,-0.0115703
0000012370,-0.00877864
0000012380,-0.0193833
0000012390,-0.019464
0000012400,-0.0235663
0000012410,-0.0123138
0000012420,-0.0174257
0000012430,-0.00598843
0000012440,-0.00483276
0000012450,-0.0204978
0000012460,-0.00544245
0000012470,-0.0160501
0000012480,-0.0342773
0000012490,-0.0176075
0000012500,-0.0153119
0000012510,-0.0134883
0000012520,-0.0373659
0000012530,-0.030514
0000012540,-0.000300279
0000012550,-0.00381273
0000012560,-0.0114433
0000012570,0.00908085
0000012580,-0.00388893
0000012590,-0.0301567
0000012600,-0.0200923
0000012610,-0.00549729
0000012620,-0.0296828
0000012630,-0.0289961
0000012640,-0.00520339
0000012650,-0.0309928
0000012660,-0.0237426
0000012670,-0.0554323
0000012680,-0.0282267
0000012690,0.0122581
0000012700,-0.0254742
0000012710,-0.0166873
0000012720,-0.00739287
0000012730,-0.0103848
0000012740,-0.0156934
0000012750,-0.00218302
0000012760,-0.00938947
0000012770,-0.015063
0000012780,-0.0170768
0000012790,-0.0088254
0000012800,-0.0291644
0000012810,-0.0126733
0000012820,-0.0172221
0000012830,-0.0127287
0000012840,-0.0214966
0000012850,-0.0170605
0000012860,-0.00634167
0000012870,-0.0146126
0000012880,-0.0216512
0000012890,-0.0269253
0000012900,-0.0260634
0000012910,-0.0189983
0000012920,-0.0278391
0000012930,-0.0116983
0000012940,-0.0211174
0000012950,-0.030854
0000012960,-0.016741
0000012970,-0.0136193
0000012980,-0.00843287
0000012990,-0.0114282
0000013000,-0.0172515
0000013010,-0.0185764
0000013020,-0.0139159
0000013030,0.00607446
0000013040,-0.025572
0000013050,-0.0259911
0000013060,-0.0293001
0000013070,-0.0296739
0000013080,-0.00148458
0000013090,-0.0105025
0000013100,-0.0342943
0000013110,-0.0132564
0000013120,-0.0184063
0000013130,-0.00817238
0000013140,-0.0085706
0000013150,-0.0130312
0000013160,-0.0224426
0000013170,-0.0174097
0000013180,-0.0187274
0000013190,-0.0327474
0000013200,-0.015196
0000013210,-0.00822801
0000013220,-0.0286809
0000013230,-0.028105
0000013240,-0.00528232
0000013250,-0.0215197
0000013260,-0.01839
0000013270,0.00155931
0000013280,-0.0403767
0000013290,-0.0227371
0000013300,-0.013923
0000013310,-0.00239031
0000013320,-0.0249551
0000013330,0.00946699
0000013340,-0.0197383
0000013350,-0.0117393
0000013360,-0.00488861
0000013370,-0.0157221
0000013380,-0.0268633
0000013390,-0.0199312
0000013400,-0.00555328
0000013410,-0.0153961
0000013420,-0.00591347
0000013430,0.00182533
0000013440,-0.00971872
0000013450,-0.011482
0000013460,-0.0168452
0000013470,-0.022065
0000013480,-0.0162305
0000013490,-0.0139108
0000013500,-0.0323759
0000013510,-0.0220333
0000013520,-0.0117196
0000013530,-0.000279438
0000013540,0.00131336
0000013550,-0.0229405
0000013560,-0.00132454
0000013570,-0.0215808
0000013580,-0.0289817
0000013590,-0.0235666
0000013600,-0.00896327
0000013610,-0.00959026
0000013620,0.00369341
0000013630,-0.017124
0000013640,-0.0297457
0000013650,-0.0241877
0000013660,-0.0199356
0000013670,-0.0300011
0000013680,-0.0131669
0000013690,-0.0202382
0000013700,-0.0146475
0000013710,-0.00826562
0000013720,-0.0110864
0000013730,-0.00170108
0000013740,-0.0117908
0000013750,-0.00173443
0000013760,-0.00511491
0000013770,-0.00840546
0000013780,-0.0382634
0000013790,-0.0194035
0000013800,-0.00566175
0000013810,-0.045729
0000013820,-0.0136926
0000013830,-0.0178672
0000013840,0.0141327
0000013850,0.0125659
0000013860,-0.0498283
0000013870,-0.027611
0000013880,-0.022277
0000013890,-0.0326861
0000013900,-0.0179858
0000013910,-0.0240485
0000013920,-0.013382
0000013930,-0.0137591
0000013940,-0.0119976
0000013950,-0.0208046
0000013960,-0.0105921
0000013970,-0.0125702
0000013980,-0.0104936
0000013990,0.00177036
0000014000,-0.0156468
0000014010,-0.0106242
0000014020,-0.00778173
0000014030,-0.0203516
0000014040,-0.00774168
0000014050,-0.0181537
0000014060,-0.0206026
0000014070,-0.0156049
0000014080,-0.0392097
0000014090,-0.01473
0000014100,-0.0220274
0000014110,-0.0300865
0000014120,0.000226087
0000014130,-0.0229421
0000014140,-0.00782412
0000014150,-0.0124702
0000014160,-0.0219422
0000014170,-0.0204611
0000014180,-0.0231686
0000014190,0.00102705
0000014200,-0.0173744
0000014210,-0.0253418
0000014220,-0.0122638
0000014230,-0.013055
0000014240,-0.0176895
0000014250,-0.0335609
0000014260,-0.00603496
0000014270,-0.0129325
0000014280,-0.0198844
0000014290,-0.0179771
0000014300,-0.0115626
0000014310,-0.0199055
0000014320,-0.00261331
0000014330,-0.0337961
0000014340,-0.0260946
0000014350,-0.0261017
0000014360,-0.00589142
0000014370,-0.0080911
0000014380,-0.0297493
0000014390,-0.0192608
0000014400,-0.0203762
0000014410,-0.0281052
0000014420,-0.0191128
0000014430,-0.0171857
0000014440,-0.0165218
0000014450,-0.00513662
0000014460,-0.00821191
0000014470,-0.032995
0000014480,-0.0312162
0000014490,-0.0163581
0000014500,-0.0505312
0000014510,-0.0175238
0000014520,-0.0276377
0000014530,-0.0354353
0000014540,-0.0151337
0000014550,0.00120558
0000014560,-0.0103728
0000014570,-0.0123095
0000014580,-0.0204327
0000014590,-0.011744
0000014600,-0.000155249
0000014610,-0.0217923
0000014620,-0.0166213
0000014630,-0.00461993
0000014640,0.00161923
0000014650,-0.0217871
0000014660,-0.0271978
0000014670,-0.0341548
0000014680,-0.0209168
0000014690,-0.00740257
0000014700,-0.00824677
0000014710,-0.0100671
0000014720,-0.0248757
0000014730,-0.0174689
0000014740,-0.0273549
0000014750,-0.0104573
0000014760,0.00166899
0000014770,-0.0143445
0000014780,-0.0222675
0000014790,-0.0228349
0000014800,-0.0176611
0000014810,-0.00823799
0000014820,-0.0158572
0000014830,-0.0376335
0000014840,-0.0177351
0000014850,-0.0173774
0000014860,-6.23127e-05
0000014870,-0.021466
0000014880,-0.0200545
0000014890,-0.0202598
0000014900,-0.0112901
0000014910,-0.0427832
0000014920,-0.00628804
0000014930,-0.0224702
0000014940,-0.0164753
0000014950,-0.0216143
0000014960,-0.0101878
0000014970,-0.0257336
0000014980,-0.0259463
0000014990,-0.0128797
0000015000,-0.0223884
0000015010,-0.0200674
0000015020,-0.000404329
0000015030,-0.0132231
0000015040,-0.0174727
0000015050,-0.0125082
0000015060,-0.0251585
0000015070,-0.0271346
0000015080,-0.0187692
0000015090,-0.042112
0000015100,-0.025706
0000015110,-0.00598074
0000015120,-0.0219961
0000015130,0.00523372
0000015140,-0.0328824
0000015150,7.63397e-05
0000015160,-0.0200348
0000015170,-0.0108468
0000015180,-0.00470433
0000015190,-0.0342735
0000015200,-0.015529
0000015210,-0.0160259
0000015220,-0.0136564
0000015230,-0.00799824
0000015240,-0.0290501
0000015250,-0.011016
0000015260,-0.00357149
0000015270,-0.0153744
0000015280,-0.0203651
0000015290,-0.0147076
0000015300,-0.0120283
0000015310,-0.0242737
0000015320,-0.0353191
0000015330,-0.026
0000015340,-0.00408629
0000015350,-0.0134441
0000015360,-0.00608774
0000015370,-0.0192091
0000015380,-0.0215162
0000015390,-0.00153711
0000015400,-0.0183813
0000015410,-0.0125632
0000015420,-0.0397324
0000015430,-0.0190203
0000015440,-0.00255673
0000015450,-0.0104467
0000015460,-0.0238742
0000015470,-0.0141396
0000015480,-0.00982805
0000015490,-0.038788
0000015500,-0.00286875
0000015510,-0.0203625
0000015520,-0.0361113
0000015530,-0.0227664
0000015540,-0.0302432
0000015550,-0.0298553
0000015560,0.00426492
0000015570,-0.0017806
0000015580,-0.0260428
0000015590,-0.0246224
0000015600,-0.0208616
0000015610,-0.0180335
0000015620,-0.00666915
0000015630,-0.00637956
0000015640,-0.0173545
0000015650,-0.0227573
0000015660,-0.0257996
0000015670,-0.0425694
0000015680,-0.0104511
0000015690,-0.0249046
0000015700,-0.0202752
0000015710,-0.0200856
0000015720,-0.00759646
0000015730,-0.026658
0000015740,0.012863
0000015750,-0.0264912
0000015760,-0.0547889
0000015770,0.00082991
0000015780,-0.0122444
0000015790,-0.00989677
0000015800,-0.0286413
0000015810,-0.0229323
0000015820,-0.0421498
0000015830,-0.00520935
0000015840,-0.00721954
0000015850,-0.0435547
0000015860,-0.0240907
0000015870,-0.00162281
0000015880,-0.0229119
0000015890,0.012896
0000015900,-0.0199288
0000015910,-0.00680504
0000015920,-0.0330991
0000015930,-0.0381007
0000015940,-0.0355477
0000015950,-0.0184853
0000015960,-0.0189562
0000015970,-0.0140192
0000015980,-0.0212605
0000015990,-0.0149393
