0000000000,-0.0214824
0000000010,-0.0117381
0000000020,-0.0246092
0000000030,-0.0194459
0000000040,-0.0191544
0000000050,-0.0215243
0000000060,-0.0233298
0000000070,-0.00678091
0000000080,-0.00761424
0000000090,-0.0186208
0000000100,-0.0153918
0000000110,-0.0190164
0000000120,-0.0155698
0000000130,-0.0170452
0000000140,-0.0141808
0000000150,-0.010329
0000000160,-0.00918282
0000000170,-0.00855038
0000000180,-0.0176304
0000000190,-0.0199324
0000000200,-0.0233377
0000000210,-0.0321291
0000000220,-0.0183068
0000000230,-0.0255898
0000000240,-0.0132043
0000000250,-0.0133638
0000000260,-0.017967
0000000270,-0.0229816
0000000280,-0.018137
0000000290,-0.00836145
0000000300,-0.0176208
0000000310,-0.00657561
0000000320,-0.0112169
0000000330,-0.019985
0000000340,-0.0135076
0000000350,-0.0099063
0000000360,-0.0167338
0000000370,-0.0156632
0000000380,-0.0159297
0000000390,-0.00930451
0000000400,-0.0130535
0000000410,-0.0164022
0000000420,-0.0138887
0000000430,-0.0148747
0000000440,-0.0182179
0000000450,-0.0212135
0000000460,-0.0111491
0000000470,-0.015142
0000000480,-0.0148805
0000000490,-0.00927129
0000000500,-0.0156821
0000000510,-0.00726804
0000000520,-0.0116922
0000000530,-0.0072847
0000000540,-0.0189761
0000000550,-0.0178782
0000000560,-0.00736572
0000000570,-0.00645688
0000000580,-0.0147486
0000000590,-0.0180411
0000000600,-0.00409857
0000000610,-0.0136815
0000000620,-0.0163784
0000000630,-0.019836
0000000640,-0.0139598
0000000650,-0.0146743
0000000660,-0.0058927
0000000670,-0.0069855
0000000680,-0.0145983
0000000690,-0.0280255
0000000700,-0.0248214
0000000710,-0.0160292
0000000720,-0.0184027
0000000730,-0.0147142
0000000740,-0.0163407
0000000750,-0.0168842
0000000760,-0.0204841
0000000770,-0.00781742
0000000780,-0.0177068
0000000790,-0.0132264
0000000800,-0.00734101
0000000810,-0.0130169
0000000820,-0.0200505
0000000830,-0.0100953
0000000840,-0.0186989
0000000850,-0.0218949
0000000860,-0.0256433
0000000870,-0.0260785
0000000880,-0.0165764
0000000890,-0.0198859
0000000900,-0.0170582
0000000910,-0.0212432
0000000920,-0.0163811
0000000930,-0.022511
0000000940,-0.0184812
0000000950,-0.027795
0000000960,-0.0105488
0000000970,-0.0206669
0000000980,-0.0199487
0000000990,-0.0171935
0000001000,-0.0105512
0000001010,-0.0252547
0000001020,-0.0140159
0000001030,-0.0237455
0000001040,-0.0211386
0000001050,-0.0126951
0000001060,-0.0105807
0000001070,-0.0118133
0000001080,-0.0143719
0000001090,-0.0205356
0000001100,-0.0151366
0000001110,-0.0212999
0000001120,-0.00029434
0000001130,-0.0110586
0000001140,-0.00794825
0000001150,-0.00957988
0000001160,-0.0218868
0000001170,-0.0253815
0000001180,-0.0178082
0000001190,-0.0101526
0000001200,-0.0307833
0000001210,-0.00701847
0000001220,-0.0105111
0000001230,-0.0284172
0000001240,-0.0166244
0000001250,-0.0107786
0000001260,-0.00655286
0000001270,-0.0115166
0000001280,-0.00994709
0000001290,-0.0165972
0000001300,-0.0109188
0000001310,-0.013855
0000001320,-0.0247228
0000001330,-0.0349476
0000001340,-0.0248233
0000001350,-0.0123292
0000001360,-0.0218538
0000001370,-0.0140816
0000001380,-0.00585432
0000001390,-0.0226953
0000001400,0.000845736
0000001410,-0.00487289
0000001420,-0.000903319
0000001430,-0.0163303
0000001440,-0.0139938
0000001450,-0.0093632
0000001460,-0.00938819
0000001470,-0.0104546
0000001480,-0.0120394
0000001490,-0.0279085
0000001500,-0.016381
0000001510,-0.0220285
0000001520,-0.0272253
0000001530,-0.0213964
0000001540,-0.0109949
0000001550,-0.0114643
0000001560,-0.00152506
0000001570,-0.0151998
0000001580,-0.0176663
0000001590,-0.0218768
0000001600,-0.0244016
0000001610,-0.0225042
0000001620,-0.0169172
0000001630,-0.0178382
0000001640,-0.0126326
0000001650,-0.0178936
0000001660,-0.0247726
0000001670,-0.0206283
0000001680,-0.0118105
0000001690,-0.0179439
0000001700,-0.0180439
0000001710,-0.0191527
0000001720,-0.00832601
0000001730,-0.0191521
0000001740,-0.0269562
0000001750,-0.0178165
0000001760,-0.00481609
0000001770,-0.0176918
0000001780,-0.022305
0000001790,-0.01304
0000001800,-0.0162351
0000001810,-0.017879
0000001820,-0.0166229
0000001830,-0.0233097
0000001840,-0.0141688
0000001850,-0.0238341
0000001860,-0.0203741
0000001870,-0.00828233
0000001880,-0.0276364
0000001890,-0.0123423
0000001900,-0.0226907
0000001910,-0.00997664
0000001920,-0.019338
0000001930,-0.00228815
0000001940,-0.0234627
0000001950,-0.0182794
0000001960,-0.02608
0000001970,-0.0139203
0000001980,-0.0101646
0000001990,-0.0126605
0000002000,-0.0183577
0000002010,-0.0112338
0000002020,-0.00802953
0000002030,-0.0151825
0000002040,-0.0112959
0000002050,-0.00942777
0000002060,-0.0163741
0000002070,-0.0245424
0000002080,-0.0139399
0000002090,-0.0266299
0000002100,-0.0125813
0000002110,-0.0118929
0000002120,-0.0192831
0000002130,-0.0164317
0000002140,-0.0138001
0000002150,-0.00329771
0000002160,-0.0179682
0000002170,-0.0196159
0000002180,-0.0154055
0000002190,-0.0137545
0000002200,-0.0164273
0000002210,-0.0162127
0000002220,-0.0165819
0000002230,-0.00784931
0000002240,-0.0268032
0000002250,-0.00987244
0000002260,-0.0129133
0000002270,-0.00347684
0000002280,-0.0103535
0000002290,-0.0102123
0000002300,-0.0147935
0000002310,-0.0142678
0000002320,-0.00188245
0000002330,-0.00923902
0000002340,-0.01028
0000002350,-0.0211805
0000002360,-0.0164913
0000002370,-0.0217413
0000002380,-0.0235029
0000002390,-0.0148344
0000002400,-0.0190357
0000002410,-0.00992284
0000002420,-0.0195598
0000002430,-0.000476599
0000002440,-0.0233549
0000002450,-0.0217086
0000002460,-0.0223487
0000002470,-0.0118703
0000002480,-0.019257
0000002490,-0.0239636
0000002500,-0.0157171
0000002510,-0.0120938
0000002520,-0.0148537
0000002530,-0.00303446
0000002540,-0.0202391
0000002550,-0.0222372
0000002560,-0.0150431
0000002570,-0.0102556
0000002580,-0.0101432
0000002590,-0.0133419
0000002600,-0.019139
0000002610,-0.0186988
0000002620,-0.0316101
0000002630,-0.0287905
0000002640,-0.0144022
0000002650,-0.016922
0000002660,-0.0169487
0000002670,-0.00649131
0000002680,-0.0210439
0000002690,-0.00186684
0000002700,-0.0160706
0000002710,-0.0225901
0000002720,-0.0281697
0000002730,-0.0122958
0000002740,-0.0189262
0000002750,-0.0165753
0000002760,-0.0224536
0000002770,-0.0107297
0000002780,-0.0174273
0000002790,-0.00875265
0000002800,-0.0132196
0000002810,-0.0140021
0000002820,-0.0108215
0000002830,-0.0118577
0000002840,-0.0110365
0000002850,-0.00745493
0000002860,-0.0136873
0000002870,-0.0205444
0000002880,-0.0166176
0000002890,-0.0141278
0000002900,-0.0204741
0000002910,-0.0118632
0000002920,-0.0156512
0000002930,-0.0213731
0000002940,-0.0121862
0000002950,-0.0089096
0000002960,-0.0132892
0000002970,-0.000596488
0000002980,-0.0220421
0000002990,-0.0128062
0000003000,-0.0173057
0000003010,-0.0221233
0000003020,-0.0162203
0000003030,-0.020143
0000003040,-0.0194809
0000003050,-0.00952222
0000003060,-0.015876
0000003070,-0.0199065
0000003080,-0.0203966
0000003090,-0.0116081
0000003100,-0.0235474
0000003110,-0.0152004
0000003120,-0.0125887
0000003130,-0.0257335
0000003140,-0.0153097
0000003150,-0.0151365
0000003160,-0.0112843
0000003170,-0.0183482
0000003180,-0.0184003
0000003190,-0.00579166
0000003200,-0.00371283
0000003210,-0.0197948
0000003220,-0.0152282
0000003230,-0.017111
0000003240,-0.0176228
0000003250,-0.0300255
0000003260,-0.0168378
0000003270,-0.0157237
0000003280,-0.0175288
0000003290,-0.0193209
0000003300,-0.0211859
0000003310,-0.018713
0000003320,-0.0108982
0000003330,-0.0221559
0000003340,-0.0226093
0000003350,-0.00530067
0000003360,-0.0138273
0000003370,-0.00496114
0000003380,-0.0231181
0000003390,-0.0196801
0000003400,-0.0277268
0000003410,-0.00852052
0000003420,-0.0222298
0000003430,-0.0109701
0000003440,-0.00611217
0000003450,-0.0144934
0000003460,-0.0213332
0000003470,-0.0163662
0000003480,-0.0200252
0000003490,-0.00939847
0000003500,-0.0207789
0000003510,-0.0195369
0000003520,-0.0116741
0000003530,-0.000182214
0000003540,-0.0188309
0000003550,-0.0159681
0000003560,-0.0211155
0000003570,-0.0114226
0000003580,-0.00273464
0000003590,-0.0266642
0000003600,-0.0311373
0000003610,-0.0347794
0000003620,-0.0178558
0000003630,-0.0154076
0000003640,-0.0244948
0000003650,-0.0132174
0000003660,-0.014197
0000003670,-0.0174436
0000003680,-0.0255561
0000003690,-0.020281
0000003700,-0.0213734
0000003710,-0.00224677
0000003720,-0.0237291
0000003730,-0.0262136
0000003740,-0.00879049
0000003750,-0.0130367
0000003760,-0.0184642
0000003770,-0.0236814
0000003780,-0.00811691
0000003790,-0.0150292
0000003800,-0.0185398
0000003810,-0.0197305
0000003820,-0.0142834
0000003830,-0.0130226
0000003840,-0.0135069
0000003850,-0.00712203
0000003860,-0.0108019
0000003870,-0.0178574
0000003880,-0.0075956
0000003890,-0.0259258
0000003900,-0.0185576
0000003910,-0.00803252
0000003920,-0.0188062
0000003930,-0.0248363
0000003940,-0.0143998
0000003950,-0.0201638
0000003960,-0.00688424
0000003970,-0.0291782
0000003980,-0.0168013
0000003990,-0.0213909
0000004000,-0.0264263
0000004010,-0.00466413
0000004020,-0.0138515
0000004030,-0.00103678
0000004040,-0.0138353
0000004050,-0.0238757
0000004060,-0.0144585
0000004070,-0.0167736
0000004080,-0.0188574
0000004090,-0.0124283
0000004100,-0.00784668
0000004110,-0.0270941
0000004120,-0.0136132
0000004130,-0.0111645
0000004140,-0.0217903
0000004150,-0.0197437
0000004160,-0.0129745
0000004170,-0.0201834
0000004180,-0.0193997
0000004190,-0.0189667
0000004200,-0.0143053
0000004210,-0.0119396
0000004220,-0.0159
0000004230,-0.015107
0000004240,-0.026561
0000004250,-0.00532542
0000004260,-0.0200338
0000004270,-0.0181977
0000004280,-0.0145192
0000004290,-0.0181914
0000004300,-0.006521
0000004310,-0.00473266
0000004320,-0.021903
0000004330,-0.0215871
0000004340,-0.00978387
0000004350,-0.0130378
0000004360,-0.0117831
0000004370,-0.0190637
0000004380,-0.00693769
0000004390,-0.0172083
0000004400,-0.00999752
0000004410,-0.0101853
0000004420,-0.0147521
0000004430,-0.0174086
0000004440,-0.0194739
0000004450,-0.0227313
0000004460,-0.0208143
0000004470,-0.0190472
0000004480,-0.0188267
0000004490,-0.0260235
0000004500,-0.024453
0000004510,-0.015775
0000004520,-0.0161186
0000004530,-0.0219255
0000004540,-0.0292868
0000004550,-0.0300025
0000004560,-0.0093176
0000004570,-0.0171895
0000004580,-0.0195289
0000004590,-0.021824
0000004600,-0.0215975
0000004610,-0.0107795
0000004620,-0.0208163
0000004630,-0.00408426
0000004640,-0.0115922
0000004650,-0.0237011
0000004660,-0.0168443
0000004670,-0.0137461
0000004680,-0.00992215
0000004690,-0.0116294
0000004700,-0.0303819
0000004710,-0.0239791
0000004720,-0.0228206
0000004730,-0.0272475
0000004740,-0.0157991
0000004750,-0.0215798
0000004760,-0.0103379
0000004770,-0.0135318
0000004780,-0.0221582
0000004790,-0.0113876
0000004800,-0.0220549
0000004810,-0.0290766
0000004820,-0.0122895
0000004830,-0.0139746
0000004840,-0.0131378
0000004850,-0.0157545
0000004860,-0.00927369
0000004870,-0.0159489
0000004880,-0.0182041
0000004890,-0.00896917
0000004900,-0.0235488
0000004910,-0.0209615
0000004920,-0.00607439
0000004930,-0.0170967
0000004940,-0.011921
0000004950,-0.0096142
0000004960,-0.0271421
0000004970,-0.0307433
0000004980,-0.0144456
0000004990,-0.013506
0000005000,-0.0145484
0000005010,-0.0175099
0000005020,-0.0221483
0000005030,-0.0175114
0000005040,-0.0107919
0000005050,-0.0144134
0000005060,-0.014768
0000005070,-0.0279773
0000005080,-0.0126064
0000005090,-0.0164449
0000005100,-0.00875903
0000005110,-0.0152228
0000005120,-0.0142268
0000005130,-0.0157221
0000005140,-0.016559
0000005150,-0.02428
0000005160,-0.0117413
0000005170,-0.0112203
0000005180,-0.0152466
0000005190,-0.0194029
0000005200,-0.0126597
0000005210,-0.0116766
0000005220,-0.0207045
0000005230,-0.0201063
0000005240,-0.0258295
0000005250,-0.0120087
0000005260,-0.0131992
0000005270,-0.00871181
0000005280,-0.00931934
0000005290,-0.0170575
0000005300,-0.0219726
0000005310,-0.020098
0000005320,-0.0209931
0000005330,-0.0136435
0000005340,-0.0161301
0000005350,-0.0180304
0000005360,-0.0115478
0000005370,-0.0182123
0000005380,-0.0234918
0000005390,-0.00932307
0000005400,-0.0226135
0000005410,-0.0207225
0000005420,-0.000866463
0000005430,-0.0158801
0000005440,-0.00701026
0000005450,-0.0228473
0000005460,-0.0217644
0000005470,-0.018222
0000005480,-0.0197623
0000005490,-0.0115904
0000005500,-0.0221781
0000005510,-0.00491603
0000005520,-0.016624
0000005530,-0.0117067
0000005540,-0.0113278
0000005550,-0.0121391
0000005560,-0.0220944
0000005570,-0.0121916
0000005580,-0.0222948
0000005590,-0.0197109
0000005600,-0.0240661
0000005610,-0.0177697
0000005620,-0.0059471
0000005630,-0.0213843
0000005640,-0.0144835
0000005650,-0.018586
0000005660,-0.0166657
0000005670,-0.0191089
0000005680,-0.0263048
0000005690,-0.0071301
0000005700,-0.0190525
0000005710,-0.0225881
0000005720,-0.015479
0000005730,-0.0184263
0000005740,-0.0134123
0000005750,-0.00820394
0000005760,-0.0237883
0000005770,-0.0236689
0000005780,-0.0133035
0000005790,-0.0102266
0000005800,-0.0103235
0000005810,-0.00738318
0000005820,-0.0119167
0000005830,-0.00610736
0000005840,-0.0120143
0000005850,-0.0165855
0000005860,-0.00804904
0000005870,-0.0042924
0000005880,-0.018227
0000005890,-0.0107531
0000005900,-0.0172383
0000005910,-0.0119978
0000005920,-0.0136907
0000005930,-0.017781
0000005940,-0.00669341
0000005950,-0.00575727
0000005960,-0.0301984
0000005970,-0.0122743
0000005980,-0.0145531
0000005990,-0.00519227
0000006000,-0.0123408
0000006010,-0.00819
0000006020,-0.00607894
0000006030,-0.0153196
0000006040,-0.019616
0000006050,-0.0138117
0000006060,-0.00872539
0000006070,-0.0194463
0000006080,-0.0182706
0000006090,-0.0129345
0000006100,-0.0150822
0000006110,-0.0042499
0000006120,-0.0159328
0000006130,-0.0101374
0000006140,-0.0132798
0000006150,-0.0159481
0000006160,-0.00892443
0000006170,-0.0190625
0000006180,-0.00840428
0000006190,-0.0146123
0000006200,-0.0130789
0000006210,-0.0111015
0000006220,-0.0177075
0000006230,-0.0120646
0000006240,-0.0203625
0000006250,-0.0124191
0000006260,-0.00570705
0000006270,-0.014819
0000006280,-0.0220664
0000006290,0.000796487
0000006300,-0.0131804
0000006310,-0.019328
0000006320,-0.0242421
0000006330,-0.0109553
0000006340,-0.0155296
0000006350,-0.00116603
0000006360,-0.0135563
0000006370,-0.0153893
0000006380,-0.00501105
0000006390,-0.0099266
0000006400,-0.0140893
0000006410,-0.0134884
0000006420,-0.00928442
0000006430,-0.0236008
0000006440,-0.0047543
0000006450,-0.0116106
0000006460,-0.0107523
0000006470,-0.0163799
0000006480,-0.0276784
0000006490,-0.00424726
0000006500,-0.00366356
0000006510,0.00818765
0000006520,-0.0257519
0000006530,-0.0165896
0000006540,-0.00581673
0000006550,0.00390658
0000006560,-0.0347621
0000006570,-0.0213788
0000006580,-0.0221131
0000006590,-0.0148397
0000006600,-0.0134314
0000006610,-0.0321172
0000006620,-0.0134565
0000006630,-0.0205236
0000006640,-0.011522
0000006650,-0.0168351
0000006660,-0.0104209
0000006670,-0.0227711
0000006680,-0.0309924
0000006690,-0.00880339
0000006700,-0.0299085
0000006710,-0.0125725
0000006720,-0.0222988
0000006730,-0.0251979
0000006740,-0.0183349
0000006750,-0.0115512
0000006760,-0.00965741
0000006770,-0.00648906
0000006780,-0.0278693
0000006790,-0.0170245
0000006800,-0.00554636
0000006810,-0.0169056
0000006820,-0.0164324
0000006830,-0.0177599
0000006840,-0.0137216
0000006850,-0.0174014
0000006860,-0.0109377
0000006870,-0.0146961
0000006880,-0.0174528
0000006890,-0.0178916
0000006900,-0.0266043
0000006910,-0.0270273
0000006920,-0.0169561
0000006930,-0.0152828
0000006940,-0.0278906
0000006950,-0.00508353
0000006960,-0.0193933
0000006970,-0.0077769
0000006980,-0.0132877
0000006990,-0.0217106
0000007000,-0.00671149
0000007010,-0.0124607
0000007020,-0.00949942
0000007030,-0.0131501
0000007040,-0.0108103
0000007050,-0.0104107
0000007060,-0.00904512
0000007070,-0.0125298
0000007080,-0.0355531
0000007090,-0.0158034
0000007100,-0.0165305
0000007110,-0.0136495
0000007120,-0.00568983
0000007130,-0.00116115
0000007140,-0.0202567
0000007150,-0.0158087
0000007160,-0.00798648
0000007170,-0.0145272
0000007180,-0.00684718
0000007190,-0.0222355
0000007200,-0.0120583
0000007210,-0.0139546
0000007220,-0.0162697
0000007230,-0.0141072
0000007240,-0.00876902
0000007250,-0.00258784
0000007260,-0.0155076
0000007270,-0.0282548
0000007280,-0.0174271
0000007290,-0.0245377
0000007300,-0.0147647
0000007310,-0.012796
0000007320,-0.0174364
0000007330,-0.011108
0000007340,-0.0291099
0000007350,-0.00716898
0000007360,-0.0199875
0000007370,-0.0212825
0000007380,-0.0159504
0000007390,-0.00784464
0000007400,-0.0227897
0000007410,-0.0162091
0000007420,-0.0195999
0000007430,-0.0157693
0000007440,-0.0175945
0000007450,-0.0220251
0000007460,-0.00270732
0000007470,-0.0146477
0000007480,-0.00924296
0000007490,-0.0180439
0000007500,-0.0242726
0000007510,-0.0133131
0000007520,-0.0111521
0000007530,-0.0179558
0000007540,-0.0216691
0000007550,-0.0119278
0000007560,0.00508536
0000007570,-0.0196937
0000007580,-0.0220885
0000007590,-0.0178504
0000007600,-0.018115
0000007610,-0.0181374
0000007620,-0.0162064
0000007630,-0.0199459
0000007640,-0.0114587
0000007650,-0.0146355
0000007660,-0.016716
0000007670,-0.0202095
0000007680,-0.00119599
0000007690,-0.0081364
0000007700,-0.0148661
0000007710,-0.0199196
0000007720,-0.0115787
0000007730,-0.0103761
0000007740,-0.0105902
0000007750,-0.0115722
0000007760,-0.0195895
0000007770,-0.0213584
0000007780,-0.0102698
0000007790,-0.00541323
0000007800,-0.00784471
0000007810,-0.0266107
0000007820,-0.00720505
0000007830,-0.0255943
0000007840,-0.021032
0000007850,-0.0247079
0000007860,-0.0152829
0000007870,-0.0157838
0000007880,-0.00622718
0000007890,-0.0141239
0000007900,-0.0126653
0000007910,-0.0158881
0000007920,-0.0110926
0000007930,-0.0240495
0000007940,-0.0241724
0000007950,-0.016797
0000007960,-0.0277695
0000007970,-0.0129416
0000007980,-0.0278481
0000007990,-0.0178125
0000008000,-0.022442
0000008010,-0.0102294
0000008020,-0.0218151
0000008030,-0.0119025
0000008040,-0.0191144
0000008050,-0.0272022
0000008060,-0.0175132
0000008070,-0.0150401
0000008080,-0.018753
0000008090,-0.0266893
0000008100,-0.00301608
0000008110,-0.0218901
0000008120,-0.00595523
0000008130,-0.0211731
0000008140,-0.0161613
0000008150,-0.020667
0000008160,-0.0156338
0000008170,-0.0188096
0000008180,-0.00691613
0000008190,-0.0180846
0000008200,-0.0105149
0000008210,-0.0178465
0000008220,-0.012163
0000008230,-0.0150924
0000008240,-0.013106
0000008250,-0.0192363
0000008260,-0.0226538
0000008270,-0.0216535
0000008280,-0.0120937
0000008290,-0.0108746
0000008300,-0.0142839
0000008310,-0.00956312
0000008320,-0.0115786
0000008330,-0.0157414
0000008340,-0.0118148
0000008350,-0.0201384
0000008360,-0.0105254
0000008370,-0.0187183
0000008380,-0.0204551
0000008390,-0.0152534
0000008400,-0.0146241
0000008410,-0.0110967
0000008420,-0.0190842
0000008430,-0.0220452
0000008440,-0.00459691
0000008450,-0.00432226
0000008460,-0.0183821
0000008470,-0.016306
0000008480,-0.0206019
0000008490,-0.0177901
0000008500,-0.0170506
0000008510,-0.0127202
0000008520,-0.0181912
0000008530,-0.0250108
0000008540,-0.0305522
0000008550,-0.0119814
0000008560,-0.00569739
0000008570,-0.0101696
0000008580,-0.0135461
0000008590,-0.0122971
0000008600,-0.0239242
0000008610,-0.0147522
0000008620,-0.0198944
0000008630,-0.0121459
0000008640,-0.0137339
0000008650,-0.0248104
0000008660,-0.0186447
0000008670,-0.026228
0000008680,-0.0351158
0000008690,-0.0169373
0000008700,-0.010695
0000008710,-0.0150485
0000008720,-0.021676
0000008730,-0.015358
0000008740,-0.0119954
0000008750,-0.0222412
0000008760,-0.0170381
0000008770,-0.00252553
0000008780,-0.0259925
0000008790,-0.0166068
0000008800,-0.0226831
0000008810,-0.00761168
0000008820,-0.0128493
0000008830,-0.0274331
0000008840,-0.0123905
0000008850,-0.0112689
0000008860,-0.0202527
0000008870,-0.0197739
0000008880,-0.00905697
0000008890,-0.0173065
0000008900,-0.0111755
0000008910,-0.0174942
0000008920,-0.014645
0000008930,-0.0166464
0000008940,-0.0173746
0000008950,-0.00745718
0000008960,-0.011966
0000008970,-0.0176292
0000008980,-0.0238346
0000008990,-0.0172516
0000009000,-0.0159929
0000009010,-0.0137578
0000009020,-0.0212986
0000009030,-0.00175269
0000009040,-0.0134903
0000009050,-0.00807702
0000009060,-0.0176535
0000009070,-0.0197291
0000009080,-0.018151
0000009090,-0.0220704
0000009100,-0.00646931
0000009110,-0.0151342
0000009120,-0.0178188
0000009130,-0.0137087
0000009140,-0.0148604
0000009150,-0.0231198
0000009160,-0.0224679
0000009170,-0.0219109
0000009180,-0.00663342
0000009190,-0.0206119
0000009200,-0.0127624
0000009210,-0.0138759
0000009220,-0.0169476
0000009230,-0.0109317
0000009240,-0.0127808
0000009250,-0.0167863
0000009260,-0.0227012
0000009270,-0.0275149
0000009280,-0.0114112
0000009290,-0.027027
0000009300,-0.00222101
0000009310,-0.0151455
0000009320,-0.0204771
0000009330,-0.0212006
0000009340,-0.018911
0000009350,-0.0159961
0000009360,-0.0127365
0000009370,-0.0106924
0000009380,-0.0198812
0000009390,-0.0147754
0000009400,-0.0164436
0000009410,-0.0216715
0000009420,-0.00573941
0000009430,-0.0198377
0000009440,-0.019967
0000009450,-0.0154197
0000009460,-0.0129262
0000009470,-0.0155025
0000009480,-0.0220686
0000009490,-0.0234836
0000009500,-0.0141773
0000009510,-0.00943006
0000009520,-0.0156188
0000009530,-0.0108716
0000009540,-0.00814793
0000009550,-0.0220135
0000009560,-0.0140903
0000009570,-0.0236482
0000009580,-0.0106495
0000009590,-0.0228464
0000009600,-0.0172343
0000009610,-0.0208836
0000009620,-0.0276574
0000009630,-0.0110658
0000009640,-0.0141073
0000009650,-0.0226803
0000009660,-0.0272164
0000009670,-0.0234032
0000009680,-0.015729
0000009690,-0.0198928
0000009700,-0.00722198
0000009710,-0.0165997
0000009720,-0.0228711
0000009730,-0.0196876
0000009740,-0.0220967
0000009750,-0.0199793
0000009760,-0.01768
0000009770,-0.0232877
0000009780,-0.0126522
0000009790,-0.0229131
0000009800,-0.0138401
0000009810,-0.0090486
0000009820,-0.0140903
0000009830,-0.0140415
0000009840,-0.0264395
0000009850,-0.0208387
0000009860,-0.00599928
0000009870,-0.0189073
0000009880,-0.0140051
0000009890,-0.0160848
0000009900,-0.0170113
0000009910,-0.0176828
0000009920,-0.0214258
0000009930,-0.0109593
0000009940,-0.0157943
0000009950,-0.0179274
0000009960,-0.0217667
0000009970,-0.0207219
0000009980,-0.0148271
0000009990,-0.0140146
0000010000,-0.0249402
0000010010,-0.0202135
0000010020,-0.023452
0000010030,-0.0112198
0000010040,-0.0188078
0000010050,-0.0196307
0000010060,-0.00626936
0000010070,-0.0198256
0000010080,-0.026543
0000010090,-0.0168516
0000010100,-0.01694
0000010110,-0.0311433
0000010120,-0.00567147
0000010130,-0.0250609
0000010140,-0.017139
0000010150,-0.0142776
0000010160,-0.0179715
0000010170,-0.0152351
0000010180,-0.0173536
0000010190,-0.0125534
0000010200,-0.0230047
0000010210,-0.0138587
0000010220,-0.0164814
0000010230,-0.0245004
0000010240,-0.0124002
0000010250,-0.0164906
0000010260,-0.0169774
0000010270,-0.0139561
0000010280,-0.0207641
0000010290,-0.0226278
0000010300,-0.0100875
0000010310,-0.0188973
0000010320,-0.0200859
0000010330,-0.0137477
0000010340,-0.0213371
0000010350,-0.0145725
0000010360,-0.00259791
0000010370,-0.0180712
0000010380,-0.014071
0000010390,-0.0315235
0000010400,-0.0231488
0000010410,-0.0160594
0000010420,-0.0068714
0000010430,-0.0173515
0000010440,-0.0148633
0000010450,-0.00658799
0000010460,-0.00880616
0000010470,-0.0151548
0000010480,-0.0182631
0000010490,-0.0193638
0000010500,-0.0245507
0000010510,-0.0240636
0000010520,-0.0227516
0000010530,-0.0157936
0000010540,-0.0200399
0000010550,-0.0213398
0000010560,-0.0205237
0000010570,-0.0111439
0000010580,-0.0213852
0000010590,-0.0184336
0000010600,-0.0102164
0000010610,-0.0171654
0000010620,-0.0112456
0000010630,-0.0244975
0000010640,-0.019153
0000010650,-0.0198078
0000010660,-0.0237439
0000010670,-0.0128984
0000010680,-0.0207058
0000010690,-0.0107951
0000010700,-0.0261078
0000010710,-0.0169965
0000010720,-0.0160322
0000010730,-0.015703
0000010740,-0.021786
0000010750,-0.0102694
0000010760,-0.0134066
0000010770,-0.0175163
0000010780,-0.00559228
0000010790,-0.014588
0000010800,-0.0195745
0000010810,-0.0138123
0000010820,-0.0054819
0000010830,-0.00967733
0000010840,-0.0230333
0000010850,-0.014084
0000010860,-0.0143398
0000010870,-0.0206417
0000010880,-0.014279
0000010890,-0.016591
0000010900,-0.00976528
0000010910,-0.0207659
0000010920,-0.0108552
0000010930,-0.0277814
0000010940,-0.0147543
0000010950,-0.0138002
0000010960,-0.015933
0000010970,-0.0151125
0000010980,-0.0188453
0000010990,-0.0109999
0000011000,-0.0143951
0000011010,-0.0243778
0000011020,-0.0158858
0000011030,-0.0154822
0000011040,-0.0115796
0000011050,-0.0147183
0000011060,-0.0144429
0000011070,-0.0149267
0000011080,-0.0193301
0000011090,-0.00135134
0000011100,-0.030144
0000011110,-0.014677
0000011120,-0.0130942
0000011130,-0.00833581
0000011140,-0.0192495
0000011150,-0.00622241
0000011160,-0.0182729
0000011170,-0.0173594
0000011180,-0.0120406
0000011190,-0.00515415
0000011200,-0.00999253
0000011210,-0.0185218
0000011220,-0.012819
0000011230,-0.011394
0000011240,-0.0131417
0000011250,-0.00705172
0000011260,-0.0137835
0000011270,-0.0209039
0000011280,-0.0179882
0000011290,-0.0112194
0000011300,-0.0179811
0000011310,-0.0183255
0000011320,-0.0166972
0000011330,-0.00650728
0000011340,-0.0300512
0000011350,-0.0144868
0000011360,-0.0164337
0000011370,-0.0143163
0000011380,-0.0143566
0000011390,-0.0215992
0000011400,-0.0198013
0000011410,-0.00880601
0000011420,-0.0161912
0000011430,-0.0248658
0000011440,-0.0155111
0000011450,-0.0219777
0000011460,-0.0206881
0000011470,-0.0115216
0000011480,-0.0119891
0000011490,-0.0109205
0000011500,-0.0114631
0000011510,-0.00770762
0000011520,-0.00826568
0000011530,-0.0184514
0000011540,0.00373775
0000011550,-0.0206505
0000011560,-0.0150139
0000011570,-0.0192465
0000011580,-0.0105022
0000011590,-0.00345426
0000011600,-0.0166157
0000011610,-0.0167713
0000011620,-0.00837902
0000011630,-0.0117478
0000011640,-0.017782
0000011650,-0.0090278
0000011660,-0.0057278
0000011670,-0.0104888
0000011680,-0.0189983
0000011690,-0.0240594
0000011700,-0.0145083
0000011710,-0.0237659
0000011720,-0.0212361
0000011730,-0.0198099
0000011740,-0.0156873
0000011750,-0.0180683
0000011760,-0.0184811
0000011770,-0.0105124
0000011780,-0.020944
0000011790,-0.016647
0000011800,-0.0116805
0000011810,-0.0227454
0000011820,-0.0198929
0000011830,-0.00855312
0000011840,-0.0191091
0000011850,-0.0248885
0000011860,-0.0187602
0000011870,-0.00191389
0000011880,-0.0139303
0000011890,-0.00784048
0000011900,-0.03375
0000011910,-0.0192263
0000011920,-0.014676
0000011930,-0.0130908
0000011940,-0.0218869
0000011950,-0.0181404
0000011960,-0.0156946
0000011970,-0.0232835
0000011980,-0.0198022
0000011990,-0.0126043
0000012000,-0.0156844
0000012010,-0.00330542
0000012020,-0.0131088
0000012030,-0.0149229
0000012040,-0.0273547
0000012050,-0.0237778
0000012060,-0.0147244
0000012070,-0.0261583
0000012080,-0.0155993
0000012090,-0.0141965
0000012100,-0.0230057
0000012110,-0.0223212
0000012120,-0.0160194
0000012130,-0.0196553
0000012140,-0.0198622
0000012150,-0.0221105
0000012160,-0.00663602
0000012170,-0.0177403
0000012180,-0.0192652
0000012190,-0.0106871
0000012200,-0.0133276
0000012210,-0.0143585
0000012220,-0.0203771
0000012230,-0.0165382
0000012240,-0.0108513
0000012250,-0.0186056
0000012260,-0.0189272
0000012270,-0.00647439
0000012280,-0.0224657
0000012290,-0.0139011
0000012300,-0.0105733
0000012310,-0.0218087
0000012320,-0.0152175
0000012330,-0.0218909
0000012340,-0.0210433
0000012350,-0.00895046
0000012360,-0.0212102
0000012370,-0.00887043
0000012380,-0.0229807
0000012390,-0.0137404
0000012400,-0.0150562
0000012410,-0.0226866
0000012420,-0.00600414
0000012430,-0.00216368
0000012440,-0.016213
0000012450,-0.011559
0000012460,-0.0214945
0000012470,-0.0146393
0000012480,-0.0118908
0000012490,-0.0226548
0000012500,-0.0167026
0000012510,-0.0260377
0000012520,-0.0178224
0000012530,-0.0187762
0000012540,-0.0199779
0000012550,-0.0214671
0000012560,-0.0258318
0000012570,-0.015901
0000012580,-0.00976092
0000012590,-0.0250466
0000012600,-0.0254765
0000012610,-0.0136624
0000012620,-0.0119991
0000012630,-0.0161972
0000012640,-0.0166817
0000012650,-0.0167472
0000012660,-0.00930022
0000012670,-0.0164398
0000012680,-0.013638
0000012690,-0.0188066
0000012700,-0.016922
0000012710,-0.00808399
0000012720,-0.0192356
0000012730,-0.00797004
0000012740,-0.0137518
0000012750,-0.00783654
0000012760,-0.0156896
0000012770,-0.00986595
0000012780,-0.0141777
0000012790,-0.0137981
0000012800,-0.0161636
0000012810,-0.00760144
0000012820,-0.018583
0000012830,-0.0145516
0000012840,-0.0173812
0000012850,-0.00849957
0000012860,-0.0150965
0000012870,-0.0110608
0000012880,-0.0184209
0000012890,-0.0171391
0000012900,-0.0134978
0000012910,-0.0110373
0000012920,-0.0164706
0000012930,-0.0202392
0000012940,-0.0151448
0000012950,-0.0187063
0000012960,-0.00839372
0000012970,-0.0187017
0000012980,-0.0141839
0000012990,-0.0119533
0000013000,-0.0183354
0000013010,-0.0135838
0000013020,-0.00800689
0000013030,-0.0197569
0000013040,-0.0157432
0000013050,-0.0316582
0000013060,-0.0152776
0000013070,-0.0127907
0000013080,-0.0143127
0000013090,-0.020747
0000013100,-0.00930671
0000013110,-0.0197154
0000013120,-0.00792701
0000013130,-0.0264997
0000013140,-0.0132816
0000013150,-0.025356
0000013160,-0.0129379
0000013170,-0.021112
0000013180,-0.013984
0000013190,-0.0147032
0000013200,-0.0151697
0000013210,-0.0228334
0000013220,-0.0223887
0000013230,-0.00205106
0000013240,-0.0151644
0000013250,-0.014777
0000013260,-0.0179149
0000013270,-0.00316876
0000013280,-0.0214346
0000013290,-0.0135722
0000013300,-0.0256203
0000013310,-0.0231878
0000013320,-0.0154105
0000013330,-0.00820168
0000013340,-0.016659
0000013350,-0.017193
0000013360,-0.0198717
0000013370,-0.0206194
0000013380,-0.00628825
0000013390,-0.0203778
0000013400,-0.0265573
0000013410,-0.00692086
0000013420,-0.0196741
0000013430,-0.00670543
0000013440,-0.0114896
0000013450,-0.0101882
0000013460,-0.0286189
0000013470,-0.0193951
0000013480,-0.0131147
0000013490,-0.0213529
0000013500,-0.0124352
0000013510,-0.0198516
0000013520,-0.0133656
0000013530,-0.0185231
0000013540,-0.0212372
0000013550,-0.0102589
0000013560,-0.0204882
0000013570,-0.0139622
0000013580,-0.0171787
0000013590,-0.0170764
0000013600,-0.0227164
0000013610,-0.0139263
0000013620,-0.0134401
0000013630,-0.00620986
0000013640,-0.0131044
0000013650,-0.0232553
0000013660,-0.0121954
0000013670,-0.0149118
0000013680,-0.0236894
0000013690,-0.0162538
0000013700,-0.0187215
0000013710,-0.0156187
0000013720,-0.0130434
0000013730,-0.0165624
0000013740,-0.0205014
0000013750,-0.0192608
0000013760,-0.0225021
0000013770,-0.0120598
0000013780,-0.00855144
0000013790,-0.0278739
0000013800,-0.00960675
0000013810,-0.0227509
0000013820,-0.0269584
0000013830,-0.0149906
0000013840,-0.0113979
0000013850,-0.00920444
0000013860,-0.0209431
0000013870,-0.0180409
0000013880,-0.0163503
0000013890,-0.0171461
0000013900,-0.0104215
0000013910,-0.0171327
0000013920,-0.0145309
0000013930,-0.0173859
0000013940,-0.00347689
0000013950,-0.0168763
0000013960,-0.00625494
0000013970,-0.0207321
0000013980,-0.0197515
0000013990,-0.0108656
0000014000,-0.0178506
0000014010,-0.022718
0000014020,-0.0155154
0000014030,-0.0173552
0000014040,-0.0158985
0000014050,-0.0153245
0000014060,-0.00407065
0000014070,-0.0229117
0000014080,-0.0167403
0000014090,-0.0162458
0000014100,-0.0173864
0000014110,-0.0079046
0000014120,-0.00881098
0000014130,-0.0201613
0000014140,-0.0310957
0000014150,-0.0121463
0000014160,-0.0115253
0000014170,-0.0145956
0000014180,-0.0152456
0000014190,-0.0106218
0000014200,-0.023107
0000014210,-0.0108042
0000014220,-0.0193978
0000014230,-0.0128365
0000014240,-0.011883
0000014250,-0.01671
0000014260,-0.0192322
0000014270,-0.0268259
0000014280,-0.0101528
0000014290,-0.0157855
0000014300,-0.0132795
0000014310,-0.00579467
0000014320,-0.0157658
0000014330,-0.0121263
0000014340,-0.0178305
0000014350,-0.0132971
0000014360,-0.0138337
0000014370,-0.0242796
0000014380,-0.0121895
0000014390,-0.0168891
0000014400,-0.0340351
0000014410,-0.0172627
0000014420,-0.00693211
0000014430,-0.0232424
0000014440,-0.0173428
0000014450,-0.0141848
0000014460,-0.0230164
0000014470,-0.00344401
0000014480,-0.0127462
0000014490,-0.0147707
0000014500,-0.0236177
0000014510,-0.0179996
0000014520,-0.0204424
0000014530,-0.0149548
0000014540,-0.00592647
0000014550,-0.00402787
0000014560,-0.0114342
0000014570,-0.0312356
0000014580,-0.00230584
0000014590,-0.015348
0000014600,-0.0158532
0000014610,-0.0030845
0000014620,-0.0201513
0000014630,-0.0190443
0000014640,-0.0124887
0000014650,-0.0172739
0000014660,-0.00698477
0000014670,-0.00791084
0000014680,-0.021232
0000014690,-0.0196295
0000014700,-0.010035
0000014710,-0.022632
0000014720,-0.00937621
0000014730,-0.0109267
0000014740,-0.0183297
0000014750,-0.0289592
0000014760,-0.0252332
0000014770,-0.0177419
0000014780,-0.0170229
0000014790,-0.0175681
0000014800,-0.0169915
0000014810,-0.0204508
0000014820,-0.0227848
0000014830,-0.0147194
0000014840,-0.0213592
0000014850,-0.0127935
0000014860,-0.0283503
0000014870,-0.01937
0000014880,-0.00265958
0000014890,-0.0163079
0000014900,-0.0151
0000014910,-0.01565
0000014920,-0.0237202
0000014930,-0.0181054
0000014940,-0.0225361
0000014950,-0.00976382
0000014960,-0.00827201
0000014970,-0.023571
0000014980,-0.0157695
0000014990,-0.00831053
0000015000,-0.0155887
0000015010,-0.0113684
0000015020,-0.00693027
0000015030,-0.0256348
0000015040,-0.014671
0000015050,-0.0171516
0000015060,-0.0162422
0000015070,-0.0154821
0000015080,-0.015324
0000015090,-0.0106363
0000015100,-0.00447949
0000015110,-0.0186314
0000015120,-0.0141001
0000015130,-0.0132227
0000015140,-0.018587
0000015150,-0.00733445
0000015160,-0.0173635
0000015170,-0.020579
0000015180,-0.0184698
0000015190,-0.0162339
0000015200,-0.0238405
0000015210,-0.0205633
0000015220,-0.0162243
0000015230,-0.0225438
0000015240,-0.00796026
0000015250,-0.0150964
0000015260,-0.0142055
0000015270,-0.0278242
0000015280,-0.0145922
0000015290,-0.00850919
0000015300,-0.0146627
0000015310,-0.0264395
0000015320,-0.0129743
0000015330,-0.0114679
0000015340,-0.0136917
0000015350,-0.0148117
0000015360,-0.00935439
0000015370,-0.00918612
0000015380,-0.013707
0000015390,-0.0164188
0000015400,-0.0178356
0000015410,-0.0202058
0000015420,-0.019858
0000015430,-0.0196308
0000015440,-0.0147468
0000015450,-0.0186789
0000015460,-0.0107715
0000015470,-0.013493
0000015480,-0.0139382
0000015490,-0.0138638
0000015500,-0.0121455
0000015510,-0.0118217
0000015520,-0.00608807
0000015530,-0.0114852
0000015540,-0.0202435
0000015550,-0.0122937
0000015560,-0.017201
0000015570,-0.0220954
0000015580,-0.0211107
0000015590,-0.01902
0000015600,-0.0140212
0000015610,-0.0105595
0000015620,-0.0195817
0000015630,-0.0175945
0000015640,-0.011414
0000015650,-0.0182726
0000015660,-0.0123177
0000015670,-0.0101752
0000015680,-0.0281117
0000015690,-0.0153122
0000015700,-0.0310495
0000015710,-0.0166946
0000015720,-0.019116
0000015730,-0.0149806
0000015740,-0.00714662
0000015750,-0.0213161
0000015760,-0.0158892
0000015770,-0.00951641
0000015780,-0.0222932
0000015790,-0.0280174
0000015800,-0.0146552
0000015810,-0.026087
0000015820,-0.0136977
0000015830,-0.0158211
0000015840,-0.0136084
0000015850,-0.0184261
0000015860,0.000250087
0000015870,-0.0201174
0000015880,-0.00903777
0000015890,-0.0253946
0000015900,-0.0224995
0000015910,-0.0143033
0000015920,-0.0222109
0000015930,-0.0154838
0000015940,-0.0139545
0000015950,-0.0204169
0000015960,-0.0106795
0000015970,-0.0193619
0000015980,-0.0153842
0000015990,-0.0118038
