94.4085244696176
119.033904457199
68.1029395136555
103.976536803145
72.515473850664
90.5255013932637
71.1313231663756
87.005304463151
38.9412097625517
69.5334731813977
68.5584694053581
29.5853421197246
115.03649308892
66.5351426528413
69.385826473332
129.784465610895
91.1457613644682
76.0655536080738
68.4905217780424
127.962027923571
52.2548868217306
79.2926904363745
80.1234994778177
64.7220348970999
92.164359672401
64.9985085825931
96.4168147671594
85.0415787186397
109.22691030328
90.9099098893022
62.2670123220237
85.3884385789594
84.3661291277415
127.960989153776
100.281996884187
85.3558255030359
74.9174622201442
94.4196440134492
33.9233537841411
37.9637267110915
112.355487599119
91.0516777484019
148.480994659339
146.845549372993
124.89765115919
82.2353888698286
90.3972217532161
126.138463819053
122.398537294161
72.3341527930264
98.8386521374296
99.948424111682
70.2380374997173
128.310044301545
49.0205299072712
65.6733245575754
96.0364114563869
101.8062609555
67.4280174388448
128.328134775682
93.9285066334631
76.4916495073172
103.358311481565
87.4467887444967
50.5003824300926
47.5875838146858
108.265381956446
86.8061476751688
63.8573873570832
121.614056918588
114.910855078228
79.9078644909537
135.549520969491
88.2339911567664
103.252984389386
98.5330678052479
115.774996380172
140.370798561819
115.684046137018
114.965385512366
111.766214895178
98.2166361929477
101.714877946693
76.5038452137994
136.081336585913
104.476710926912
76.5660847595658
130.28453162267
118.866016210788
120.538045491472
115.588077761333
84.5547389928224
70.8121082835981
100.860692611185
135.866260077459
82.7435390662358
105.617554569056
89.8361715404174
63.9926823293878
44
44
155
134
98
80
129
17
86
-16
157
166
123
103
104
19
72
20
125
91
-40
250
10
228
-90
122
-171
-126
-157
-109
-236
57
-163
173
-75
97
26
41
-145
213
9
148
-85
203
-41
150
-34
145
194
238
96
206
174
205
143
199
114
42
138
229
-26
125
-53
178
-75
117
-102
20
-164
123
-188
92
-9
221
-58
186
-29
40
-56
216
-92
215
39
281
-51
257
-93
23
39
152
-22
-22
23
46
-54
43
6
-143
-101
135
75
135
-78
-43
-61
32
-39
-119
-85
-138
-97
87
247
214
228
317
298
128
335
252
205
205
248
165
90
-27
107
84
198
257
267
268
92
112
42
136
67
-41
-109
41
89
249
113
48
80
145
109
-25
28
163
-10
104
-153
96
-103
35
-56
-93
-144
52
41
211
-33
88
-38
145
48
100
59
141
13
227
28
165
-7
202
-23
52
55
323
305
-50
-226
781
374
-715
547
829
-512
93
787
181
-239
174
662
281
-177
-142
200
361
-82
-259
222
442
-213
-375
194
535
-5
-320
82
539
-427
-332
141
346
-500
-253
88
409
-343
-231
110
459
-261
-116
19
276
-355
-225
54
597
-92
-65
109
548
-98
-294
4
600
-172
-461
-83
295
-186
-637
75
-8
-434
-475
141
20
-596
-553
263
49
-534
67
396
-350
-576
225
386
-408
-373
520
264
-473
109
925
-226
-103
296
526
-546
15
499
113
-477
302
453
-64
-681
289
455
-194
-410
472
145
-459
-206
557
-55
-652
-117
566
-251
-487
28
351
-349
-517
154
262
-524
-313
494
-202
-628
-2
224
-226
-544
22
280
-259
-249
174
-36
-762
-187
332
-367
-600
303
166
-457
266
308
-109
-191
110
123
-343
-180
241
31
-423
-29
171
-110
-263
-88
36
-117
-154
4
43
3
30
-80
-120
-179
-84
-146
-134
-8
87
69
193
90
-2
0
23
-39
59
36
-11
128
153
136
46
-29
19
62
48
90
-84
45
160
-82
11
76
55
47
8
37
-28
91
241
44
234
57
273
153
292
108
120
-29
262
-61
192
-43
346
32
237
-86
-41
-238
129
-206
74
-207
158
-55
266
9
35
40
-98
-83
-398
-324
312
17
-822
-161
633
-626
-677
940
-203
-994
723
427
-1136
143
904
-900
-455
759
-250
-765
310
579
-541
-477
557
332
-618
-51
413
-313
-668
86
572
-366
-493
261
97
-493
-542
56
179
-452
-433
422
146
-683
-323
337
-374
-607
130
295
-797
-434
447
-143
-894
-125
368
-414
-623
130
287
-537
-232
239
174
-462
-135
390
171
-330
-107
531
144
-157
119
914
-51
-172
431
706
-602
141
798
43
-467
764
656
-659
98
804
-622
-455
811
-21
-701
597
738
-945
318
655
-582
-543
790
-466
-660
425
227
-1187
-12
153
-996
-894
469
-800
-1101
116
-443
-1452
-179
-118
-1383
-539
33
-912
-840
254
-316
-824
-212
419
-205
-513
410
429
-361
48
533
183
-219
218
445
77
205
626
753
188
462
413
681
221
827
731
572
550
839
458
498
555
817
376
671
702
564
500
865
443
489
360
668
164
326
341
194
272
457
206
-76
122
-150
222
-118
185
-372
-20
60
68
-114
185
-101
-7
-253
4
-331
-102
-148
-176
-331
119
-310
-58
-157
39
-100
76
197
-282
-125
-198
-253
-277
-64
-268
-235
-95
122
-177
0
90
-9
-162
-71
-271
-244
-223
79
-274
-149
-112
-159
-119
129
-192
-11
84
175
-14
-23
242
-70
193
301
27
-126
21
209
-79
-288
99
-274
-21
-54
-34
-441
-28
-231
-88
-242
245
-253
5
-176
-107
230
23
-678
-28
311
1
-542
193
213
81
-375
91
103
-131
-478
-338
-116
-175
-59
-592
-481
-7
-235
-698
-541
-156
-430
-1180
-627
-186
-569
-720
61
-100
-1259
21
493
-1018
-240
845
-720
-319
1125
-112
-988
852
-138
-1166
-98
164
-1365
-431
53
-736
-1091
124
-77
-756
-582
241
-46
-165
-16
826
143
-31
598
972
46
337
609
953
65
342
719
337
-306
644
506
-523
-274
1155
-503
-567
926
250
-755
1017
506
-660
574
1283
-826
177
1189
-301
-387
1319
6
-334
836
597
-532
307
1116
-560
-23
891
184
-398
694
700
-291
10
1056
-271
-149
844
581
-483
382
817
-335
-140
853
40
-369
592
451
-443
-63
1066
-241
-188
1062
302
-898
780
490
-670
70
1026
-777
-124
1052
-556
-601
789
-78
-966
818
284
-847
206
795
-915
-341
649
-489
-887
628
-281
-962
342
342
-1160
-25
504
-1146
-561
837
-770
-693
856
-674
-862
857
-296
-1054
521
194
-1236
275
340
-1252
140
581
-1133
-310
663
-856
-487
773
-334
-732
447
-66
-875
47
150
-576
0
321
218
-530
237
195
-78
-223
234
-1
-52
70
3
-115
-135
314
-111
76
26
5
-63
103
100
95
-69
238
-40
162
76
-89
-21
240
-8
21
-177
154
-297
-109
-171
-343
-410
-191
-563
-575
-880
-598
-611
-523
-396
-655
-545
65
-223
-37
-259
1
-201
94
57
-13
-166
29
-114
86
-76
-55
-150
-136
-92
-146
-7
178
-79
-192
161
-141
114
-137
324
-185
336
246
331
148
602
282
531
198
534
22
544
409
420
203
666
203
512
156
437
244
274
485
131
18
48
193
606
287
-626
621
196
-743
206
524
-772
85
701
-203
-760
193
-275
-1086
4
375
-989
-454
566
-684
-678
896
345
-724
821
658
-508
5
929
-540
-344
755
67
-800
708
252
-1003
281
603
-728
-200
833
-334
-708
735
4
-908
535
294
-992
-178
808
-650
-481
689
100
-773
697
549
-580
117
940
-435
-345
1017
-89
-810
420
261
-1154
-197
43
-728
-1016
12
-192
-1490
-589
172
-968
-1103
140
-120
-1138
-364
397
-989
-790
758
8
-696
390
630
-660
-44
1026
-224
-450
1048
426
-795
317
995
-522
-54
1142
-477
-771
985
50
-923
669
577
-546
9
1122
-405
-323
992
11
-1080
502
188
-869
-19
541
-1030
-505
677
-618
-851
696
-307
-939
514
-62
-1196
454
292
-972
171
1022
-756
-11
1116
-355
-267
1316
-5
-286
893
550
-641
794
855
-316
244
1237
-329
-36
795
127
-438
717
729
-490
421
1113
-80
-195
984
122
-392
377
570
-468
76
510
116
-537
393
209
-220
-345
668
-92
-233
52
318
-215
94
-352
-77
-230
87
-344
-112
-145
-96
-290
115
-103
199
200
57
-151
20
-185
114
78
403
-110
114
-25
63
-77
198
-81
27
-60
206
-237
102
71
124
31
273
-35
88
-165
196
-202
-100
88
-390
-367
-240
-359
-380
-409
-317
-526
-314
-140
-232
-143
5
-72
-19
26
-10
-291
52
117
-61
-78
60
-106
-128
-86
-230
-31
245
51
64
-166
292
-137
-31
-76
123
-242
155
58
-106
-85
108
-11
-19
168
-83
-164
8
59
-68
-9
210
-18
-114
-300
-43
772
-633
-569
844
-525
-805
957
-399
-1126
901
-234
-972
513
603
-1436
519
619
-972
-439
948
-1011
-682
544
-577
-1318
563
-183
-1700
301
96
-1363
330
642
-1186
-165
759
-669
-778
786
-160
-1101
425
412
-1037
210
735
-638
-327
984
-209
-846
1070
153
-705
450
873
-805
-6
1004
-68
-566
1114
531
-731
552
876
-827
0
898
-569
-638
966
-32
-900
591
494
-786
