-100.458961650323
-85.5546158202531
-4.20190467796638
426.769233390639
283.727563454128
-34.2364176517945
157.620786881724
-42.819344903867
-91.5647595778857
-32.1192466649882
84.500817125616
-365.20857148928
-171.904416038472
-212.163837243458
-392.462486279372
340.023119553724
17.0116601715937
-505.973112829606
-174.373318671657
-313.793049608673
637.652737326302
185.584920381652
652.024534994461
-439.409465750529
84.1275101097415
-551.228217951669
236.059644867439
-294.418547249005
109.569917426984
-8.86723429316061
-100.676200264469
92.407046821604
129.66526261837
-148.003886042248
-294.502952550582
-529.808212171663
335.426478973937
-382.585924807831
-662.085643251567
-109.002737884426
-78.0187158553387
-243.429558939008
93.6185204149192
-99.8259099726478
-478.469848548575
704.918208470086
-432.33449491492
218.625215297
273.444104969732
-465.339377239216
-163.517495126362
58.3282705141592
151.190183419234
804.054731424656
440.544988474979
759.092171337764
-423.9615585554
78.9142160123637
-146.911075300147
-66.1606685965388
-121.662706128607
-106.73985887629
33.4653068307173
-31.1338071853603
299.458443436565
228.729427646594
-95.8980733178986
208.743735315809
-237.108565263229
-294.047422505683
233.636877180443
467.093290344364
39.8603103848102
-330.094431784969
549.801344190704
171.388289484254
154.180019606893
185.452983024588
736.031238686832
-181.021633082662
181.252516522216
-133.161771057573
278.073253046774
-269.70751316836
1.48498102005289
-307.102189740676
-255.995270343767
639.029232132606
370.553797249268
-163.739012671533
-318.238020291004
-56.1190397613824
393.154056571955
-437.422254361172
-173.569842768968
389.119803188491
23.9306841894445
-706.531772773678
-313.732435288748
-12.6752090445031
-51.4656281516173
-529.324460037634
-46.7802364920857
-69.8195881237399
104.30590540873
224.825284971062
-485.645907365788
-400.346938131776
183.587428759282
-87.2379404808558
-142.368660612116
-112.939424791657
424.833900509186
150.94200313082
342.390414346274
-0.958973033800362
687.866826380012
671.150719496521
294.466375806517
314.571034115743
428.630332337767
642.678053237486
-324.231276239126
-409.295846410294
-241.66711468344
132.779848410672
124.214289637601
-71.2074971798292
-236.637908628157
513.155116841509
139.871538705541
110.116095659849
233.582466932051
508.131399236664
-513.910561308879
36.7897141086578
-60.9258346750343
-217.447738512943
33.162252217335
496.120732851823
-249.019766904107
-532.230141175252
177.26981679425
-603.067664301096
51.0401463711278
-156.90493114316
665.255380834636
125.457594427669
145.121854777953
139.350925781341
-280.396528301036
-311.879754792754
-171.077427825368
91.4056798880796
-232.52389581243
-154.343971855032
-586.896338705579
267.282057499228
399.165594045619
-492.901667364267
89.0560861673725
-198.731355726292
161.026481030254
82.7896366169703
-249.235511618418
-9.04237711170722
-97.1697634096357
375.687380152143
50.7982932412057
-76.4794753021657
-443.947548463169
278.204706305079
161.145928146356
-201.496533864567
348.820287607168
286.786137737812
585.244015535837
404.782888931435
138.265384428787
606.642336792829
-106.559622650778
-805.097710664728
618.444485973472
-78.7691028166967
-38.2167939711979
1445.05610586279
1051.98016802967
-958.151151592569
236.702892149069
412.549496732787
491.66860837925
-42.1378431426919
-141.075234621921
286.570794404649
27.9788945928564
-141.35544168188
272.5179427161
893.849086147186
240.363472338122
-391.960561365287
-452.023691036883
349.245229971943
412.332648119314
-974.052638271866
-333.704574785731
237.884506143102
976.934119247052
-28.7678322995664
634.330971990572
277.696130907679
566.714175489935
-396.974030152996
-214.810104528186
396.142990518424
57.9630068967515
-537.508456338003
-227.038631170205
996.057762015008
-141.405617507611
-291.182949915192
-168.397908289603
-374.66064460753
473.125077845038
-697.822592318392
-282.837999247833
330.464834088076
104.026417596845
-314.015327521588
218.920401380359
32.7151623321226
804.229499841963
55.7015096528604
-87.1640973661479
288.75487654067
694.100508468765
-209.38290418683
-332.029267899149
-455.107470836919
745.754931218501
-998.801941193101
-324.577193718299
-344.400973978612
299.014942842998
-217.998155371571
-270.456140400386
130.056848995135
146.692180498385
-471.832793286394
-632.988050594861
204.086885875002
594.99619411451
-19.7125569782306
-495.704895261765
285.232470245104
115.425957952922
-1129.35595660881
-350.751281716762
469.319504759313
-313.974789199859
-364.973860098238
-206.299223123322
-198.678626348063
-239.138966448633
-550.993449149668
449.03479084366
-238.474756979763
-559.351686825945
-190.156738421951
1575.81514415182
-13.294038147454
-127.871793059499
-196.420355929497
780.556183869607
-225.214539874275
659.071237594304
1029.71444195954
-445.73445505806
-732.772459767556
669.703210640158
405.274503187305
442.897974341375
-937.022094430565
156.370735598054
584.216634781933
-107.975109572725
-336.509913626997
220.718387359587
-383.925374940046
-637.362575007888
264.043029535265
673.013923061303
52.5225267262838
-1000.59857688862
-104.155768081773
319.899295849706
-688.301439930392
-215.453977105594
458.726500456792
-98.681401931593
-264.390270080009
-1123.97145825633
392.56691532684
283.588857863728
-481.123985516904
-190.322655023675
649.392404344093
85.3470342679786
-502.259939173459
-741.286928117517
22.729650675008
-463.796037483964
-520.334285834664
483.396450459629
326.951308108949
-80.0551484394771
-835.43903284899
444.499816116442
-414.629389016455
-531.573207505006
140.315841196265
308.73267324743
340.50553419432
-576.52636918966
46.3561487432755
-26.9959889466856
-975.063255495622
116.977143339478
687.061459877376
-472.923090348259
-21.0274755559113
-383.357633684408
-23.7965346114133
-509.399832023539
-67.0212878615248
280.552995307351
45.3727742067952
-1119.28347941371
478.149547309324
-293.503872628681
100.958604003186
351.431707993454
-399.601886578412
261.667871445525
180.834717601715
199.880107985484
202.913781281686
333.732151724253
450.24662918277
-61.23575630937
-696.917414480121
-285.906671511759
-152.794707217079
375.416398381743
-110.973647350619
483.253100524616
-528.782447547404
280.446488416124
462.926487695856
843.364972584636
-409.925232996209
-211.472106744812
-349.526813001545
509.044082897611
-222.975044540113
475.637726744277
-359.699097531829
168.354671360225
-254.311870671317
275.747445205119
-66.6815124287311
-661.690559259932
-90.2515431630395
-209.361243064374
121.433984072998
-203.246260551574
245.341440712566
-264.745349240168
-419.99377060805
611.392803863965
-1063.35740941093
41.5371583971655
-541.352280533349
-225.092302926929
220.102670574589
150.786650122084
171.105357854288
-3.59160372736506
605.994147992661
341.852826363092
52.3492836852673
149.174592161243
102.28342174686
261.424823677415
197.423782011956
748.045928063009
383.668310817016
-1055.61359757875
93.9393637828813
-155.408981349689
35.9612363076446
336.987751969718
287.7680909497
398.341332765021
-371.03926961542
438.058101550029
263.532098051231
402.526797621025
-300.722351227464
132.908742309556
-66.6200344202006
386.585823708891
148.00683746188
562.748484873019
-454.015817751778
605.561321671771
121.924186170686
245.737141199206
-789.134776990793
88.4483439779764
-0.448954874920787
-469.480855777426
-493.955530934455
260.038895841635
118.21376665626
-1106.24821793054
-602.857823392086
1083.78161365841
-879.224000690372
-897.336353153375
547.845166362019
-200.63019954369
-1084.27129212142
1237.38924100755
292.394922442376
-1379.89807042649
-482.124630992357
856.598543093084
-686.348751039538
-237.56322695233
733.328662680847
-390.932856409369
-675.199865982569
393.166921252906
267.803964829345
-743.333974914922
-369.940867054716
348.832083123191
191.13075399757
-723.273338821722
-0.684837782897162
590.709704031746
-257.331657429268
-196.11031468003
458.468063317141
1052.82152570297
-566.436786075804
24.3481384971687
675.236487975813
-236.101199917531
-800.901733806961
-553.111306862275
-361.618854928987
483.076374103943
-679.674102983293
-996.351277447275
321.173838923264
166.132219984768
-1265.3536063412
-281.812936948749
470.002878328262
-741.956871225238
-646.770195223881
128.74785975183
393.292922943564
-254.259482209658
-207.615369490415
427.228579408881
-501.899447110927
-1117.23695213802
2.61258188502597
598.130948144482
-5.01263153201302
-751.629187126806
192.064723393549
601.564683204493
-187.945417149507
27.8718652020979
574.454882042906
84.0028236206508
-239.687199881313
-52.7475799692854
126.348838921927
76.0771418534578
-12.857089374663
-621.919139662688
364.410618077082
198.554318241288
-459.840049792697
-3.2730452620205
915.811437976887
-298.654290640584
94.5190205972702
545.075418404045
142.187941694179
-203.301458287075
662.397127690624
1139.87503724409
145.50747714586
621.908737401046
597.713396845488
863.97284036263
-493.033146318487
417.480589067757
1073.91675879797
-431.939818626138
-694.808615157378
910.096459992694
-220.392691380134
-382.071885770212
181.017581053195
585.049952543372
-1166.99522467382
186.118026962943
576.084356639812
-623.484154679201
-601.359904825501
1285.16164904142
-344.77651408529
-260.870925642986
253.948798696295
314.524481883017
-1237.35063973487
289.130701274709
397.427288702994
-788.660348483417
-1109.43723438437
-110.002614493071
-1020.55645320363
-777.405183902846
775.245047281675
-774.716542412743
-1232.22936519853
477.868659513012
-873.8027602035
-1249.76210241807
-487.402699509041
-451.773387158888
-653.174182940845
-720.813916675847
198.007827665082
-408.438152053808
-1104.35304173537
-393.347952246452
724.257398924699
-214.967452965052
-614.495161411402
178.86209909941
513.06252259856
139.181920771169
-125.636400978634
179.490288579586
262.478239198598
-191.64521120795
44.9415184219444
-101.691126908448
7.25235353938064
282.95800140361
167.54071452988
779.118248238209
626.943351065052
617.283560679402
659.942367536003
1008.50249520771
518.326294981089
1131.48099383029
325.485821208946
842.223252939758
1229.39405995352
1178.51273485467
282.045649757497
805.143302299995
239.217169900246
1344.99767689139
-245.159970667797
773.963262811386
408.921668735914
741.038030157412
441.8648153821
767.601071103417
-35.6487709768755
404.765888150742
780.386544976121
916.979465755392
78.8482502099233
252.464705845028
547.325681698696
466.925974386076
572.824281965196
350.986151904237
-383.702328432883
353.741671011477
103.586014567412
175.646308115578
620.151714463686
97.2840413260563
-33.7673199448106
-594.016664053987
195.659363945078
247.731782881115
-278.815640587493
-498.862574600803
-279.834335033521
-950.003371671511
-236.38813440147
-910.911978605869
234.011020270278
-468.34281634323
-178.165336448695
-709.458372008257
180.977449068837
127.828596534631
593.459658204498
-660.859240149615
-298.627043906023
109.250317511179
-44.2804041718192
162.356141376772
267.848690329194
-151.189686925679
50.0310587798625
-81.8075069149484
-444.275152564833
-18.94889262316
-621.898154945192
-13.8804566502099
-507.381692720556
38.7037919989388
33.781580856059
-292.087843668878
-570.302988061101
250.288258915784
986.253286000922
54.2501097751637
171.044220557282
630.397112735053
-419.391817245106
-244.438310058662
-288.220452308062
314.547290943845
401.564068490364
53.8741431237593
-266.681419679721
-243.661269887685
147.394185750699
435.785045051204
-312.201673655047
-178.520329771974
-105.262467630709
230.152957796056
148.236944213893
519.785832173445
191.553553416399
-130.356365887038
796.805515441235
-109.650678714046
-8.83602196950451
-597.690692082841
-181.156626278612
-235.376864373923
182.321209010552
-782.556673841734
-21.8659635532267
-586.487596027727
-388.460245399693
546.659061548248
-436.350495409584
-527.614516064024
-196.623355988051
-65.047811851058
-464.154214638271
-335.158851923118
750.674215555501
-497.972061381606
332.041312336348
-281.464847219041
2.72864887235689
374.291930009446
-636.407096107637
-620.473001103231
-86.8645543990919
-133.811855621383
109.98558678887
-191.410454247079
-145.605453213993
557.097599134703
-154.680152652421
-791.792292646692
333.391688699968
290.632897519655
211.571698835482
-526.124197145081
-457.309594075637
228.460048490749
-556.740966360736
-359.524232805746
-643.726592109376
-603.681903161205
-29.1644859084968
-615.542887450354
-703.750247793871
-144.446428412353
-456.231221696777
-944.373998012028
-1397.90749673558
-606.797872920194
-155.707186362722
-243.761043000529
-609.641751390106
202.881352682912
221.97473065598
-1273.25541350419
-272.375384302859
248.033651333228
-985.436622515423
-159.321074118419
1021.10093542012
-936.587592553448
-587.151129635726
938.380462280556
-4.13650354108708
-916.951192579226
1130.86940492436
-347.755599889739
-1630.83415071576
-52.7788250344486
-181.424863871244
-1224.71017844269
-267.519449263803
-235.21251017719
-771.106917871669
-1094.30702460157
-42.5486835437327
-2.77639413431598
-768.47634839058
-658.941085226407
490.715858102036
-234.275842000163
81.6260103355105
-81.7222674464151
839.137431045598
147.797857791563
60.3317040131134
1199.07655334546
802.893362533196
617.22278756483
31.6507504695238
151.597756605398
1021.68929711023
192.2265334909
360.519908251645
816.992257096665
603.900594026339
176.597874698059
298.704601957976
1102.30839776588
-808.009234521863
-437.500554380546
1191.95505440441
-986.866361407783
-856.152565963142
601.408781452944
-166.446926128357
-1068.89694149437
675.923814188772
340.2014797871
-781.781547330292
352.951185690099
653.112851938219
-234.417859189111
-367.628144660045
1586.80751636758
132.229299569941
-545.212827584481
918.212238706199
468.410605465311
-145.775284837443
478.505341028214
625.245319068656
-1080.36656885003
930.111790512594
1335.43975908408
-1018.92500979257
511.041992366082
316.933704191369
-197.553723805453
-211.329521357596
982.194892864581
749.141175922072
410.080736095666
-115.667812936901
854.63558285111
-137.478628361343
-560.144167143011
738.779732755608
733.324718431282
-624.734826868398
385.183588169378
587.959694338228
89.6534207368161
-172.055517110272
1410.26030568346
-216.497919137402
-545.724486492526
516.99623335777
652.679673690918
-574.319329831099
-383.142325132871
613.683410968951
-140.173320590432
-602.736064101787
1343.30386027254
606.651911200404
-621.045701917462
957.053531346263
385.998722968173
-435.006916557494
-7.83733274738032
1172.4368508309
-328.123218871002
96.0720729543821
1614.05291437446
-792.315055672786
-1146.13252793627
694.5221479146
302.416619739474
-514.469683055034
1113.68008081717
-163.144057245441
-1487.11062563442
266.487711464984
1086.30899585366
-1120.43333741816
127.849210490156
594.070715744381
-908.465354828574
-794.262416655867
280.596232028727
-442.875394075709
-1216.61322880817
399.981702580005
649.277642570444
-1211.74808712431
79.0138925404286
147.952433422472
-1031.48906436894
-359.915972614038
1094.20687770265
-680.133401310662
-1199.11795459954
1294.72955551029
-738.911655413666
-529.610915910661
997.072663749195
-917.527573778325
-974.430074716467
1072.71074359124
-143.149938101722
-1167.11453007033
417.070776774892
245.042235459045
-1634.18346142853
91.4252264649396
927.760354244576
-988.300695239457
-426.806839374676
944.786574046848
-698.999316577965
-158.583789670246
1007.32891744963
-361.353577763403
-629.579903460729
693.050137577277
-131.657671504707
-1144.88871561341
321.466191311376
-26.2059312117346
-719.593983867144
123.369375432969
-342.119441101276
607.034737804784
-574.129886574002
452.484387148051
69.006199800365
-471.537775508195
-149.035658993194
21.8370721871507
-447.368547006746
-138.328559825339
632.64750389844
-329.086376540215
-385.043932117708
-395.433658447706
507.087165682356
171.859766186204
34.9921123454313
-355.598091630617
-446.922317689721
451.492403731604
-363.473471044391
-303.39213089042
-178.612857141071
-130.243424502781
401.030775386731
-232.093146989961
366.444825417387
155.573076407823
-296.80881402902
-536.373943643491
304.08703928961
5.95103494866885
190.890187864351
-446.776271549545
353.422457357051
133.98592111446
-36.1872611905994
288.158023534911
-285.298960316306
78.1021465719224
-687.027948679078
-474.292693790514
-701.373071163653
-740.714372544872
-1013.41646233312
-1032.91743184577
-678.946267220386
-793.027368310267
-676.362482826128
-728.760847825232
152.210604241215
-441.793256737743
-334.602470595168
-365.733084021469
74.5698578371346
165.18830286216
21.0683801555028
-92.9443735745221
72.5938173863743
-283.104647257745
-436.159329340821
-340.770042244385
288.436930764541
-803.939335716538
-14.2030289279111
172.728749144251
102.303917374786
31.952171396702
75.5942839567933
-196.751646636824
77.8168561901679
-2.90499925318279
-343.666935516442
512.290456933981
-333.455670123034
18.5618940654023
147.797142014351
777.931105763936
-240.060323890844
720.554260292899
-81.353526183537
207.210942002782
113.94115658707
523.615630903826
-12.4711648601565
70.8157160333859
104.50598536932
1028.18898036064
373.780678731829
617.407775870587
720.373088380669
365.370366044047
289.18679678402
630.85894793411
285.047712137027
246.872407974982
369.605069121083
-101.561244237942
-116.179893824771
474.767072111612
480.541358377035
112.969851910481
-472.066037365284
-238.123798071614
563.241986684821
564.629966298297
-471.057422713346
-645.725965864355
957.651965265841
630.354884520161
-734.12903870477
183.881684279205
290.69003669143
-538.978609407171
-283.874978197032
252.909097384543
-374.537794749677
-452.500672880544
-97.6903547092851
-187.904266259167
-1354.59204928147
590.61879656141
541.922255556439
-1387.41063908331
-94.7208768702325
123.473036543606
-1208.01342320706
-481.031695699096
724.547479119707
7.12673676837773
-364.480702920618
412.140009072744
1475.8256758644
-546.950484502857
-182.236840576198
1608.96877055656
-283.176791143584
-578.653691119774
1078.16535376391
-51.4787451182225
-565.425018288183
1055.14627191879
248.577886804393
-1011.32790938265
524.762688914461
558.047423286764
-410.529623759957
-545.790190379425
763.153684961981
-92.7181697220123
-450.318007831594
458.609446300345
-106.538668117211
-817.911379232918
645.989669771649
594.99377056417
-734.134623354448
-646.115974249592
649.509899179015
-661.249726490353
-639.43074933217
353.050761575965
-69.9578255907969
-1178.53705806911
227.161965511127
327.926053759184
-272.331903240283
4.51152106720242
1383.33933726111
-391.317228347848
-246.372618797049
1317.84763786086
-456.774205603015
-440.201962506224
418.316601642839
119.323537519584
-1140.53673099053
-27.1904756194874
70.9910076853088
-887.895619831355
-626.158831753389
-349.234133320584
-159.812278380908
-1949.51094627889
-512.606814594399
207.282813126387
-1009.79098589825
-837.289699560113
-181.932957442029
-660.408316706918
-690.560328430223
725.819105660823
237.096305909293
-880.540221056106
-605.452026639061
1014.27264812467
-250.601842583889
-865.221047491175
491.628129960973
384.809539301291
-408.178000074758
353.954728893679
1536.4331316834
-585.702548940158
13.1146623186377
812.812327376455
108.808458626325
-621.919314756236
181.825516083711
751.131442366467
-403.01293772852
-298.378783267877
1144.24126257046
-431.106274853488
-837.968816324723
1006.66270017137
126.522360754503
-1040.50916590242
1133.08995720026
370.18064318077
-126.610714879158
-97.0882344713273
926.620659715766
-238.803174665969
-1373.90133744094
730.593684312181
534.245327594971
-945.406199714772
689.567782628785
-198.962497976627
-1040.54584496151
-173.858873203221
239.903715129825
-1038.54936630384
-609.372670777672
244.651520536477
-1155.80250483321
-1197.17096302739
267.317814907932
-541.923534241984
-1385.23498340075
446.045761292493
-201.434273496409
-1342.5711106559
598.336651792114
237.422946590232
-1060.24174458501
-469.22593103725
1006.29259775853
-27.4098041240227
163.615133300833
1348.20917473291
-803.522410488453
-164.965390002101
1072.12139022912
151.667993674622
-771.791078442603
1291.98251661368
142.215060376146
-830.673051376578
1262.07390068995
1057.58708818563
-700.746200052433
772.571204604949
926.388268962096
-140.462112142859
146.635930100263
1579.89369526412
493.786483296688
-453.233273477826
617.312501768062
-225.531666740113
-160.835925351826
-95.4023515649585
1008.04096492045
227.511648161068
-75.2591543598302
1073.0631556617
-69.8041683648048
-638.157880967086
306.92786075732
851.829158348569
-688.873359931061
126.763352007769
373.920159991781
-163.079574201917
-849.781954435314
397.099854439857
358.057967830174
-720.759255973146
-590.927425692332
875.730981505718
-319.905209307524
-73.2824255048781
325.4002324298
-24.6827141472967
3.62706708789983
52.898332143486
-235.293033011643
-436.603307220306
-126.775973548083
-83.3060191821914
-254.462736931296
-369.720461846346
-628.523905978451
-181.048949884896
-552.495821029465
228.305283886322
-257.670754237592
488.453203850167
270.397603096174
-94.026054730337
-99.3471656827367
115.929252574683
58.5895339597514
118.033818978469
-920.968872379249
660.930539749357
153.178928569138
194.338975346355
-222.456330386942
-38.6862240814073
-207.978306387863
345.71121725608
-184.442712116275
-257.853414609945
-123.073199442795
-42.3171436764405
-325.145435886564
-404.260799483355
120.868939872504
-110.475472571216
644.624892553466
667.011035958484
151.080473407414
-181.405729370521
-269.280100433797
23.2451139671632
132.62137259514
375.464382609952
309.529188863071
-103.083637375517
218.668152600057
-157.344114144279
-700.738690846072
-494.282605658556
-356.095665240388
-946.998015613154
-583.916441626096
-121.53520153659
-144.370424916101
-309.7334837895
-242.74738827369
391.817491240308
100.549206541466
-77.5620428664703
-248.216444034585
854.340128221698
-594.276551785084
236.557804239312
198.669675163291
-154.603385320734
85.1822855315718
-447.66160432164
-146.479081409491
-260.774769174125
18.2304932791438
151.964956024434
304.084603092064
43.3263820650882
398.926029438706
-413.398826938083
-298.691249252605
394.773749154445
-679.210868264156
-680.490257877303
-699.492344676597
-335.145687148719
-401.991338539529
722.429807468795
106.942682339855
-375.200473204752
114.744322577916
206.309943365336
368.353066303949
-291.340144587959
-191.552719436161
166.984091995809
-1043.8325789156
54.1872180910591
-404.68787461734
-590.668317833215
385.481537494347
523.957770570204
-360.19650096872
-625.96702345698
-828.853347156674
138.130310069249
160.6048865567
-1102.30002240027
-455.240758120356
806.868339691293
-303.145845115409
-1060.1833034155
999.136471415544
-430.400698887174
-550.670109203143
753.810397013076
-517.373785731121
-920.644636354159
488.952586990835
200.272143712318
-1499.41838157186
520.659577524255
1072.18966380329
-1390.35985665565
-848.245077050953
274.013596587679
-705.320506107032
-465.02339728641
67.9471281780254
-905.151402443382
-1513.0307118914
335.876282887473
-35.3695721722926
-1663.91540472483
329.119082897494
420.744107129075
-1753.2085798148
501.360204760785
1269.53873819297
-1045.02724927329
137.875090308939
1112.79068358771
-211.280434441278
-1160.41611451893
736.373348317008
-434.962872427023
-1306.11775915402
-170.455835955939
575.636964827316
-983.895115709573
1266.5629181499
936.233316128341
-637.38939328955
-1068.0551810041
1179.2697579335
-690.559992513525
-800.105148962131
1296.66630875474
741.844916717834
-617.831687976837
-52.5811844660496
667.024926592866
-373.590230238337
27.2230670393315
1096.68380786854
140.026192939654
-892.348938721998
920.200399360806
330.522803952871
-270.208070450672
531.690557548295
548.09539204504
-929.395558108322
302.784991350576
1011.24085321629
-190.223313500765
-763.128424133475
181.83523561883
-317.751559503748
-873.063983726012
403.196640352789
857.212736643929
-1300.85439347803
