185.506698868725
-95.3220159470047
-266.232835784314
-237.227025722974
-491.492906685027
-316.199973614865
-705.361072129501
51.345858930187
154.640643799348
84.4400831402521
-162.765534008336
156.715320078755
-281.958369652396
-43.3329561602678
-265.997888320762
-7.08183024861131
-99.1109693226687
-378.462850824476
-233.66651679775
-295.27272663068
-310.159466379974
43.9940953514788
-107.992677810814
58.5718701999695
294.909614086628
-14.2460819188217
-118.261646031016
247.585100787185
36.0913477719198
-471.852106532266
292.212863183333
192.778077636957
-738.974945320177
-153.474011092065
203.431288093674
-254.688041787697
-280.218733581908
798.632597774519
119.742337780114
-681.454390649712
67.0496779091376
212.896669688023
-488.573558072324
135.815015359644
508.360036026743
-365.146062204774
-236.488485360045
199.159670735794
495.835312529321
131.592795204544
109.474315180753
506.001624231514
302.955171980822
-324.076546439824
265.829008794471
460.506026401871
-205.185435123953
-93.2635400751846
319.032430238242
185.939417843992
-605.810691701992
28.4035911454765
302.287346593467
-238.901284174622
-459.332298539935
386.688494987232
238.525832109664
-479.418761165586
250.983065612996
357.044797993567
-274.629471497647
-121.871165057746
526.693274715653
-167.947545922421
-556.368303007631
537.9799665988
314.471355395438
-638.808026970709
27.9409940940857
544.103799604383
-554.676137500526
133.024585157015
442.022728685977
-162.389783465437
-488.465637572478
579.84212811082
-163.168883263119
-484.139356813963
650.175874104459
-21.9177125607226
-837.764813304509
494.460298823345
341.138771409273
-490.342763546536
335.217929737038
590.21843719354
-735.655481728037
-312.425725560331
267.962724149654
-277.27968811436
-368.108069541314
746.747652033617
55.0255607277871
-296.114042592323
-301.452965732602
453.641820014226
-467.697876239509
-314.997883248075
405.320427228297
-181.763692001448
-287.059450561706
127.422104915733
-118.771052794657
-403.751711348497
242.044958494577
653.953307376423
-395.983591049184
-31.8692684988771
1027.47823563131
-187.118667817736
-356.260590347822
590.15381727443
-565.022398882669
-333.478389074966
685.284192139572
-325.710112238968
-539.6693646913
729.893416525157
-220.8840990517
-432.940349155414
343.45894661735
-146.569392607835
-623.960631023949
362.361712743047
-158.795563894705
-573.765885205765
-119.763250239326
181.811455626081
-224.04317722019
-177.552778268939
382.566381687685
-120.875577178055
-521.4523044295
198.459699122383
189.990630838695
-677.02502529546
-158.393499526582
414.582926041204
-224.659054557136
-132.00172242492
395.739999142451
-192.432393558848
-127.766907833139
423.96924750948
26.4402405925922
-329.459255229441
462.408125476416
134.904482484528
-598.424354947094
326.943285824411
14.3260600700019
-652.647652711406
129.877590764974
261.406968387477
-424.570264543314
-99.4206850046035
112.033936840994
-507.135734529093
-363.576768380535
126.073135423385
17.4713793226127
-475.363946813428
-77.5085748595002
-137.585137854265
-459.433803821842
-52.0782319808557
423.396312153156
-486.199429344232
138.841132334771
510.322586868702
-768.306148287154
-211.518670891154
94.8899063712906
-348.608806172084
-42.1271986418269
188.213839201686
-308.628818189622
-366.626129207962
375.427314535401
477.86474795572
-134.646020466097
413.450836780853
-69.8601928054628
-536.859824437533
51.5848320953646
125.129488983791
-467.013559524203
161.780580811647
341.412187616155
-130.434725405064
-20.2859090810215
78.3007654714883
-203.611142968992
-335.035043081271
270.118134209766
156.415312465487
-111.376295108946
48.762144762571
345.00752664831
-61.0522950877326
-342.324806654357
-143.755574716972
168.553430287042
-72.9996942266651
120.523060851229
-32.9706891435274
75.8504618764818
-127.446995175383
575.212699660026
-353.856776217132
-77.950266132108
180.427930689824
474.790675435392
-535.536526352201
465.577900629366
86.9764814401286
-288.957533077009
219.808906834759
594.442139796181
-350.982790929338
420.710299625324
417.440752837426
301.797415179868
-52.2977031838195
539.112313214286
77.0820509632959
257.823688134588
-332.709660427907
293.461187969003
241.201276759719
41.2787532858135
14.8664186815358
232.730650711426
-527.202669306634
-477.170215373057
465.921279962225
-100.793623253768
-312.856301075641
216.313459570747
-311.454386876118
-553.231989821286
446.93713166741
-181.679585343078
-604.011474344398
-29.7396874162364
-31.5742678638649
-1002.31863853237
-1.42714453752885
217.273611229325
10.8525664051804
-615.032138710947
134.438621012251
-229.368495042107
-731.999008670859
-357.663229517818
-109.289651867086
-459.814182615251
-480.390625828926
167.895534908794
-251.55399898204
-683.066007006312
-202.935455853098
-172.314912942917
-599.962523528393
-441.451680121197
-106.549840730727
-2.54475293795767
-16.4086955365988
63.0736683648708
141.629183084493
-265.097451103154
-446.319905202861
202.942651022627
91.6169890847243
-297.345017373085
-275.916000978268
70.7415515696857
89.8992357282244
-369.897014506696
-313.149072179861
138.498157196315
334.843336000209
-272.326350570278
149.059707797037
372.948923600365
-24.8893997051005
-161.771978620365
559.578631548465
244.87152805105
-521.855110864091
-166.609346929656
337.421333313952
-288.000071789214
60.3212639366486
313.946940688197
-5.86850840661256
-201.773628593729
291.700151236787
72.9248758014934
-141.621833344395
-401.508048506458
171.306936314272
252.783367907031
24.4313143377284
-79.42434172843
161.081580525113
73.5198872481757
-18.2870190945834
-230.870759595081
230.620186939624
-260.568872065972
-110.517481467613
133.423647184689
121.416202806312
-248.233230656579
-146.655334908306
334.871137320807
106.00729276881
-131.952873845836
-50.4880879527795
168.947741322492
-111.928356037452
-386.120011230459
265.136895100752
-158.01227880449
-606.704057731672
92.2220333187289
673.655116738391
-828.171162307777
-601.370827325136
447.872205378012
18.1016469847339
-488.001027171825
317.466677758494
542.923077693002
-75.7504964572874
-328.67193495221
538.497842305674
367.467393164453
-465.917158275804
109.433382985014
512.862922983483
-188.163913616539
-186.560312127127
521.11095222753
-139.224809975573
-329.392281808965
165.956217914987
359.062452100392
-47.4874675035293
-6.36197667192213
651.4040433937
-240.182331348949
-272.906615993787
363.45907810624
379.655376195598
-326.303905857524
0.0131000258569749
311.219707001033
69.0999842916494
-421.525734864001
165.883771911199
254.997251265807
-235.242576392076
-148.549187567164
469.281818503429
-273.161731086646
-343.88222664671
-135.880319021464
228.966079992459
-508.819347509821
-272.790132133363
353.019744833646
50.3132385227943
-274.500725089626
264.125018350434
222.570239196663
-344.143652984569
-465.406110204139
46.801863504222
-96.7564781373634
-904.572822212468
-65.7963877890985
340.756482337487
-28.3275737071984
-826.13879124476
-29.5963282988309
175.735533943968
-485.601141351015
28.5330899731371
451.856637714208
-518.802334516806
-314.856451309252
376.654582190379
693.624471209143
-346.166110932097
129.163690217888
236.271707370311
283.537746814183
-3.73638380208799
287.038530199538
728.165477876814
18.0156417116425
-1.8264331140134
965.63756426967
399.496762372898
-357.242222197966
156.106820442294
379.481716914729
-108.521069913856
-397.537846042372
484.337171458921
384.83012811458
-102.164260051573
-424.586393516021
347.074589493638
197.94362310558
-354.117189849311
-117.882084043219
430.35528021879
-429.545140268159
-53.9605024616733
-110.365458222603
285.235763435342
86.4298953850289
79.7596918909571
143.363670854406
223.251449801115
59.4225156363105
83.8943266852816
-205.701520568704
293.548452147714
-74.3580489052254
366.321881066481
-143.614843215228
159.500349990558
45.6667013960234
-224.508501315562
74.0592745523009
-40.9904247396815
-83.9675326879725
15.9105822985873
-142.477074083945
-171.358652788634
-521.478024836515
0.722704737918706
-135.108743189509
-47.9366404965465
-358.491233310157
-80.4181790793093
-476.798474702567
-5.2731804525779
-520.993361039951
24.6525281914883
-411.073269018793
87.4324890941681
45.8492749943529
47.998270158559
-81.6067351171559
11.8157584373356
-341.963684864293
187.931269941023
-7.57413690301124
26.7113742406893
-139.071886326794
114.831346064267
-358.54883170419
-61.3402553270531
169.198415529285
-122.016250609713
105.276220261439
-183.157797981711
-205.339201204669
-65.7562713661892
-70.0820852768721
215.298708809884
-104.969245599063
108.975627131876
-113.950653582568
176.117586258463
56.1561355410436
344.84644135102
232.858228359329
309.736697786344
42.9357017463918
322.749978585621
369.103652545065
289.153808319452
212.002625023562
489.80015002172
-89.388775557021
351.051513189225
162.749980722172
385.246114785202
213.132837190974
208.414379999326
66.3353949336227
304.239781261293
199.555033190621
199.55680647164
219.508627891326
107.222810182221
238.4089036355
273.079785714818
127.92431322858
164.914235740678
64.039809787105
184.106854071955
343.744585406388
373.625031543409
338.497702343404
139.66686503491
-118.410089608248
75.0096108329143
237.626877021401
77.9817637552045
-15.7911559039508
-225.122514761925
-199.275447958647
-78.0064807367029
-92.6927307370533
-88.7925276733589
-124.870405039741
-122.121830708565
113.247493408601
184.767163285712
104.850026602184
-345.978982929951
-173.304298205329
167.879231371759
-127.354449394046
66.5991781026836
361.806494870144
379.142829237331
22.182526913837
157.656100148776
-126.000464819346
252.750451705257
-11.3948081525872
351.990764428106
48.6548632414291
292.503454165848
100.806003512612
634.259558325187
162.487892960089
-34.3175462380684
-88.5355368666058
122.552038780851
-96.4209502161411
181.503336030643
-31.8408364497096
-45.5123014595805
-34.231306060898
-189.070151415448
-336.716439795329
-57.0265398728521
-133.584720011433
2.98847450518866
193.826046318179
136.748098035066
-114.606992427383
148.276296968408
41.2514569816393
156.119192053565
-393.311921905982
103.876872616146
-321.69886322054
328.792618342604
-7.2709718756844
229.254547774385
-277.347856392561
-7.60240608424245
53.0346878789092
-180.236112950655
88.5977718866505
-118.710449631321
-354.206391692892
3.37838972791224
-338.687899345401
-347.143173106861
-162.83367084658
-94.4121011591511
-158.813416371536
87.8133221755384
97.9851657300963
256.492567233994
-10.0541468305802
107.696063324782
-241.319850253225
165.941946570065
12.1150387709632
204.877773486877
-55.6158369681099
307.107080868935
-289.689505923794
68.38780140453
40.273069749576
-129.550992316723
56.4636686468885
274.665959373035
11.7065443799606
299.336230720452
1.94136139638667
244.749532802627
-150.596396643809
298.593926162241
-24.1259339771951
-1.60686627936928
162.128583331431
136.12565384296
-59.6166333720624
257.217415772686
271.113683907686
69.6969156397228
-165.29612653647
192.11830451955
-109.596400462265
1.83841764745213
-10.196070681137
32.1207796848405
-422.499950509697
-271.807017030486
165.570268409946
96.0687591198188
-341.887042386991
139.559409722867
-238.066301611881
-307.672018326821
-69.2862607090565
-177.987235630026
-98.3748609199583
81.0464234434353
110.301587633364
195.296303582459
-248.753205971575
21.983158190595
-270.947222795169
313.384076086518
165.651217981405
118.625595081652
47.4842655093421
420.461229582367
99.5718570453784
-152.358420410432
232.893254426184
194.729158445053
114.723698493596
-62.3294324652124
190.358837588431
325.441574705982
113.300358318912
426.042466147909
126.9873881801
-89.8026002727359
82.5576896702261
127.331796095475
187.775300729824
-318.030986502793
251.55399369294
132.477223414901
477.92634293058
358.177304995329
-36.3825913233213
154.918859726097
21.5464071745004
50.1932022347492
112.447068985787
-116.864649940186
-40.1670157203176
210.849634591417
-242.107197151271
-125.873095686734
119.08827004653
264.947575158379
17.2833148126973
188.118088185916
-127.934641647614
117.443827465561
12.5549453651813
43.3786449116305
295.147158739262
-34.9392882216359
-177.959512960664
200.867145713962
76.6594501889544
191.67230840754
-121.431713680201
-173.735378366696
97.5716397287696
135.021087984557
-210.167376038804
125.22474797047
156.283064748215
36.9993472654913
-120.707114356005
147.254914550592
289.368956691368
-158.726618587634
-223.529864696914
191.343516937911
-138.163133566289
-57.8236589680436
-330.400981659822
0.992447077500486
252.303798573239
217.926937651065
-43.7519137349637
43.3849040739361
-148.739062708511
153.07870090955
103.390710073831
-83.6778859786314
-91.0626752682403
119.222278665856
-113.703627154201
97.4942752353529
-24.3211566257571
-150.13454426318
-48.857057425265
253.317206608607
-156.118841493992
233.609656534613
-131.561825406419
98.4437593153336
-107.344992179413
52.9433424098491
-242.731145808628
-251.245833598877
-265.498502737019
409.317179226899
393.613006032325
120.611473313271
-139.408629282639
277.705308416305
207.896757393227
680.388539693807
296.357231028194
83.7154871140421
97.7768114742733
-41.2513918642809
-22.0512798739919
193.681948334398
178.509442052335
28.9441148087475
-67.8369758829359
78.6325101958743
-56.6172608214688
92.0001107334
-94.1032733825519
212.134165749751
-180.983480714568
96.7853806873395
-239.523104164897
121.426010647362
-305.895474583452
108.840342933936
-86.111152965746
-8.89048473048018
450.099084970245
393.642804539949
272.691564508175
522.618692420651
394.025171956793
457.943846389793
56.6236893564611
44.1800236577221
393.455669912959
113.777770768504
606.322840929041
230.952678097898
309.015680196951
154.171332343582
188.924827138534
242.558422748886
207.3043412316
195.915421766568
160.416828854964
12.3908051384637
-100.491559588037
214.924644735154
81.021336870531
-152.995125943132
100.28425394118
-156.023631544594
169.171428796904
191.513758642508
94.482501529094
-62.9623602522478
19.2631811778091
85.2434657068059
65.9130359220519
308.440338402573
208.125335245977
64.3094583322074
299.538047072248
40.5009017944235
-150.165708528696
200.437312566816
313.270634753714
-53.436972525131
143.503043733433
4.24746908537233
287.945963059661
389.585760698706
204.801497793282
140.89744808697
269.078597900817
256.650300354264
378.75817262324
185.669130677405
-110.857805009597
196.146204509609
-205.153874644325
300.033952016427
-28.6045915965622
380.4740548466
-143.514002587023
-51.669699938608
259.7116599128
-85.1740744237974
-214.370647613239
198.357439394417
101.392398700778
44.4124490092333
201.803157546844
404.038235137051
200.747466382549
205.540921955605
249.158142631794
72.59204424124
172.075158507006
388.723400159267
-101.126712501622
264.405798754446
-50.7900394146427
139.170344803367
-68.3133385965932
116.055167537961
290.18733310216
253.073386930893
30.1405989447854
342.975784916363
-76.0366954651582
260.521751227288
12.2661313805053
67.6090535750505
-292.541286445903
-163.486453003782
-98.4338490775076
105.507340297229
222.02975886846
108.501120285995
-72.3371524454331
67.5490182661612
144.895678215757
296.778205051085
-211.72913620038
26.2792301814151
-0.510143695036518
144.704307510496
309.811199734145
-43.6132688145946
-48.8313380703625
-89.6621977376813
195.28623971969
87.0027982312098
109.476078750614
-138.75441112331
-161.673451294298
-160.698126761483
-107.920501951272
-185.382236014847
-68.1187827285638
39.3223941814171
280.69938481085
1.62892840685917
231.699285064879
-75.5548215156312
340.92660660825
126.61135581856
118.32258606948
20.1717696685151
4.60693095614116
-2.21467662156628
109.345637786552
290.326009698081
136.170887979633
35.1620641972192
-20.3764973055015
-151.35628394784
360.062515449982
23.6033876331808
135.391235393722
-24.9529590319958
184.034073260041
-47.2543236619088
253.206724096076
-314.441099287338
145.107988840198
9.76367764455476
227.331536980808
119.629989142023
-215.950295148947
-32.2177482721904
485.290782856014
156.413649405528
-40.2694449332433
87.9693243359804
190.33618025398
-255.501021205496
-84.8770551185548
-34.9656982515273
173.190329203264
361.290639872327
118.639077132475
409.055041717633
-159.761360415881
-200.112992155406
-115.423922138562
-78.1062299399917
-259.374220376493
31.5983184607433
-306.334730538512
179.420515887598
-264.624035022747
134.087574610635
112.892718656292
135.11748909116
-18.7156083139922
287.29799447167
132.647182709852
146.182382878864
-138.824129181788
399.02190143983
-300.059657415638
-5.73293864538886
-145.889653032569
227.389004565286
1.62988744926835
231.792439167437
166.467943700674
159.030807696286
268.88700965837
294.404265945247
478.176847567697
1.1029493938326
38.7840875904143
179.574473734097
116.851660359627
193.11636994929
-125.128436747314
288.919318581696
55.4851078916974
300.679738528211
-46.9634136963759
-134.173670501645
196.785294342466
-92.1019112755409
-85.5292400444362
346.770478441499
-166.932764452414
75.8153982256629
91.2062743762829
172.874295432835
-159.449501033653
-126.314495920952
-58.3414797395499
61.4792624622512
156.39562553185
313.488630918187
54.1675638338743
184.757925092053
234.702593547986
410.718919396766
-99.6852905965774
270.312377922778
-297.284734286253
-98.2573374529557
89.2491501533433
38.0092101924649
-50.4878179550309
150.786816990723
-74.6385170718312
30.0850111986122
-205.140100341839
146.154665382348
83.8913724486437
-353.968748656869
-222.083399943436
57.0724204051402
-296.893078393139
-43.1056332156292
-188.560745340614
34.3809681065288
-93.0847684194179
-127.654471008598
-75.4970267459707
-14.6390141855279
-103.490622925971
-323.18655274262
325.309234494193
121.653646787949
460.044136253231
592.146308524307
402.77540244779
301.142633338836
10.1698546400189
-87.6287943931329
269.304745658669
272.940253229655
460.784789555323
541.794191667055
368.482001553895
-10.9826121027949
62.4119549777074
286.723285330638
110.222235919786
74.9909490877437
59.631173986691
305.084598149222
190.651503932911
329.117250892963
251.640576741747
359.971606105637
39.6478900519517
481.594985824307
320.904576850931
-159.867753328205
125.137951137729
109.438888867619
-39.9856697259544
427.429674576209
246.302506426606
130.976099751697
94.8131458559265
-5.94342122254108
447.1502911795
156.750417180652
266.945315919777
231.934054800655
-67.2617171135102
271.258191507403
-346.818996296331
160.38209046231
-204.49454639785
39.2838327715858
37.5747403856794
37.9887946833693
-193.417411754935
10.3325987890914
-312.217496097974
3.98715001805851
257.691092878532
138.049193534717
39.9936650699711
-33.2960541888012
-9.11852899555532
-183.73957664259
-165.993911909739
-75.2710114768045
-255.301794115969
30.7661776309027
-147.680990289718
53.4127657437951
165.179700929426
482.78983784063
-134.221702550429
93.0861448388908
31.7805981017833
157.322552803746
160.938462612035
-314.382635912454
-102.929046870974
776.647891115459
525.036440788382
-820.363186693909
489.728811031652
903.717605576872
-514.686012895769
295.107292634124
664.799234947779
389.933418630571
-285.746244757043
153.588897226667
598.61425599251
205.059643169338
59.2366841950059
-254.598773584196
380.313094107372
341.28561860892
-91.6526538081939
-238.341809315701
211.628670063317
255.551770225292
-353.319203303786
-313.906793677467
154.593324297117
560.794876616966
89.9336319647323
-299.170300754659
20.9478453258659
527.292914328137
-235.753743314774
-237.278465167686
253.797085425643
473.094719176503
-365.741160058185
-360.954050111073
437.871811749565
387.391190136384
-337.177595546089
-442.340844780306
262.374886384663
539.336346632667
-234.046184028365
-29.1646466783012
140.58484252719
326.349656172693
-710.191542174813
-240.114766755351
30.6911907957384
658.141777165725
-134.235146562131
-44.6936856692916
122.565658990187
523.465834801972
-3.19107538986006
-282.071202044258
127.233369892747
516.483949609728
51.2438108587068
-580.735450681487
-123.526565370039
86.6013934741591
-276.837482576401
-459.326562340748
141.458004098342
-142.236665962766
-362.933224003223
-576.141278386067
-155.361581270645
-56.030413967489
-316.645689277304
-522.748304027268
-15.3311342590355
148.95313318799
-258.622519633815
61.1492002184362
374.92442153149
-264.861338714401
-692.837065560707
268.466125540221
744.856948316423
-531.535735904038
-362.487732188456
578.729586451905
326.835127223082
-349.705984135809
79.8132940501333
819.96863877683
-234.876605200581
-375.029256283442
265.24617956653
839.433925194545
-625.254046399686
67.0864930960445
571.696394512531
170.296295838426
-465.936559070484
210.977341323332
504.42272634282
-28.1577746146571
-656.441567595144
376.527525762942
431.106837317158
-361.463032069172
-518.175929266742
572.15482286642
292.5197294926
-548.273144701293
-395.597077091033
411.9284874737
89.8209798648342
-520.398084366483
-4.21197253523539
705.459131752526
-255.087042006185
-464.346150630988
131.093182776911
483.245205403383
16.65527472265
-655.076169853302
170.108492950631
325.056561059838
-689.874448942522
-525.720333555874
517.363734186595
-303.143806685414
-628.010683584179
-138.77104357325
210.017074514861
-211.473247782451
-862.164939765943
130.803620444604
-9.11389324334237
-222.375899938838
-245.883410717727
207.255080632392
182.692458740937
-983.071926004856
-285.60929344701
222.601707416572
-144.444317333929
-411.139419271267
404.556357615324
-57.4774708165359
-523.08565102117
341.432803342708
358.615552687464
-202.206268250478
25.4633749877834
27.1958639279047
178.605748998926
-55.8783324285595
68.9561259199623
212.841128814468
139.462115766151
-181.449323915087
-165.518848714293
309.413463688262
158.071987817877
-118.117472440484
89.7676935268932
36.205663777435
-301.446501886567
-258.285843293571
226.529683642817
53.3527420896616
121.87509930369
-115.750831869201
-334.856738382518
-414.505898380618
-138.902874662669
-390.011111080234
58.3670574059103
29.6932943154628
35.2474720166457
234.048674749331
53.9863179728716
-64.8014418696933
72.2869304268019
-97.2225565252477
177.657256884893
71.8918591393176
19.0688677034096
6.4046712643827
-89.5853062797499
28.3717395811929
66.4531016163345
348.563979762635
84.406943396206
-65.7066380165698
-59.6709764396017
170.951555242202
-17.6270161468919
34.5884404225059
-117.561183217207
-66.851781445598
-8.80333733198743
96.9512501984179
-61.6995028684762
14.8003814071949
75.643988149191
477.340405931128
193.998753359719
245.2994833301
271.040555979314
-68.3755878077128
22.606856972633
6.58667092305063
-92.9623963250536
193.86380479817
44.0530664329698
318.680730507195
174.597179871147
124.405689996444
61.6077849509185
364.119335111675
-71.5190287673637
132.313612744614
-96.890758945857
239.297902141828
-97.6529863351884
285.732442186729
-16.5029649535828
404.787084493064
32.6345532806178
-146.994330079182
-343.404458079114
-116.915985278636
-46.7157339499474
58.8099343063997
-241.221547383168
183.307677820429
-238.72957232281
135.772454542525
34.9440998680454
-10.4205011373402
-250.652726327355
-207.106065175522
-45.606345757842
-246.664492868923
-311.497761745426
332.500613753727
-50.8503231521712
-792.332199848751
-84.3633834729806
505.392848174723
-477.180824681569
-911.860659955861
933.522866876222
-235.702642792802
-761.162719196072
678.747944834241
883.81203245419
-1174.64588027545
41.6650927100897
1233.45294561849
-902.615392997774
-491.239793961153
779.607696965858
-391.751293698185
-971.520663752633
218.828318117963
588.907538642389
-379.3558267108
-305.461852424741
625.233195677294
501.707628496148
-246.562766833829
41.2937421106488
549.52291384729
-355.606765456828
-498.145765602257
-73.5943778380984
525.170953141052
-487.614109696574
-572.087044645707
543.195567754579
68.0120292372831
-553.35127989417
-395.423085021521
11.3331059474106
224.505934124822
-373.64502082905
-555.826072915258
371.799175558181
418.464129927747
-663.537113783224
-194.269150265595
518.021236469164
-292.10195326319
-589.166720288925
311.998713438434
116.307212853156
-625.550600828113
-732.867961867156
267.591366579247
-203.716573313621
-906.129270897656
-356.534752124599
478.27153968344
-424.830897583245
-778.656236497789
-39.1734219489961
150.551131669996
-655.761250246344
-249.971209663767
231.320055823737
90.7873332671181
-474.02113406081
-226.975238253478
415.087825696088
390.875673392049
-207.737806092483
-165.099527342494
551.658096332435
121.329605752822
-217.655623943901
74.4756049074717
1071.80495870282
-128.470654974197
-144.982424165675
518.477817530487
559.323897836577
-815.852028191115
250.329571778472
852.771874659962
-32.778572033531
-306.591211227134
808.963736242033
598.178406065101
-721.600819339433
26.7760723427685
648.769539695644
-234.44816542629
-777.437863602221
849.76062680607
-20.1977717864674
-882.818094952725
576.324520496885
793.326389097782
-799.37790816776
334.001413283932
737.488922116023
-333.520488667482
-558.443570834753
708.743822843666
-668.676603855663
-539.560684443133
352.805906202668
428.741244631331
-1176.76346924894
-31.0669637016763
73.1422352627883
-1069.061756054
-1072.90281407552
554.011588277442
-859.517749473379
-1010.39434682567
-123.519619201087
-394.190039604861
-1581.52185927831
-400.617440617818
-151.291916830416
-1295.78056397634
-392.830130231339
207.646163751309
-965.596166691411
-975.863399739391
683.550659114572
-393.816042036856
-923.766735588553
-144.803166359191
266.944289122387
-299.34536099273
-728.993539408593
381.76684083912
269.785028576739
-306.021080517969
74.6612236095288
431.364086551199
128.750666353001
-299.740068972914
241.856338202845
352.368009945668
115.330195475104
85.1310823367389
708.889036643203
729.648959645202
-101.303296643466
488.954206782633
546.504241191144
859.583479500334
253.381018678497
1035.78512795378
828.655470190575
869.220914388139
587.525822786879
906.69050851641
519.52452188072
576.692234557066
672.358627870692
967.36765755756
236.937752591028
488.481372896922
890.456891905947
700.334042230548
380.658085033325
858.064153614559
703.824671184651
325.96667622444
406.413652384045
472.744364432642
188.433524590837
369.406179712314
315.322125265876
326.976411115487
252.798682797501
624.433861888238
360.680321473616
-114.865053738264
158.752189395251
-120.294665933846
358.424990212541
57.5676059094152
297.02051024141
-368.081867670383
-145.04510925361
-121.085863105721
223.192779609801
167.672598655299
223.251870723521
-110.626660991739
125.088337076761
-489.833452495921
-32.5351332129763
-612.62607129482
-41.6465929182554
-143.874742781368
-129.634835777068
-391.279524622833
-143.757392607997
-169.821142848801
-150.134377595438
-131.656821223357
173.120880195602
-19.1852972764611
-40.4889442750667
160.421352849239
-312.409555348805
14.7755616116218
-16.6039588940402
-402.623557396887
-420.16588926611
-45.5488239977692
-268.169056960519
-206.604634777771
-242.811645423204
-66.9188836918331
-188.133630782855
174.369166353124
179.271167018892
-25.6815507913118
-216.006395861978
-229.176284290991
-144.069132904358
-123.390965040864
-246.344991419395
133.688755053319
-235.524806767601
-18.1833530054516
119.493368953635
-407.086659480092
-162.315374986986
117.641282448575
-371.981849128705
-51.9294338469841
198.630768134425
68.1913096720138
-310.211009154236
-166.708781261266
282.531308608496
-177.434112324395
326.593540554384
222.359371577239
59.6195930186222
-210.063175652352
110.054972254224
-22.0980603246816
152.395607759065
-318.821257648584
79.5582217338775
-474.947376373013
-21.2295428107256
-63.9069307808515
-203.89194591248
-356.931979171348
255.606357155685
-63.1949403106828
-96.8701975145765
-163.391785090974
275.193965498352
-193.730549423406
-285.931643309665
-303.746912227637
-147.062906762227
319.366325793644
74.4323637200922
-692.385822161382
-332.358474063813
110.138223337012
189.688944558636
-522.613186333347
195.457509046619
165.463030829381
490.419629863718
-471.470417569543
71.0069863296009
178.661598394232
55.5304871168053
-496.402769172867
-201.758425689772
24.2354351083858
-138.086302718605
-244.141787926948
-478.742475153479
-466.346316802667
211.6171174136
-353.217109474687
-698.489241714758
-611.929124945498
-415.121840528843
-577.812779772599
-1455.65306107323
-388.698611370055
-151.924064714999
-484.359550047538
-690.961776496346
218.745912266327
113.428517424139
-1316.03745528304
-114.684600292295
648.718070712165
-701.557964684016
-270.879638839231
738.116469383297
-673.026690088729
-451.587378301794
1015.47863094614
-16.7214408176636
-1018.89098677375
926.241254451929
-208.752713884321
-1083.5052009588
-49.682910281878
236.964078333193
-1199.67899934822
-308.088053612996
-163.840263508961
-479.164194124646
-1265.890311349
-124.29326125675
57.7013734601877
-865.915635494128
-848.741554576628
234.921780930332
212.892023668036
-38.9229884577792
81.6027992750409
675.660781266224
29.5389407855068
98.846890035473
784.674096073415
1128.74433910017
124.32451735591
193.418751147199
582.961000004771
1126.38812496026
263.856225507407
398.796252226501
735.009010060362
386.350922855519
-371.793009199094
765.629995509835
539.091921237541
-455.312787469675
-293.489608857385
1201.385212643
-588.630579120564
-338.817618335914
888.255718518269
351.036912850173
-1027.92070229365
1158.61448906194
455.955952458447
-571.053296295381
515.585426157257
1380.68505225803
-899.440900088663
117.98795028992
1054.6285309729
-510.992575274048
-325.749503972673
1476.24035779495
29.6375128180206
-425.308718317249
675.875231552401
460.606873513627
-280.328613956641
322.22754023361
964.978598332635
-716.522064702367
-126.785119224443
861.458160825021
470.917073299906
-390.838417762121
519.617401745096
598.770225190787
-428.826999893656
201.207181771227
1341.85750541883
-51.389613018416
-196.116502598471
1016.42460066132
576.066977827851
-500.019642444255
230.426449706482
783.470798995597
-443.546607552686
-171.377029189713
764.654778591582
-5.91579130583123
-590.247916871383
668.051479364808
272.390617097159
-394.293407303312
-149.403103490183
948.288731870263
-500.545680624825
-229.726761713647
1191.66247481409
538.876770443349
-821.14109375284
602.436664813504
460.56579892305
-514.144365351649
141.855114182596
939.563943236788
-743.82317952831
3.64994953484427
998.896391022028
-660.271147996218
-713.359382779117
862.394074851216
-7.71661247174916
-1033.60182119267
606.060989727084
299.962520663682
-884.141358444769
217.912906062871
995.176846458167
-871.999213707487
-457.500961991141
950.513020287457
-583.165947285276
-955.874511011663
705.837700574111
-472.933438031021
-942.293543937891
336.446155917529
631.680250279894
-984.222543074005
30.57362222005
351.336112108101
-1072.88575009322
-611.079463459156
763.094932035742
-1031.14157669104
-1014.68011596022
904.741516320419
-610.760057303968
-915.087456200529
946.160613322025
-251.519766028113
-1248.72230725385
348.476551285926
359.333051481526
-1171.65946780559
230.32498568897
193.120402465488
-1215.66799017644
174.486993828837
320.89627366206
-1000.56753502542
-301.418436269163
709.964213076634
-1041.5054941793
-255.668924403856
890.396792061626
-450.000700164683
-760.661387117779
360.471777598023
-7.54077928887256
-761.642200803528
98.7583087436632
216.448059171795
-500.75066060299
-151.746246006083
421.109812150156
95.5742879861212
-443.580798221981
83.3136280252966
349.467139158763
-18.9920004838199
-111.707583126676
139.199450710183
109.204124956533
-157.686233756103
17.6025905853023
-35.0144453604322
-43.2030593873849
44.7216214776865
281.118326983454
-140.011053625907
119.303239611588
-68.4794237247709
209.333868654886
85.0950526913879
235.342038427191
34.8683714967838
-127.482089236469
-190.425725850091
297.772489631844
-129.567179150389
205.659352463894
-18.7532216429101
-60.6652335240202
-47.2011595527519
295.300486375085
-242.05467417488
205.996224529429
-204.867731937042
207.98605001791
-35.9047223724352
-107.463828686161
-10.0151883556332
-389.047324578297
-265.89675521428
-125.660581249553
-561.781075148755
-614.925747477059
-802.221704735714
-729.582505959632
-739.488153049651
-385.303855388498
-303.578932307008
-575.296257103898
-599.667518976016
66.5007209108965
-428.432019136664
-220.259003931614
-200.78972725445
-149.702467254708
-181.800320540271
-124.824136136382
-5.697158886507
-144.82737869239
-87.8714646811843
30.3199640655921
-75.7528406430434
-74.9446636817806
-242.882145838486
-231.640213956164
0.383307228793825
-51.3203865998635
-65.6203169281039
-256.788278479606
-158.069735327481
317.214731649802
-9.23704378274468
-346.187258030863
392.520036786012
-388.738179536758
159.710444296947
-42.2229055580345
345.543657092284
-320.493179428649
371.575011675386
216.2500821955
359.362956555334
103.758370367981
674.144521003674
211.57008028422
348.531597070798
325.742790244746
671.165591187052
139.84604394305
318.980315206111
471.048991500104
267.573834610002
328.424181004101
798.81974728215
345.439517299901
767.275851026982
-44.370001573019
491.345892222544
465.618668438599
278.471731452
488.833888392998
32.5342798055635
173.771548083215
85.3363815758999
363.180006044605
461.023238945764
170.325561308345
-620.083929891898
648.209436961175
62.7547474362108
-691.098352898689
166.93687546371
702.614048237092
-764.225006832764
121.969183613141
575.321989279123
-438.232570931847
-1086.45779307712
475.166489177411
-191.371673877797
-877.34690318835
-16.6156905933865
155.667834757975
-1148.81902068972
-619.979222221373
228.332745885745
-587.738718257468
-811.623206647132
937.718842445675
365.370312817329
-817.762628348935
999.213318636118
701.741931678613
-723.020427794785
-7.25773409962483
970.648650205213
-610.493512372449
-296.976657874107
933.809276340506
129.298408347004
-645.026519256324
977.816530459634
485.551111109681
-953.661436175816
509.991648729237
387.257640235418
-722.482384575317
-111.431511449172
880.805003073376
-372.170781424697
-1003.86154835089
740.127589233069
-171.519747357321
-994.843536750151
651.729081630302
174.626068785977
-873.601820695297
-285.888954402376
1081.34723486998
-502.843866738731
-637.487917146883
793.043783086756
418.737751732729
-1144.99386925725
628.575658343389
369.179345334906
-532.551331159414
240.465398759191
967.427828021066
-433.959596965895
-298.390076813133
867.585980669307
-231.110973119537
-700.957911970179
344.152630857944
472.802754162721
-1011.49774566912
-331.71603636415
95.0305914269771
-626.035095276
-988.701176469454
-70.6540159511938
-45.9429372908463
-1053.43675888237
-579.071092619149
245.260167870988
-740.909247252372
-1167.1450932402
20.6151787935219
-97.9917179155769
-1442.90338903321
-483.351963332472
269.95392672655
-846.058739814938
-862.034754911925
631.200127619124
-64.0390044432475
-774.083597509872
562.516909771246
579.477276791257
-797.442014570405
57.6040279394694
1082.1214393041
-116.260201493127
-534.186491663877
856.139734298473
464.372916517365
-802.714122512167
309.609473543975
928.62830720577
-472.209325662326
-40.794979860988
1116.3677518903
-527.346058866404
-1112.20494183933
1157.5576209616
156.919656426409
-931.290053546965
993.763580394594
748.246381572624
-621.01849160002
-214.385164104611
970.513851025204
-567.055681993831
-249.298162583657
1003.68270820423
217.208302444867
-1247.28773523596
544.114427641358
216.563801693358
-926.355709454637
-195.06509379046
686.343891845879
-744.896358123018
-380.80147296001
771.253320243734
-787.705289995961
-765.425299222451
906.730264556019
-183.98219590256
-918.024784293258
473.487273128493
20.0894394214647
-1338.65023634186
258.490418629579
54.2246039532023
-1013.46649524194
52.4024591297946
1190.90753147213
-779.720356669274
105.858017426264
802.88018642291
-442.979292609234
-401.18002617561
1428.57417829365
64.3013214007653
119.724332460076
1171.71524249428
756.897076834431
-698.783044314818
412.932920953104
937.811769175657
-325.310644130094
203.954712610996
1474.82603273103
-757.733930746236
-106.619276210116
503.859934496673
-51.787328804205
-380.877166481774
857.668084724067
687.13279987438
-607.221283611049
652.625041683142
1178.51234919385
50.6800611562294
-39.1177716879919
1172.31685619452
483.332696405084
-286.345643109188
476.425367747745
621.839434894611
-384.194609154897
73.1917219254217
511.207104053359
150.373056186763
-856.583688495415
562.882752407628
307.303835398207
-175.959614004089
-229.551892520549
591.338255815626
-227.77504783494
-148.358364492568
214.03711355279
398.846201573897
-256.804899677599
-120.314101726114
-222.396420023947
5.71412609581984
-38.5150327867109
161.353623032703
-397.493625871135
-44.7164922627183
-112.562010001923
-295.731062686593
-345.31912790289
26.7348502297603
-174.87246527684
161.001186346732
68.8173837249626
91.3798695750235
-104.531225090535
-39.3364135425688
-242.900804215397
375.513679777379
275.519813902891
251.140422765231
-24.8446524977385
46.9290025899029
-78.2840000153753
-42.1964538222815
-285.559651697514
365.190227672731
-352.085724177621
9.73854678393329
-28.295592222745
-26.9288635366003
-118.421617454746
129.433672116439
45.5524021227235
51.6497265293691
-10.5386729048914
363.419034818179
-299.376684709626
152.798441712615
-366.106684366263
180.976656270331
-45.5453856641003
45.8088233851511
-37.1088012072555
-346.897135083134
-546.496941676916
-249.964108292546
-180.470122505088
-641.71693466778
-164.226576178777
-214.942891180866
-712.39856333608
-64.0189763844805
-48.7347754683093
-105.266499650497
-100.357624373562
-1.20080174925889
91.462375238262
-180.05295699682
-213.802137915778
-37.734647833654
-297.442476663097
-88.5819282192205
148.862236156741
37.0963832732091
57.58267579555
244.546009203935
-129.264799187964
-193.508382359163
-105.778508799772
-288.209836552764
-42.9779968665984
387.969858538634
38.5635393072702
63.622049502748
-365.981408074472
162.80371858164
138.000561193234
-94.5746741799159
-391.524748781317
88.6236495011492
-413.801880545871
51.5466591221086
122.056961097702
91.056215808862
81.3328995693493
-130.469050780126
235.551317496512
-252.393876123309
409.655734337676
-208.19278335309
-199.479825801999
385.347293512798
146.592570956459
195.673575448896
28.8596661130484
553.490157763238
16.4250784686089
-161.940569242917
-599.77438740604
144.03405721441
842.257305730875
-667.823019068334
-330.037998276897
1086.18633668994
-664.087181183321
-846.544941798113
773.063876031173
-266.03890629554
-1164.45658614484
950.153247029694
-297.336434553842
-841.372066834698
547.360839101959
656.343864072027
-1250.02025356267
496.481579771268
300.732192398275
-841.328628181161
-373.164634738737
1020.92688446127
-935.666870311235
-565.802948325313
715.271359665444
-561.853858651914
-1414.78585427269
743.737192701556
-244.530747203642
-1826.8966707539
426.448309020546
234.928283717022
-1432.34064702734
485.675187555244
686.09376040687
-919.391362062058
-163.602911298762
755.606146175285
-658.468992527575
-466.714183299504
718.61050614054
-192.72097947007
-1055.5458213718
494.700067681344
258.531179881445
-1111.23570655192
-16.6330579853264
624.333424729673
-659.525397786475
-406.443777721602
675.741301484894
-242.553066546656
-1010.80995633032
926.139169134139
156.414263495945
-736.567718805559
435.54790736359
894.98008781201
-780.730341470359
-87.6137046662108
1156.38931746573
212.821336419263
-748.057108132455
942.282282314779
504.940104608088
-1033.96294430846
472.03029480817
556.499504503429
-958.131093756268
-184.308552783818
935.355432194595
-622.759521110733
-589.578172264232
1077.91837282901
98.8608255373071
-1065.77791489969
756.033346708103
461.076266175932
-603.39946535951
