3435.42540177279
-179.603128830246
-1076.08495329137
-145.357895096391
-423.828711668902
-42.8070723466381
285.575325377683
-839.982960932973
197.056311064779
305.407878757263
186.232092115041
-257.418600761626
-192.691820442115
-678.518678732271
-2355.28366808981
8356.6340142936
204.54742154181
-671.632097483023
-866.124189791906
-155.71532607106
260.145999903616
-125.265384098536
-346.465663237042
124.412197346532
-287.80143645488
389.018746309806
-1067.099897514
116.319270562231
458.229237120895
71.1745423156279
-24.7306988921792
538.670787035774
-18.4917024062125
246.764130720079
-926.639952675922
-359.398976665709
72.1170848838409
-257.5699772467
-103.543263772618
52.358923699817
-180.245939288529
-362.615706676852
-174.198854063793
8.10103599739158
-207.119288625511
367.164505100383
-723.824374984869
1086.25312379276
-1353.67374144532
798.901547375824
319.231968973561
1209.51660140782
214.837874946817
-49.0447932759486
1553.26867097333
-3739.47060846263
-3504.69281176785
1920.03875941915
-571.422153343274
1465.57399773132
2833.90712843983
-1937.89203597561
1201.72356374299
1246.67349386357
4287.3246117098
-261.767923955604
-1878.98084847919
1322.66913954672
668.644155004436
-1030.69623722155
-6813.00294708829
2360.97736043114
-2132.41945279884
-496.921553132465
1894.36685715304
-2393.0285475429
471.109640769885
2336.43570500636
-1072.07683891525
1232.75637276816
-1259.84422195112
-70.4471393173336
373.665594902838
-546.029933741978
370.307172539192
2249.21073201162
2.92854254490686
1763.83915486848
2485.64534932568
-2649.95262173954
790.736642231349
-1515.91374763871
1892.68568135274
-2090.92336043902
-4811.24467406475
3068.58691952044
1700.508096333
3076.08145681995
-2307.96894244443
-1995.56365138449
5623.89925297261
-1653.10868065067
673.732132640348
2920.13310008151
-1507.2338014206
1946.69855782851
-920.119854544714
-2604.48798418725
2855.57619860098
-3804.84861198338
-2989.79028751536
250.938233660234
-1327.60513780583
3615.59073264574
53.711147735041
116.267534975044
-803.579312776395
-932.644342862733
428.822967402042
-11.8025442155349
-356.864550574287
-36.1647155065541
-784.964046540755
256.260840335127
-127.128178313666
1760.64847177704
-849.989031328172
-35.964439658138
-1118.73701322069
-2268.76539755928
-232.430863340571
53.4024682586596
-445.754603287541
-3211.6727978897
4085.56259304342
-1950.70057557142
-61.138732456786
5039.4604705639
-965.218476371693
-943.430436204394
1988.92746575048
-621.247983076275
1825.53396665623
147.111008026896
-494.371082745979
1069.35361179353
-149.728048525206
-4375.39929512264
10.5093220070682
-1582.56986784993
798.948609294114
1521.61281309361
-1770.67488842793
1415.2647964301
-1040.88776771041
408.198998429035
852.889322279131
198.493816592476
10.7814447026441
-470.76391443327
352.628187072234
354.935131296014
-640.345351212442
261.523442388712
-402.552862124172
96.6786732634579
-203.886104362688
5871.08110057033
394.524182657055
-1116.21516501573
2299.38089085545
-4063.36290321998
4031.53672052546
2111.60770996851
456.897246314834
-1909.34062221093
-256.936554184092
-786.086295960937
1708.25510930022
18.8737393141424
-410.045816920521
-514.647635496252
1167.07791618754
94.9564407147726
-609.851043557894
-1031.79109123904
282.47937563786
-403.508389370856
-196.126217315843
-206.695676101462
-177.764505644883
2236.56300959411
-3244.20922390071
165.404907075565
1080.7677844335
63.5642477159486
-391.012029515822
1480.40603753841
273.269824510471
1201.84966241697
-903.432805219783
-1548.27842784381
-3957.21389897142
-387.392695460382
5761.10041602852
-2.02744463028978
-268.386184403328
153.138973851944
-1070.50580738668
1236.91308191622
-603.18117662097
-67.9578099304065
349.152032687956
321.396453463974
-35.9917461576632
-369.51086093003
-348.849253083001
-4472.09363153935
-579.899475040785
8.76120063451103
2754.25606708959
-1592.90726176691
1010.19157353899
-1838.06934472328
14.1396100829492
-665.011342998586
563.055004880557
-360.905277214425
1976.48939961862
-1903.28358855226
-42.7197553486229
356.352451196121
448.86314172618
46.4624970397939
283.24223104162
-274.654337822016
284.828081665383
50.5303272166286
-191.20636897724
194.780796406109
192.747846010495
-266.54356137238
46.812026629096
-182.029908835115
1395.30165521949
-1018.91973951322
-1262.99926492283
-2550.27266981624
3018.22058417528
1704.88428650191
-1882.2231669635
-128.89842156452
-1471.01676802289
730.10321127244
5707.52959848174
1195.57020797636
-30.7840843231158
-1817.64574931501
329.118334013372
248.732808918349
-884.477837936411
887.569668145899
-1402.36421388991
862.247118959228
1326.3424009166
1239.10962393397
-852.949198678374
1291.05167962803
-1553.13411218806
426.618253096516
790.22984813255
10952.5981642184
-6026.2584016566
10694.8892023355
-631.726944215411
-3678.59494372275
2952.00602211131
1343.20445692206
-2968.20644318505
2423.09183103816
-1966.67772213746
2836.74538286233
-963.001878450033
-398.504354287437
1415.31986331555
-1024.90477376946
-1028.27163795325
653.587735770711
-1998.4525144541
962.908769345897
-843.991835382358
99.604050626364
-265.764196834918
-1069.22314375032
321.111711419222
113.706549493977
-926.792591653049
959.636409508431
127.091446811696
-676.244857288519
2183.09891287809
244.912217724045
1119.71838131011
-415.838903639198
424.08165296989
-413.053711226173
-428.932147441618
-2272.73888303161
2512.69552422523
-1341.07722685298
574.090478244486
-605.425042778505
752.49217719396
11.6565775222804
-153.464782142892
-257.849343126077
505.123498567102
-122.986756561196
-256.531891939279
36.0615327231694
342.984886184356
-561.005075992348
108.520096891791
165.745284195949
-291.351320541063
940.90768298075
-8.93245853032666
1009.97596790303
-398.011142238951
-30.2106162614374
480.299869965685
219.941339211199
-85.0062753339084
459.900868682734
-325.779565808075
782.005852145652
-587.558852622832
251.157591785272
-359.876648587862
-510.853423097461
-309.999086064257
34.3160834152356
388.191057685529
128.185331445781
-454.805256517986
210.96702895836
-125.205577955251
353.348368388424
22.6915204421997
-117.461556771543
-225.343159058528
-43.776400478984
-537.400279001499
130.528381452509
455.629648335852
-374.30020126087
-59.4099059359165
19.9557570015658
581.778868364822
-885.941133196473
31.8942939635469
-317.20736717179
-658.236586505945
-235.13888152558
-991.783176160729
3696.07733160047
982.484023033311
-1367.08104700568
2607.72248694127
-2040.90154938495
1083.76692516797
248.641338553836
-836.473157359998
824.835080434224
412.782843719685
-749.301222834044
559.44166076909
-72.0891402162607
118.764163578231
-691.395447559466
-580.617184167942
-13.0602549357055
-10.0774949109406
751.675702824121
-390.372487989989
395.913253304828
112.833842735937
-7.99814717697199
-4.58515161161785
-118.89474062924
-394.228561860057
64.590636790215
-74.6423679232712
-262.758211476548
53.0836439062832
-56.0439824897955
-720.974849382287
232.064742013138
-151.196646277968
-280.723451967606
424.964498374793
46.9099616480003
-196.550067676487
220.229049197607
-9.88624568700896
-98.3773067833172
27.321501123318
-246.157334282817
2.91290772809148
-458.786182030087
271.767355898742
171.965052650927
-204.081221374012
-254.054821051208
-41.28555757765
-259.876855244355
563.451291823941
-123.482450330623
-250.067837224435
-152.5884752867
-291.590792230078
-412.174095581509
451.807580434074
-190.4581972258
670.433262104125
-3.08704836022194
309.628352376514
-90.010478312942
-69.7522174542491
-170.084822944065
80.7867270333568
-5.85473141642296
44.4914273386986
377.332470644209
-282.648237007017
653.45305099313
-119.571716124424
368.448637140245
-394.097689478339
381.204941920421
66.2345967240855
-274.102394908629
-225.851090223067
-6.66901604585614
446.840920738576
-401.287028872438
-156.044321292525
285.746432146963
93.3443323235322
-314.596079647923
342.895110132104
133.346547162851
-129.88837789802
-45.266477227071
707.617207130686
446.802110898177
481.7434974393
389.516359667453
-275.594622249036
272.273029345054
203.714142848753
232.223337671408
-304.334375923165
337.027176870056
232.921064785221
68.6625243189048
606.741881445517
17.6877660283195
-198.549560622498
373.448933578224
-111.414235744128
-140.579291323869
-13.7150978557943
115.591233655047
195.877392774729
52.6712492504531
348.675946906313
-90.3183046090969
722.233866025441
-363.664604872591
156.715133025093
-304.995709812165
19.8779900655295
441.885519799798
45.1594273298017
-574.460950301482
471.02506637287
-952.294498111843
-73.460853580549
-346.530697405351
806.543338428204
26.3999580914915
315.493078966774
-404.909498630453
-376.159964371891
524.025579221112
145.741839058633
-698.348321261237
-414.022131354264
-594.204351742981
819.106464018684
-25.2679634413775
-138.729614532484
236.342092858913
395.315869366163
13.1956446774615
367.372232243955
402.280849304781
-283.426466930702
340.227066575955
-453.736675456344
373.124767479738
-538.975506252377
-671.803280706532
-119.224226507835
287.942600735284
460.456187973492
-188.500788940211
60.5247690696304
-132.91066923119
490.060272033558
152.767547280472
379.047653170883
-344.035094547647
196.42892762458
-471.385238016081
999.027700970367
625.110293754539
601.584155296558
-53.7857906139612
-413.997904985447
238.542468122156
406.833065815146
319.875788588052
-126.962782000196
386.586056062889
-94.8520851929034
260.267390519398
793.547746956783
91.7594477609193
443.935188058121
115.084274595671
46.2997356286776
440.256703921281
-295.53752408739
-518.200011313099
146.126293479983
464.41125358589
-35.0652206136002
-119.731022372242
-49.7920797024743
585.382859579416
-66.9301817840234
-291.017506784761
119.77035055038
-369.485636288653
445.025177656996
695.956904266173
-288.088683237826
-130.600968320297
34.8210787938382
-509.740563390773
301.850800242139
965.921518552599
539.137311430018
-62.9373607668677
-92.9984955759924
-141.046179384117
-16.9919606817108
38.3540120930037
302.967513244481
-387.534475951261
187.339852086911
537.761560076852
-726.228732195555
-40.5026407280873
303.800188890061
-480.603886109242
414.683313404657
-181.612809151957
-77.0856424853755
146.890487796123
248.978273630041
-148.457120780666
251.471146094608
311.819233710199
33.73193169685
521.255979069672
-506.296336836917
593.288349346367
24.4904277831488
-256.911744977651
648.804965874574
-238.489686188202
-802.447066192293
279.303516013713
-283.370194167667
74.6373575425902
3.88510247349396
-780.87866071402
-415.750745598184
-368.311153853155
261.584899653791
-88.609297500188
47.9764212981738
189.756817862188
-77.2823342708096
-334.353838178306
-426.739884756457
-65.4035042967894
-99.5325938544436
-301.261881774301
-21.2995515167049
12.9556507990122
-855.609917230935
-102.052097879238
-49.3957093120586
-376.572991691632
-76.9074326500093
-603.145627803112
369.564190160798
332.733108140729
-151.873344571393
-55.6166282976441
238.760628487082
-100.654172795071
-236.392841799523
523.505877326246
-88.055093812128
115.953878049492
-459.530878036282
359.786070891878
382.214840594233
-9.71806194161114
-151.505818788482
126.445582877086
-10.3427110494595
-80.1432613422051
-245.359544368736
-629.727762884862
92.9453351094515
205.170736100398
379.005352700853
-50.3001184711422
273.16671503079
-381.524825376017
242.649229163692
53.3463133734153
-22.2492935414214
431.975961671288
-644.492312357108
310.392586110813
-78.0527325364316
1049.24961138574
-9.12524980064751
430.384377092021
645.048865371283
489.797586351908
-341.440271974586
-210.935321509871
-462.342025956786
540.810774237967
266.080275015311
-304.19027959694
-384.787855362008
42.5120729223025
62.5572402030778
-101.93656363288
324.617464085541
-479.809048832759
82.0180424411774
491.695408472529
303.973266832972
255.934221728034
-339.762614409871
295.276239642055
-11.2859707510282
-378.575235097284
168.965596918468
510.728168014634
923.830563335785
-395.900325402987
-338.583641444557
-555.8829066167
-440.071995928363
647.97014010334
-266.620636630593
109.410153358129
-320.21732394222
301.38377982229
-1041.66599561367
77.3419669540693
461.638974980542
-633.735569495065
96.1026768436406
305.522453711404
-225.821619668147
214.512264260388
121.301061223923
-553.28680124278
434.189969196045
-108.996141514214
-375.828748901306
637.577942020977
-276.224715241862
-94.191273943854
-558.118032194021
-175.548345370357
253.492677679551
-398.678117378787
684.510311950456
164.891113865395
-4.84013082114831
312.781439982875
-1062.19346394875
266.163606998546
-428.235864855963
-312.835927641202
55.7942053221977
-96.8698561136187
-127.919239184792
198.944918567607
-333.177444036848
-165.341543709745
394.143252537545
-505.155039181428
581.775205940696
262.377752337137
41.6482765559393
400.872902852221
-460.820076554807
-133.206401171872
619.135734674793
-459.306273325704
-646.779357562514
613.1581037769
568.667198575596
-227.386822573044
142.417344068002
-407.86088870836
52.7919426816174
264.918217902599
21.9498590881285
320.324267300518
-33.0639950772554
-398.621659760547
227.786377645478
9.19242053449975
50.7743549648102
267.175575597155
-658.476699061842
275.421709362149
-112.328366116951
-95.2194780636692
-618.823624839162
-129.347567663352
467.729695396638
490.64412181449
-249.546391389973
-59.3526137182621
488.877360516149
90.8772772547608
221.371473477505
100.490908247195
179.165992538133
705.983451528909
293.380189075577
-353.058325891678
-12.7904891195837
411.715129947812
-382.609591871279
-217.930115867504
131.559074934153
95.4684490347472
-403.547730193747
153.982257970934
-307.53522088823
-176.936899974401
-147.080884173725
230.891313111149
-421.972822712372
64.0360155660624
100.065353467781
353.776323810614
47.9719747107993
274.197855612849
367.145420830186
-123.959222979861
178.876143029907
185.115845318552
199.696050422525
139.315353017973
-298.68636578815
165.417948763566
217.42062307242
16.6898902684689
-330.007297553526
-326.416464183241
818.750755530385
130.778717590707
-143.737134039613
344.997560364877
-434.192682150104
249.558884594261
103.666662092321
-217.219625328759
134.11922988049
389.86086201614
-147.749939559189
-20.7511369768832
-10.1132904469116
-322.837409925443
19.445630090412
549.43406264401
607.644483991914
220.016831944214
-470.357758451237
267.674238011577
-153.662653285139
-116.81694526228
362.199664513581
705.405941815029
-412.247837218998
334.882478661499
-1226.06771730624
40.0196529835448
609.221958970773
-621.817628635149
-50.9833603905822
-271.536170649246
32.0182164124448
-53.0171261952577
7.27038907326729
-90.428151595481
-326.015753389684
168.986979393398
104.03400812213
5.71397095027203
553.267763780268
452.505384479972
-40.2205194396306
522.33331300932
-295.092678261149
-445.572271993563
539.530892436626
-370.279690120161
4.43681559261063
475.23627220798
-503.373176660814
450.395133294552
100.933342916732
-482.353209133085
501.367698561471
-194.582535670901
-474.198872136135
285.43348220427
310.34357653786
-723.191976203244
-268.939935796787
-458.245387044511
-418.822608693974
354.03494435635
-506.64550966225
-470.873267781481
-120.401406392163
479.235094366621
-292.23305586557
-89.2706791494824
318.1656648319
57.572786794142
1097.83871222185
105.541524842772
-25.644695318321
160.654456301959
-234.078108066553
-589.006305295031
-234.659763638337
-358.10502048769
-143.711522061278
-259.431095861141
-10.3525340217263
309.766014520373
254.229185820583
203.69993968766
106.528216257812
30.3664443460573
374.021018254148
379.265054811848
266.563673530494
-360.171791990725
473.38985500741
-578.516714069325
-278.743500069308
331.952659247263
63.7817260450736
-123.288222095779
322.376543352752
263.066665268897
-748.852505152001
-67.848517452211
448.131826291364
185.499791422645
-170.564163655394
696.439576234622
262.040051742333
-127.727979264244
-178.30626971095
-317.995641854509
191.126721928325
-747.445172258423
-135.045777989379
-43.9284148641476
-168.712563446148
-159.463006415822
770.449281526129
-244.302125527352
570.909034714916
-782.334614494628
-48.0571197235323
-593.361548973231
279.040350994866
-275.286945165383
-268.725270350787
-319.422527784454
-682.96954846626
-351.773632570999
273.650192740515
218.809519986759
-857.482252725172
7.91815362334292
-518.734357154347
-167.109836144224
-387.971684478772
-152.135732870732
-150.380726861839
500.655075331394
44.3547752387636
68.8933254373771
643.181848725323
327.314942314528
449.345411691977
-95.5580633745761
663.239851771676
-391.388256408848
-131.034296234396
-390.119833192626
-384.084372271407
-25.8788589318143
877.030745317814
-382.391132527065
-268.601278172922
137.508586170688
-742.26869741881
-651.367019050143
-319.286805780033
-106.92087485244
-147.369095515632
355.189314596258
316.040301947231
-48.7802240100125
14.1806581823685
236.669465191182
362.893281871998
42.2953110362298
-134.819265335059
587.98982519811
281.090239397887
-155.362860157868
-59.8578552578587
8.70756889946273
240.452551639859
95.2738048861291
383.023971375983
397.889426520925
761.242993676333
-199.805652838085
286.284477774797
-453.111575686543
-629.969417580437
-78.3019561133812
-263.393463445783
-726.07137931106
-409.405419850503
-598.099206938414
-495.127957288566
-22.4750954521645
-135.156459341253
-208.978242595346
-162.776975418339
227.838940472145
97.4856008053239
34.0278820376018
-369.235932518758
46.975254178764
-292.641075256134
-583.392712998293
424.129169533319
-528.582834292798
394.73666966005
353.654877721184
460.815148185165
149.474824642659
106.509963982566
311.682528617021
226.906513107535
-131.430205376059
452.803657105092
416.426413898185
1020.05551170071
431.775771545831
13.1405434886092
141.535381279333
675.35561667563
-418.141667701193
-584.392065767026
-373.080705226222
334.780300180586
618.660471360956
-63.3859119166381
-181.218204164652
-87.9481859799942
-1091.29586881289
-513.51872424843
395.091782932877
-161.101676554481
-166.461102083633
320.469620523161
612.396983981303
-243.042485306534
-598.664572764835
-550.448535376422
838.276875292301
-183.665860356547
-197.431496335323
-136.924759834233
-265.5593653418
9.29699343903241
-479.712670744085
-188.428782968966
-427.446342370475
-1132.24354949099
-19.6659279066454
-614.922551173463
25.0193981646322
-347.351555077361
470.055184722707
264.353904204865
-151.521725047827
58.0514606235828
-452.113469227682
553.599094017819
898.22456386451
377.237782508284
-389.174408084782
468.776312715226
443.742754556169
-31.6914164312201
598.956096086969
-108.27313964018
43.3577278358423
907.13600888649
33.982724687956
298.970156381279
170.83096542809
-266.896665664547
321.435654239999
-588.498111271544
-273.591488953623
-222.990520321665
935.059592347986
-33.9631587763896
-66.5776605782694
-450.396831609272
228.614778267481
-266.077424646556
-148.091102608933
170.938191229814
-135.79642615662
-282.353473984058
174.166133299314
0.944858487680442
209.918721394281
-26.7553642273861
388.14720896714
726.979537317795
541.655715532159
621.06674413584
516.301820622901
255.972604149031
-111.952391793082
-160.463649282029
-218.900040626594
-308.297621717585
-121.639700756196
-395.352204311841
-323.899609376661
-302.300587380525
-222.645099083362
-193.581524941816
-435.042947583623
162.186652058414
-536.795808443404
103.927335792003
-412.473557866323
-98.0156177388517
-126.61469439848
148.377834144918
-371.659335822427
2.49051766077358
-309.062220156352
-65.3318375891221
-834.836842240593
130.304253753992
-33.8763475643187
57.873420359892
548.558857898569
39.9422316410349
-207.205836104708
-871.040373067453
-146.380145069945
-114.700609958928
-428.366732716186
-6.43102017648808
-135.252815009876
-615.724553625088
-149.670414602287
-234.5372063732
141.03700929577
-2.83091637517748
-267.590363109809
-842.778704301444
272.657090302694
-154.060867617695
33.9679495078476
-94.0941903384865
-314.733616936431
581.111564037698
465.716363377637
6.73696051364948
104.643888059425
206.180270896721
105.199526317282
-37.9250714865377
-645.311153895885
195.52013707471
-429.70814339668
168.440246374412
224.08564821062
-65.2439689204125
-56.6787706974992
-344.786975712355
-86.9214869996775
228.220265984198
-198.356090962318
-678.46287220639
264.024443412083
332.462502571029
314.549240538225
42.7838200037179
-89.8931444802438
325.364292635982
122.58460399282
-356.671986225616
280.145687559301
42.5088159480093
-418.229344015519
721.977313220145
-426.980219575
310.629762432389
-61.004376441864
-10.1750660243874
-435.887616632353
189.362904654712
-583.321843035809
-228.102091011285
-255.303163352553
-84.5651345097704
467.810086818145
383.348024304332
-184.038853843406
-74.5384413667432
-366.784419950635
412.259723702855
166.276759792854
123.715976769883
225.010386722811
-274.074281096837
-399.267198793961
107.191863243764
3.60600588058384
283.582110756386
-58.3146662895746
-102.996190989659
513.465058229108
673.278531677922
-80.9180355518619
-116.498260949557
52.4463034870159
140.284787546591
321.327296982429
-84.6515868764273
-373.156863812392
54.0675472550652
-193.632416631026
-60.6408240678864
-126.544555466503
-412.938405657387
-214.037679506405
301.282459951846
-336.73371262059
-377.41219762356
-467.451004297574
-602.507922557131
-765.754693152657
-323.979532323575
-409.867899089362
72.8754016551486
427.097420072868
158.539614933861
156.938590176547
-190.676788970091
-204.244189942952
-33.8697506903478
-274.549861199803
-407.633007897304
-1052.23583746604
-606.135178432781
-940.442298392831
-199.578697232103
-811.460085189082
-742.002482408347
-1097.99516357407
-747.64167886605
218.865470802315
1307.31582017552
1696.34804598457
1498.53644968985
908.076194185361
700.289071399252
334.929435708745
992.639866242204
256.235734866126
474.411216469769
136.736057217601
690.105546034472
481.508300537746
426.020385410139
-191.044942416989
-75.6166487026492
-725.806434704685
-300.489714308152
298.99089580939
69.7683571829458
226.263176318248
67.3782691573164
129.716409150221
-402.180530017681
-466.708165846373
864.915080914418
242.481587936709
544.902548483167
165.157432826146
-818.098198305489
764.883268436921
-51.0842686152907
-531.811311403485
44.3210945436022
32.1913431585012
566.90100939987
434.787554400868
470.304517312096
1217.74865018013
748.478274123251
500.668381628311
768.602899300374
-165.896240387231
92.5762329379667
-153.012409643836
-114.853135622204
-174.850803917777
-89.0264347721054
178.275859310261
-141.275189980959
-185.446511954247
385.861908877107
-1511.27433582007
107.578030772699
-414.717876668803
510.152827758486
-249.840383925889
56.5126664537039
240.885451740544
-954.428241145072
-52.7957414478094
43.4900706234856
838.493146452341
638.251493112337
604.514774608485
1093.4991898273
493.684011677228
417.752954954386
848.788255317997
390.460107399232
361.124362987817
596.169579705849
-224.599778074312
-523.513107379467
250.0639216235
104.818535238546
-523.690301830007
130.671398407677
163.142156587745
621.627042318066
-774.849235711054
-720.783963466136
-175.106175373297
164.25399460208
265.146809734171
39.1712384896667
509.001848664944
-666.189665841259
-803.79553010484
-473.566456385367
-9.79226912754342
-33.0029300473097
-489.251402559828
86.5857834203365
134.260773644619
419.652580933767
-419.972392805257
-508.35806712557
-141.181736040202
173.68005102601
-401.125619281432
-528.409622692683
-69.0362397407795
124.232298068141
-225.357154020557
-601.419323727613
-439.456546877393
-122.515327887807
-707.093501795559
46.3356652164419
-253.702075766447
140.58791057141
194.646174808739
-1039.1859610536
-731.133441674406
-178.374680243574
-708.528845185691
-946.826728223222
-340.020049897805
-444.351416047198
39.2527843107987
-654.712446380425
-313.492628731883
10.1891310810717
-3.4882439601123
633.314059647163
-693.915548246042
-15.4270924955904
20.4781615030832
256.586988503644
210.26551966532
761.822525950485
-727.242893783553
788.444942422142
-60.9288223488566
-641.227703955687
-341.742274340781
177.597509660511
-571.795936310646
-10.0359062524744
391.117855594287
159.609261636936
112.411951398914
-158.260082608061
658.84315026382
-167.467350756098
635.910630431574
173.364219979717
179.70439334949
926.369364337268
593.089906976162
560.283622914857
645.605823345086
1046.29900755675
219.052697992645
-208.517997597676
373.866372538734
310.556821835149
90.158123779755
230.86163550054
884.36930641078
366.8384304381
556.527436894291
1532.81712411675
864.646760401819
630.518022656526
15.9796535505992
-77.3126350903896
275.897128680913
159.017654889771
330.015708459987
-375.714234845324
-220.524312709984
90.9043440305617
-555.001790075866
80.927320876302
-217.762939567324
818.651347191881
-730.406501060364
-726.914301586854
-197.847596176816
31.9512548684658
-13.7188012265652
797.832028668752
425.02585539606
-210.188413308875
215.900790571571
-225.269895909467
-365.421201843029
-262.48591320864
-141.162429808918
-781.265117943325
-701.196869506191
-67.6777715431654
40.6871531652835
410.825078577811
400.653569952601
403.520861891392
480.288156327698
-450.752169949442
-223.085951032003
-1021.18790386661
-772.984754765885
-1140.77294600168
-389.156899302443
148.52000299112
778.058198385798
499.240655975417
155.179041823776
498.820889038678
-39.936149353441
444.392916714136
529.927427013263
-186.397235772538
1034.97890858258
-136.353079628716
23.0614978018616
-143.956215004048
-470.685557868136
-339.767949246735
17.2123185671799
-967.887013380516
-131.753375385922
-223.661811490492
774.606220769874
-729.515956347449
-206.176724859898
-967.761281997984
-586.041421795458
-911.82308291627
-301.091089432359
185.478162265008
-42.8286293493715
199.89458580982
1434.35238115623
749.288365604915
302.402832846507
1073.94243985691
325.058598657476
-365.897157817341
-375.949694415693
938.538567692459
-58.0288174273202
-334.932744213386
-528.352467006743
443.676252581262
240.634019223273
7.74650207084591
129.324829870866
771.656460546637
605.401026461913
59.604336911524
766.689723936805
-24.5940246008147
-80.6653004337908
-137.566334716375
-0.501296473684164
132.653847075486
-225.678162872148
-243.027221381233
-9.88017579877076
-76.6195114718846
-256.377806540589
202.333632581892
97.2414109589417
