-1740.69725191424
-1180.27501013725
189.202940649208
-594.90608821367
617.133158914293
261.2928285701
-242.507996492357
98.3490917222501
8.12066563301795
-1280.13814532154
694.882699497744
211.401977358872
-499.66662778776
5.53046120861195
365.196075885059
61.2663906110715
364.816096466362
-184.253322680356
341.570125183269
-446.459358997774
-597.465803233941
-688.277083283816
-317.96915405028
354.181444293879
395.685397765417
461.465482806862
446.392535733543
-1186.96537899069
-119.365702545705
-707.206205774687
-346.364328518978
224.639277779249
-884.166475928289
-196.967557909458
-148.855553819163
736.801331329122
187.671534634886
-410.41921956808
202.635050226515
-1460.90668628494
-203.848529786597
412.260228315489
176.888534311078
-1653.51161239172
467.534528326276
454.668668018258
224.821177093678
-643.479401761092
384.776134264047
-780.30749080594
-699.993415624253
-401.77192590034
-188.83411315959
-272.292386543909
-316.109318738913
-771.471274656932
716.699965453236
-135.298365164167
707.251919035906
-1446.90756296472
7.34588179296754
-349.034030415435
1257.01280857025
230.154392337251
350.550217481528
432.015448312813
982.778607291415
-163.696998792074
992.715569475106
494.134155617009
110.259004336116
-40.9885373197845
563.672229344988
806.81883831876
692.030259604613
295.316718019277
265.710884857223
-517.169260276634
1082.10955082097
-398.485047446833
155.318951011607
-371.753349998669
-1750.95747963398
332.5006531227
-1083.06291545423
979.767892041995
1144.99450884113
1136.64433583581
-286.873895761103
-352.101736471815
324.322028071325
-1013.23362747739
-932.516002182512
44.8012463273108
-557.420202544927
1032.77877342803
-525.564297586341
-233.445320347166
521.728589657963
-4236.00428780005
1661.47586210785
1644.42054337194
-2117.69166823142
1623.79009978254
-1646.58492070462
1165.06278620487
495.255606287858
-608.769903400615
941.485462852475
-333.525342598892
-479.30244448229
1759.26984468977
-395.285625790488
-544.073738661358
1146.78532043562
-12.8233431090943
-135.457558753232
1041.26825180229
409.795699348214
-357.92094418903
-432.444869169385
-251.189594119171
-170.167926246572
-296.04044045777
-1614.45133670786
852.933315756934
524.467920475142
511.471613237234
-482.562862495653
245.83865109851
658.642053187821
827.316393461447
-268.762724141928
238.926750069306
1160.36744610274
3429.67882505569
-513.436854760355
4730.24184802735
-4249.18075643299
608.363284624735
-36.198154624884
-1960.7183446894
674.860350328852
-1846.98472580622
751.658741068362
2167.30757623592
-1604.30101426308
-321.70876484506
1100.79482259535
600.708454618354
387.696162639621
-1430.39001816318
191.999575374662
1807.38526096923
-198.843937512232
600.539971295299
-1047.16849716804
121.711208883089
1176.48306491412
396.255520660252
-1265.74894878855
-1472.54986870481
-3018.51446983393
1860.60959568017
-2384.59289264057
1151.66944078925
282.075738225008
-949.170012147933
1118.0579221013
164.040734304298
-331.918092593094
511.291592898898
-665.038769749465
83.2302615294405
79.5474800834958
731.683926474754
-224.454990407368
-543.839357250243
-1504.35684836535
1167.06067322659
259.922216895825
157.793588065411
813.302759583088
98.6160889455958
-15.582985835277
-1937.94619797821
967.314849222176
2229.21356203803
-1238.31025258651
442.354895133624
-781.270645188018
316.977236390591
463.942407349804
-435.131385620422
-93.812132697681
-1080.36088227111
-519.067961703781
161.772712342877
565.735538026176
-633.474696590905
-1528.19564230962
832.512571460369
-501.07826288992
-38.0305344726912
-112.126335200358
819.387792548547
-298.188417387057
-346.938147566127
-670.199244748689
167.554323091249
491.855930005535
-1038.2268919213
-544.139846460986
-715.543970632781
797.773976216552
587.259627654481
-93.0243142927328
-1575.76750327074
950.42284455151
-1693.21508300244
841.279868707116
-593.429680906784
-575.479926534753
-19.6912760303092
-3864.11589981776
3720.1332357287
-625.795218276572
-2146.32130742739
-132.409413326219
82.9187452717038
453.843543674236
933.967193419
-685.588597018815
1311.46945860536
272.382465372916
116.555582806367
1125.75025260128
-720.658383041342
1288.9219382531
-147.26299684955
486.765265941566
-11.2091927523394
-124.926685356577
-1429.82773196201
443.77257763167
698.774049683856
-268.547477077608
1260.02220077592
-550.414028274965
-197.135481634051
119.087496736768
267.242667622546
-162.657902168459
-148.297064818225
195.263311580264
-46.5845149354491
592.363269188949
-876.167574329343
11.624906618937
-1118.92558017904
-1726.56046009192
368.630257461783
541.477499489355
-1312.32362639873
304.23745122305
1566.29231587285
-972.973381776734
-173.278593128501
459.932674105985
2462.343571075
-4000.94768033529
2943.74748978008
-894.017655242844
3603.0620854697
-1247.34006140531
5658.70171490628
-2657.89395450627
-587.247822975565
-5077.92442232897
1241.77735478702
26.5267613942338
1287.82343820742
760.93311181907
1043.65624044892
-165.193485222342
74.5770192245528
-1173.72741608163
650.582498321309
13.1893013854993
-442.204098342547
-482.642238452105
-1090.91049334281
664.558705774091
-83.0511101093126
-436.085036523701
50.2487831112319
-354.12685264991
-941.10634371363
1341.94943069685
-1639.8110235755
-624.297848850382
-349.699984452418
-675.351229793654
1306.71689997969
378.22334137437
202.444805189424
-495.468169389762
288.89546872282
-1039.74131465706
-988.887389990625
-931.985602827564
-672.131675698868
-2414.06110061186
569.533719100271
216.462018839898
-272.59494380394
482.166365968073
-898.67161633211
485.440156274293
610.747702084542
11.4172747073336
809.772269394952
652.270183939281
903.392653087273
-185.728884248485
-682.944267057292
1892.94505241218
-330.821885997069
826.82225478393
-365.348531696315
505.970176126447
192.801633880393
1141.30562391183
337.886958004269
725.009167257722
-952.184879178545
-332.623242438639
818.753666494945
198.775912444409
1541.43386622007
-382.719001218548
-702.029158110181
864.415826681041
-23.5585163532037
-256.500336583303
172.367292684055
417.83228459053
931.012495047362
-476.031925338383
-2038.24501392941
-3878.40342885176
979.451556509046
1288.64750718453
824.765334385674
-479.403875281727
-224.384150638417
707.955210226481
380.609223362808
156.910707336827
336.887232619885
688.678867893108
475.095661058778
-188.489732747897
257.012297870967
598.839321454726
-420.91136588597
-1682.71508528355
1076.61265392491
-1221.80722164772
-226.808396177126
1006.70894746712
1736.52886957856
-601.111505352694
1223.11379963894
-174.402542532853
497.592971532437
41.0916634923502
-846.850343901436
-274.693076897114
-345.287966232689
-111.72581255185
749.219601526201
-385.999847891298
-981.076796233746
-1601.5680005147
64.7579791288406
571.577513085139
1014.69275754749
224.955856913856
-366.966761384803
-491.845780462048
472.550840045954
-842.060077623055
569.45491715826
52.9959362730734
136.074170569304
-241.867612054049
-956.34440121127
-547.607194858359
420.866401111644
-20.789290464945
539.900731649381
1712.36454093473
-1308.38403248872
-3022.29435058451
1048.98089702954
626.640542578647
34.9573502092441
598.299805259752
414.307493460866
1046.27740981154
407.728530653524
-3148.7242352332
6257.93776094271
121.849986370507
-2978.64191389905
1744.3500011677
-1668.38818656705
51.0514948807557
1904.239644961
-1491.34180858042
-173.766218369269
391.160095634001
333.546488136559
1231.33810522832
-304.157604269487
1042.49214498764
57.122545612937
151.303602394722
-10.8231378494384
881.441659958252
-141.839678305032
1285.56706388239
109.106926585013
-1496.61461857425
1429.64862570747
299.53025719648
-996.386699599739
-198.308377473224
-950.280626909324
-968.891804113968
857.587551952012
-2151.51362376103
-730.073031325356
-1529.70879962528
728.686301718348
6232.14481482245
-1059.84259164709
-2055.06070559412
3980.01687041836
-2321.18579338557
1922.99389181776
273.533621181176
-1291.33380189858
993.792770097936
240.607488310425
-2069.4772454982
3134.95985733511
-1745.09706749677
789.724659815806
-361.414578921389
634.439321856941
1315.46694237174
-1522.40564781911
-23.2011501814009
598.892803366472
125.700563389935
763.431312642184
650.239969625474
-176.840660691938
257.843946659339
-298.205191388453
-903.2507174199
-189.219814478184
266.195260871166
247.01300393734
-515.946302885118
789.011817321481
402.294175994782
930.079577494996
627.258382037356
-1197.72626842735
-1691.72262978543
565.568995255927
-373.308477418745
955.469313805321
7853.05587236426
-5336.51039111766
-761.955645507289
3495.53644566769
-1940.73233079274
1252.654901725
194.541020563469
-394.474629170615
266.139571422827
285.436829073586
-300.275283777739
-985.376992190189
-155.958407778011
96.4989122833937
4835.7974676312
205.811033487027
-2033.0606071316
426.259958155337
-686.086722481468
644.208097902928
-83.3321818905684
-1031.21040987542
532.332504430835
316.309331951691
731.564431424605
-97.6483945966593
364.951961120734
224.673154192779
-892.121730541431
7957.63126746652
380.572618049744
205.851078948395
-361.234113261664
-870.133270713457
-960.632169482564
186.583736200174
-293.320540953815
553.057685753609
-1383.36762885766
476.174888171895
-423.951472309396
-574.970262737588
-144.731386233725
-661.15020284381
382.380602808919
-301.823515655635
34.1416182122726
554.435376354502
-191.943409611102
1092.2563218207
-223.739225958405
467.656208472523
-125.955104251451
231.632288265472
40.271678034889
-25.9671805855216
942.324250683301
624.077225528503
-917.198259862367
-8.36546946037214
-165.383965356238
355.798011941122
-406.252452672376
1404.3871941642
43.3008800427195
696.269783748755
428.914714451872
-977.118957342095
2368.75387322268
-3668.70093595689
-3876.56383347869
2122.20990889047
-1347.39877393534
1694.51145989077
2071.13141797654
-2744.19975263052
1283.7630439065
1453.20421557511
4169.58072490039
789.927482523216
-2669.33246456335
1193.81052138596
-251.246242714584
359.760736261716
-6258.90182299652
2843.05851359402
-2569.67580421858
-716.947907059732
1271.09199287568
-1615.98001211697
-429.186815852183
3790.08985848153
755.104142872444
248.713966052776
481.133546601587
250.520932929308
1387.62071949341
650.26549476768
-449.417166224757
1649.77948626943
347.715990322414
1819.09333531774
1801.99563386569
-1734.28593244779
-101.521111129631
-347.337126561425
2475.24275257276
-1994.91434193914
-4812.54204666226
3148.93480328141
1187.29724750575
2501.93516521873
-2016.19457033653
-2727.25612508196
4920.88741297172
-1957.16727786715
-1172.7118571062
2506.52488057995
-2236.63670899559
1826.38036831554
-227.530230298611
-1697.3644609598
3445.70286644175
-4325.61185557857
-3939.31646499382
-105.843583068112
-1671.92364629956
4568.31294596823
-842.252920167016
508.346650191823
-730.312533286796
-86.0237605527779
55.9634152828963
598.068405655299
-476.591675635248
300.669252450001
-445.438736778618
157.614900855419
-1641.7113223515
1861.24972657098
699.661646745466
-570.259281487555
-636.439370434658
-2369.97879834593
819.713505115637
-666.318529385235
-918.293355354547
-2562.57961881654
4698.25996762077
-3341.18995897058
281.204596715472
5126.75533983058
-659.971844183686
-438.789851822156
1207.16181042586
50.1177808015808
1383.91938143737
-929.729142569211
-237.856555693919
981.977897168993
-501.785846139982
-4295.0049315205
1388.22600137205
-628.940086125906
-345.064308786022
563.851233417598
-2238.92609298047
2539.67815804404
-1821.56356329533
109.747870870062
897.590898609297
883.056853428625
1082.92370552693
-245.384746291449
-430.254060704775
-288.021131497994
-634.2237788742
-439.831314005189
1782.62662220676
533.121831004346
-732.388115729838
5542.56085250133
490.871513803743
-1227.62831475091
2242.91638946486
-3655.58243936429
3449.8092397945
1147.54143618529
-329.93955587666
-2036.74506239276
251.108818958211
-775.367602373151
992.969586349118
848.318503508048
415.107109443564
229.805788137105
942.378160043848
-44.5456607343424
-146.277478863135
-1232.15566351863
573.36021685907
3.41839328190605
-282.218960398796
-448.76630406975
281.228250484543
1135.02086769631
-4693.79068707345
277.572098683663
1127.36406057215
397.295704134268
-1409.32122647077
1063.05970970774
-443.190991932757
1390.58941529063
-488.09261641505
-2471.13292381125
-2740.81728126756
-233.78480530123
7030.61209474492
58.3507876420866
-154.408835491776
866.498096426417
-1651.17982483893
1363.8358993338
-616.702744536451
429.826976915908
498.29756680641
689.41544630848
521.065166744147
-400.750156905351
-945.05964515503
-6191.94162237184
-560.51653966372
-8.5895865378839
2240.80547654522
-1357.85066354857
-25.843241381232
-904.23921310306
422.133737612982
-169.256691418702
-1170.49359799665
224.931306230296
1104.91454805741
-251.726348045249
294.557676508797
458.270921273851
311.284205148395
-736.860804229084
779.285395846422
-514.117511854395
927.877684488849
-78.4930521435514
-77.3494694703103
157.349965943133
-897.651145413978
-222.367509066137
146.067609205882
303.19686678184
1019.43367388791
-952.564022500319
-1807.43918865746
-2939.58434681075
2915.65378048171
1978.29074517469
-2040.6669189616
-620.560189540121
-2699.05191369902
638.421589224283
5856.3502915017
-60.8590696958659
-1838.12952051829
-1441.72140742262
0.0290154064335724
113.151098684586
189.989663209207
356.930700928794
-2426.32739803529
805.301207473323
666.973843065377
1272.3067459327
-1888.46456084654
2327.72340469338
-1520.81683793161
-1531.48372454425
1873.87034363792
11065.543200989
-6278.26144005998
10371.7179592819
-1282.74903750814
-3325.0652161189
2103.89680663307
1967.17376243412
-3415.30478685918
4036.54933316904
-1579.32417378208
2700.54448192273
-2250.3791513144
-205.653589335491
2768.76168774696
-1007.18424574496
-396.676254968574
-1352.75728661383
-2319.93132440115
863.26811472079
-283.609074744596
751.016198640256
53.7111795755709
42.9619485386462
-345.306904929666
-145.974568732767
-1427.9759915404
1003.72628365417
-671.137787610637
-2108.14798479437
2014.68835893757
172.769142968067
1739.8818372016
110.060300478936
400.017367635503
116.208971870364
-114.16644634024
-2722.09162655001
1640.36767338811
-637.108267313884
158.107937745149
-991.353909580591
161.17667269758
1990.66661880377
-615.230931951364
318.577935603124
35.8809979144781
94.7040222239247
1158.326986078
515.839190018518
-642.95014426761
-257.844604867863
206.474392430143
683.662582346945
-392.131044003053
-570.672626410929
919.975745216261
451.228395824072
308.586784109928
-539.703777373319
245.272576973575
23.744298460148
119.482635840514
703.761339335726
1141.6818470171
-216.193697653557
87.4875289558632
-373.900982495718
822.310478229871
-871.331448672264
-941.315365167019
524.571164022193
-270.002798913205
324.581397097166
-1218.78801375875
-548.621833062708
1092.29917617829
232.660583917202
423.455268867904
237.480448767175
-88.8672350913295
-124.123050677759
-122.967293927297
259.572317047254
-65.9179362312085
755.662293376292
-1202.95798880216
-75.9476366548757
709.005712128652
626.958124071876
-147.217731534369
490.983696206334
261.924752158741
743.181866241722
245.940354427437
4097.59132091595
794.659163490435
-1812.32454297789
1566.32616936125
-1294.14450631648
1603.23121075875
-418.664098314361
-798.11394566423
986.878833840027
-184.390715530498
-578.508871803533
472.368778089483
-678.687552409825
-575.004155750674
483.426723374327
-227.792686409103
529.59872587752
-254.937393030828
-313.599968127703
67.5135009309393
-232.092777837339
446.320154213532
-768.375394459453
7.24215356922858
379.163541330015
168.205402204992
-268.860052820783
849.202953057217
294.004074674094
-205.779147268867
-589.412490647774
645.911633960115
104.384524939238
-497.376104146474
1474.88346501675
1099.27160138687
891.479633409573
655.783386492898
-1274.91136538324
910.254185611814
854.950147744292
1114.69975693487
1828.0459719138
881.053758365131
-776.895387699412
-178.406384722759
1767.1042179557
-1781.9684966922
-809.318393374638
-609.071244287337
539.182358400346
-384.63297854094
254.105047788368
-207.889792087524
921.881634292753
679.399233700699
-1118.28992834303
1239.39648688446
802.640672816036
701.987357439618
117.772825729741
121.40305987958
-760.743076812258
989.496695414452
289.85821051998
-159.011430844526
791.706398994775
122.417513165929
492.72232200091
-967.270266567786
607.41150326116
73.4402119220882
-1299.07107469406
1717.63055386393
-19.9101473725641
-51.8060771757467
-878.55769320389
-70.0901984675459
750.504802395793
799.355657186116
-36.1086558689112
599.511310007605
-1398.26638348332
63.6060860831751
878.233587068129
-1055.00042272863
-484.069480598316
254.110047855161
757.752707589038
578.16689952141
-714.453411625459
513.305761746018
59.4773769929347
-416.083507678388
105.46567520473
766.429447162755
-215.696339065189
324.735530526833
-237.096471563412
335.67096111271
-118.286573245796
663.79110691432
-431.472914098564
-550.716725537304
-219.632915465164
-782.726853290702
-280.647585517171
-487.514627562274
21.855636390156
890.526777409771
-1619.82839127324
-311.067947374997
-331.288485274991
-539.717459328042
-55.5638870514512
-111.048136607905
804.014076645031
-521.7539976109
-548.970430080719
466.418938100892
691.181926672673
-738.242161206138
-890.043856284261
-165.653760679831
766.556928960358
-425.322425154931
897.204231534535
-1102.14553264881
-1030.68894614005
813.25270189438
-135.294146747406
-746.143058507078
-469.709606689457
-534.81315261334
