60.7273507052563
299.395388160833
89.1970911758607
355.519996278712
-39.3672264364728
73.3023984457097
-13.1622162323744
137.815388397924
22.6923408756129
-80.4763701087847
-19.8674474271577
177.567321983497
-52.6409372832959
175.829152985763
180.744929205409
138.312078441675
131.11542066569
152.791575210718
-0.66322944166259
38.8340989322837
-17.6727378921366
189.959389813981
9.72654802826838
147.633979465781
79.3161474996183
45.3159088820687
101.859648171037
66.9605259794938
13.9956919912387
-126.457748548445
10.0908276855038
166.81113313255
11.781703523907
123.646427785229
-11.14501578318
98.279380301797
-90.042430207873
-33.4000030367259
-46.7279357426999
-39.4450458577119
45.5402509201553
177.2101878682
-51.8482088008128
37.2523769002617
-3.23834135528759
23.1681188435396
-51.0882867211096
167.062064856689
-200.202552352017
-142.510644619081
11.5723060467198
183.521242654528
-103.154639136449
24.0577297020449
123.676214375687
194.658687934687
-4.37876361308213
206.203254699787
42.6981146399676
-45.1334791263071
-128.300822806358
56.0596800251737
11.3082150612903
51.2755925811459
145.12152047984
-170.869632749046
-6.13271335503953
-16.3608355314641
47.2553690217407
-188.720655010047
-53.05129798397
66.86785705655
-96.32246506471
78.7851417713613
146.577196484977
95.0761913174947
108.539239385325
128.497046398038
-149.560005149039
25.9654586109234
-156.753166689056
-44.5841427791127
34.7193886504371
169.667809222916
84.2476930462725
11.1513582308818
54.598503132179
105.52398530379
4.13878009470495
-71.0738819701367
-52.7943500756536
202.624832050194
109.498236118416
-130.878067603019
74.3355249766243
104.191810833845
-147.607955075008
-62.1884674140169
148.947677434043
-87.4353973628238
-16.0698475827818
132.020958069778
-121.54094760678
-117.200892236331
-7.93692748219836
-176.692784211466
-14.6477276468846
-66.8795789941058
-70.9495716538121
-397.076885666902
-38.744069638819
263.143864539061
60.3181982072603
82.5406945951556
129.605106243057
124.026223216971
-48.1673474386319
150.760358455595
-12.0070657087828
104.317426959372
-40.6973034414628
148.778894404709
43.0172663324209
-95.0893290654159
-110.303505826912
-174.668191994799
-4.60256363593589
-196.992404253862
-171.570152610275
-411.689807066271
-100.943987730457
17.8419724088403
-169.677585659943
-363.996139116344
-85.3841468880597
-39.2732999616605
-288.162299896841
16.6152548704409
-93.2373280059783
-254.817466328193
-302.516369832547
-91.417011485758
-246.33884186437
-45.0519784463109
-153.145247023898
-19.7658730954533
98.1948187532224
24.7298550399282
2.83621937714525
153.03073375317
35.1529770637041
143.243261861991
78.5894498683924
-62.7805689263362
16.534231588169
-18.5605736191849
57.2674788574744
12.4906498089852
-136.134688971656
9.93812281098889
-96.022105889025
42.0870979835672
-28.8561829964257
23.9361998730984
-212.947441383632
25.6913247462117
-78.437683095117
96.6354580839223
-80.9150473480824
-121.631385081496
-74.7289070697799
77.2136499444086
-112.707911921752
-171.204589352385
82.1105036892059
14.3890379427917
23.1492736151152
192.036347828641
-61.895522230753
-116.667994827761
-72.9842699909155
-58.4657700146187
18.5919275912196
-233.607091319115
-21.9200629958535
-155.71687104446
56.4981074173548
-117.701457137663
-19.8609300552707
-298.052922335848
168.113473059269
184.28720313069
75.7215603111151
117.210766415004
-57.4885730573722
-10.8200442437862
91.7590773272379
120.003649115243
-8.35791447137547
-109.452354310779
-189.096718503093
26.449121522944
-64.8967402802221
14.5323091505345
-51.8579067495702
36.4130196291265
-18.5812719221733
152.731226709942
-134.331053046669
-117.734162470336
66.3920653147039
-37.3184199481748
-159.268812987355
34.6009687938848
-90.5696964347343
141.800151936097
-127.530586237985
53.6723662571221
110.168074666324
-127.002320336862
-108.376515021925
114.370769335823
-81.6029541242194
41.4621984109405
112.809046448155
155.580345412814
-58.3647672359606
-55.4917110954797
-171.086325031737
62.4527828804102
-60.6898256517601
260.436363123002
184.555173604841
399.959371141326
85.5272014416602
150.13518586114
26.3975085476418
0.0411537740732655
-97.6284809234644
1.57820011502846
143.130290483734
245.071611790856
-155.679503277663
337.919647998722
135.499912094295
63.7317699491943
176.876694823283
22.1563719874283
-33.2468731527141
2.71839368469803
-70.0595570361269
270.182968645088
35.553712461727
84.609681452632
138.091414860592
100.72216922325
80.6746015523743
217.91761758876
175.475633077431
-11.4600997814929
-169.353421213304
8.10810718765734
-102.170987150776
-315.601153997054
-208.487651501799
-98.1101125379041
-60.7816467661752
-13.1957336072857
-49.2976715318103
-99.0163479730466
40.3747126040108
-163.983327432466
-69.480499542058
-127.852783894395
70.8827782357862
-92.0876829133895
-32.9747377554841
90.5512869568921
-300.049163073394
102.839588174656
-212.060195867901
-62.4759972357803
93.2952187844261
188.262797166556
-159.875809826259
109.943512482039
-71.675895943172
-63.0124258672677
-84.3301155999443
-211.650406677367
-242.591436905052
-177.931652345883
-68.2271314176193
-178.346396085453
67.1299674739209
-123.096863829921
71.9394807904039
-380.364476501923
-24.6143606253825
-81.190504019634
27.6546581923159
-30.879395360846
-20.0275417117221
-70.1328289400355
-317.455395273228
55.7328468724328
85.2389910978409
-155.096635426957
-15.485163266948
-106.991575503297
-9.34185584336068
17.1903403387679
56.6221429628881
-249.507073579843
-0.430131278821612
66.1710019352157
-20.990616775977
-52.2886856539901
96.9480705575387
-187.758049316504
-202.781650760369
7.71112735601808
44.7442891519269
-349.860858810903
106.364164502948
-53.5633742708292
-30.103615454145
13.8300277423658
-48.4983027372986
-271.089711083066
120.669942552152
204.349445500502
-20.8468163719018
-150.571857632581
85.0375060238889
406.485556605099
-143.17929068313
212.20390253789
169.870902308688
-298.199743555605
-88.4322403285738
203.152236173489
99.3560383394807
108.497019052837
240.656403662152
-219.097262438779
72.7757184313325
-170.150971168802
-36.4123197176591
-311.242708011303
-73.5193947208348
-93.3833782650947
12.6985453350559
191.078713169294
-11.0809238620352
78.7396576157618
-105.05879710564
-14.8384221368885
-14.5637556613608
-114.854236524488
-167.339034384009
106.785064443284
-258.547094620737
113.27934915065
20.2761157791376
-120.50409804722
82.9041687059249
-190.681646006661
-197.332349468097
-369.229121798017
-131.907045708458
-177.342484116212
-266.989409068952
-144.239122736801
-171.876452490335
153.442266167107
363.691805292409
-170.805800618283
6.1472941540468
-123.576948748006
-301.991111776351
127.240556199157
8.4863934818779
7.22751044340909
365.838476952144
119.140245572438
-49.2415876218465
-96.178118395329
-154.871467489543
-201.289390406697
-139.041330131357
263.186509129484
53.7374715478014
130.392567607707
177.080265957155
-44.7833150491526
-39.878889753633
204.598403535562
49.9356429163844
-383.55137922141
-126.990015935934
150.113753044307
170.647676521
-71.373213356844
-12.0818094688397
-92.4194510979987
98.8995916312312
-259.955151201683
237.243076675908
-195.361296989537
-9.78245588296799
437.509096874828
208.685346307044
-195.274603305359
556.282455484895
141.881127403228
6.05496791667498
195.014343312551
-120.329788794092
-158.187567737718
-6.96727353074361
389.803672812193
201.908393606723
157.377882011017
170.659186651131
-125.143954741087
-108.311662707739
182.556832535444
-85.9005979001917
-256.061121617684
-155.620017646016
137.440432611377
-344.523576336058
-261.171461406265
-115.169752896776
-155.263275649295
-250.395927002255
114.479160056322
-139.664641547374
-142.553199041922
26.9146681924251
-78.89869252983
-130.532642035567
58.0050703310764
13.0086493243048
-193.43227602405
10.4870879816852
-207.293677393037
-26.1112399591166
-333.129599557833
-127.852740742896
99.1126956452471
-175.894451965918
-0.564345703095789
-286.89651753685
-67.4513768870348
-192.28112926086
-48.0427141223133
-98.6875579531109
50.0760873512713
-44.1705863211897
178.025172108085
95.9205308033857
-70.9613820033008
-324.324407753565
-142.979825341785
-5.88206973926627
-44.6745394336444
-64.1988737797019
84.5557445126234
135.724247474581
125.611035241451
-114.163618379233
-134.02835106256
-39.8998744852706
117.357021505069
113.366138134276
-65.3788737886702
-118.235969528031
-336.188221609126
-61.4615923545241
-458.184088284419
-99.6551609424901
115.571263624926
-79.0582992695607
162.194211491302
-75.9830111875506
-30.5015654597999
132.330612055757
-62.6857854951808
19.535831318458
18.5279252961924
18.425953171843
-176.845182004147
-109.503569280377
35.0792857315859
125.913966940567
71.1491107942477
-62.8726343645276
-168.465829256526
133.331223643487
-29.2202622263798
31.7615102646444
17.9944812065977
23.5006635145528
84.7045214969164
60.7406724236972
-167.50978377578
30.7679823877664
160.132035029451
-54.1457405738708
-9.13857914560636
-168.689669104319
61.7412331685522
131.819597090306
-208.011334367657
-1.26737440961082
-65.507815108293
-40.529980438592
-339.593258124407
-218.20193533369
-237.240773794527
-20.6351962850353
-212.018895113252
9.89672894611741
88.8181313907589
-319.848726647775
19.7103794901391
-13.6250331922502
64.6176817933015
-67.4772344095567
259.450117832948
126.650686218447
46.5080392166864
99.9501432836843
56.7233449858523
-63.1849386237436
53.8900390428922
-29.0510524769261
-147.550701246848
60.280665853619
91.1856145048294
181.496010897235
-38.9223511197918
-40.3076369291547
84.4044316313847
-117.5013679497
10.1967640853088
-107.8476273695
50.200453249667
-41.1531281608203
108.140140186339
-38.7810746651271
19.5463377484038
-27.8267151475489
-50.4880530236705
135.39561359019
-48.0350221138928
-96.9485881218119
-203.637908147619
94.0318780120235
-226.112182963395
-272.460391147666
252.275193144046
-71.6838822994922
-0.469922693597596
-110.919742480568
99.6761012490024
-91.7051058678337
-201.054532182959
-128.103839110627
8.58967459629656
-237.692380423876
-246.650597077201
-180.659317425971
94.6899084885077
-64.4375665936863
37.2374506446834
128.682730840494
104.090107461134
-18.737999549791
-97.2469542791868
-107.395637741989
-18.5046479097713
297.995711984042
-65.1175951809528
102.24262497421
129.306884946157
-26.1013286241684
-99.526727153228
35.6389847500207
196.717608611506
95.7411932006194
244.181503073538
38.2091519168022
-52.9423563034126
70.7259375783527
134.455159541725
-81.4833970747823
-200.969935035739
-76.899617411175
-53.975154286485
36.7354628601185
-5.39726813899671
-122.558539570553
-110.606415285387
23.7591323257502
-315.669773688248
95.8484280628668
-198.476925830593
-454.617974927462
-197.090203526081
-364.306560121121
-579.347673677054
-250.425423180254
-62.0967169145248
-278.754856208509
79.4775484299107
317.786891617253
-80.9413036080106
55.3160656248736
418.716922479431
171.359169089438
-170.847272850085
-67.42420227712
346.84538446125
83.5144747364055
58.8718753877928
286.54896893187
-117.276931187163
395.798423926237
381.605614558778
348.730204861446
225.889244065647
438.446663503033
157.222210096973
103.791922104131
309.52488174273
279.204097382387
110.862087135239
311.644451193729
229.892966436243
289.391467649346
272.705633859897
235.081817358298
343.592858476204
185.772194068325
180.90516631488
235.107791122292
-54.1883345658343
-163.378542376554
-48.016280481845
-130.197911477366
-168.024872009675
-241.575695505151
-130.77267553553
-211.584026082023
-66.2183787399139
-28.1521316337929
-290.18316652372
-230.491108588885
-27.8302919296256
-3.28370596200227
-33.9993591144508
24.71961865717
-125.164733411932
-105.982083012714
-100.26278863507
-237.123317884631
-168.307319143392
-243.405119792282
-233.15699408645
-132.105777978837
-168.352476847125
84.4004992179992
321.629076156172
61.6364232294497
32.2464508599894
89.2928620812581
-140.465357018761
-144.197557044728
-184.189673110377
-83.3402318906894
-215.156265040769
-147.050298089487
-148.596212026849
-337.769418121301
-112.445319674036
-60.769401010222
-185.715006627434
-273.298103281794
-24.8087747610573
-55.9761214816537
-107.833351513073
4.90128291782825
116.933227107837
59.5925680919368
-149.529661373089
-42.580715588564
193.830686033888
-81.3265864325564
-7.72912592550047
106.977384387427
374.051890992157
-104.678873685437
115.040882344029
10.9565744375447
-75.523096100795
-323.484964881752
-344.810267160907
-158.992204215282
-153.567938105592
-52.8450206386538
157.510657492675
-37.683897990448
119.513237660187
-26.7052082269583
-148.3769504943
-144.899302239476
-352.246601332866
-231.878301551801
-301.438380015103
-140.538847431936
-6.03397847046806
-108.985434364864
-110.184182425943
185.160743981115
144.956332477048
238.433433732708
75.0714484580259
-125.541044641428
38.5460641416995
27.3199335429299
-243.381792209717
17.8433278761295
-236.453795210902
43.4809103534392
333.747627390193
182.640716005321
300.498286710819
147.912326876693
341.628153687723
121.863512524736
200.196327244356
-247.034062557651
-73.4890655811736
375.83750849763
-195.0636067468
16.5905224918702
-64.8138759095414
2.77738033468333
165.214706616435
115.635524774946
-5.1127974227865
-292.233887642986
-126.54227978793
-276.140356603507
-281.275917371802
-131.78110955208
41.6211064117487
9.87031613180402
-120.411097844816
-40.7961164502543
56.5481226356727
-58.1772463733686
-29.791471348613
-95.6936949487136
228.211959212261
-8.46679359301918
-36.0123312752885
77.8724748402433
-206.893239391207
-347.124473172685
-152.16595316714
-590.074789447788
-246.340202914468
25.6469465941587
-231.057370082171
-101.056557257531
317.59077283053
-68.9816689494801
-44.075246206792
474.942190170526
98.2387222731626
-50.3495550227209
322.328010635732
-65.9276269557253
9.31807318897262
-34.7622183689429
-143.926319559451
-160.452884115786
-47.9240013794075
-81.5629357137558
57.8171202978446
-429.225630405382
-175.511700805282
-386.181628104337
-176.539838814502
-312.63110171294
-77.0673391372022
-34.5911319628786
82.7637431760538
219.448339491762
159.43241136768
95.9665292543733
427.207677762266
206.06534212746
295.617770021203
359.866308711504
164.207048996757
-85.9792279989063
147.961200121462
124.316842777183
128.388215432636
74.9944719559071
-8.24697342119177
-267.655634711319
-259.101099502319
-260.122351779996
-242.14704115828
-581.776386442891
-360.507806401857
-2.83920466893177
-212.58265246763
-251.827357861252
-47.2661017603812
-98.7377699750546
-67.2945813643152
-218.27134657228
-263.474483501792
-140.645368847172
-62.5897743086126
-257.237295772215
-257.515446143421
-367.850693431137
-687.529710551256
-764.339755392339
-775.582762887868
-833.437543114485
-492.074743703062
-361.440711459828
-177.067634613252
-1.20783015340227
162.42303099616
334.915659721624
333.26642213554
479.368554040179
556.82885252128
611.334906364083
145.310852939266
131.25849801604
246.84364891996
-130.917289835515
-163.13932948969
152.567607327808
112.947744378433
-55.3318176080691
-15.1059250611699
128.113727457747
210.921592125855
-315.161383850224
332.493458240933
218.464692698444
369.277435103681
485.119117105688
599.662604220453
238.687448250979
348.980344454739
284.330898593319
42.9527202725823
-385.563214446417
62.3982632190415
119.163866876313
136.543442616313
268.395495399826
110.995164310167
362.788793444109
595.566317832874
361.501869227463
301.728442506258
95.6051293976145
-221.709775237076
-262.545757414794
-48.8333614091329
-218.319345525836
-133.320951760921
-60.6146046266051
-462.476879298513
-211.664713898443
-344.138382332389
-458.473782893164
-642.249560203727
-423.726941741529
-623.940907793633
-779.289077816664
-627.26063570342
-432.655132568925
-561.335720757152
-38.5212241741725
162.386868089948
-7.5171385074767
1336.24235438791
654.369893926046
212.875895222475
-66.1209137105658
-691.546728364611
-495.905786489321
-872.827032756754
-799.729356917992
-1050.24597913141
-541.849597617685
-930.652684599764
11.0093211773409
346.392586069408
485.577208229784
784.885936292449
850.620646574812
708.096709000651
575.478190558593
278.63361808038
113.790088394622
159.85406532198
146.002202854638
88.6839469959477
296.689923711576
155.617388179887
15.4674914708709
293.037167198738
22.2503951552806
52.7589333072761
172.389350736385
366.855466748377
267.707495106541
361.034327431947
134.474122853788
264.200226205093
181.142545281348
371.483404708215
304.460687630287
-77.5652808111429
-209.695655014889
-173.60191776202
145.388322157289
-95.685376895978
95.5160492770782
-136.804896073731
-384.55658268381
-270.146765431517
-280.213753127104
-230.548726571336
-322.927032143121
55.8817117187017
225.723480988311
2.23048882357324
175.402121529326
886.568011003235
210.760210983627
100.920695278012
180.736551740945
-280.941348826729
-363.174473185923
-62.2166320748251
-141.605048145071
-93.7612547045297
-95.0129549434596
4.56923604809449
-151.176481899607
-230.305402998468
-17.7320393227698
-314.783652115924
-373.044293958824
-406.60405283478
-333.467518662812
-325.874303111458
189.262078570366
105.03592998896
-85.6390932205343
-222.002269407869
-127.569527853983
-396.104150784829
214.042835364651
-17.5473242901276
-69.3507005319076
-102.851236463562
8.80063563590502
141.840559839752
-253.285078963964
120.243010059491
-67.435269775821
-186.961852400708
-117.894527613382
248.779436747018
-72.5442614053117
-66.1453158928639
70.2361038211934
52.6680441445691
-65.6481963189765
150.04795483046
-163.044456141833
-211.11266907123
-409.266740460476
-165.373169299276
-23.3746493910964
20.0252271129505
46.1085168733499
85.5632231982392
94.0134608433692
-36.0791112288437
73.1349378834738
-126.152131699944
-384.275498524279
-282.998127080271
-347.637978360222
-243.711585237011
-462.837326280164
-163.150461053455
125.834675767273
169.842994733873
-4.29670020889345
43.484492778319
300.837531505521
286.316878574442
-25.2814775161729
425.871956016372
257.9178495379
29.5312016514942
-21.1301630996678
198.223459144933
-394.547185209919
-629.147272342521
-135.984848590418
-140.382153698496
60.4842831521522
193.670731570255
86.2532733072152
-193.083749430126
-63.1344074508185
76.9147964979037
-65.4544105440807
-395.194030133228
-201.898658940921
19.3009990501512
-441.474004844807
-445.507088447496
-41.5595443976827
-742.218736105702
-528.442600291874
-227.161966501265
391.442037853796
613.223757216108
398.653366661815
392.19326350712
221.217966769515
138.009173580366
-63.0733510690961
101.906538960295
-61.3699705543043
-23.6764953583995
-78.5189167103338
-427.262373944119
89.4829161140016
197.303480824912
-17.3739419494393
318.852068702228
-186.185499457307
260.849571129104
-145.523686025267
332.709657845095
-79.4408935467798
98.4511694389581
157.540215988651
-90.7888355217265
114.16845892366
-118.2622050445
-75.9810023839865
14.4012429843543
-39.6020378504872
125.930866993369
124.507301762666
-298.883454117844
18.2496683945645
124.913932353256
229.637430210551
-46.5912470551357
305.991239412772
-184.033965665072
-164.695719811622
-57.6132237029523
-381.991933231134
-904.330162223671
-538.467884216019
-435.983728117879
-306.930397446919
12.4098113597226
319.313100629062
510.522511633563
898.193061421869
619.811160848548
705.755323896363
287.053595989067
124.600782725469
213.242851226461
-230.728768669809
-143.151017081789
-47.4050711160251
-96.2560093618341
503.756570930812
444.158143783756
396.566229467155
432.92262174226
264.810428450508
471.977618378974
745.292689970478
269.025183730483
199.223359959573
-83.0800858176281
69.2781670304037
204.546807788177
112.669421008117
-87.1265562729604
293.969546031475
355.191738597737
38.8840387943373
483.849592389897
-84.339230102455
584.104425451459
143.504451991493
180.996408524375
131.042464000473
121.579162137071
-70.9361633968568
102.530359106793
-14.8537195185046
-5.2664971436982
-377.403455632853
-283.53347006479
-57.5207508946157
-159.091479796392
-360.342461217368
-513.680918002963
-540.599753533329
-193.591748101904
-192.906427200941
-114.52080944938
-343.962433500538
3.08891463288159
-174.207032574067
-153.560474080684
-70.3231044134416
-394.968401845098
-250.451959203142
-299.370242088479
-208.231656921778
-295.591121089935
-268.52146377139
-687.243365745034
-449.71580116146
-67.3151899073491
-11.3034090948889
-530.241135140915
-260.087262587339
-202.656139132976
-558.80632249659
-681.984727075907
-531.236603106971
-632.278923145104
-255.628145049888
-195.648751736687
126.003685516407
385.586943169152
52.4280247202819
435.863135431584
628.906619155606
153.237837708683
617.967198555515
376.532902357037
-21.9354860473527
-15.6570509201477
155.512785819995
-51.2633930589385
-39.9107248020743
24.5735452827401
224.483678857815
190.477198029114
323.530952861064
-92.4100693180664
338.253056966117
196.677688796127
255.749998189253
138.321764298557
317.765269121918
518.691303429595
125.506040470973
342.064601118398
500.982797042953
73.4620627096928
437.194688858466
88.3784088486023
18.5153207741474
-405.365800829952
-662.533192742016
-601.751323963212
-243.578430806525
-138.14271399708
137.234078031258
189.645884472012
86.3982252753065
198.907812670817
273.257622546825
-198.536792672321
-144.487437279482
-178.568357329157
-251.329141566943
-67.3363378036695
-116.145434707183
-313.852595379256
146.511746646581
-276.562329301283
78.0179163309956
-10.3411950889089
-284.23902015341
-299.47181917651
-108.309687471778
-92.506507860813
-2.45195029162829
186.942709440146
427.36107529374
519.464968874425
468.002468416147
433.574643612315
504.132267775546
328.938023618532
562.69125241045
298.982881396415
576.424896857563
530.87029379084
305.261560466548
17.5537378781218
35.2439972440718
-213.57041602299
67.4976911676582
-13.9386678085851
-398.599067007161
-433.317606874234
-457.141294947995
-93.6607111353493
-286.36620341007
-540.42056938308
-235.71658358358
-275.556143330609
268.978906591409
321.666231675384
543.909332711932
385.607447232472
160.648218030379
221.791333334359
139.970923515536
229.271245017046
292.471792201967
-65.5521442716002
278.76632009724
63.9783816300211
104.024911857003
259.467540591963
240.858404353997
399.510897391709
305.123508169336
337.359158005798
309.717066538177
-287.505963888905
-364.545119186626
-99.6484813262643
-118.959571381971
-371.380102975949
458.979732675581
439.41433824277
519.26686554647
97.6566369930631
122.502267885386
-256.756588356758
-104.51890390309
194.836709128023
54.0619429637295
81.0665881510815
3.96979711970329
-190.750022806788
-197.084567298052
-248.496231002586
-181.412615699305
-563.818571132963
123.269672304946
104.578089543398
-66.5277023490208
-221.475052233715
142.616605710875
-30.1297421350346
174.03332886504
359.015375203658
325.408462297713
150.100111415248
546.096884865062
301.498566456249
433.274430897376
344.645702728893
467.207569051079
273.186526215424
319.2272115238
192.484329700543
-130.189138618508
-512.829329420395
-702.340015773499
-275.847333325119
-258.53551581265
-271.632791375386
186.942624665582
-9.29086131272234
67.3025372384291
57.8287033406601
510.161468903237
85.2797014951143
-206.113870673776
136.370432505967
127.91464860643
-368.096994629622
-428.707666713838
-759.868733470645
-1053.62841430183
-1096.05384405421
-260.599124739031
-260.108587631667
-226.274533472844
393.999148041458
449.715461989752
82.9637466981234
673.381630752641
847.804419445774
726.680189759088
206.930812079358
-103.075430210579
-564.061320159344
-477.770864791535
-386.089315758778
-75.2450926656574
-190.207024993407
461.089788002034
268.615611018857
714.374862520507
697.880591971588
517.127897215159
294.632408309838
549.232512728613
613.95588445248
677.16671372358
233.121856166119
-14.5464217880846
-148.249123666119
24.081591708507
-150.841106294623
265.007467456333
-275.478298465541
363.967180505804
698.231433276408
407.884719440658
161.225214389478
138.941477307112
-178.718587016307
-107.685288389773
-83.9331352224452
17.7542951733526
-6.98107673879324
166.547838902464
141.836822895807
-172.356481485269
-246.155421296244
-2.8263818080861
-294.699103167929
-20.6339705120344
-10.289201842817
-76.2692581988255
-379.171339441006
-335.143121540346
-130.636773738603
-3.38203450880687
-162.328745661269
120.873110706872
112.904181202605
197.812017028828
203.670086942354
332.585552075582
-49.9437447081373
-268.68547217937
-529.301252833744
162.667784829261
86.8248444211039
-526.729905968068
3.35137054545326
-144.029572967432
-498.446064856568
186.612229336162
-46.3678082056704
2.38574909813472
-10.7589416064985
-31.0837883368987
-112.650415714621
19.787092492761
-504.725992620945
435.183682209664
254.055832776275
21.312764727184
-116.934228133544
-121.507979458053
285.460543667112
280.822912449408
29.6689510580038
76.2089833359343
399.082103976239
139.88641700287
254.144778538058
554.522655270347
403.335185555746
-320.273982832846
77.6221122298969
113.962523043023
-131.698159519257
140.519400767328
-256.503792264304
-167.499443841233
-263.086177836015
-35.3041465764487
-4.78762165614898
-151.780048560674
-341.374590065756
81.2111568913127
283.376406243099
290.50819394749
141.20634911264
437.710283942002
177.767394050674
544.241432002619
49.7632331444205
86.4342810879676
259.648804688762
33.6206593289194
-192.274996003312
245.526896880009
-512.874649654572
-264.886219238878
-383.890549295337
-377.393678951623
-183.384462015777
-84.2673903747672
81.8463518806328
233.499333421188
404.247704337055
-41.1092767293528
59.3893916683135
534.570053817206
203.092687348566
-35.8592219079769
53.3388434875328
-3.4279524779793
-316.020566024437
-220.277444965664
-202.552805607416
-178.933613319519
-150.455150031625
-32.4117654701793
24.1617669324446
-205.572567866931
-258.010295214572
48.6014801177782
47.7181838801223
393.940292207705
-59.4578171064533
160.400065393036
158.863957063859
-160.602544486236
152.53044311681
362.337595666013
-308.619195404284
74.1391234057952
284.728213722762
299.544577736256
92.9178123653241
430.763797340372
379.479056358597
212.858050979649
125.973072002135
173.671300442648
-179.670694445553
-10.9662212059818
-90.5735429821775
-171.702265675723
19.0471753197621
116.438336957443
146.356350577596
-10.6310393292668
-10.823153167713
47.5589354863271
-376.531424829613
264.582304807083
221.709270252426
125.719830909991
-34.5562523657965
461.07811578797
49.7720902101993
-52.3278562481253
-71.0600323716301
-10.6228506303144
-270.646465703133
-63.1677534947702
-140.931173868015
393.786609818745
340.195664583753
-152.742810432445
-16.4246298512736
275.128353548255
214.320884743435
449.836328324163
-155.590667831604
65.7696319593418
426.477806729695
-8.32437382817899
-325.890249082425
98.4194956983137
174.633375817866
-69.0942790848326
-227.245343462507
239.536902363696
48.6476265641925
85.7020532886012
-82.6662496116665
400.855947234937
106.77676490978
126.440342618253
-112.455755418057
144.644907389369
-219.666361246299
39.1569084438998
171.150912434274
279.48528666336
139.662342375813
435.120843688838
402.29764015122
643.264013493876
493.925252270613
303.857407692555
123.660992254793
-11.1541407394227
113.94717709862
57.6629720344164
66.8651134052114
231.692714640668
303.710701276738
98.9282394684228
168.798546175772
290.518295111959
-410.289601634324
-80.4367059748838
-584.320302892471
-643.257978505834
-538.343043459967
-485.32880689997
80.2674770209608
74.6192402481779
32.7947617312707
108.87898194477
218.045478229738
-184.730282073769
-727.704078322447
-387.760668361408
-430.883218532736
-566.972624457839
-195.24121493137
313.286260487205
-341.578767054844
90.6378916876124
608.685411194577
417.174725762538
642.659162350133
352.061037825041
215.531033575883
334.238353566937
90.2389406495763
-77.8380109042732
-31.1562791297033
-141.914164843061
11.0381432866944
-16.5135532385877
-565.727145621803
-891.149204804453
-499.049114496263
-339.563889891417
-386.349773640134
-128.231708552082
-2.13769084962266
12.2929972127349
-66.7810510444212
39.8516763567518
-396.606581481784
