138.238735552869
171.973871680252
58.7692523525053
235.921703414659
-57.0583578313168
-227.593422662192
246.648732747422
362.859800209334
305.650992030891
353.351031442082
42.1678902888884
216.258096410744
-164.264122300959
203.334393958747
68.7866497792206
122.53118712479
176.172059989963
484.822900878366
172.534267530931
78.8257128810952
42.5936067342763
286.742350863546
233.145205782017
264.699424690215
-530.068256991001
-405.11387547327
64.8046141604613
221.055605859971
-210.084723839058
-273.578416909916
60.9058144884172
21.6732302246998
-185.181696607752
26.4564274977672
-318.819535340746
-313.890629782953
132.273847023391
32.5809299775157
-93.8792584798951
-132.069315277019
-176.268279529036
-80.9767018742555
-101.519822838458
-271.87995328461
162.943769166256
86.3414831394203
164.303137198081
213.362616995394
59.7088493056486
-156.385351359142
-75.3729271671797
228.62089616978
299.794456130658
200.307631124035
-134.910529115484
-189.928276813627
166.100463968683
234.857361909978
65.1416748748705
259.326405017772
325.264848329399
174.830754473972
103.031177996051
307.970121070162
114.751988368673
18.284729028599
275.903102236453
226.74091919572
65.222019374906
88.81547516048
14.7545875616658
84.7316616034074
-34.1977335535031
170.328883775239
198.29263090669
-129.95845334774
66.4884049902209
168.00973101849
140.494942802039
148.213851734219
199.860645389644
327.931434436698
-109.7472131453
123.582136701024
-4.33290629542314
54.4241062073354
290.256218236264
-32.1987154801525
162.049361291714
237.081009035464
-315.962037911234
70.7829433338713
253.041918762961
30.8335948240635
-43.9243990191342
-165.970185712796
-178.887736142694
26.2545117906294
-3.92920688433263
79.6437567117963
399.80029274533
298.999695591314
74.1377114962055
338.805435931606
-15.1228246808276
-252.804840110348
115.146622316354
179.08755650451
-83.5799867191177
309.732664204616
290.080726914106
20.0619220735597
306.284010748508
346.934655016397
-222.24902659424
53.2444988500567
435.453054735921
140.091968208617
19.6280271397543
480.987242732041
5.51639377158645
380.617675836799
-42.0104427974346
111.188187392932
-114.647161881304
98.9468661350015
-4.57619701163753
257.218575347076
112.143654010787
14.5001612031074
5.43779873768932
64.4239917024359
225.605806372782
423.049266998049
-302.131659229787
-233.906372712031
372.925027948782
275.656196577671
-53.1996897377226
31.5201530125298
23.0868953091065
100.235135738658
183.45627868843
-37.1272065192632
-159.381097645272
371.386869062518
289.638769739806
192.704677050455
242.179850392179
78.4507782846859
119.594584402729
345.525327406463
-90.6704291075558
-175.395322975914
-22.384239825352
181.208328658255
-95.2772869337638
163.434118589128
139.855392934864
107.834160825118
-74.6931518317233
-101.45054626266
-407.160416400263
-22.3216068151933
-349.509382761636
164.490816419731
-80.7243959523811
-2.71363745158234
169.231275061617
70.7180423214403
95.8176034046262
186.8366893971
362.434195722784
339.349096255776
-379.222592250763
-67.3938073990315
-84.3934847988642
-69.764727793504
39.4726653912455
87.8756479700643
-34.3507037792486
28.9910169163066
416.656719408225
114.96951118965
-213.841765566627
-223.266702722659
49.4941144639213
302.654568596608
141.709372494694
-53.3094333984463
-7.3578193165129
53.8981950875136
5.26847915454715
94.5781936974135
-24.4300749008984
-94.2016363179527
-120.127660709897
69.0552518603989
232.574922905495
250.113000022583
357.536221331078
495.039081513871
218.12358682363
344.775757976488
147.157073360036
-385.316063171276
66.4591669869151
58.980772834787
349.324608819627
278.971871027403
236.484549538831
353.57413273266
-13.0619041016142
52.5018523500567
-114.551573226467
-102.085505360114
-199.233246123557
-12.7459152640556
-10.9965925473711
49.1514580593362
460.49309559282
-120.56580355162
130.598440569656
236.219577805245
-209.862269130335
116.212027074406
171.15467953172
368.383923245417
24.3344420102329
192.716342464187
180.995455017883
112.591584760651
31.7150247757812
172.967332208901
-6.17470282108847
-90.4303619465888
112.637826393864
355.922122234035
-14.8641075667269
198.882361801362
172.044115650568
186.763676582157
92.531094459382
432.637274800469
-361.143836070406
-134.148671629943
385.469277008555
-86.3309091105624
80.0366682796455
197.033893478693
195.841748449219
267.260723597247
441.934988327043
52.3154191615525
-94.8229483388761
-199.099715734054
129.244211525408
241.410775787922
26.2886889672655
25.1453894705359
-63.3136785694711
51.9577334493189
37.5927201029635
147.582948731248
-288.924188800059
-466.312974077587
232.83284756913
247.207606424453
155.376352885569
-48.817835713317
-24.0471622901608
259.546736460547
-155.002886046536
-9.93176074756329
-175.895101489852
-67.5801312284922
56.3902722207908
12.9477221497029
208.209121881486
90.450536082597
-130.736702509484
259.553350689336
73.3651722106632
269.648478336342
101.68681195145
494.873532807011
62.0007114164195
236.824457566685
260.754340949992
217.590592388725
-130.447585015164
173.133203355185
25.888403714517
-44.9205785933174
-171.680838901906
-390.075320631051
-235.429632940637
-29.9162584529506
285.575497678235
342.793860204929
327.545457657743
38.2766121987079
184.998447864133
-99.8879938529583
203.479964882349
-152.585513748489
9.7389032653499
1.21907647321325
19.7130993716878
-33.1367586582186
58.1576719639965
50.8818518454059
-55.3930350247051
402.40003196518
-188.522094433923
-226.907293399155
180.429437147314
29.9267933132196
28.2418576086926
-14.5251506567595
-109.859367648929
72.4946674498148
53.6359765121209
-6.06642795557758
-139.363578266624
-176.577271943415
64.8561632311864
3.26735614338745
51.24027108876
510.527965733857
36.098259155381
-91.6017285420264
-5.81973404240613
38.1196273639106
-205.414628669565
-123.817704920559
237.461870159313
204.642511104138
86.6832677346064
51.9195558779972
50.1631316818982
59.3545882691182
20.864914099152
190.570875969247
10.8836673042131
199.582181934389
141.292082884766
214.062356122614
209.502457554288
367.114138567971
36.7868744415744
111.59507992697
141.82981288402
200.169820451802
-67.303631849486
139.602719971977
238.706363165343
204.066840849633
235.513667766959
201.050346005423
-37.2323036868911
160.911604095383
357.346854542683
-444.079282007814
-71.2826521513827
101.652825805631
143.206005354323
-193.999184645537
-178.188523727501
-402.52470005999
103.962601741317
-340.963660166131
-120.513227956881
-259.67974635201
-13.9270714300022
-159.349450324654
-7.64294787273883
-43.7707301057652
-21.1811593810032
-63.3362474514694
-82.1749039012715
-469.876434945339
-145.916520853834
-404.433053328991
-239.663189958822
-737.245685487944
-196.319009048526
-536.328597972448
-257.080804760163
-146.382745199196
-0.666125295230472
-370.426991039385
-258.346969011465
-544.233731780038
-527.264705365484
-748.201617064497
-385.350024319206
-528.900211409194
-272.257156056969
-88.7409562481647
115.928856849303
-430.880674895675
-49.8144212712821
-164.402576857314
-405.929321941929
-247.996904672309
512.443288975134
-211.399394205094
443.501185003695
-78.5229182578328
167.173973711032
-155.840033259297
251.481971993185
-140.95080309562
-88.0960185841204
-76.484912923006
-186.455599633052
-75.8609423483443
137.925879896226
282.677261181016
249.61864391711
-85.6188382783227
210.777459005929
179.176931482438
327.348923768682
349.243035275443
439.300398996364
208.180446831186
111.683263323828
50.5904255201
392.529763520365
291.391607430275
195.584455355618
4.8606832878768
63.5247765042174
-51.7725437111729
55.5469166414338
-145.457010818987
-180.68630696779
-149.200593092045
-241.177332069034
-98.7336650929019
-101.937853471569
-416.943890329599
-106.456267095261
-206.002395473168
-400.795250272761
-296.963778919968
-18.6620466841812
-294.221103151663
-270.381346552388
-384.825879694729
-58.2230062493828
-489.665173299298
-5.85669023933241
-235.057429383181
170.03864318742
92.7004748880557
-77.6710190041254
-276.668213758622
115.150894218634
65.3320836897286
254.58103163257
94.2386529783609
426.601858999079
488.735210739951
93.5329493204884
112.108157385532
265.375755569504
153.960091184028
249.755423178091
-38.3927463239459
-5.31919543335081
-404.186017759489
-167.917492937252
-449.787389889676
-307.367087960019
-424.147392606498
-304.381855090283
-266.036145826138
-1.33342042256837
-521.080797195033
3.90621524310847
-393.542546965105
-145.355628112208
-296.710582526519
137.541392574829
-177.477256031803
-342.142723328253
-24.0750640355933
-355.575772050837
-661.766165413992
-696.584817648542
-569.290832262957
-731.924367613482
-404.660139132666
-204.493633396411
-432.762821711928
-508.861056298463
82.4157079316576
-166.195302935916
-313.528489590771
-203.770322146237
-37.7273344138746
-483.227257725526
-474.922601659679
-275.55729017773
-411.791846415645
-503.952871538179
-353.592754320766
-402.160573718587
-538.463566004925
-548.910248752974
-737.747833691662
-475.076513344999
-755.813219983364
-179.203109776438
-414.792912945463
-413.125972370787
-546.557964443483
-179.832607099775
-532.247510023916
-508.733657484785
-249.778983654661
-46.8585280817956
-569.253974390673
-144.234154938629
23.2899844416115
21.1786639789589
-181.553996716626
-45.5890481831996
-71.4504283327549
-324.952922868749
-63.3135684731016
6.85101402170648
-106.173172299338
49.4077923203336
-299.901974960821
-302.655928549021
-157.719698856232
-170.800934867543
-383.11074551609
-104.161988662305
86.1122975675084
29.7767915210942
-138.384712403026
-70.8180027201073
37.559501268194
-191.899667099555
-29.2660195213275
-235.289982569765
4.1590611755226
-192.931868387347
-118.513208509507
-119.903065206822
-121.123819364141
32.5304822622671
51.4755259101413
160.249331432773
-61.5516997853891
-90.8238504933181
76.4772050560732
180.439664810812
-91.3416304427368
283.481784018287
233.201141570393
-10.6555164298036
-201.617765520843
122.300260846372
-148.081106384924
48.795551090124
87.6605830268125
97.2959040293159
-53.0331656510287
-170.214288097079
35.8827274506103
-199.024564933005
-82.9229891788951
-8.87671377615295
-114.383420488493
73.4502009128981
-347.712725525808
-277.733458149057
-377.153711575815
-243.889468435905
-96.4529114487369
-171.030067510381
-291.917603383149
9.92048817407355
-164.3277564446
-76.5542236148284
-386.261762893262
-161.856665887512
-228.933749207153
253.678271046346
-249.15185075525
-301.953868692477
-402.122512927948
-163.644246481967
-61.4260766375448
-301.826065849119
-204.700877209678
9.68343312032697
-167.041400051517
99.807410118931
-259.70109562242
-41.6907795507728
-264.212149436939
21.7077636741796
-62.4903324833944
-331.183470757552
-187.656956252068
-125.765504748462
-0.729457467690125
-0.179378485291011
108.954046566919
69.4985469384967
23.4624136108456
135.464387134038
-149.846680094793
178.091648444151
-259.442844763875
-12.0966831376306
-38.2606492318416
-15.452693480831
-144.148903587245
190.999631637693
101.506114401624
-16.4133593691965
-238.517047458414
-200.303039551416
-220.034310392978
-76.4846253516266
-87.4452656057008
-337.342101746814
-28.5977889648654
-104.182137554914
-160.140226893191
-221.766756778492
-194.990148259947
-209.578735865005
-58.6509948344927
117.487974344737
-229.364837414633
-93.8570750885068
-190.778468260625
145.574199583947
-59.9330002739538
47.378794842126
-50.1759710233063
111.805010026809
-89.2622053388039
-3.58746138306733
-307.296710878008
-470.158941496152
-85.5666171550775
-204.108031094837
-24.9959668534029
-298.852126984553
-71.3256859280016
-72.6854976704017
-228.510560240284
68.3637957246681
-333.641819380319
-551.561019307647
-207.415918348018
-230.997889150913
-213.308170786642
-362.077245176688
-184.866298648196
-256.9730857579
-348.447757491342
-93.7428281193111
-161.248126724567
-167.16451303322
8.34835059840762
138.920427050973
-238.020793530674
-256.824491658395
-61.8793770066881
60.2393501802937
-192.268730603183
-188.352327836496
-398.434337148595
-276.450377923868
-75.4404512253112
-171.825910703513
-415.902315817319
-113.751343953771
-311.188961386956
-37.5443833382515
-346.669250268007
-198.198386491785
-196.716871959374
-97.8197513350238
-401.395458869683
-136.26870415774
-431.347322465885
-16.3976628344089
-224.15547481344
127.530547869317
118.832355352019
100.266643603168
-109.493634269755
-6.64614166153734
-160.48594173191
-176.826560470116
-321.057068721505
68.5054375314772
-136.977741718218
-200.630303422204
-351.280624199143
18.4458247736361
-463.701205498159
-318.661321710509
-355.725909572354
-201.446445776348
-410.990540129827
-264.27369301769
-430.247032395563
-278.908476106277
-548.129828169886
-204.872882414377
-186.783675617121
-39.3890913160294
-437.300664932933
-218.178795403624
-438.838092170554
-73.5769452154613
-332.80226544313
-107.422544252048
-239.437198583184
-80.4396430940186
-293.721079624545
-149.613546230943
38.5945166231316
25.5734288375564
-130.2279569761
102.454510713971
-10.7440661927189
-191.201524311104
-48.0021689737652
-78.5122159831786
-291.14764547507
-507.346678879623
-31.8306870181176
9.74790725016393
105.925979548496
166.222915506568
12.6344329332881
14.8820508772953
-58.2197237614802
79.4756545830995
-209.869006356527
140.875322969343
-121.959946730454
135.58629957393
-264.775691042338
89.2768106449346
-0.537193061244366
48.3974711701186
-234.674690956015
-12.7870584592454
-8.68394273447595
-11.8545104453506
-175.491359499995
-15.5286454555771
-145.089207613264
31.6993701291612
-207.993187520023
107.692718942913
-195.439468340984
84.0590675977113
-275.471147468795
-52.5129370158466
141.431192394273
239.481295144689
-38.1047412405871
260.033370063495
-313.874467850766
169.970742280217
-225.836059496556
-1.59825219939424
-184.694391009688
-183.00890057141
-343.616201565304
-169.034718362158
-222.329356383768
63.1681239473577
-163.552679315171
119.884264129849
-232.615191174975
-1.9701133381205
-80.339887061488
-21.2322588305518
-276.508488061049
-168.719364459143
-199.363876403763
-297.337340130273
-314.083175918748
249.238428290928
-344.787676912129
0.81978361067118
-149.036779371604
-166.4842536614
-298.946977265924
250.19261970364
-255.71896225786
160.916921451089
-498.17378848015
26.343406332361
-474.517344527005
-42.9912626818603
-270.742915737936
-101.529502193606
-264.730145816059
143.002114702543
-443.602436117096
-221.310016009668
-239.217357197954
215.856931288728
-281.504077177058
-141.745067970346
-383.975918466389
40.6782754346558
26.8010148731443
198.254319137122
-269.210608681286
34.1244178941878
-158.406886234031
341.99470793333
-377.290269969665
239.784094061442
104.702126072276
-168.390184725567
-39.4405002711725
447.196282864215
-86.3921850636886
-18.7284712924745
-158.370895416955
108.952260123266
-123.832998817747
180.438618803329
-211.253000819096
-42.1047882060855
-202.078163145303
174.302016697263
-131.541167427169
29.2711568122642
-134.521528683627
214.951433340278
-271.252322671473
164.652699775734
79.5227045270012
-420.316459492479
15.5304833313525
136.645692337169
-235.324151440246
78.977836681802
-11.0128334466182
131.561868300204
-541.462256596641
140.057952713126
-171.063457205472
-86.7396935492828
-92.9142560718473
123.950899933504
-194.648450078955
42.682934525507
-48.0507388002933
-118.62741460789
-317.569789958305
218.633584684487
-285.136948920167
-155.413703781657
-210.083799307866
60.1193469126535
4.27215661237585
-50.7908749412957
-221.113091734876
170.729885824614
-356.124591282913
-137.908439066493
-86.7058434460929
-2.29110520601748
116.242837702807
149.023154100769
-95.7141036918864
76.311208005341
-264.403408444876
-39.5972598823094
-411.203988975502
-120.67820814439
-225.156610078365
-180.053367755245
-232.545708954307
-100.006734571022
-541.907742817177
-133.529184508593
-265.526474812383
309.097626771051
-332.330037055271
32.7129639578313
-114.272695858935
184.102467811212
-127.361261506211
290.615299083386
-29.5364555783816
59.5784501777136
-86.3674685155026
32.5180626688482
32.3367982294643
207.028619392907
-185.716139748248
-273.081659880053
186.032078157356
136.925549219857
-33.5204461792408
90.0325656213776
-255.292913211544
-204.50650811442
-282.395558169162
73.9456142846563
-277.25997912421
-42.4670085004855
-64.3303983211522
-20.6846238321289
-269.709123224007
-38.0998785313439
-57.1996067519876
411.569265194993
131.977893877352
-226.703087735301
-292.924917716654
-38.8636337418147
52.7193229405871
18.8702415188198
-129.886000722228
-258.160485503411
-170.439491134605
36.4433356297502
84.5607757090066
-177.265682755894
-373.629261247841
-468.573093346138
3.81927401619348
-8.63871668611392
-575.464760500209
102.626299461897
-242.213897146214
-43.5399740387473
-483.732495346087
-65.9254271043469
-331.435362818182
-260.460712725296
-807.680172547117
-42.1034179627808
-252.166783069454
-18.1357548384567
-139.875070500967
-41.8093529438611
-112.168921213546
-54.660168320754
-109.235623800388
-395.771098883824
0.957276852125201
163.478767505121
-354.188441601217
25.7427177057431
-95.661501796282
-115.350755067297
64.2858662369296
79.781057405432
19.6535585059202
-162.711329267029
-111.677123088158
353.378428171983
-27.1550344420682
178.348570168884
-162.987440986445
555.719891089905
-9.38353515615944
8.36498115277752
-68.435693565601
107.650755359605
271.369967207176
559.943893314908
142.584420850057
-44.5482070369089
-10.0254467215236
35.6144353675837
69.3427762470399
-36.6666176203949
-383.403893412533
-198.272895731682
-194.775816141223
-54.5457757346074
-260.435470286335
-318.410888429863
84.6848237003445
147.079874496012
181.571310799879
206.171772770778
26.5325982404151
-71.4451596200794
-310.461034210483
360.056363092458
-167.510817124078
49.1649183538073
-40.5345941042484
306.64571743207
-402.44807803218
3.83438143237268
-289.729002536258
-214.427496677853
331.727922101956
184.878759205167
-172.368111966851
165.448169431316
-209.077777104202
203.156558824809
-95.8114831001498
195.702464759342
-327.286444632515
24.6675577946372
229.384351644495
-52.0481233178085
-110.381506073435
362.299169968297
-417.895464167869
-162.388640723983
-157.379282663108
74.0932414129231
-430.098833093393
-108.489370835089
-401.555346859623
-81.1567881421609
-293.5622975311
-63.8433195351199
-173.269527194888
-112.25741525351
-189.180487487593
-121.146322759019
-331.452450971945
-61.5968989508716
-35.5007961612316
293.970854443766
-185.800964770125
52.0223256699207
6.1616956712638
71.5670309755089
5.47802834643127
113.594704455593
-239.366089537391
-167.952340329689
-82.3538724798307
139.986399246209
-125.216253757401
-174.631380313775
-191.123621046939
112.048028217328
-128.822914115243
320.515647313758
-409.188113181994
-301.702233094313
84.6198596991181
158.641603191777
121.290974611935
27.2630460671617
-209.310190441917
128.091512308301
22.4565755496478
5.48165852432755
-75.0841685902947
-244.481101775991
67.3040967954414
78.8659776228693
-134.299553446083
368.924760739067
230.765024276705
196.446892141014
-4.68372087099225
107.485474993697
210.431843625353
263.421498506102
27.2243220396813
246.710880625255
163.570772390951
188.831511795742
-23.1399300605131
-56.2805882119453
-215.235819295837
-95.4522281042796
-270.241885213884
-405.027121255553
-432.557086395916
-542.096906483687
-723.259623108736
-462.4308488215
-516.141179362494
-469.674939346011
-415.757815996548
12.8985970079703
-98.4503439307854
41.8985103731533
-379.154159692008
-44.5414098469928
-185.939458548398
-34.1804678997731
-299.15026011146
-17.900167771775
93.4112023051159
-142.684176814539
-142.041353612231
-399.416029195364
-246.480194013291
232.128905504292
-112.511774795376
-123.86348255363
-154.038778420375
-272.31197610681
-198.848116670272
-432.267005159149
-550.626124197935
-349.426668866086
-416.584144593557
-121.883043442645
-489.964104265763
-198.058972765899
-476.755893199544
-189.840775361779
-148.344560627145
-337.830563906416
-380.450007139094
-204.757939164914
-128.037144463654
-205.974204931518
149.997189154271
-148.314318090156
66.3820870712865
-335.595230568327
257.026166838505
-141.886849959075
123.572826343658
260.217170359532
210.509339628412
165.651960807434
139.115911019005
93.1570976776107
342.931068207602
-174.228035651137
310.51673594009
-314.406655782399
107.660263695983
-450.997267219242
277.89031037592
21.1773053545933
228.144418435772
-145.693557411093
208.281211996953
309.628195348675
33.6877936083506
53.6881526540424
170.291850877675
-159.917595516493
97.7502962666854
53.4534157686949
292.481213915889
204.83536565882
387.094450184364
107.52680963738
497.789823103699
127.787216854678
102.861479777649
158.881576897031
440.654724228824
254.296062174237
8.83070119589414
-77.1221159954805
-159.584805558737
-7.16513776734577
-37.1514675779108
-224.968246753261
476.885580786717
-407.177626711253
107.844658386945
-152.726067735442
83.3794668916858
-270.138200384185
-95.7812948303704
-319.511988077257
-75.8345079313365
-700.31575221096
-68.0106305189551
-428.294381018639
-221.382433009639
-500.919519636313
-479.480420644686
-149.433720427698
106.724542976473
-304.143152970041
-94.3622374312479
-469.751177431452
129.493931067008
87.4054861127686
-355.585263502696
136.052081635582
-56.0924711819696
-124.567160307773
153.387417637515
-88.3725775218451
109.023375362894
154.384135439149
-12.4292487264822
-139.490609913524
120.793925352467
403.477428661051
453.03843163112
271.644198742877
-14.307570759904
134.854257797239
261.874233855814
-15.9393124418772
-251.393914621017
-222.059558010048
-198.569991666328
-511.852197844628
-99.0641166913008
-132.483526728561
68.0547270026423
-38.7005381532822
88.7107245191224
-124.498035847627
318.77562242298
-277.262707955843
160.785990956471
32.2181410031287
-245.835651397863
244.988545205335
273.277561734557
1.38036981055888
191.811755822352
110.257601441261
339.208179265268
64.9035837117466
471.714280471135
101.145009678977
228.954675234983
74.8390549866111
143.200215675815
194.66523005197
444.525604672149
122.981560162745
426.849950060304
144.690894255769
583.771990594428
42.0757758206579
526.061602998238
119.166863445914
331.008398673898
-145.180321899641
266.292577259903
166.531250055579
245.037416612138
-43.6009931356669
124.871923847823
-230.328383667636
-30.4788165097028
-201.524594324568
98.866697419888
-209.895719626892
115.655405847837
-287.733804586251
53.361346178723
-143.327049290923
2.11663711820408
38.1808559960738
-52.1503611729873
-454.348575953315
-0.895758079268658
-73.7515306531625
-99.7019931661608
-174.119887311315
2.06534040956227
-324.617361360162
-50.345550775468
-326.079985024461
89.0220358803211
-43.769911670458
148.221767784655
-63.9841539513442
-93.3448078561015
-198.213769716606
26.2089527970052
-5.93168390189395
-330.162821487041
-128.045268235743
286.114693683436
97.4521360401248
-37.4067267382873
277.224817535745
485.012149680842
-139.813977590817
200.515135695581
199.706360874369
-143.512181132827
560.756155714384
400.314288794204
-171.392924449478
114.893477046346
-279.169649088619
37.0091967846661
-87.3495084161835
409.275153319953
-282.6334955529
8.36575528545485
66.2626676798072
195.481881982199
199.063996611456
54.3524431064442
93.6653355752552
-7.53349474623653
-273.604898661476
-39.9006480451472
-81.0526695234269
-134.348238248279
-339.785740797895
152.302564523537
-130.663770462061
153.19016696398
-141.885437507631
48.2841091062764
-82.5286258047306
144.493528114843
138.269827132266
-293.251291102602
-204.810351626442
-103.797088877167
29.0888124467164
12.3784598287917
-295.277850146869
-82.3780508665539
-259.232232948267
-412.438793932154
-430.181833210134
-235.46312508486
82.2935794328257
-376.513187327743
-279.723616143007
-618.669336697572
-572.24755203762
-355.129695924032
-560.251814043304
-307.253035320649
-194.97570124579
-0.315472797029543
-238.228678196861
-61.5666215767324
-196.169011414911
-138.93434235008
-122.190070034647
-269.681093197329
189.760382580132
-267.075951888354
241.714974784796
-48.3286616445878
124.320838304744
-124.633586844414
-72.1558933251197
-120.714214314004
-29.9593325614301
-240.637233901596
-96.1044815460145
-340.752116182138
-132.873910438012
-192.779952768987
-156.976349899236
-62.6512113856412
-227.219740492162
-437.904240833691
-286.446522871961
-29.895500975347
-354.691455990781
-146.015286250912
-219.813243110915
347.736736231215
-34.5710751591494
-60.0317602037676
77.6005418451471
-469.706199977222
-303.467027240853
-268.603969778512
-139.703339087213
-407.454828485174
-382.853399048596
-95.511377664777
-225.215010673682
-397.860622428478
-437.173015599645
-59.0696752613918
-100.961289809661
-170.627009245494
-56.6053966580004
-190.414889777881
-95.3618569573756
-215.125094097866
-177.270230370014
-113.778758406913
-263.517845223837
-220.587491970883
-57.1079221365121
-134.253700940435
-94.9695648018104
-255.892098038318
-174.114281247098
387.990688341093
270.885136766328
-22.5096394444899
-33.8959764366038
-303.543529403693
75.3825720581423
-85.5776608158667
321.02620528571
-114.198186269724
177.744682618637
-89.8377897726586
-73.8485065756793
-402.805780033591
115.912234535743
-417.149974826341
183.531177248144
-228.227614044821
-117.442201426244
-461.952199877601
-389.338581063962
-117.000728031187
22.3954962245974
-370.971608534733
-340.395758671979
-473.184202378522
-292.117714820063
-312.35655794445
-407.572568166736
-241.118007214793
-531.905117467155
-237.043312340251
382.747664211838
-78.8541095593818
244.386726645364
-88.1231436482565
197.841691103104
-539.26021475739
-112.968843510969
-138.27786115472
-4.75305430268907
328.917044632942
-92.9012420256133
-27.3380416140677
-125.000943728591
88.1680323910398
210.965836805654
-415.319281821181
43.1250846052457
-279.612885298873
-202.999730374604
-11.9581912513064
68.7483383303115
186.196871778015
-107.513513028067
-383.995089962494
-87.8230511916253
-172.182978878432
-26.2930484084532
-290.566871472877
-374.017858108142
10.7745692969225
54.9274581574882
-334.444589283842
-469.195735058938
96.5025883442246
-69.805244880897
-136.940883537341
70.5855481647576
-156.743161454223
47.449133306971
610.12809116484
308.221910590448
27.4682536501996
195.033666155879
-77.2998284633027
262.654145056621
1.5684805412133
-31.4012176783591
120.193512697028
-136.788708688138
-26.2182993140663
-193.899210101635
-19.5248170505782
-113.66263387709
-82.2374472294706
-159.527040175755
-339.67146928461
-67.8902231248126
-124.224241788424
12.6029548912085
317.275538970615
433.793617911159
123.34335448416
471.957290582484
213.216929125491
39.7312872826922
6.84794995186117
183.350839297104
-96.2173256914929
-165.800005920235
273.406456347476
111.681907291734
-110.27395836705
43.3250755465832
3.60721134773908
-101.72418084768
-196.497396300105
-247.087526295526
-582.314934253613
-375.646732237812
-54.3691787290441
-291.849911861658
-251.085429376172
-265.633743438606
-297.088567165121
-282.881886452517
-289.819699393977
-454.385475286404
-376.615703593344
-149.053120537061
-80.8523618058309
-240.368679556336
-232.5733788203
-151.154462227021
-71.1418102360933
86.7855393927366
-70.6883284293681
-20.3945614251916
-261.352585078651
-430.163918983987
134.037889009631
126.544199497884
-166.826498025885
-23.6385661040221
-253.697230865603
123.809458189181
-454.254572899049
163.960286924513
-529.706256700447
-493.593935717744
-67.4441549860397
-47.960914742108
-55.4108041299759
-197.747441088147
-191.359509651982
-237.415064253441
101.27055915708
-273.292462937479
-305.63756345003
-186.550295185715
-170.989397504968
-490.662517285733
-247.142348005068
-621.974836252372
-502.783456154625
-592.236227459672
-679.963404533047
-161.697408575912
-451.51746677541
-401.514345995347
-130.254915482894
-166.902831418562
-393.368425418212
-252.883342598137
-368.048216366292
-249.715422383559
-377.269805715507
-179.257459522255
-238.540124463946
-508.412131009499
-32.1500045577691
-124.045085502041
-620.72387207461
-126.499868013973
-197.917758716241
-303.208447790141
-92.6928375089934
-212.502692763309
-157.666904549543
-487.431545227363
-270.872964354123
-384.598744382552
-350.841479034731
-404.077680004453
-52.727738121898
