-115
134
-79
-88
31
-75
-48
-84
-28
-316
-25
215
59
85
57
119
-32
137
7
-23
-55
148
73
-138
-22
-191
-33
-318
-82
-398
-98
64
-150
-277
-109
23
-202
-32
-80
-169
-189
-67
-126
-33
-39
-25
57
66
-4
110
35
140
78
-14
86
64
56
73
-80
-26
-130
8
-43
-14
-79
80
-64
96
-57
-56
-100
12
-45
-188
91
110
57
169
-101
-88
-153
-102
-38
-161
-25
-182
27
-117
40
-150
140
157
50
213
-38
60
-40
75
-37
-10
-177
49
-133
17
-76
-19
-63
120
-63
-114
32
53
-133
12
-53
57
-123
81
66
-134
-109
133
-68
43
-12
70
-4
-29
-144
62
6
174
181
306
166
190
58
126
-60
-42
111
235
-73
302
99
114
187
26
-16
-69
-171
261
115
144
106
148
145
125
116
-45
-158
84
-51
-335
-99
-144
-66
-42
-35
-166
-86
-88
-4
-204
124
-52
43
80
-222
160
-144
-22
39
124
-253
147
-83
-55
-192
-114
-339
-168
-89
-215
-30
-170
7
-334
-63
-88
78
-111
50
-17
-303
-34
35
-198
-75
-153
-2
6
37
-184
-50
23
-68
-65
-2
-125
-168
59
62
-286
177
49
14
-36
-26
-227
48
130
-34
-112
104
294
-128
226
187
-236
47
182
131
16
234
-286
178
-155
-79
-258
-170
-72
-26
164
-40
97
-42
-79
-82
-164
-233
151
-143
72
-23
-151
145
-313
-191
-366
-89
-207
-225
-178
-188
49
366
-32
-16
-75
-290
215
-12
18
291
46
-100
-145
-132
-135
-158
160
56
97
90
-23
-82
178
-2
-351
-128
173
43
-49
-51
-30
53
-226
249
-309
-73
434
143
-80
420
127
-47
179
-4
-70
67
408
101
156
133
-64
16
114
-120
-176
-221
-25
-239
-198
-94
-119
-333
70
-184
-136
-1
-43
-141
4
20
-260
13
-246
-94
-331
-118
34
-143
-46
-277
-25
-68
-25
-60
74
-66
104
50
-28
-233
2
9
-44
-16
7
55
-40
-95
-126
19
105
26
21
-167
-201
-70
-362
-10
40
-19
93
25
92
76
-13
-25
-43
53
-44
-63
83
57
46
9
-196
102
-22
29
-6
-56
112
61
-62
-7
52
-88
49
-78
-20
73
-149
-31
-56
-52
-280
-276
-193
-56
-143
-89
197
-206
6
62
65
-74
126
151
45
25
74
-64
-5
-58
-107
2
76
157
-47
-43
36
-131
-57
-69
-54
-137
27
-2
111
-136
-82
23
-18
-121
-171
72
-271
-201
90
-89
-39
-112
56
-160
-180
-74
-62
-184
-206
-163
154
-89
36
37
28
-130
-88
-61
-23
258
-59
-64
204
75
-119
46
94
122
207
2
-156
76
147
-64
-133
-34
-18
25
10
-71
36
84
-278
-77
-246
-419
-129
-291
-456
-252
-172
-267
144
314
-73
-6
449
171
-104
33
260
60
105
253
-149
297
420
308
159
372
231
92
293
282
94
318
257
254
308
292
359
194
197
196
-86
-223
-23
-103
-226
-187
-172
-195
-123
-96
-260
-300
-67
-59
48
71
-153
-51
-103
-279
-199
-244
-141
-191
-159
127
268
56
32
107
-176
-127
-133
-127
-182
-155
-135
-241
-108
-75
-160
-193
28
-62
-19
-47
166
104
-88
-51
222
-201
8
128
232
48
60
-48
-122
-229
-374
-238
-153
-7
142
-19
52
-24
-98
-169
-378
-244
-241
-218
-6
-134
-48
216
102
251
61
-64
102
36
-326
-87
-181
52
245
243
263
203
273
223
114
-137
-34
246
-83
1
-134
22
139
130
48
-211
-163
-288
-163
-81
38
44
-8
-76
-7
-86
-20
-100
153
29
0
-78
-164
-272
-116
-463
-320
44
-175
-124
272
5
-7
421
26
-14
310
29
7
15
-204
-148
-104
-98
-89
-346
-156
-469
-108
-200
-126
-120
114
186
308
159
310
270
259
229
96
-42
133
115
85
-28
-28
-184
-191
-195
-245
-520
-249
-108
-140
-219
37
-105
6
-207
-193
-184
-70
-185
-255
-520
-704
-706
-806
-817
-405
-298
-172
69
264
356
379
539
553
647
168
249
253
-212
-62
261
31
-122
88
124
200
-200
357
364
324
499
576
306
296
228
94
-234
77
129
150
249
230
365
504
345
147
107
-258
-232
26
-234
-157
-22
-344
-126
-272
-480
-643
-423
-570
-776
-570
-517
-464
-51
263
45
1200
697
141
-168
-596
-606
-814
-827
-969
-531
-862
21
394
396
811
779
704
555
229
107
154
85
30
339
218
78
332
122
94
25
429
279
391
195
266
282
425
399
-44
-270
-102
8
-84
23
-19
-318
-214
-208
-280
-253
48
225
-35
132
734
316
52
170
-188
-334
-43
-96
-142
-154
-42
-129
-220
-27
-267
-355
-324
-409
-295
155
98
-158
-174
-83
-440
66
-167
-93
-90
3
152
-274
158
-42
-170
-86
102
-151
-12
87
49
-104
74
-134
-222
-443
-98
-20
65
89
9
105
-10
70
-139
-322
-248
-291
-228
-471
-181
3
168
107
-20
318
310
-48
367
265
6
-84
218
-371
-614
-56
-267
153
209
103
-328
-60
141
-143
-427
-179
90
-361
-513
-48
-632
-574
-259
381
571
438
338
259
93
-42
54
-14
-74
-100
-357
207
76
-60
295
-144
215
-196
251
-37
161
92
-113
162
-140
-89
-20
-83
64
69
-313
-41
106
101
-20
376
-199
-138
-116
-412
-882
-458
-407
-271
-27
293
522
902
644
641
256
108
137
-293
-31
53
-36
425
489
438
429
321
425
661
325
138
-76
72
228
101
-184
241
261
54
522
-91
476
224
108
139
112
-97
63
-37
-132
-311
-208
-124
-198
-371
-488
-422
-237
-241
-237
-318
12
-192
-148
-55
-375
-281
-229
-127
-370
-244
-709
-481
-67
-14
-545
-240
-224
-530
-719
-495
-591
-320
-212
117
387
100
425
756
98
543
329
-11
14
124
2
-49
-10
291
224
400
4
295
225
360
149
381
563
79
326
494
88
416
113
-69
-520
-613
-617
-318
-259
239
205
58
210
290
-147
-154
-135
-311
-195
-57
-409
146
-197
137
-122
-339
-249
-80
-28
67
273
453
502
398
335
437
269
637
301
508
496
229
66
52
-113
52
-54
-431
-391
-376
-113
-244
-621
-225
-223
287
245
649
346
177
153
209
260
329
-40
247
137
184
272
262
390
343
353
265
-235
-415
-155
-123
-453
395
500
555
158
154
-222
-169
65
45
41
25
-168
-177
-266
-115
-642
-21
149
-139
-296
59
-71
253
311
368
136
517
357
521
256
399
203
309
224
-57
-449
-568
-339
-335
-311
235
-85
19
9
537
96
-71
137
93
-314
-391
-667
-1133
-990
-237
-342
-211
294
507
248
664
802
643
307
-92
-565
-534
-391
-131
-171
445
338
558
630
521
304
615
628
685
191
171
-130
-38
-160
322
-226
264
657
443
121
84
-173
-43
-58
-4
-42
61
166
-53
-164
-18
-238
133
-21
-31
-315
-246
-77
-79
-45
59
71
163
336
213
-179
-208
-485
129
39
-459
13
-120
-436
285
2
104
-10
-57
-65
69
-550
302
328
62
-156
-110
273
249
52
61
340
226
256
488
414
-307
25
59
-144
76
-263
-84
-253
-189
-30
-158
-347
22
271
244
115
392
266
545
-50
138
280
-35
-103
200
-444
-280
-419
-253
-208
-98
118
337
416
-23
109
549
281
42
45
99
-233
-222
-239
-184
-143
27
-41
-203
-267
2
27
378
-76
162
136
-99
87
348
-296
-21
317
157
215
248
304
314
54
260
-104
-47
-53
-138
-69
245
141
32
-20
-41
-369
262
220
128
-78
433
53
-125
-25
-34
-245
-39
-69
325
252
-118
-46
181
263
569
-126
115
337
-1
-196
83
306
-77
-249
220
65
163
-86
481
153
118
-89
121
-212
-29
43
177
197
299
526
614
419
225
66
149
-6
22
125
295
243
-31
96
140
-391
-86
-532
-698
-437
-495
101
60
5
117
199
-123
-760
-435
-482
-654
-244
186
-324
91
457
473
507
441
208
194
54
-53
-118
-132
44
-94
-538
-771
-576
-375
-338
-125
-37
9
-5
-4
-347
3.99285158373081
-20.2242539624824
11.3340956194228
24.0085447416917
-6.22568111919815
-16.1164654424075
6.4203563595259
-60.3023773095991
24.1569374217422
-6.7728513146564
17.4578731663665
7.64905999667574
0.0239961053928944
-5.30556407564393
15.5871627033839
-31.1124882108816
-14.8216152448031
-35.5177110071004
7.87132943406898
-20.6289952082653
1.23599814195811
-4.62690634299284
-4.75736711428126
-14.6727502805143
-32.3864865718382
-13.0915397912293
-2.33824501657664
-12.1768522845865
-48.3964564211804
-15.7152090717957
-29.3867553829288
-14.6112738324302
-25.2868840485227
11.6636583595973
0.822391055096152
-11.9057041517888
-19.7612706180584
-32.7813413823645
-12.5366320179559
-26.5033179935679
-36.4209034157875
-20.8054593036528
-3.41599280171217
-46.0015427251515
-21.7564185724648
-49.3393607273947
-17.8194201868142
1.79416540907191
-7.96250918697866
-36.9849786006105
-4.21836397471722
-6.64979017575688
-33.2680175582056
-28.1546717165951
-31.1475810629219
-9.80607797436837
-30.4144803071979
-49.6228948031821
-19.6871111914279
-10.5621586782174
12.0876809853157
-16.5419903998359
-47.9080840196463
-48.5459288953708
-33.0939213685628
-26.9817356038869
-43.1491814615635
-18.3479714435015
-22.9920744928962
-56.8202611623012
-32.5516646222617
-50.9226145067646
-42.8252975963067
-20.532572225711
-41.4013645115402
-46.1007508061911
-37.6771427007994
-29.0137069167231
-46.9639850370486
-24.8886619415697
-27.3786785741971
-19.2753832067984
-24.8069465941851
-24.1544447299058
-66.5580113627926
-33.3560870084708
-42.8996341933777
-33.2769703711346
-38.1162100319578
-72.4289622127358
-59.8422907488735
-50.9974514443212
-56.1890623963735
-29.0639177254835
-54.1238549553799
-18.0149706416412
-3.95203480616811
43.0095058439916
94.4783180832588
136
