-365.828827256345
112.15805608023
-55.7423515437193
192.231812361544
-289.557739343071
22.0477269264073
-105.095558242629
90.7256531358978
-30.6726525831465
213.450443351917
-21.9042466708239
190.148778386144
-70.6029009091037
118.813802248684
-136.559906376426
195.853340845236
54.5604231851829
66.5318037305267
115.409731518193
200.252130236772
60.7044780278031
23.0753316347307
-38.5665783801399
104.704179186249
108.89597542398
99.9802580268671
-56.8121696363687
-22.8156121010981
237.16803896542
318.566966860395
-74.3982822842411
115.265450292007
-76.0718289187191
40.8599720594071
19.8319757132828
95.1218744734474
-21.1441764458889
-49.5543546909681
201.221574905802
110.057258735524
-69.816009773663
34.8713895586352
-40.2691807724902
98.475927611366
-149.920935901941
177.227038786556
49.7519636293239
-42.1073518846709
237.475828145237
261.623951575352
-44.0389098238441
142.193829567202
-53.8067750743925
71.8316784475914
-54.8573952941758
262.42251463056
-50.8924730693272
-85.5958098404201
107.868533127812
103.398439022976
-14.3827100648827
116.94939442225
-72.1932447165805
104.284305454858
-141.580111784209
143.121784947021
-82.5622378283939
-84.8159302196871
185.927046217996
123.807660884347
-62.710479507416
81.8690964649119
-5.75969252303594
118.795280494483
-192.089358078749
197.388311744799
-79.9992462498511
-27.320645126875
112.283091222805
229.244759475668
51.5673167914213
76.5923197848503
-146.571915541479
223.529883468581
-32.7752089768313
213.454079557172
-90.6178458726803
-2.62852547554589
-96.4044030339059
79.196351129209
-24.7403784322283
38.7111825105004
-87.6762322965133
77.4579473381363
-67.3806060893639
60.740944456154
-151.8681700529
-83.8937916834946
-303.89917216256
-60.5663070870013
-204.13892458726
92.8350555483132
-131.035603125105
118.369870816809
15.4302272733948
194.789220995816
-26.8051052520518
142.349794242223
-108.292124080392
255.457143097377
-89.7974124701383
28.0006891842677
18.8357752467701
152.728656552187
25.0960341665435
250.569941024858
-32.8214477802109
-22.5342270063484
-62.9280853187259
267.343719512448
26.1126303680227
102.744726061192
-152.841600746876
59.9652583042893
-105.528869060643
240.856408534568
-99.3538837273676
-135.260095420638
-141.312027835027
57.1495252109111
-29.8400430812105
-0.595432490309705
-217.664641572397
116.550118274637
-98.2981332400645
233.261073856204
-82.5153089742957
-77.240515995829
165.828050341925
178.772643543406
80.9306396091371
109.856968110792
-83.8301713523353
159.260028153658
-61.839213868855
68.3147509086123
-26.3947604118896
-99.4246936379714
-93.4929002421756
85.3957598495643
44.1093661659309
114.068291353345
-109.319737301252
170.952845108884
-9.59985450793891
110.898678057927
-46.5314843082653
71.1125682542229
-124.699401743126
123.770261427942
-148.903547377964
132.133667513872
-98.3772400690629
-86.8674209884747
-38.9780194956307
187.098926021964
-155.854542607345
-79.6149259753417
99.9585868711137
91.0696397132393
-74.0953235520769
81.3756307894687
-114.204703729091
105.666861357316
-41.1358579345995
-4.26106858536727
-24.0647270918904
-78.8201984395533
-14.0577682845514
34.6853425060348
-57.4696776355451
55.8298087802333
-137.522265789692
106.483935040159
-104.403287433137
54.3493662158017
-105.192294820204
-10.0935323728496
-162.558442473643
219.379509018801
-121.321353961731
84.9976308892054
-67.8814940742034
32.7348941272277
-138.215690456515
183.781135069543
-121.284370685074
5.83087332278632
-123.33069885101
39.5819734122468
-283.380353465272
51.7385782509196
-29.7994100402985
96.2947155552951
-99.165908694768
67.7175419345471
30.46114490125
-22.6485908237625
20.7536800626826
151.825724373191
-87.593532205547
35.1828676175067
-36.9157889191456
44.9502838917915
-97.0308745517885
211.911012173485
-39.4482242931049
27.0105698305676
210.240406715294
181.167639342588
-42.0182267204682
93.5135237363865
18.772397246485
137.998856221055
-92.2156492508903
154.698596741914
-139.411909624251
-45.0021407539284
202.215584361672
210.834857423882
-69.6850324851758
78.4034488626821
-67.436863391323
117.509394565523
-56.5078645420359
49.3189581774494
-76.0691393064006
-136.481544102453
108.010894291726
88.2482664133511
-51.9544597828928
108.625650172223
-56.3440848405046
129.904338512792
-132.475280718498
178.840271388086
-172.324418860151
68.7913926844367
131.704564043472
203.511966798336
-167.828716917949
93.4907495551115
-48.9579465307283
111.181708923812
-96.9724139501938
229.303517007739
-93.6308547422829
16.1170758500855
183.27398005881
264.846728724441
-165.270629603925
167.687862213908
-78.1273201424639
192.896552161213
-86.8473593237873
74.7432623356818
-145.607256344252
-67.7365959512761
-60.3911917579672
124.488648200395
-150.567976673437
171.961699396084
-105.034146136162
90.0336659213895
-27.8337780801972
238.245703081951
-97.4788512472319
42.3371011783582
36.1485550860606
154.013086067408
-128.43975728638
131.184233854874
-61.6692143535031
85.1937352373961
74.0040443919375
187.525733517957
-186.578328556573
14.773428041398
151.988283605616
214.629598051961
-120.801397340948
26.9037717622006
-206.864826301956
151.973939657735
-78.3788059484971
89.9333195205531
-106.194899547824
-73.6047173255944
-225.400043392671
-60.7199452738304
-429.97462327973
176.545919646519
-49.8159121670969
126.207177779842
-92.2696728208221
208.369691540923
-140.746688362738
-23.7154972468222
-140.231735067357
273.680655947409
-171.295985837737
157.822576952603
-143.425861266509
222.58853876264
-17.0939966974279
158.373652670897
-229.742208493135
-13.6948320190669
14.8184970127284
85.3309558113303
-202.383163631385
208.348608648348
-110.053899720023
125.89494113233
-73.3060858287042
126.419466944336
-160.794412971746
2.13812013945333
-20.3118922682572
311.228211800754
-171.308560655003
105.714507294698
-82.3253901632134
172.557804571898
-137.058827722494
140.609769085189
-36.8339977649786
-53.6280220855582
183.660860850962
301.45009378525
-232.209186881064
79.8591889812554
73.9934115491782
38.5728248393552
-104.656393189703
40.0486762994777
0.226878005464414
-142.498021282842
179.126405799202
121.855649873878
-112.964660634228
121.500070701508
41.7655626817522
117.180591018425
-100.109687066341
237.569606541349
-210.215852159208
-51.5875324111508
36.2132990874255
287.011301280513
-82.66908574877
132.859237965155
44.9217110995476
-1.27552030695209
-145.450540956298
133.742660782351
-123.090430891604
-28.7678240866148
-51.1204848639685
213.196312266127
-167.953362188256
48.1227044274441
22.6203931156852
178.617842001617
-98.1647276940485
157.838047838331
-45.5146472036317
-148.516630779726
-62.5127605258313
135.881195870521
-109.489774502391
241.643921349229
96.0743136494539
112.251528503719
-97.0835479220454
174.539837741158
-145.230594598355
12.9545017267722
168.90697048361
247.594803964628
-73.1547571094418
129.681471678464
-111.219771204454
57.6683308408819
-221.410797487672
194.418038747716
2.30331066961239
-85.6513460374829
-98.7681487863237
15.6347927511886
-342.579465773841
109.87054000887
78.2341517595508
115.741279293537
-130.578943513416
205.369802060018
-4.64650506645487
17.3167682493108
-105.814420368818
118.207568231456
13.9117682645044
162.47791873093
-27.3291638923958
99.4779598648151
-24.8853922456051
281.815164984377
-16.6461658724777
52.4500986507405
355.199189349868
226.438847539384
-20.3925000086575
169.00423128558
-61.4900801415941
48.5985195816738
-48.4138190747187
103.759057259714
-76.8932225504239
-123.246388887034
163.280415982882
137.030805041481
-70.2287953857266
166.687535645469
-21.677212019297
106.549296318671
-204.740881881246
117.318459486409
80.1324791153192
-112.219301975258
166.727891027344
176.706009587195
22.7011247401208
92.215360528217
67.1587020506908
100.187460255418
-17.0510358268482
71.6462086886959
69.7421616096719
-39.0814843554615
239.796191977112
224.274573248031
-8.35321249503248
140.492431285903
72.4782708393207
74.4166897045922
-26.2756359415484
61.8828388496898
-12.6347544409503
-154.373061932632
166.160180089702
158.418393082036
-118.511036611348
171.486802843368
-134.245603216122
53.0232286253476
-125.978271259238
179.039257118372
-84.3428579865643
-194.065863725223
250.758301970722
42.2994127727744
121.142667676115
6.39302023694573
-45.6173639399797
47.9410920036183
-154.114086884209
89.4721460164233
37.7226802217281
-31.9473173956194
168.015679230266
149.750370668527
-41.0481398860386
72.2444832545103
-57.6666199042392
200.178010649266
-75.9129472304645
46.578762672815
-56.4109031714391
-2.68533096815075
-64.1302499317736
151.646930972045
-15.2562573921941
152.440391025074
-88.0345601432104
54.2131884931332
-111.742817190316
125.267669943532
-18.1741450366681
-125.127919508996
-228.3063089103
-74.2385871436879
-183.003865577809
117.13714220927
-63.5580557620654
167.896894262953
-110.17580270409
124.264714117969
73.3574255823383
69.1108681336376
-120.922357909756
133.558541837943
-88.2602999650429
87.6087674707833
-173.070479087577
250.457368938804
-53.8640767081592
111.703056227269
-22.6154473772327
-135.585582603744
-25.1620648250432
185.509140325883
48.2266541257746
108.750919867547
-189.878382282079
39.1828065763355
-60.3091914704512
105.515592832228
-45.6264785195443
-124.925871038699
166.815120329579
63.8329348428778
15.200464465096
88.7668699481537
-144.372691621409
111.484118488172
-105.657754309731
72.4612641367093
18.0902220486428
15.0304338334412
70.2825652728213
196.740901420014
-84.9788132062478
44.1589113421933
-108.108725688844
75.535908976097
-55.1075830449464
160.165598937675
54.9439881802584
-205.89705683816
-152.299896588425
106.511872180541
-89.5515348233995
84.9706137092332
-250.468067387036
104.147970277938
-29.6905871351955
88.5557530147414
-4.45288525312439
-24.4006423961328
-199.421453656094
136.392100691826
-112.659070800244
101.359133317865
-142.296154870962
112.851729403101
-5.26015858500755
30.0784394282423
-112.895387063088
-126.722326742318
-106.512274657446
38.6778060633639
-13.1102014024575
32.303787951417
-82.5679528308133
82.7104616699134
-59.0151886087143
23.0312887592011
-58.7824293018136
-124.460108495984
-118.021693847306
16.083771452408
-58.2301808563232
61.9632961689514
-57.4400099357169
112.631422332097
-81.3863749478303
28.9500435259743
-96.8846176948012
-63.0900628610082
111.535910016883
-2.9648998276806
21.7713482064349
153.855217559968
-149.198447494
1.30272151284775
-21.1896870059355
8.17355985519688
-43.7255881541433
-164.720102069692
-75.8139626164223
-83.0967046091918
-118.894481477107
162.489255914362
22.8440841291529
90.9088778183889
-38.4460066436799
92.6667915714981
62.445332569067
-93.7960157082027
-279.959778453572
106.328898748371
32.1689209989346
121.620643213516
28.0953938175741
86.0219198683649
3.65895960347048
7.42117877504587
-119.141375704601
-121.801512606361
-342.964338791294
87.2034881502
-173.131039034646
135.789672637169
36.0993272061559
95.7763953939441
12.7158730295856
147.226285507668
-100.529239921523
-140.221557251342
-173.243726620175
96.5283238455077
-46.6507234565639
171.39211088142
-92.2392420341199
21.0728035971381
103.244797745726
49.5717275304186
90.4318158927436
-225.717493071621
236.546097410737
122.531451405535
56.1110808587713
34.944684230707
35.1064868083062
173.348008052141
144.312912295355
23.6203550266336
97.3547873027201
-107.296864402235
-124.209244581226
113.941661909931
120.694677918487
53.916286615471
156.794789571917
-25.7981083250897
164.230212374131
-12.3958810688345
160.618375161551
-112.19894919755
-141.296096263211
-6.20133015477187
56.6573876302584
164.716138932759
128.543953639576
-20.8623860513217
164.832200940932
164.757348561445
56.1382220535448
-128.114900701664
-40.2652781203861
54.7991167052533
97.0097501770306
64.7435990365468
105.706696275172
15.4968842868637
54.3947298461656
115.90554756245
189.528743077738
-29.3325710431763
-138.323629721077
173.288320626724
55.0430118278279
53.8726442007368
90.1776104683971
66.9527473119258
142.490325504623
118.859515522071
232.263672641324
-147.739365799528
-142.765626981687
52.0024981469345
230.28722734444
117.979155290621
248.826121042766
30.609408008002
61.544823304384
113.969498674885
323.663110748504
-22.9478313588861
-319.075329377029
-15.5534532368819
40.3706905705184
189.440602203233
302.847871453748
52.0749378860517
133.111813589354
203.061748444623
162.872369031232
-95.2602596651252
-300.160160789628
187.593539606229
214.544604698019
209.25081304441
248.941558199972
140.908380001924
301.087112025913
168.945766174325
201.445607568527
79.1764333274096
-111.500087633834
187.745565459596
227.393183642378
249.499775894825
220.398024673392
215.432985807782
187.003090175947
10.841116627029
297.346063808441
-156.982948980583
57.7525806916671
70.7080105150781
205.331180712232
80.6250675962019
214.014612576568
64.2882626256748
247.275020269306
76.258317689607
183.614612661122
-140.712499563305
34.3666679046857
32.1441174054741
180.343898309374
53.2195646576769
164.538740659938
99.0083178274555
213.324278932621
47.5162112936994
179.167073162885
-81.6820650414349
-27.6334429734321
130.762384722468
145.15727620762
181.650375426808
175.498856603796
174.111590012967
295.448747641119
87.3626814232564
255.754642783719
-104.018006378229
63.4121788300266
95.9234300828225
8.16265975364649
36.3221750046051
88.5275203546647
45.707183225617
108.274970348763
27.1973520913048
114.620285360777
-168.12184519969
-166.968476811673
61.8851424217139
54.3386686491597
62.986389389595
253.191512617362
53.1290002663039
126.808721120877
-0.714909877340702
201.079557068155
-65.4505614505829
10.7555734633959
204.594226280842
279.574599769666
182.385563465495
257.045318172042
269.859565314363
211.896081035904
348.701112143521
208.380271502644
17.2620696202036
380.782465117197
145.27424267234
225.086796737676
67.6689799813078
115.762079315834
-5.0641195634844
280.62843984809
-27.7708782935871
163.653438077953
-109.736597158033
-327.186390516603
-195.712061114422
-91.0403472065251
-13.2242792812598
32.0733552864076
-22.7644688285538
111.540069687855
-62.8784349506561
173.028809386349
-163.470921022943
-243.899606745624
-40.3483044624211
223.701419195808
142.628276982363
153.929964632726
168.360947181646
230.0574661365
45.3548758218179
190.579391800845
-25.1740857081575
-144.306986577022
31.3503602577075
173.269008993407
47.0682434186333
221.810876314021
99.9955755893262
244.013273681015
97.6033091155512
263.517333522056
-47.1236939512155
292.514069531665
108.894258931171
274.314310289686
29.1398904816147
185.286594605171
116.488030110219
411.264824931929
144.938803337324
283.899793862011
-60.4802365026921
218.055215773214
4.54466309702664
311.024757659324
-237.512205798917
173.54644778431
45.0498752881089
250.152936595082
77.9061631330082
280.660142106638
-126.380992074456
-83.2968437889698
10.5381282533182
315.68430777179
102.517542910509
164.045750061048
-8.80319488312725
256.502497671613
202.314536554139
168.567777430798
-93.4893061065622
-133.207712545658
73.0603550380242
160.454558275135
77.5442398911891
184.651581565865
185.068111578773
218.69746720432
232.021921509726
83.1364766980756
-66.7780088945883
-327.590469368344
-123.814406086172
259.570208575127
-93.8550865035051
144.793450112622
223.386438646197
-69.3409816218627
-8.51444415543165
156.195706621867
-136.805309825643
10.7715831707534
-68.5762899634184
-108.472780812686
47.6728184940557
219.323042467131
-68.0922983199979
136.484039592648
-53.5234437318331
-208.68777096897
-308.779155084432
26.6462846649407
48.8438422778972
329.455816311258
245.11820885794
78.2872595418337
-28.7214962062588
398.010063833236
158.635850193477
173.534316427843
-109.578306587641
-257.229749993951
-182.746914467691
-41.9215533961508
369.157151789313
208.752916246027
149.936442766826
165.091715167732
236.179726707082
249.557928715943
-63.2673875956892
-13.3510864639373
140.050225144659
-109.093624463234
-161.428782800288
94.5413929464508
-15.7355442416845
213.310351242368
-20.7592527667106
-160.651300816129
-72.7269933904922
336.828215370707
71.9351336834448
263.855266995015
196.028534249101
245.327477030411
177.372614565936
231.982834689888
193.99491257223
265.124838331114
-59.525516245378
249.84769489895
137.479815624198
349.075363963041
173.83498330179
350.428167205676
111.751008399819
298.361254121095
146.479779795471
227.982371096901
-118.328855099122
263.359205342745
162.533619437397
275.42334195198
67.090177872392
210.305988997868
106.958237023295
305.963841798233
133.768669813552
231.124866188712
-86.9251619265854
-98.0906530105755
146.77714828301
144.488404486529
117.964100002519
199.491696298571
43.0842345670188
164.96039069427
166.227635656372
223.77230961
-116.120988285311
-46.7243492688504
91.4983598973906
255.856997505199
153.223801405885
207.644057684493
59.4647189977016
188.147184281979
82.020617539914
155.083186573861
-143.761953892271
151.656740581391
95.0452127863621
40.5105714085582
26.8845391186403
112.20294869398
58.4851113360846
64.6692498461109
32.2987874546089
165.392956283864
-187.732340991576
-63.3434782786504
-50.1010443213695
130.858712218556
-79.739619670904
-31.853540365895
-65.1455733257551
138.684521599577
94.646137909892
93.4269059659518
-78.4187704046969
31.9456955734316
127.581588194739
166.188021767798
65.9309863721741
176.360437413149
45.9140655114159
240.431425342984
95.9456597384395
175.323651765674
-90.4310468049014
-47.7564204825414
-39.4412824521856
-41.1478838758986
-88.4750650541292
226.34075347508
43.9492263387088
89.5162783888734
227.751180280772
2.36585537792944
-274.76906683729
-287.635190558698
151.823079571636
219.078317302709
144.65481758863
97.0138293400989
76.1197817201369
106.839610194652
-1.43503448605234
174.989472555743
-254.654539094935
-13.7139468796009
36.8131046294595
85.8563514424924
18.6796625365808
108.800692740815
-9.16742611740603
-47.6626856653585
-116.825981301155
90.7029516958036
-201.017384300049
-106.395328764791
108.315341796825
44.5732748458832
-20.6855393099013
41.84076333184
13.9768597375989
137.743352916193
38.6119579465889
115.745060639847
-192.683398889325
-44.21123057509
-39.3344227599428
123.763053808004
57.4255198671238
111.221179416222
27.626664652933
175.264873097123
69.76495303998
253.392769586607
-7.19747828712811
177.463243881627
97.4503470018355
199.373702567737
-9.05540851393354
138.412632878792
5.40444529820967
202.160998429139
158.769190315048
272.043488214885
-58.8622914981477
68.303018617982
85.809639473091
275.989597091771
51.5880681482235
140.120323064768
219.334776390715
264.442620995263
123.042987157363
117.399489524008
-51.1794080101577
57.7253486319395
135.136987941689
339.1120288817
143.629436923345
209.348034714369
24.9284674716326
43.9662263175666
177.385173232463
234.623787230928
3.40454255358956
66.6364919415245
296.758645529362
163.062962770205
83.8507147190137
237.91211654827
137.537280240448
259.175100065944
126.648199421262
170.183732951882
-6.37394082184011
-21.41750317226
47.9256091807568
263.996398301526
147.247133682663
231.194562816439
194.362561504217
85.2833987133429
104.938760298397
252.198407363716
-71.9437777267333
55.599206868155
75.6082230430706
115.024796698961
197.636299801213
236.799406335357
98.352587825908
422.2120012133
131.066824633228
356.838894367507
9.87430858649115
123.275233217164
85.0610576897345
351.663200738221
227.261712853913
186.810774597494
-1.60931739981332
266.232244557231
101.30288023941
126.311364292273
-135.331111363288
70.1898659559519
76.4926560887798
102.605006866035
144.790731251865
101.061492471939
-160.149606707234
-63.1889359277365
10.4306986297111
-59.2138365061753
-156.467559137465
-156.816587324833
22.4916224011411
-173.863138218499
-126.639787296274
-90.6521415681813
-84.0505632372868
35.8101037204729
73.2989799811837
81.2497699286735
-188.788044848926
-166.790496569218
185.557997368312
40.0481490341051
129.237437277299
196.857712047422
-57.277309386953
156.789154562555
72.0342820898928
267.008254728331
-81.2469494529222
80.686394324238
188.025750868447
182.311848432046
367.677804192276
186.99080715167
-37.5491800695385
233.951786971296
96.9170353768499
362.540736860903
-63.533573502667
-51.9035370424797
20.0361496271937
486.553807844136
302.614948459709
208.702235461346
216.026122398286
418.951192533795
266.62131577327
288.030717944666
218.841017412375
58.96005227085
345.857030822857
330.417490596123
151.51799881262
184.652146503063
157.161128918962
13.8304819349496
161.022811706485
177.292095192626
-170.879428015638
152.134672966141
179.845937399728
215.236246270188
216.916061497582
288.887682522734
150.450619842703
297.92721212096
229.830628492206
248.321437904376
145.382952586144
78.1658771103398
76.3335010863262
118.480752897399
-43.6601396579508
77.5329211033255
-13.6989906793935
234.815560195645
45.9102149178971
165.66405388293
-95.8963489915152
-399.412818846271
-299.711846764535
-48.7146996877292
-389.745798035322
50.3218730801573
-131.623310402304
9.92345368515551
-100.445744295571
16.6545110228011
-232.182850370184
-365.832343922057
237.853580279408
217.770656160682
232.430257754048
255.275076462647
-53.9543382172927
15.6747946962418
107.416698542557
95.9562378425881
-91.7314195232534
-222.123375380663
48.2665952162496
67.2984874302406
-117.44308446835
112.236949391637
22.627297867397
62.3503219523001
-91.1659870674444
111.339923049356
12.187422399612
-131.815576350525
115.339758671326
150.797482997541
60.1502921078416
183.828823024068
57.6343291374228
12.3778127724274
-55.9605843611184
-132.963304084477
-159.914746467498
-223.146339510568
-76.3945027329566
136.261575944669
-18.4547392639541
81.7238584762402
79.1858452538906
186.961167973048
143.959193259338
211.796414344691
-94.2145902233954
278.694017919389
296.536603589205
225.673200895199
13.8378089094798
165.738182455819
48.4403771408265
170.147924296871
200.248976812469
291.406179839248
-48.3532076618626
152.667346691317
328.807018759695
340.449968650427
225.178106602798
291.58672576488
250.730078799474
283.836684807278
178.205248909566
401.810104797806
139.471466424704
-189.934840868227
282.677608129642
450.19837020031
171.300404977764
223.7183430121
72.3282157097128
430.597927648938
113.09432849908
317.71289643952
106.495578339467
1.2959636419124
72.500683088265
458.682100225147
34.8935445899313
389.974633644829
146.721518814989
303.769366321913
136.551320370656
379.187636212885
14.3675477224336
158.916172099005
163.992628630293
323.288677111563
306.772554357877
324.999033710492
154.343371922513
195.438951627104
169.968151890612
267.222773158964
-59.535520157451
-42.9291851586778
70.3263130828539
103.229586422935
-4.75974338927006
370.493840912263
189.387178620843
301.783518268736
61.4197172089518
295.531971476256
-151.076101827022
-198.74658874513
137.154106144449
288.088238948337
18.5177404716298
196.381099223327
58.3901327727133
53.1390934536431
-6.21449442315462
57.7731353663792
-284.986373290159
-193.504905328525
7.18933545809451
171.112631206028
26.2444933358939
193.558187052506
222.107911111662
320.056875415768
146.557125149699
199.730870827448
70.8514380020405
-27.5306049732249
49.9009176315557
87.3965187964329
33.493412270036
200.983356332383
142.183496647726
199.06112429959
43.3738295739427
199.39950773394
-162.465906804614
-36.4382194344378
1.00250012186619
57.1314731649482
34.0831887792008
-54.8564699892358
-2.28032666775701
148.970769728767
-48.3491134884348
131.424316975469
-179.599530107925
-216.981000508527
-19.0731182368961
219.581342718575
-82.9930728615058
61.7401445925892
92.3108127952287
11.2373169478578
75.5768778312794
-49.8006378492337
-143.450687251025
-58.2404871347065
197.339587717899
172.895246086773
-21.5613017659607
210.224479369797
-69.0326636785663
219.33626232593
93.9125056081646
51.3949093531549
-57.6155050644164
-34.203330371761
25.3846506686552
275.495147513146
190.503015060342
223.108599200822
47.2554121429012
372.781348837812
6.25308582627433
95.6385743882832
125.870749533402
30.0154518395769
141.087968179147
290.747902292377
180.935113530941
96.2222071279127
106.709281773308
71.6972590502136
115.031180536095
289.517736487467
-28.1925654762157
-274.332074996392
12.3039450731546
113.210235625667
62.2393980165297
177.850035722903
-100.657001999797
132.409036949052
40.0224472706265
-20.5344270185431
-80.7806908747407
-301.627418198094
-158.259436378683
-198.111885938955
-253.938698545352
39.9978634184195
95.5492599211318
16.3698941216569
52.7559542567775
226.397959281526
14.2355499003124
-101.453511426516
64.7635018392352
210.832335128176
341.727588227101
284.529304878245
221.993588162074
276.486265576849
345.78176738081
282.312310587991
-202.511458136399
204.42546455348
244.690354836263
368.602278713824
202.830615609013
354.706403166662
354.603442737771
327.61930561253
170.94400372542
630.416862250211
176.568988050142
198.031144329921
-19.6884599066192
459.442025153173
257.711079591666
511.48331583111
176.109849858514
527.152794020359
114.167826757984
358.199366842131
45.192625882306
560.376090539751
317.075040061577
292.802283715117
202.093702494848
361.207623345493
230.263304740548
390.911872785122
283.37374882157
225.016863091939
56.7860216565018
274.715372910901
285.447591790584
129.368076652587
182.475924633672
-40.2638199592346
-72.4557838134899
89.4183654143926
-231.3033241198
229.974299918491
-285.011769366432
35.3548013795344
129.755336014689
172.503026566437
-188.338641242215
-19.1449013410594
12.1836310815646
-80.3000394455634
4.83365318550443
10.5084250359071
17.9855409615522
439.538035836798
173.377550156266
296.69835629014
40.48085058254
464.851245368527
104.814791252592
134.552701554157
323.375356391205
278.752343411119
38.4400705365018
156.085083366225
211.04761398092
73.9899841124802
45.2235923624382
160.22685006049
79.3931752865037
132.550413648713
83.5295748560231
136.47647375785
50.6496876436985
-159.962066775717
159.842634267534
125.730922746752
-18.8057707852389
147.403349935843
-46.4647916321055
154.976469170946
148.470661965466
173.516006203115
-229.147116091659
19.2295417954581
-83.2523647170736
26.9036613943873
-165.684762113291
146.715334807762
74.8804937294074
82.177043147472
31.0084753362123
110.660337538412
-121.203684544649
-106.75267116609
-15.5511957138076
222.714691553432
90.9502739231273
213.663545968767
38.7148115655783
240.507275679249
-99.0167458887604
140.385995216979
-166.044919091646
-177.545386932814
86.8289023784272
95.401839068277
4.83382028713486
-8.78553454695052
-25.3951609560021
263.887175524681
-27.2815158717426
91.4366368355378
-91.1931409122625
159.747917036563
16.8424459921047
24.2442878182455
-197.985331399594
98.7477457634064
-199.626122764433
93.8357658061805
-39.2131115484876
-69.9990219398538
-129.487887306896
90.6000161160626
190.174375839671
-15.484107155438
-12.1105876576308
-13.2259812152614
139.163722468432
184.347637713188
-80.7691281735917
32.6153085197242
-41.4554474394715
-71.0946850761429
73.97602969422
79.6740415673465
6.03826198985482
53.3003560148245
-1.26765202632467
157.897823964967
139.971060160751
218.348923326901
-56.6218928431315
131.013046711889
132.466256458324
257.477858149086
32.1353129813879
128.132587721444
44.5033615301587
232.600691430377
85.8655185976651
96.2825227117597
-59.2357468321548
112.775966374534
154.225606205721
128.984386671458
58.3322077640473
10.6008429935082
15.433953459676
129.53890518756
-14.1791284475649
355.407326502015
129.478826406993
216.513267036567
263.021610982079
244.282922934006
179.005559060241
357.972478237655
287.964400925529
349.55073854268
262.494095844884
439.472825672634
131.611215915756
232.791735894735
425.540600949357
553.590447129481
390.178754338579
495.600872351152
382.742588705935
409.518431700655
373.85089194709
437.635194866695
160.46479407522
262.187240029383
207.695350827111
