-219.181482214197
226.390164889242
-163.550074959615
129.756656838492
-344.319053495791
135.379932504472
-192.600360409355
38.3134916605339
-58.1191482102523
105.467368901904
-1.64354048095214
96.0609628225424
-60.8639746816886
86.5877859444848
-145.92463956918
269.899535867986
46.5072708071085
-94.3127580946349
300.14984649204
209.425958774067
-67.8955721903644
-17.1340744789823
20.9528638652127
166.061443928962
-59.2526738982184
189.466869443848
-8.24831129632463
233.313567269853
276.590167450808
283.431202842111
47.5659240297764
154.946033642877
-62.265220788132
214.429690236524
118.332315573477
154.988143362759
-43.8441564539672
-155.190356590692
156.58456121355
192.456613859086
54.1307180693086
52.411918549859
-210.790069371632
-102.021917934953
-86.6555030797552
186.292329111099
22.8882593370063
51.6057496013608
275.41614489042
178.092581581719
-208.003031026031
253.78466082254
102.503861938951
-90.5008143028664
-293.289345890686
318.832719832825
133.2957752507
-33.3730735296688
123.345068343515
246.199600536195
-79.3243773946195
34.0019192055424
-105.844649327866
180.33348730772
-37.2189664547033
108.104127796896
-151.37096395799
-93.5342689855007
52.7758065501563
225.005152738169
-43.0339568651846
83.2987683873005
-64.7040291001895
311.016724106424
-342.448573271772
329.502279478562
-169.401104868447
125.375224866874
251.129744406285
95.9847235191005
-37.8923018793959
84.3497866860004
-116.513244340474
137.391690189904
-77.7073598137707
221.495520381102
-81.6304760517931
-105.697559367019
-100.88796033018
276.409326463894
21.4453461067734
-49.5228859069092
-357.294895411309
9.87677222667189
-73.1803007704006
131.007649148645
-213.035744057541
0.445894667554356
-356.33095548473
-79.7079238526343
-213.29731254932
127.045216747304
-126.105893287348
132.824016938219
-8.06871115830309
139.834680568245
92.1556364366973
-28.2146406202391
-183.866354245146
367.132103000269
4.45942912023643
310.338835947715
-152.341956570686
115.309465007137
22.0077585751339
288.246020716455
142.820126222246
124.105332426031
21.1667618989174
36.5351218022358
-28.5123794655251
321.034906953074
-117.148602846199
-130.300998285867
-274.561792758571
123.516527063526
-74.7644147538466
-78.6597277915156
-111.163524418531
118.816597606668
-182.942532042931
87.3882515709275
-193.103742231174
-54.0806118418173
-95.1865027211778
374.410535330019
-110.415551689952
-3.04122299181581
336.256832888898
86.1681870158522
229.495331307682
108.64661354124
130.714598183079
90.7137736588943
-17.3032730854414
-6.54492497863144
-25.0883182317898
-120.633254979088
-138.464062956144
185.949268227102
-212.838306643255
-50.4518864315869
-33.6865440328293
83.3917514036389
-27.437740926906
224.128358920476
46.4950325612802
59.5999003492063
-212.736900649756
-95.5402282124714
-38.1553698471382
-121.126937551927
-187.227233868809
167.036406471292
-106.350602447643
6.75068767163125
-111.672414973669
-26.0829155142985
243.49270649923
130.879971646668
-130.010417180729
210.514415168512
-356.925554338386
125.706734120867
-69.952449716113
-49.1483119441089
-45.5990637808273
-102.00715093195
-115.882312735561
90.9169445107739
-124.122786829588
217.887648072486
-213.908816267466
-55.8919702844315
4.86443862802035
-26.1461361122332
-299.914288994744
-41.5778619592793
-43.2019511501171
231.126444171291
-328.703531790143
37.1873833016319
-84.5175005680464
70.737264341126
-213.230771133966
180.998370947851
-308.638334595838
16.7865644728617
-278.670651475909
-59.8951193274429
-96.8451019948727
144.670221295287
-69.8806913693205
35.2163755253124
-106.309485628755
91.6467341096349
-72.8873772339905
-217.880060019198
-44.8231251366093
276.597774665657
-37.392667120953
134.412653920885
-244.393893972686
520.205637379132
-26.4376063395756
137.11152871331
-38.9828310157412
-50.6940767988621
202.775919423698
131.129528800653
51.0023119432089
167.483111902936
-15.1739376501312
25.8367619674872
-151.799088448979
101.323775941832
-4.26852772363168
88.3733265843733
325.209047391747
125.514668873
152.415307241111
116.486152781706
-121.864304731922
205.391416166405
-123.953069876895
-75.8467437380648
-64.3101423563833
49.4659039609564
219.811552048001
-111.09326363985
-323.466413293831
-37.3406202092583
-16.3955697193649
125.386634714257
-47.9749938653478
272.841762667173
-152.454754918032
-87.152160493765
182.843144271336
401.814638168001
-400.471294841476
97.9264769570949
-144.065644692624
175.229175403741
159.110098822759
4.784029206903
-229.10817223466
86.415598306778
205.545026273177
150.546928151854
-116.56265695622
-5.07329737884555
23.5013968249868
-43.5210380225995
-87.0643218878687
-18.737368819751
-239.100274436649
-289.242772193251
-40.6757357864053
89.1964275729333
-11.5661730180843
9.83314093004217
-145.261331172522
103.111281324835
-208.848551309395
82.6877715352087
-129.455044719806
-168.299764086309
217.91681368228
138.479707103415
-103.725032158059
-85.948752238739
39.5536353977424
-8.80544418625675
-15.0756286490019
182.05741655535
-15.5633869041182
-155.3378731419
191.341070780813
144.221029726266
-210.951387915504
26.16077181318
-51.3530886721544
69.5021524131974
-108.311279033426
-67.1965699898174
-184.470749081085
-43.0802373894656
-36.9155612446203
-87.1407632797949
-491.314069462266
141.615959478866
72.4252449802695
74.5804438981287
-165.496519412563
198.70267772755
-158.35543369222
85.8953011035705
-255.367814504897
261.877732332461
-131.200868228211
155.799762058123
-67.034239344209
164.396996687822
-96.3626157181207
391.862430875268
-279.864150627034
91.3205883734946
-159.433023661521
163.501763488996
-71.3419249203695
251.968271147473
-14.5981768828808
337.281568729575
-61.0211715800153
33.8973426148513
-32.4491279009737
125.615879659896
115.281612266643
335.510443856101
-136.956600380839
219.043645351661
-113.56748076136
-93.3055416422214
-126.020089158064
53.9970570544064
-95.2102799558049
-91.7619142241944
277.472985022314
227.845859300556
-131.719686908037
239.892150883702
-153.494506625023
108.566724197934
-162.727272578678
-45.2735618112252
-147.733375129979
-81.6442944599911
219.087769521124
-62.1329259308051
-51.3073794698556
-17.7631850966997
69.182237133156
124.910721703243
-147.895751097607
210.88063352667
-11.8583710117485
-135.332895089068
-54.8062547236825
154.626094670718
-114.260013709391
64.4969337508945
-122.544109055093
-130.943187571836
-155.100706458924
58.8570975914968
143.927370131244
-191.435101458548
-90.9217982022296
155.358285560278
-61.7685523746205
67.0176733207532
-47.5971184181205
167.0495632569
-177.506549582015
73.4008616648907
90.5786275107842
-63.635764942023
-68.6164481215139
190.897422611154
-336.538672188986
101.765138004889
-62.6012122263881
90.2857343962018
-262.404005676643
394.736802431038
-153.727496715084
66.4241841501803
341.813113613792
147.614495528778
-31.4660035686074
87.9547270724417
-188.523165158367
29.7273635240228
-161.488788554257
166.482465480243
-71.8470515535301
-49.5988457856396
-150.626083306425
-115.901437920947
-329.781381727619
134.952189504793
155.317563329575
147.566938966799
-161.654319335586
307.218961672867
-103.547889982978
124.061420089425
-287.563813759751
155.316101171403
5.88533193238128
43.5510067242119
5.34712827958506
281.737501704646
-86.8077021865855
190.052254273307
75.4309134776481
-61.589599151469
235.478592234755
272.781833462394
-179.977648285212
203.421256802691
-18.9996284649633
305.167411663658
-298.268482384816
147.905113995003
-136.101600308614
-44.9556968632384
286.18102479371
243.638367249308
-75.5138546504301
138.344996555629
-38.8014656078632
359.338080878982
-153.771475523412
353.571191057066
-94.5450959645445
116.946423479167
65.7201158084264
197.213147038799
120.768925052763
-35.8903207249168
-53.8537366550802
50.264045919177
-37.6710043367738
25.0136764664977
100.186257961912
-40.7641941688447
130.195144230878
278.0973209829
17.7138261020269
223.648357929566
121.415751465409
94.5348004204975
-70.4019007064174
-73.0723694848729
251.709013442566
-98.0413913850291
112.108507113955
198.088941141263
238.05772118903
9.9381359874038
50.2020738385087
133.503395552481
-168.262656921318
248.443256820475
7.91504585616858
-47.3370841266461
220.059954264018
52.0895837955825
-185.275538156457
87.7307815656282
-115.930496201038
-51.7597668055569
89.1792957991586
224.385547825081
-96.9909629536455
30.7972623122724
393.689069551486
288.799326747149
-122.695929433652
16.4131844712866
-135.765186291498
131.770587583625
-97.8190259233524
283.654426523641
-73.6288340778331
13.9518708116642
-29.1446269810981
154.58654477119
-67.060216903172
196.555371273
-125.517712028892
218.773529180123
-129.663201180468
23.7931932529402
-14.3639562275653
201.355459502342
-291.884443368302
-124.541446090959
-214.796098386409
-3.33126544774561
-120.475634567871
270.853693480226
-172.303534266468
119.590038351793
84.6064834108756
59.4978223452949
-181.052663196684
227.808032178307
159.533003891027
250.118199015725
-66.1631054526971
184.611581773154
-62.7669982765667
107.345697149193
-38.6078232993838
-198.142924546612
-176.996262967025
176.260383619665
99.9173437074497
108.349254183457
-153.96633703961
-12.8598671252196
-30.2933313429714
141.549841312238
-6.2004364138971
-44.5789258529281
97.4647796194228
366.545917570652
-146.519298683156
169.293782476511
-134.054000904865
184.466081741292
-95.9213510629584
34.7884173341775
42.7385458927163
-41.027209085424
8.71754850716982
160.619485731177
7.3351605937399
-61.1173204189551
-328.339870948616
106.749017730988
123.366917042179
107.502806737895
-269.763435079297
-32.459152348625
-69.7209240076628
152.232918109666
-53.8832832836593
12.2892716184268
-137.110242366212
309.562575546114
-290.912874348799
-49.8977555924823
118.454372385931
28.5432177973355
-219.992032010631
2.80472800343884
-40.4584683221504
61.2175815766273
-215.775312897317
-114.159432995068
-118.896796280937
61.1860923667617
0.995834213245416
-126.952648491386
-321.519739660225
184.554913584631
0.0425198626005709
-155.825321747602
-150.817691804925
31.33643432915
51.7417882101358
16.9562423331348
-242.642445352085
-71.3250093609068
-218.551994433778
-2.05111160186574
-61.5196995648208
-19.0873588481895
-3.52042632074999
181.387340226421
-9.12742147217448
-1.85510055720963
-45.4475519458153
-260.694912189153
368.242919962716
93.7331010747493
139.777804714906
264.335314990163
-104.943540055032
-86.9215709415912
-66.8159073220952
-74.3984528385544
75.1698957544674
-40.9423451413944
-106.121016626292
-111.08177399882
-120.409458825774
104.000339893274
220.268150506046
236.560763615821
-199.95850823642
124.115706926527
44.3541697101834
-186.959758393212
-177.887398207264
52.386269455633
227.413880677411
157.35935631632
172.732047148223
-21.7385477362925
-164.236070384588
-76.4111559184846
-118.746519133577
-79.9954604343781
-220.143803291714
-50.6156290323542
-173.616431743969
28.0471272280625
-94.399359546182
143.894522263792
-151.594602057848
163.285874428317
-63.713642391836
-67.7479791687665
-137.883809094884
52.5913427808496
144.702122287206
349.10173212601
-48.7146152451108
-34.852662821517
-107.794689563891
240.733951470836
213.661270093553
-208.533459360607
145.041794186565
70.5799171319575
9.30198660367643
279.599032511946
46.1065299168859
90.7509912916122
137.444143991006
11.0116994421884
219.934633814661
-101.344388204124
-27.5237376460953
22.0671762027424
142.180227831554
2.98457540035243
196.235854263807
-118.858069128494
-34.5796705071804
121.658987823416
-9.97428761439302
17.4877134123929
-0.527044459335357
342.574619131198
15.6074992760923
85.0359147307862
218.516603769065
-82.8454682905883
11.4501671532439
222.225357858107
170.667851455408
-154.342760359893
-206.966894036387
37.0565275954224
-23.3361263573447
46.9105807868696
100.603296380236
71.0916249598401
136.58060367754
115.069523938426
319.919919339298
-44.2687250881917
-145.121853425319
5.40543472762609
-49.7266387625212
293.701493130373
181.164478667155
320.791287113444
93.0707213165093
245.864876583074
203.131293450999
-24.0389936702798
-169.871011021535
209.264802119317
22.8774445143792
1.59750629808319
265.162634753567
31.7823588449161
40.9932658448834
154.273985342409
271.426933420273
-181.372153699068
-215.477992788903
11.5251617971589
48.5860925390549
231.89701408873
327.513097450514
241.515643814339
289.220690949138
39.4967038518697
367.061123577776
-183.159089081922
-142.020686241447
95.5642301747993
194.251881244185
156.861844817655
284.947393923638
163.318875356033
206.623673017245
23.1456561910203
303.46853808534
8.51963475864094
-13.4751198263418
178.526252491055
255.782826638307
114.480331636538
263.491115585102
146.516889417091
152.596928688447
229.218065815073
232.602259107055
-122.352109615514
20.2202926605551
139.305053815307
228.184590894409
-13.377034354196
243.60280978131
-155.78400586586
237.330633578445
114.033482547446
204.920753306528
-176.462347657227
-61.6350735539972
101.404282498103
260.041147968816
64.429581772391
64.1447466619678
70.4662494760436
121.84434393449
257.68584212949
172.595340527106
-147.368986555563
-1.1494494824806
445.684653501933
89.2437930712186
-14.4500385823694
42.9284122237798
333.215303388526
57.7553184868615
93.8718963139913
-57.4617992812866
-116.635399410408
30.2159726711727
113.474537735866
74.8353959212774
-33.1705221541412
115.778661539684
55.0285934599379
108.091689904556
37.0285641120381
104.440287463353
-165.863910213247
-227.407391583852
37.1289919220158
28.3387067845038
39.6768817110527
-92.4561188599649
55.1759321065158
228.883280476419
79.8376374268068
312.740125592717
14.5443143814485
-95.817658036597
198.418841568138
262.318966446815
259.864027267779
205.90050091387
119.522648097914
187.972938650244
396.252438328483
358.110215217386
172.207902786097
255.512509820455
203.606491398013
24.1702150026357
299.346143837544
202.342662140955
79.6691975775729
224.167705499967
86.6941952080439
94.2299413109677
-363.356375805404
-292.776048899556
-135.099817417054
2.80276143665527
-194.460176877798
-114.352362224178
152.152063024879
215.869372156928
-221.462788600724
166.268767748911
-129.557865714431
-230.253894944567
-82.2686855738543
191.746572563011
-139.220818251779
358.36343071251
88.2794370533189
-77.4520935264979
78.9345434489554
2.72289520782701
19.2132238097637
-31.7186014791486
258.187702295683
342.873200235203
-48.0502835278342
-65.0024861218641
-122.421597464488
205.076127481499
130.08744767515
181.050598467022
-235.481621044642
83.4045365834884
184.367621048867
188.726836020577
47.6316801128267
201.813267258104
-48.6552595423254
226.36832309031
-80.2099503855817
100.433204464891
-300.633788756945
222.684540699566
-249.271566639749
242.113299358706
-49.6882287749273
164.322255940175
110.953519497095
79.5132298368831
107.755034862006
455.412336741771
-73.9545400431772
-66.6126154963429
256.087760867235
215.786449198303
88.7573719010607
351.925772373491
129.094395830079
141.541448816952
-94.3894092508995
152.139528813184
-62.0689127724089
-41.4251604180612
79.4563377764672
6.43797513579391
-3.67036093779429
210.379300732133
14.4676507478308
203.2815105262
168.206326288793
218.200034437964
145.448721602002
-384.632856004046
-42.4528399435263
293.934169024419
106.657976282662
163.051674508237
166.825630302044
-94.3962256241213
-0.878522855524395
133.606056412411
-125.69288295635
-73.1254167123666
72.8510048112156
-92.0829932252573
-93.4123087613364
129.204057933902
74.1404725371729
-17.3688659128314
-44.1638286496195
-178.900460946523
-272.235525605856
99.6935165851079
-11.4547953608526
397.379823038161
276.230061010075
77.5703423488592
30.2374056827677
384.712069419631
103.918836609581
-60.3245325940221
115.00235167286
-324.865743164309
-157.963389464429
25.2464416596419
243.339830976379
249.365208490661
269.380695432142
152.046145420723
386.29486516358
58.9524688664584
-65.4663818934065
-9.43043794696094
196.32583970741
41.2683087186223
-48.3519660178939
170.567720039392
-142.114183696715
291.560321198098
10.5579843368973
-123.896237072066
68.7700974450386
120.798353198873
65.0283530668139
281.895298392654
12.2706904970719
143.600097727995
162.049737138594
503.091669199323
256.24083506504
217.472403624272
-117.008909607014
290.544099600815
289.984749225614
253.02709954429
98.8522196668881
502.43304167412
185.91285188204
452.207814141627
109.702237255341
238.129482773594
-116.666093277319
422.10794532559
74.1479580960232
231.634377924096
159.726722887793
55.9496905527312
143.393310096362
201.910391262981
257.266870342491
263.504946066918
25.0785295491853
-157.64762978111
154.806823801644
80.673866167696
80.1924735894591
339.851041601146
251.377589175429
342.287809035732
142.30176949946
238.587345953322
-32.5824476488129
-221.970382449384
-145.418718936332
289.871003502001
-40.9546934554552
216.282520899377
20.666221259755
337.976915446557
60.1923209136333
224.280424976278
-14.6682651205665
286.838100437115
-63.0657590280035
-174.354391822267
225.265599218081
242.026483191301
5.2068892231073
166.093504210467
47.9900103706275
170.819541366034
-146.299211825918
134.858193049788
-140.041297705413
199.170872368601
157.870654623659
-81.1605398633011
48.9223837482891
181.260733908432
36.6467009339428
90.7486529807895
-36.8938806991917
93.4279291695474
157.957895357726
15.0096984258245
200.644246102964
354.150508194631
347.242372554025
143.836289778279
9.53870582256035
51.9043892393967
11.5553451850026
-26.5212504240664
-137.994660660569
-38.9682518914781
-63.8410896117731
158.050027141639
31.4390777095262
27.0779538654143
-201.832211139363
208.069365046654
-28.2105959435338
-181.848490254256
59.5994059094279
-109.109015444457
239.175946581101
171.960483369305
-38.1750007897514
16.9322826367998
-47.7707731240904
-54.1651641729509
55.8098812599059
-22.1649019481145
139.463435654331
27.2318294270886
55.3995686371743
93.7631648894424
50.1477032070889
-229.311687863339
-15.7014521656559
360.405500421239
-142.294141641689
-51.1046032160259
-104.496798153551
-5.06544929673279
-11.2148369569641
60.7162399692207
15.3267552373417
92.4198544813717
-98.2465651675919
93.9769948010232
-157.657537755616
-80.4043045754748
45.3438787537865
312.935508796201
0.461875760744668
191.950680571899
-192.872177098941
175.017903123501
222.82984739762
332.480005281563
-135.612328987285
90.5291582158108
266.445159830404
308.066121255238
-98.8736305638813
371.390933510123
111.538291352903
39.7665095974112
-38.7153335838333
102.860908685908
-120.900790275124
103.038389434598
161.133589744433
152.629597575976
-47.4196127542127
-100.681524249189
74.7141335962801
135.620362679875
170.78861902893
142.730499435075
-125.875385526938
215.266228573429
354.796133316516
285.195566274318
91.3778889851564
314.249663863606
314.412182574094
235.073334711658
60.24787251251
253.953231953457
47.1570477592602
60.5131041945756
310.756253670071
287.144916388029
2.57900090677056
101.090563964109
-224.377195103927
239.439228686479
271.476837465944
280.264015745562
47.7745017979722
30.2451475218108
341.593184510998
264.251192390808
-89.6751587403914
129.19861361124
17.3216443085785
37.8368549447809
-110.483144260618
405.439917776675
54.077265783643
85.5082474510593
-42.3158263832697
-21.439345375817
340.067609048071
436.70861442348
-76.5640655067113
198.127303194299
186.550571146873
134.683651284184
26.9897585105103
196.317643506253
254.428867394265
150.183647514172
157.567837667979
227.571470405421
-9.33215696311379
107.788673139239
-7.06594068044477
164.575616752397
-191.559685315357
-65.9715204457841
83.2571260612313
43.5284629894948
39.2405526553136
-36.7000863432363
81.1517162327764
-376.531170953292
160.96099236333
-14.8062320255538
-215.777480656567
-169.219780206659
-77.3897750284295
-99.3636963451897
-135.136094943927
-157.96243705247
-78.5712095092451
132.269577453136
145.629763339322
156.820948358844
-76.336795402416
-104.281945760612
161.286985370227
210.523384994818
-92.90689547041
217.687868323648
-94.3717256078411
169.185595283845
120.036149064791
414.649808845837
41.133597767056
107.856262313745
179.525733094332
235.119391201689
357.144268778657
326.661875716294
309.715306047167
479.664635763064
89.6488835122486
314.698244239386
10.0799225918612
-109.31795890182
87.655583850311
531.958190654741
410.605998730055
250.546140377465
121.060441710702
363.658661328866
254.87983576107
427.066123367924
270.271613983515
169.392658289243
282.450381354023
344.580186534593
117.487029144509
109.345770701255
33.4440727060639
102.462048826498
91.9877911874926
91.4209338048831
-10.0219153485753
265.232710896413
-158.915743306126
301.978814417607
85.1574650061891
364.048688092357
194.47800687115
343.227483741266
210.683057548145
177.856047379848
90.1687113074015
185.479515585143
234.28857922472
171.951543622621
-115.179462678088
50.6493508266083
-1.26018673985029
131.618415238269
126.080787140947
19.5687519732822
-65.4409963099106
-271.681534948208
-245.214202160063
103.287547543608
-404.02682831944
124.50180184182
-155.146007899176
-48.713765020262
5.62010439085564
-21.2404569453263
-132.472948449485
-314.705328127904
265.481704784758
212.790929891101
385.409593125394
291.736909255021
89.896027067604
119.942469192963
71.3918345041083
240.10742643979
-458.139449864001
-190.985469460605
29.5894268908057
79.5407683572455
-187.031236749891
103.813480218064
-140.270047114786
148.470584486154
-265.924778518487
98.6720436751878
-87.8882954755351
-83.7444397834939
217.241348419934
200.035241908267
-52.5690074623495
316.945530588166
166.306900805642
-35.0627763221583
110.531184516779
-73.2976727294357
-280.3788708969
-298.308343966984
-5.01835941829589
156.3387519949
148.98300807432
97.5851017695538
-5.01194175589192
174.40487407163
-26.1519475326254
150.303880928242
-84.1925365023205
216.619815381962
311.416002100342
144.893803918725
206.120351900343
122.432626504858
31.42867764184
243.827914733535
220.620692897195
410.420550243426
-9.97737436872945
161.696284429461
196.23932705164
267.429510964042
234.954720161143
312.902171598634
125.866888940697
334.861969167756
100.437139174745
428.798790372615
126.010096439428
-338.32648130293
412.29643905051
370.149089749931
139.423542899384
200.458504246687
45.3276552306669
461.377323740463
163.978916230229
319.612666783994
-29.1825651126434
-122.994819737236
217.405328623857
433.49239116239
4.93600373446023
305.443143406026
137.536521596321
265.051120418461
38.9624546749916
331.893367764116
136.404076173467
-32.1327876907654
227.442708594477
364.04498218612
113.05060152802
164.238117381278
259.403934541237
271.135212310726
179.682855547953
224.519330684399
-115.566158488311
-241.998404004544
174.475254227506
174.087393382235
-15.4950129343624
181.899428604171
157.497383275422
238.189837358307
-10.5840523907577
501.475299180651
-59.4355249651244
-127.618288510001
36.998160877292
167.239954779199
194.545883612827
165.672867067058
-95.4018787068117
121.547092851709
121.570070466838
154.56378299163
-397.652008440265
-236.133768996444
115.170172321102
191.88382625521
78.3507554746275
280.369241545999
-24.2482694742622
173.481896445683
186.167217958948
107.003532341056
-88.454784690537
-122.80612221582
-54.6584341418936
-11.9593104770576
243.821318334518
69.2180797344659
178.854044449465
66.8342155614259
-47.5832866342731
247.707504822109
-104.023967413282
20.3634444639449
39.7045525240921
-90.2599025232025
43.703108957778
-4.02936547056471
144.9482930408
20.2543866084602
-64.4851957066453
-14.3075700337438
-91.6965656731908
-292.020716672791
-82.9520526507431
66.2746559486004
-141.418968091171
-174.033055708855
-72.4645415882994
-80.2617915320656
-98.8933322050105
4.90488546062295
-107.866512062067
-100.85491321123
143.250280956496
42.4038075766085
-165.514703687053
219.935947136247
-22.3507780987539
165.940290923968
159.940930246571
-50.802468751928
-98.9489742356744
53.9764718585805
-46.0874968073597
222.583770111382
-152.193528185198
165.612606306406
15.8740299065179
347.030141311324
25.3691386361592
137.933870260984
245.249067220676
-102.023004188315
132.702188145182
271.860871555939
313.028569260503
140.536650874531
79.3122773237385
-14.2849128964082
52.670023284812
343.318604431417
-181.012790115506
-89.4650591807556
272.860774055868
258.972478874128
25.240426792872
335.909139278392
58.9877358395401
322.032484638112
119.465423587878
11.9968770308451
-50.7225602363374
-307.158803678794
-254.154047891261
-274.019149672735
-420.936090072743
75.665492166591
212.289499605716
219.495023078131
185.858942577783
194.798450988377
110.339599407182
-364.449651484483
17.5902413017743
373.360957766933
575.085049019385
355.80737205714
246.606888424798
247.312286207821
256.117153274594
291.324054105687
-97.290920902738
307.231974103347
320.383720110963
361.979150583633
383.21624401293
203.825842569059
402.751200723357
386.092337357293
265.049048559977
633.803450801505
171.874853442995
278.25097280507
48.3443821567655
399.592770158454
314.200273643294
532.25831098871
162.071862332331
381.123365252193
119.873396075836
419.108329576043
45.6809715164107
410.853471394235
439.232250049766
245.351948709504
323.411439135511
319.823324751495
202.180091232759
236.842624134825
77.9117792026822
10.9810628455371
212.442574067146
199.796187172282
255.084922813875
30.4237012127995
137.753998442847
49.1173302974544
-85.5370423919229
190.17986733658
-269.805071814003
290.802045087355
-442.961751732281
57.8273556388402
-79.6774953501768
218.400904123729
-330.272182137644
-110.960585936222
18.6225540862457
14.0527484811075
234.978003836264
-26.2827511339108
44.5983767495812
320.399995684097
225.536574087204
214.6184818699
39.6029694445958
269.37360635552
387.726353097997
360.155268429365
379.640219492085
472.092087068519
-94.4740359776671
48.0229217797633
178.442288384908
67.8179543716589
141.188102341181
167.392926769938
198.730762773704
268.729522953775
153.413696058996
-4.89566263579894
-209.550499357205
-47.339006073456
65.384996698195
-23.0238856799039
14.5669565362968
50.9960547138375
97.4241818092352
101.642891700176
111.139616364837
230.494579673582
-175.345910421621
102.159150836447
-84.7947052724879
187.009523134747
-411.759130918015
138.823825953505
17.3537363912668
159.694232989824
93.1964151932242
175.014363271055
-230.519510883695
-162.412281486964
107.318872642777
133.905460835691
-2.79835135979307
8.78613438108611
-56.6213694422404
153.187725902386
-56.602180520228
156.482327907611
-12.2208046442297
-90.1480599143074
170.261556418034
-109.663472896841
106.646647605785
-30.3963602073801
-11.2288100619293
193.271662110415
131.169278331048
112.439525760874
-47.2536811954861
165.214196179957
64.0298057680973
301.313809118905
-170.759459104205
177.040446443161
-388.293400015335
14.5980066693224
140.300912600599
-41.2051359047613
-42.5721473328493
227.026940717972
277.477874697708
-38.7617623102112
113.859830466954
-84.9587633447916
266.043621417884
286.776257915912
-102.07848206998
39.7383236483012
186.174404767441
-4.61800332665906
-10.4745656383211
251.537822049304
-18.9813704415692
-73.8575512705463
8.56416601187715
82.5665642038516
48.030422071294
228.031273397594
-294.189430858062
136.8020977939
60.5707664976708
467.801017229873
-80.9882274538238
108.659235902638
139.502017918504
219.637873100356
88.5269863518208
117.975176600206
108.363154043023
126.64522327036
25.7974933751512
239.896699727427
88.2327115025943
40.9100838697849
41.1956175277453
24.2121004639961
-40.0618991349011
430.30811568923
0.068538258595197
141.542404768027
343.525286400513
223.799558176402
446.984994560095
256.666202133139
256.154334369871
272.678877091415
335.999137982567
545.005609759455
5.34921936822188
198.807407109305
559.38293571381
401.111204927995
411.738205238962
293.379085011854
405.709794938675
435.875944890811
274.753242574778
573.490008367849
143.488324493104
162.142318139254
217.346795874844
