-630
-80
415
-182
233
280
-150
-546
216
-497
-537
227
364
942
305
-866
253
68
-38
-201
6
485
-487
-741
234
330
213
-350
71
-444
-116
60
-68
-527
590
-407
-104
416
535
-407
0
-260
292
-532
-142
67
-506
624
343
-936
511
523
305
-437
541
-700
132
568
91
-726
-840
215
-170
387
215
-228
554
-2
-375
79
-480
136
-271
302
-1043
-299
466
84
-805
-1028
269
-302
-1788
-871
-204
-711
780
-1269
76
419
-142
-378
262
751
-424
134
604
-20
-823
-1472
55
-12
-174
-200
426
-1263
926
77
-751
211
-123
-324
-164
124
-225
-652
-411
14
1094
368
1271
932
-485
118
-341
754
248
932
375
-148
488
43
-725
1160
98
-194
426
2
624
-731
-529
-697
80
-303
-122
665
259
136
557
-354
-162
764
-519
262
-126
-142
94
-552
-226
-363
-591
443
-838
455
227
877
798
-333
421
-664
431
-148
-118
1515
85
93
-948
279
1388
-1458
-975
-748
76
4
-1181
55
701
278
492
548
-1092
872
241
-556
-179
-316
-674
-272
-1033
-722
-90
-479
-813
190
-2
-602
456
-25
331
-55
745
331
416
480
585
404
183
-1208
-213
-505
958
367
-113
34
1024
302
1416
-396
-310
-368
-268
1454
258
-1266
-1042
1110
416
222
78
-575
-981
-511
476
-441
-388
126
-219
-548
-419
188
-498
-595
242
586
-1003
-458
-453
49
408
-18
1201
-173
764
-398
-1410
942
-468
-263
750
-571
981
-690
835
298
259
-307
-167
-509
195
1077
-274
571
171
-365
-538
67
805
-57
1112
-251
-647
166
-100
28
35
76
281
0
-288
-61
-255
-889
-636
670
-188
-706
-719
262
170
-44
-405
655
-49
-152
-68
-749
-538
725
769
-230
-1313
494
452
-647
-284
539
287
-1018
534
237
-251
-591
-194
-620
1004
-150
213
-242
723
637
-922
-242
1042
-669
947
302
285
-143
70
-393
1362
930
161
-58
419
604
-44
-1030
192
-242
-480
229
644
-788
436
488
-165
280
-286
-560
-457
133
72
-412
-53
-618
-483
189
-493
-15
538
-122
356
437
72
-689
-36
243
-713
-296
-906
661
-632
-377
271
410
-977
271
-12
-402
-258
281
342
331
258
4
436
-438
-196
53
-910
373
802
56
-46
-275
-643
-33
889
-555
679
-572
368
524
388
867
385
-373
-186
84
-374
-248
-157
-211
-84
670
-1
-18
308
-642
-24
1044
-872
-262
-504
183
768
-372
-87
-462
140
1265
3
429
275
-452
107
605
-7
444
-217
-157
-367
24
-505
-223
195
-192
-882
-67
271
55
-478
-217
-383
-153
-960
32
167
-777
-368
-508
309
-254
192
342
-3
-458
-279
-686
876
-476
143
433
-695
54
52
460
-168
-575
42
449
102
-405
343
146
-610
-413
249
-829
-247
-116
394
-163
67
799
-250
-232
446
-465
-428
211
23
-243
-212
515
-1066
764
909
90
-404
-663
170
-597
-479
97
302
273
-460
-887
-282
-49
-153
-236
46
-755
446
-118
-107
649
266
243
779
135
108
-573
548
-82
-779
-206
-482
206
486
-166
-318
-64
83
355
-356
-437
-850
416
507
261
-492
288
448
577
-319
-393
-531
312
-102
-223
-333
-435
-345
372
770
-202
-433
137
111
679
341
76
365
-152
-133
-528
263
-750
-426
-80
-236
619
-110
-1118
-19
-255
-293
1024
-968
-15
-183
-140
-68
-284
-230
367
-684
-247
132
-84
-294
-925
-40
384
293
284
403
58
-15
93
510
177
-188
-246
311
-517
-33
159
-103
398
7
118
-141
-924
-347
-137
-239
310
263
-124
48
94
473
-58
-356
-407
-308
134
264
161
-242
-365
-480
25
138
-264
-424
-524
-310
207
171
418
214
555
-86
-844
-134
87
924
-146
-295
44
670
158
-171
-815
-492
342
316
37
-956
19
-480
-81
27
-549
-13
-259
494
-197
-549
614
-145
101
-359
-461
-661
-55
159
-67
-31
254
115
-280
-407
-733
-51
302
17
2
-165
114
29
-380
361
-62
-75
-40
-296
-149
-418
43
-233
336
-535
-127
-155
13
188
-329
-100
-286
570
435
-798
-412
68
903
140
381
-427
38
51
140
330
165
-510
425
307
-165
-472
-445
233
-43
-57
-12
65
403
-241
328
471
257
87
-173
290
-585
-484
553
356
781
-46
79
-174
611
-38
27
-136
274
75
201
895
256
188
397
801
-540
-290
337
360
269
-509
51
0
-110
-645
199
28
632
626
-57
-205
-417
-137
206
494
476
-431
310
346
-374
48
236
106
502
-801
-502
-372
340
-302
-46
-84
-263
-408
434
-34
804
-206
-75
-328
622
-134
632
-118
-198
586
163
56
52
-225
471
-303
7
-251
328
1169
192
233
752
499
146
34
426
-54
360
367
413
-211
83
58
466
-590
270
418
618
-329
-207
-409
456
328
122
-28
694
-78
441
470
212
-635
1065
121
356
-28
545
693
-146
71
77
-1
-92
-277
413
-340
-283
-69
9
-127
-66
16
-99
-253
-218
3
-52
-152
571
-569
-564
113
417
-68
973
-469
-179
125
1034
-582
307
1
-130
224
-239
-128
3
-216
698
-163
92
61
-504
200
214
373
64
93
183
110
-323
161
1143
619
135
57
-294
360
387
-170
50
-435
420
-24
529
-357
-349
168
-26
-304
212
-274
162
378
-669
-146
492
-2
299
306
-512
264
238
-67
-78
269
-129
-21
38
-136
-205
-94
91
-179
-75
-234
645
-436
-66
-102
-155
-477
168
223
155
90
282
199
58
218
294
-185
251
-166
425
-219
476
-112
-157
39
-61
149
-240
33
-93
-42
236
108
160
202
155
-118
9
-268
67
8
157
527
-192
338
64
-768
88
146
74
-118
91
50
155
-404
16
-363
326
182
-268
204
116
94
592
20
-105
42
136
180
213
46
485
498
773
-54
68
-44
320
563
105
495
455
292
-311
473
56
-331
591
125
28
506
-85
140
27
-60
234
-90
608
-105
118
292
452
-100
-120
195
-569
-268
170
201
-54
-62
235
181
317
-164
236
-322
-126
118
-110
212
47
273
34
168
4
62
199
169
-264
128
28
8
-46
38
-44
-240
5
129
-42
-279
617
19
258
53
-158
-112
-49
104
290
101
119
286
102
293
168
32
194
221
51
133
52
219
117
391
64
-295
74
125
294
69
106
-80
193
-164
-217
92
319
8
237
14
-69
383
96
221
-294
-208
146
174
234
216
49
337
244
36
20
27
86
-121
213
-220
225
162
155
313
-23
261
187
393
22
-53
132
321
-193
169
-307
42
215
216
-8
51
135
187
-68
107
-165
-81
155
122
-29
292
35
73
-209
186
-148
-143
-89
-186
-197
-346
2
264
-29
142
-319
-239
188
426
102
178
76
159
-179
143
-363
78
216
120
-155
255
-90
240
-54
128
-61
-39
256
160
-31
-164
57
213
18
75
-184
-109
112
203
180
237
-2
34
-342
71
-175
74
254
202
-3
65
53
192
124
41
-373
23
-83
288
116
236
154
321
-185
198
-169
-93
-88
225
-5
273
-67
83
-87
214
-297
-159
160
132
38
186
109
91
-37
258
-151
-25
-9
232
-24
275
139
267
-46
132
-294
-22
-82
36
-32
235
91
244
-94
141
-375
0
-250
-113
-45
112
17
240
-61
70
-79
-64
257
240
39
228
25
173
-58
29
-362
-202
-68
-107
-151
42
-20
64
-18
131
-342
-138
-21
330
105
151
144
132
27
-20
-274
11
97
112
-99
66
-83
75
-168
39
-356
-54
-107
167
-29
-37
-97
55
-62
174
-252
-41
134
195
23
90
-141
87
-45
80
-272
-132
-105
107
-45
179
92
163
0
134
-321
-174
-11
152
30
206
19
55
-66
100
-291
-161
-283
-141
-294
156
-2
113
30
327
-108
200
-88
234
52
267
24
250
67
225
-121
-194
9
170
67
138
5
211
48
154
-279
-118
-2
85
-21
139
17
200
-15
106
-392
-73
-72
-42
-77
64
-3
102
-84
48
-273
-167
17
173
62
95
-12
117
32
148
-278
20
31
147
-37
150
3
194
-2
151
-169
