110.507741854645
41.9168960768099
34.096297582244
95.256012276238
-200.535251085036
-492.588768149253
26.7431702151927
-373.204547562083
-129.767345695154
-314.592834426159
-18.819291910941
250.139983739106
-17.5059170028388
-139.678277873758
-16.6996741162062
126.728272939697
-145.473741663577
-297.780417374749
172.65093892509
-224.923033066925
25.7412932191824
201.647842951326
-192.801296973302
-406.731007084964
16.5762717571134
9.4350750723064
-85.3375146810847
112.983507481391
41.9842616227849
34.0612154468219
-65.3444910215637
-118.491641604718
-264.501084223141
34.4375843413947
-9.91887829177594
-203.206797232492
92.5627090804251
131.714513274747
239.38561441633
-134.911658031834
-231.448097558186
75.461074923476
-75.6046507658397
-122.218581975806
26.6441116892835
76.9062520190505
-138.566685514609
-152.478279979972
48.1369122495076
135.211351660129
-425.870029500135
71.1432094143788
307.62008247014
-84.1672139650863
-146.303231159482
-16.4670233430973
-121.503876664638
22.8229989343681
-28.371760541264
-158.909988116233
-237.849200293148
377.574659281693
280.027551090109
-56.3785902508922
-129.627643772718
97.2907593471048
-178.479295795082
-150.099194633991
339.195512772466
1.52647654369343
-95.918639201495
146.975315325002
146.643451764911
-102.906282108062
11.5352256789106
-95.4685370482872
128.094504092953
-12.7251391201641
100.029430452943
12.9300076800774
-80.8233982866972
175.467360029311
-66.6743867017306
72.9576571184359
282.649466830724
61.3742639914612
191.866601273501
-84.0905179827368
-102.838725339047
-192.327172518406
-311.738689404943
-37.0664219236665
-24.4287732804644
228.928994548085
115.807858284981
-47.7979237419357
-160.547071221104
-268.646119975646
-298.63094253789
-250.952190585312
-102.054516471245
-189.568568198288
-207.768789430534
-159.349061805725
-162.744093359227
-91.8725082645178
5.55071862626056
-310.57796050795
-31.9771731125708
-216.271469615004
23.2450627217392
-242.720682080548
-89.3806402800495
-94.0921321984748
-205.132855462189
-106.308219901095
18.922376497698
-8.70858156914565
52.0221044792477
-227.693609368852
-401.626831347193
188.909478367154
-272.215221369864
249.538544296685
-174.478306113415
-90.0045801118321
-40.8149365705016
-3.9883246285644
-198.436282943726
-324.815473275008
-129.377888053547
-201.598806143291
8.38627427929168
-291.857042406264
149.370386487081
115.674655139264
351.34152418807
207.779925638589
187.628931625128
64.34310013328
-210.462953726024
-38.5777329946755
-124.517899517007
335.433846784755
106.849958601279
239.973885510292
152.601221337711
116.009291996342
2.55676504285404
-66.3538941478915
-9.8275853857256
-59.7229982155593
28.1133703936686
160.938802001712
-74.3462967931276
-17.3726632701667
-13.148679603817
152.209210452715
-185.267050801635
-320.425443896536
-327.159811931433
-117.293268832721
85.0995670726578
253.642751999656
14.0189843997622
-290.921297675096
62.9187566050091
222.88752466476
-244.553380176717
5.11653240557115
-216.470135427052
-329.440557963184
-120.600519145971
-134.897806037528
-92.0843432072347
25.4361103475382
10.266409908619
-137.324007783003
-37.9388137762989
-160.644743170466
20.5586774770967
118.597289209104
24.560772657804
-88.98174290107
61.5524248732754
99.5932121981121
-0.522176548457551
336.334677349799
-76.9825204504211
-203.934702352605
-207.927699499877
98.8398733346645
-61.1697399704634
122.136212648672
-37.9464945446828
-93.8946497953565
-41.5025035991219
-260.864440881426
20.7465700542632
-76.7333712670041
-93.3920136860897
-17.1004812502005
62.3330536521405
358.438192416025
-92.8470532943828
-55.6879673347973
18.7799434845044
13.0355958114661
169.301178137463
-262.22658260119
47.9010581322382
545.357917446319
-191.359441315135
461.731568865728
-240.361333228875
221.633431038119
-49.2065741765737
64.9879342180393
8.26300524703905
-257.686255738519
-247.839663557065
204.430960984415
-165.959946682898
104.781906803913
13.2642373681189
14.4062802482844
100.387757312669
123.871653974923
207.732407890807
-283.559803464196
-210.951346012697
49.7116281891287
-203.743198167117
-228.649474070372
3.48150987293645
188.26817687646
201.019066387204
72.3655884434475
-0.447682916770901
28.7654813261475
-432.955986969934
-185.147890854453
-452.132285367453
88.0004098824429
-40.8191668225159
-151.370881318269
21.5913490470874
-68.0285436105299
-40.1250616798382
134.829087634784
-160.745875646845
-210.565751584748
-163.24632645731
305.4493560595
-182.799545593398
452.684572277796
-50.087454040451
502.764608745585
-12.8872661807102
-21.1382145398831
32.3293573883569
133.308247359856
-11.9476430935193
245.450121310367
27.7054872331208
162.852483088052
-41.1257856604317
-145.494599749938
47.6521769669918
284.439153075515
-183.813015514971
309.81466933365
9.97320287161969
166.105771525875
-348.018752248206
143.038583102539
-54.7070157537023
278.432061184671
-73.8550993153514
-116.743237071741
-230.400144485205
51.9795831221973
75.5564231690403
265.72836464823
95.1015249177239
51.7350032075326
-94.672060247983
51.2761841849917
-408.740187530976
-84.805559067383
-218.999310494628
-30.2743683412925
188.181272656207
-19.0774052110595
-332.922899291737
38.5955284385342
-302.423190924196
-355.199040001305
124.136689891503
-361.906317366022
-394.891689770104
296.278593092864
95.6250576206483
232.888990407376
-47.8700911886033
-7.33677689030544
-116.984986213003
173.498996474123
-39.9800341852911
144.14781501117
-47.2512553683945
293.978775246796
-186.441427314523
382.063487436589
253.103874510077
-39.6636732457352
100.767946061054
750.275403526562
55.2446278383462
-261.95040179215
274.459942161225
183.531733107635
2.65411506476249
169.391678785097
-101.853393019059
-175.040470181081
176.234306742026
152.804184475097
-9.9494475672337
13.3734616298738
98.2316117369261
16.8260972549657
170.115055042202
-61.5595046564684
-97.792263257595
198.942786411095
189.85420959015
316.166443151103
-60.2827945205138
-62.1130619691438
-324.359438179263
-225.101191769224
151.825733249744
333.288633593917
294.10532654406
127.582774695041
124.640753983297
90.5654099824001
-187.586038670106
226.413181491088
-273.931768580499
-35.9967924104221
-136.332374660006
185.806873685073
-109.431236380224
144.272157171003
19.4020033804482
87.9528345603697
-187.173927450244
-32.2629989056471
273.994508715191
409.181681227237
201.371307777392
310.035200260506
-306.348684452532
175.4769119458
-26.9168888252633
367.255748748645
82.628108990329
-86.9029851215917
-63.8017280131933
297.274078358519
-177.536178262727
225.510067819966
177.000910494364
228.361888216547
-61.8077586378765
77.487401944521
-362.778929417593
305.79877352231
-63.1867398101945
247.704619594649
-113.732683702899
55.7151811821942
5.20278078384596
336.268073708919
93.1050223245553
189.735262275132
58.591666008278
-138.722722382475
44.6572376767354
-140.006313140602
-291.187570994241
202.83698718012
36.126085934516
79.5533402465483
-395.784517286178
-8.53493020781313
-153.616879623731
-244.854693644586
-42.0152271255034
-153.693993762721
-170.810014966774
-283.138102972933
85.2108799632454
-5.51756672281526
-146.76012021832
324.790978502074
119.309906483479
-396.260263288583
-162.178664239739
-15.2456541707689
-175.840369012661
-60.6887764640364
-10.2429697773288
11.7883611634096
-147.261422271719
330.489229031094
-175.425454332234
-121.646377116669
-80.6577866667069
-115.938847925189
-301.687944085956
-22.3511644268037
-192.684181588
113.033848902585
478.126914078274
37.2485770109856
191.765374856768
-133.153913939359
-424.588052444253
192.278632164477
-295.411081905274
-279.487168955699
165.084082885588
237.135039851563
-176.782537649703
155.843079992873
58.6239804633832
15.6339038125814
7.88860837385268
-91.493292864565
-1.74012283007045
356.546656636625
482.284539027466
-31.4596233753202
128.808012012726
170.262889936775
49.3830142271978
-159.993672548866
-255.9552347908
106.14740592835
-138.342074329796
385.082128192611
224.409479245231
-89.7428965577491
148.548589132366
-122.037119594373
205.862896854406
-415.879965474956
-164.283074545094
55.829592726455
4.35073900664269
-9.96476145914444
-199.292387967788
150.798030460682
70.2764670249633
-37.8261221446525
56.5770588130372
-251.143434714156
155.572456821263
-499.169922564069
-59.0328296900241
231.621848730757
227.998825284038
-85.8844930937598
-142.970857046974
-213.676929440799
84.1509191742661
1.31024530207856
-357.150435781296
141.447131546841
38.9221560535438
362.450004434859
-129.727311444148
173.212799815641
-182.945663885278
165.23113494594
-64.5944901303032
-129.843426017546
16.571398750102
246.579016330194
-72.8781079878761
-62.1406417398806
186.140106227257
382.245784168107
-3.41723604919605
32.971812588544
-90.7118114589374
-251.759869932045
-104.657657048279
467.574035755002
-203.631593744214
-206.762602978699
247.277131063781
41.3848471667016
-31.9202665365947
272.955272371645
197.589758408612
-76.2006079351657
78.0108987312603
88.3637826965897
80.803217221305
26.6650463560171
-241.411925141941
-87.7899355029871
112.97412848774
19.5502192340998
-254.837145183817
84.4093165527197
-200.434902226772
151.837047256175
-66.8936884942585
-30.9549581210018
-231.353227247803
506.878240418837
62.4523202358087
-392.578747641149
-106.852477190418
-290.68190972601
-234.577169868781
-75.62485183313
118.277619904287
-153.578325267473
207.292407878709
324.028343688977
-444.598377036794
198.586035397982
-332.431478998453
-41.5823988285946
-256.30340434895
-117.8970776555
-103.780908982441
214.529664066522
-64.4391534870744
-138.650407988155
-204.814609756328
18.6431879183782
-78.4795379009623
13.0864379746865
28.940899317296
-281.166228686028
-260.817772631204
440.080139081063
-184.389784741219
-139.222568753576
19.9742309503
9.75334677966989
-407.164054088919
-238.536786674445
-3.48131381660323
203.703327180716
-577.02042138695
-130.894883391537
152.027213884174
-73.0989554979093
-58.675616720324
-233.487840818249
-473.292654644454
-316.484568013477
-332.268811868478
-302.599398871313
-618.850906568459
83.277067907113
174.793580660223
-189.708590422354
429.717393936889
264.271214004524
-319.365497761431
-438.982864465445
-260.992693608729
215.728478495267
-242.171512047019
232.570059456332
-114.228897390532
-257.810370677307
277.7056676375
402.73873710911
-181.851567291136
171.913664654095
-279.501724946014
-454.563456977658
66.6780635747666
55.8277057939069
-66.3747248293655
-40.5333339290071
393.737617626018
208.642990047941
-369.55324069951
127.378426907562
-246.38409069466
278.206720675717
-84.6744263120644
214.220733516579
-21.4777406515148
281.352672400123
-85.5903793165965
158.403851429358
158.897594213039
51.173463867779
-184.817636722584
176.926828503779
26.5497239800044
-7.29228176698626
-317.546465470493
175.398262414073
40.6168604547479
415.046210720827
160.601174055604
-235.895856852391
-412.250756898315
130.64216780496
101.539991965284
131.710823468208
196.904062920467
-106.896485288947
-294.739872931196
138.978874909786
279.639990102821
47.5166385679076
4.90253292513076
-43.0943601875177
-244.302262816279
29.4549566322584
146.220352448481
314.261359867831
-146.929149170454
366.517348099879
186.359757763207
177.664124868464
-376.446254299559
-142.878856966683
181.069502640954
263.385278370728
19.134057546297
-151.814677684323
132.435362443736
389.727305207971
-65.2727297163077
-38.1291743482242
-242.327619691294
-61.7583396429212
516.273320580875
402.479281238263
-131.149859679085
-28.4026557869855
31.5754355823713
-19.3340869844364
-296.150494928009
-131.361970644804
-302.753523462448
16.9129093440955
-82.2797341091526
230.410496340018
273.229755428408
578.952952242814
461.783188105818
103.455434182715
-219.701288526885
259.329813170292
65.7503511105108
128.484441123629
35.38488271309
357.122904536791
-24.2836463253212
-296.941332066931
-104.026409678024
29.1254038437316
33.17090149258
256.312496365643
-26.162623867824
-2.14642110725647
118.30873829161
275.67283641586
64.0946669619191
315.540197316211
55.2863695930752
-29.4769555002769
71.7543103386287
-218.720522012027
-244.036486620335
-30.7539732729439
-324.330324046308
234.65254430719
-27.472109096523
260.055187442969
-152.278440383732
44.8535721384559
-171.873779882732
267.69497857464
-365.607702277432
381.580935672074
-146.709552646251
-15.9307351528659
159.46898978626
14.4940155123002
-135.047904257738
-100.18271085841
295.626171864351
-157.449343665485
-130.445886964549
207.691006039922
115.368583079843
-74.6257148495226
4.14028379537137
159.907962674247
-52.7203590569736
127.355274430424
-21.2781497664643
-211.563673610631
-572.728950906083
323.430458345637
-364.003678675518
443.279238815507
21.6202570058958
165.699410229704
360.992345621615
47.5509932276723
94.0721650989181
-199.137726581857
153.738760131137
408.698249678254
-469.78193587365
196.301712481905
12.4699757064348
67.3605040925924
10.6114600285369
280.635210585842
42.7466889354884
249.936749644949
332.965787446888
355.108847588592
22.0728102419003
537.254339539913
-724.359807855598
109.524459368265
101.460554243258
534.609320518823
9.01407194889741
-278.430773485949
-274.228559365111
-209.256472966074
-214.785748817975
-57.4653305403861
516.668624198403
531.274230519978
97.4925745356149
313.048813158671
103.32910703427
72.6666069586493
-188.362952165918
-60.2944258581549
-55.4992365702971
381.212897114435
456.134497637124
43.4592058220959
-189.890770014715
-268.740824422127
260.581381911718
-43.1052300455525
423.770779476687
150.715577583393
268.813776390976
-315.128720973991
18.4358510325736
129.339080556312
-405.4826325611
254.586468756149
231.302518224459
530.067081612697
-274.892760707075
-139.874059339973
-249.645507031614
549.02723254111
326.218445099227
-222.369254060645
123.625923058493
312.790259009244
-315.074111382586
-368.17223649122
209.964678409378
5.55563342050698
-162.070218796133
-308.860320344326
-388.548387406188
-108.114013223585
40.0182765950654
883.11726163949
-264.465365727749
79.5615161849004
28.3065059584344
-386.833558139442
169.380516885485
-116.665059620452
339.206362661753
-259.722920593039
33.9007118073379
514.438032329985
-177.241886937026
-276.889633347042
54.9634764509419
324.25857817473
166.458840836303
-273.772742073456
-253.921956751527
284.946056235332
-46.7663870479123
132.622943636277
-69.3884003504331
-719.057366751195
-1016.37894919534
165.238336835906
264.89886671671
89.820880502729
112.856380405119
434.565937961619
-589.561367288647
299.585802495148
571.032482101312
-526.924400907818
-1243.58642176425
539.595794554818
-450.404978605317
-874.400951837626
-413.41076267097
156.933606851665
748.709868741367
172.445370862901
-639.377393093059
-639.825614589336
-141.858730738722
190.498302159112
249.456108484805
930.187005301717
-267.200521975516
135.10639524308
-82.384652443697
458.021238073422
429.467353741563
435.874937419354
23.5400971738286
268.567079988519
-904.533724182041
60.1404125797872
876.115847225876
621.323639659541
-15.1145435875625
1059.65544274912
226.216543616874
-318.152707810005
40.0022804955664
1078.10124146414
181.580036989337
-412.590836591938
-703.004953045744
828.64352150053
226.620599952211
115.182889038112
-245.510752637783
-15.8540448258361
-724.201141733069
247.254526941996
-174.237923841087
438.347017099727
38.4095841008163
156.597474749286
488.788336892424
-156.16073206505
-749.861121183444
-250.378801206281
95.6980693284886
574.637342061517
345.292828597972
-180.52720123269
431.032986042351
-747.063369047814
219.493607356012
86.8980333622424
857.65766202807
96.1676485117992
138.130696927424
203.596455000959
279.507463871546
-71.3728029066166
-123.069446084108
91.8640136688598
437.818475992111
651.399571755235
-222.856985068465
-395.390327436883
299.619584961364
36.6890711658511
34.0614673947699
-16.5879841424165
-164.488166554056
1127.92076527748
458.39448882696
169.339833303716
367.275552001791
67.8448789932084
-272.835706956717
211.699980400546
-559.359900335774
942.635766014391
934.98370573212
-306.77720437306
-25.0810010334959
142.680550180368
-267.035463178614
-59.4094901522932
-905.611212631464
-488.539298081644
27.6618949595148
931.061721198075
69.1026865563429
-412.517799599704
505.510181772175
-12.0070265360226
148.499095111382
-31.717560342095
-312.637434322728
656.884600006581
-534.439722081967
471.171595875731
-177.940873399319
-370.58389969241
-1202.53839906872
212.104958787024
454.496749798224
254.972611765678
229.798459415291
-286.687025611897
918.684617307142
683.568803318787
865.247741052018
49.3109266587333
47.6944075302234
-714.078073310774
-157.701164384165
49.0290300286524
174.357885265509
295.618486540215
-148.86028678616
740.036050888503
592.315971681106
308.339176405582
560.850122377103
-180.278545236144
-163.14964215264
-109.962483999619
159.436890404598
-325.908070469309
405.408669864333
593.293236822908
398.280259213947
968.671672631606
194.370673464197
445.490012358917
149.768466940306
124.823108156398
-450.685122907691
-37.8888307026414
-519.8008702891
533.209653601478
-1081.3141975629
1459.56531244706
781.617709704765
21.8674070855395
-647.332057242447
-91.0228245937647
288.906813673995
439.175847776506
195.020432045344
-135.1375000068
-1013.06826852131
938.853204522528
-3.59157919487819
996.410178086006
392.502961576946
-39.2249651639325
-1085.08227003727
637.295852718323
-167.368985549311
-1118.57425174199
794.785249853268
499.740437665644
3.58796531686008
-110.54039633224
1720.11399531306
-436.333501177884
-137.399825604735
1272.83244752064
-493.64013447133
677.939091197038
-141.401473143035
-1179.48367975343
422.12581922721
-1680.13432335102
31.0400992225744
-633.899204899215
1029.59722497663
631.851225491117
1006.8710015906
759.847599866358
913.48724924869
119.05167609155
460.884728644205
305.005453622219
229.090481429754
-227.867699232033
-823.624001162951
-331.374696331041
825.902037067433
-932.500255759888
1379.97896061744
-369.344009098971
437.722393734428
699.626863733256
104.254173966032
-27.042523321688
220.749460284053
443.726184390731
218.670456873832
-239.288537580429
-1393.29020056765
231.728029452552
-250.332686674123
-1471.88429080803
981.329409508904
-324.377530438388
-503.691768182739
137.892451516534
-629.255042087351
1093.5307991133
455.858414515686
-97.4115875126731
157.998816162032
81.9424862524922
-343.803782759867
-1790.98334545636
-1156.54151269945
1211.0743328982
607.011415921283
-1057.55406498521
281.68812416866
-527.209190455182
-554.399273127771
194.741835733131
-709.110239521068
-797.765588167562
960.572131271117
-1407.72782990759
1433.48263289963
-581.126376098964
532.23836861393
-7.60061621631918
724.404562719617
577.695339267289
112.308798461819
-425.237605363168
-1118.10776683681
424.451741337754
-935.311110565447
942.136554065657
-307.135662774253
-9.27140985211116
526.989419851534
-313.702619971336
-188.297743313596
-186.219906058866
-614.036537361096
-1315.16136312196
-56.1643163892434
277.311219859165
-220.422154118959
1836.39448538458
1360.8092236741
362.790795307414
2498.49718487357
-729.710077826926
-291.937636240646
536.731362154296
-1448.41670701822
-1334.68059965799
1192.13923311077
-127.451227903189
820.532504368172
358.838925203536
860.579695021936
-252.580265962918
-291.702305483417
-577.576305188559
200.319184526441
835.924856484526
-1827.44762870879
434.268953967915
116.618087799526
121.296737702192
-825.61898477154
1350.08307366796
1150.24286222146
319.56370006738
147.681953366044
-277.254752815382
-763.23471572539
734.28863130214
256.837964005321
708.216584095061
-350.064370973625
48.9219215953495
928.671917006917
-1297.46791250485
361.50794265735
507.68151923056
-395.372643542585
783.841531630247
345.403952308501
785.296646120947
43.3447750731918
630.043156025569
1252.61731937686
514.415550104416
-464.717331221243
365.713976401164
599.153164876143
1261.55745839676
2238.24417735045
1402.66611477609
491.006960189564
-546.326769126425
2482.36961549599
606.659741154465
-338.292986276566
1421.90382195393
-641.021660744996
78.0904867626051
-592.436372457554
560.284387490271
-286.536057792873
-2597.5904589389
1132.93010269066
34.7963779675319
-491.352917745205
84.3785304988378
765.689549268433
485.325741288906
1171.31002578631
973.114747357691
252.408732941711
-658.818049518247
871.063576915633
-1116.25297735458
-63.5977387567288
380.380463492323
1009.64544017069
-204.266484406843
-1088.64940697337
-628.074071865097
-506.049543724055
191.90844294029
-603.488179783282
234.293212477072
-716.459010270113
-368.742309413817
-1677.86911639595
825.468623738459
612.15955231427
-214.8036262205
830.528320827593
298.086908285794
984.901844042828
-381.421643743468
3.87126106294458
906.021634164463
641.596589451196
-1274.48633869518
7.26319458287756
218.569968922233
-1243.87725213705
-2.48766958220156
-189.118909599798
553.97612343578
244.266398140086
524.889136307247
-855.379713907962
637.420704361926
-677.249849737243
1095.89262723401
463.145326795826
245.359225084137
54.33083509106
-1080.1140156492
-941.927157185256
-2492.46902946852
1840.78821757519
-228.176848710461
41.3186677434578
-855.565960964909
-350.32162255907
-672.312702137164
400.648612227337
-1239.49209208364
173.423290612671
-28.8927908728045
-242.547942594492
-328.326471160678
-1533.25274739753
1918.98315738228
3401.78379838875
2140.91232007032
-735.874124885224
141.700380119814
-773.003426844909
-534.798336331767
-1883.91362385989
319.396216837284
492.893222993183
1141.71985419099
-262.939111918718
-2078.7740192676
277.74461024481
-438.646077487953
-1788.9141543865
-681.049132070198
1177.79557952032
124.345782762657
629.686851888811
-2229.68873384826
34.5810919956575
337.602161102146
338.396493419636
-126.451932827449
504.73509216012
-503.4405547362
-281.310990496273
1496.21037415432
1637.94077317809
-469.456133796539
-994.550731026714
137.609072676136
539.817532770253
652.027475593663
-1023.60031129557
2000.36028617874
805.662699320275
2215.53455231035
1484.65970222657
-1041.59553512399
-234.543324318669
-809.541773319957
1921.25423733222
-18.1563964223064
-988.194313895185
-26.3701742469759
855.238657975279
2139.4301077696
2397.60616319107
126.897591265262
1933.24733936616
-412.048377215615
-1040.07268764302
-935.804175889953
871.184125120759
-158.625618459732
-550.549444274642
304.782134721487
-17.7305359848565
-970.447337272741
-1091.49523684871
-567.738030295379
-889.546562988682
-433.433788662522
540.035077715426
-827.884429031838
-2455.28241742409
178.444283966479
173.579746207126
857.88006971149
148.723386704301
2.97948131146762
475.752682223156
1190.90785446454
394.794586919508
620.194378070351
-2260.60178649125
1703.84939184287
524.457244445417
328.649440957946
-1317.57341434402
65.2480959378977
-585.803155276524
182.160345599174
-175.800846588884
2101.04654075135
-273.732306227748
-997.384119589919
177.556510325497
-1607.14662710866
1722.28046994341
-329.4328903315
123.317834777312
-447.7498181261
774.994818574477
-476.46654403048
118.992240621506
-2336.43667146729
-2221.97419807833
135.474365378133
2055.13093519447
1980.48181633108
636.537789859515
682.87135515583
1502.69084219053
-175.833148852643
75.101931406556
-2164.05340533785
635.693325325248
-599.950962015985
101.439302074239
206.77234248385
231.857818293497
-1557.54406525405
466.384335221593
-242.799663660995
-455.993611737791
425.605898585688
2026.32440326565
1641.19930455934
1030.02218083322
-2678.10271775263
287.320535825544
-3031.0027223568
-1427.58874944184
8.74971687569493
215.958584966308
123.145938476558
528.865023658074
1760.43842358567
567.233770364764
1412.59221599473
623.633096265381
-189.345529524867
1325.90045634462
-708.373426157151
-717.306145906357
346.657650826176
-384.054381544878
-1076.03279991995
949.722802415271
409.352585238426
-1824.88544005735
2492.25324110517
-1134.98607989743
1110.65540672502
208.775063350042
343.773193949441
157.187098763185
-1162.51800439068
-696.798047055853
-1369.90343188213
-499.664791801891
1278.70607713618
611.720570597726
-309.357664225373
-274.364374408771
582.529804279785
1368.03736407133
-93.3538796290299
-1153.49393855907
-823.661476869554
-120.456278439025
-339.045296104883
1330.56579226353
233.061923335548
473.753873382754
1865.67277336103
721.872796907903
-609.227735464421
-251.816530570254
-286.369103736772
-1025.67932101553
1395.5025470908
-422.071220187465
673.21325415933
602.400867917342
-379.008143657776
-489.998666437198
143.121975313242
1313.97360502168
1165.56272628692
-767.118970286571
-210.323371831294
-349.502575113011
235.99712419207
-483.848020678905
2127.90327678381
662.981190340033
-4.59480465932175
-845.335745942232
-1958.39799031788
-1753.4556592399
1765.50868037961
-1273.1976272676
-1310.44526820354
854.462711441152
-81.5381649094411
118.902166365853
-258.20770179102
-135.390137734162
-118.505097253642
1280.4049154195
781.448749332733
-342.620669286816
-370.658780978775
-254.505350490559
-430.107948769686
-306.12568257928
-843.203170208615
550.481717276321
-63.2252675922726
-1391.80135149445
888.540297789214
-147.608331770759
-30.3972303145233
389.52078070908
979.036364797761
-1515.07880619161
452.50327195607
-720.095281308501
-199.678094689938
-392.789700194463
-397.642791923268
424.710758679311
-255.453437873145
-384.021978596712
390.392641035054
-1202.89054126428
-146.895406137858
371.459323754649
-2881.76819997037
-269.744464576749
-272.453181973222
-225.393561243089
-831.036363571105
-1135.94631846873
443.531503845457
-359.372050381199
536.371904965197
1555.25738784214
-515.795582029119
-142.711904214189
-371.655998460229
202.066675845293
-1186.77732868233
-1148.23618314871
-311.010229608146
-952.120221426079
-614.019902354475
-641.399464194556
-156.719163799629
579.907113515158
-602.764489776456
-1237.40370286747
1175.75443549885
-765.657880657617
26.5473928546571
-317.78479603638
881.719662256272
1155.35496995022
-965.055302060159
-1411.26879397482
28.1251669310098
380.308968221406
-1131.42433289473
-1248.44776125371
1455.8198996258
617.833605352219
-74.9237800207111
-808.63482617558
-1545.45166962184
-1505.89856026294
-827.223427740335
704.817195285204
-106.164397799033
-591.474708053364
-836.615226149579
-1491.79954078434
1201.28186585083
-258.818678006066
698.998775934243
-521.431529079473
-306.594408858311
-438.863544797482
-810.072223581995
-196.349422336501
291.767311012915
653.310495271839
23.7486588477848
713.41325202417
-1388.69450997761
-1260.7650508771
-345.263233872459
-107.200249767163
528.167046332329
-354.286534680535
700.377310992624
-692.813134633079
224.789340809288
-140.172069841324
-751.57477843779
844.918145425562
140.707010081104
39.2732765341132
459.248692552272
108.062963758436
183.307739698447
513.230983829813
38.9842854190186
316.538047807716
-1585.10565466075
-672.703547815276
-842.270723579468
505.315048799239
711.185036914916
-412.867916220297
-1179.26208854667
311.018832252324
636.531551459846
102.411251707688
-1049.01303480998
466.573672146316
105.192387093421
-229.23829770594
-802.338651749532
7.74390116669065
-508.098268986151
187.99369724284
-2636.52474717216
-1200.76668568402
123.550074060211
481.427361336612
-902.548668125102
956.352139396309
-687.378000143696
117.708931640047
293.750397681864
-392.350144547021
-136.209443929045
-89.4122934591649
-258.81408568323
-154.234555846939
742.720840818279
188.102366086229
-547.980682784979
-832.839927797442
-68.3203113179962
525.264469482429
-960.043395860683
63.7705339338287
-392.096553739412
-21.4468285747196
-308.846528647994
-44.2203195698569
294.461220692941
249.009196535663
372.333751032289
214.004398486507
-532.283216849925
-532.204774648568
386.026031729086
-208.308368360862
-295.028432779509
556.185318983141
-804.714976390966
-564.430514227286
-109.440676300129
-131.76004385666
-219.175833837925
-123.885374915946
-581.722919106374
-279.873480649293
-140.438881963262
-180.898662920754
-416.239749496696
631.971391261934
-1639.87366909956
661.826252127546
-281.069904689553
56.946204151957
18.4341331454468
