73.4829438636004
123.282447705878
25.6605911284351
43.4174411212687
79.5600853686988
140.44102373504
75.600218246659
58.0443166240749
130.425257998267
8.84844968372927
141.096001038559
-91.7419372597771
-8.98967463989222
-42.0816278671038
59.841621977259
10.1102759459709
14.7945543360453
-52.3059679807048
128.439629019447
27.4027002638952
78.1503768604057
-16.7772723975272
-134.88091153098
-95.1420176879129
79.8645631134607
-42.246924402029
-119.743954292857
80.5832766467612
-194.625528359752
-47.1294513766881
-174.518476137236
-37.5110157890224
-162.621668156731
20.76485522897
17.4530144234611
-66.7383457286538
16.8711818209979
-13.6610233317742
-6.18084896409809
-30.3709174116555
22.1218674629075
-3.56357403657568
-64.4048623605249
-69.3360124997779
16.221823971131
41.298427427755
67.8225386323936
-0.492136006203006
12.237978104164
-2.84146974401144
44.6577286126928
24.0824507239268
52.1940793037212
-75.7452634815946
128.149695256188
46.3369429991416
34.7005836026005
16.4136400292856
62.9074702018894
-26.4074796456233
-33.5402833237244
4.84667287499625
-116.020040343139
15.1171907046041
2.92020042386537
15.0516305743314
56.233143785064
-23.1022439175408
12.3687461714994
-31.3893783080297
5.68024422496538
10.3891382493795
21.9543647055403
-45.8583196937689
49.4459497746641
-74.5655499082825
76.3695800327879
64.0210580397741
136.325474811629
90.5100385006977
55.4635082201797
61.0055555962798
51.5584788824392
15.6515776897578
-1.92659157391191
107.980792869558
121.156150728505
79.3089134452939
103.293787450281
-1.42712933966852
140.97325149431
15.4328404379618
-1.68329092326564
-85.8919730123099
64.0917470891538
32.2466251404343
130.553248572154
-49.3160737279709
1.32413941760042
-30.0945281564198
56.1771704926606
-14.5534952097476
-110.597459431707
-42.5125674591569
112.972493896132
46.9837442572269
81.452709746817
57.9562909821369
150.865182398931
10.4406863813893
69.9130300953755
-32.5306659775938
-36.002763538769
6.64765805032223
33.1945629320119
-22.9971798591565
21.1745883346714
39.1690813008633
44.1735263506342
17.3301126321156
46.511852344765
16.9566575524884
12.9645242221489
-10.238153574144
2.25025008805873
71.5504584173257
13.2258092270359
32.9686371832047
13.4471995251431
-100.40151361444
30.0312676385653
-4.99309358971394
-5.34647447172697
23.6679471256534
122.033049846989
-40.5963674848799
90.9066411312785
-43.7535328301036
7.25167950655933
42.0239428670889
-15.1560858073841
-22.8174375068982
-18.7680372151316
-48.8603435667814
160.817491230198
52.9898890637981
92.7429477673417
-33.8035825276596
101.916764236142
-19.0464117712551
48.1503778487468
-46.0046989717956
-15.4425164368381
-19.9778954143971
124.322733942742
-64.2415762174126
99.4386209637724
-7.32721189900774
138.300041092423
-80.1611427742028
86.4245616148866
48.2944453827964
-19.7537934494576
-34.7186740201421
-3.93916679428736
46.9208453363894
28.016196074481
21.751205467335
-0.0895881404164838
-29.7860504439366
-97.4785466318141
10.5015788938993
-161.694617989243
-98.3399617090601
3.17612839211866
-149.59988731881
19.7561371354562
-50.1449241790741
94.0198722502908
20.8841376853249
57.2001782165652
-30.7394497974775
50.1302032960811
-113.469197889082
59.4622755214653
-29.995634447513
-158.244764926627
-0.607095458460577
-72.7493465988751
-33.3111917102327
-69.1699416310767
-68.5034118758143
-119.335422356455
54.8821386420387
-179.260147696393
63.2849307873601
-45.6426212136056
50.0435604185453
-186.216542258536
57.4940662454091
-127.529756005469
33.7428430497824
52.5842393477477
-74.1147427980923
116.898517483054
-0.369407794503916
38.3128968953594
-0.488857280421097
119.356184757369
-48.2364034259625
16.8871707907238
82.3146880352272
37.6064020298666
-3.59426216420226
104.235502977345
22.1858289103376
199.336007972262
-80.6336988196812
163.011436941492
-19.9480373232021
55.6176515313955
9.54359747613524
-55.2904678913349
-86.259417649572
42.1262489376982
-26.826485576932
-167.590467701068
10.7294128326717
-46.7500021611778
37.8384763645284
-182.787896123992
-64.1241359811755
-127.640008673634
-31.6612167289546
36.0613869634293
-18.0033216101288
66.5797277520268
-93.2913681411553
42.3861392708018
-29.8926542061544
25.7623744964579
-94.0061250280378
12.0298074506287
-22.0613138306045
152.261638164143
14.4083867435866
-105.680813234045
48.3163862528206
-124.40295663967
45.6644539509517
-76.495158705268
21.3694034755717
-169.987284613358
73.0534420192816
60.6425590138366
74.1408952881206
-108.563556627602
-4.0744035078825
-112.437744331404
-25.687137015768
-78.1187782461166
-12.4669795636715
7.81306066927404
-67.1739928588479
116.80804179489
-70.6264317358631
85.8876195597482
-66.0054102745562
5.23813138058533
-73.0523546534324
59.6891341046204
61.7522982115938
-82.868223784916
-60.896250336768
-43.2710212819633
-33.3965745294452
122.535779076333
-47.445638949847
126.791297575082
8.36576835333163
68.2242709356543
-50.7532864586632
-11.032678124176
-59.7516904828293
26.1809401429593
-13.7610588826828
-123.849861402746
86.179815008509
-98.3542739965768
-13.9393836350227
-80.0789265557443
-1.23368900370086
-203.803314395074
-5.25194558486615
-154.006872161076
33.730007706607
141.695140986406
28.1980168794681
57.151409124596
-72.7753252758755
138.000948579473
-5.49093699745603
-13.6705747349137
0.198792558064333
76.8616844446939
-49.7724090932783
32.6288730843371
-34.5567526755763
42.5591350474143
77.3777286871808
97.4340836920318
-117.49593285102
14.5660808254837
-91.8421435722134
22.9743778663612
-43.9934576497718
-103.384631486209
-1.15241742223688
-76.7590751967465
46.1667162036112
-130.629862899937
43.1476695561392
68.0244210008104
87.6400251696353
96.8407164287292
23.2616252491986
105.594203964223
-41.2430627646342
13.5037353445596
-61.1375703519561
74.5031927548252
10.395448084231
-22.2011738109082
-41.4285147794205
42.9515449391724
60.1853195235736
83.5127968099749
-56.1202489154627
64.5633418201892
-21.6884769451394
66.2678625650033
40.1922509052889
-10.1920219436006
-5.04801714971247
149.796983195827
24.2164190690359
-195.044969001231
45.9436303152954
-132.967074634562
-19.8972802746751
-44.9085555855824
-27.4143333085577
-225.985834583384
22.5358916907461
-0.487360568375578
46.0349788703977
-118.871353075277
-74.1232385892152
-66.083579754053
-31.0210088833807
-162.061343530052
-28.629983708221
-172.751963376389
-73.1062041653507
150.629582977455
34.0688793938538
20.7063847680026
58.0227434565404
78.9785611314499
9.59731893692218
58.6088472590355
5.27680558794525
-8.59849054620578
1.67364066871078
-54.9281913357478
-142.694104479827
-200.061947218215
36.73258221815
-127.358629087684
-171.399024666917
-157.749518468481
75.8149908918968
-212.404998966496
-8.54529056792644
6.29704777577272
-56.8639566238358
70.9935297619434
-70.2457039918786
103.888206516202
76.0616898947368
-5.95713600796951
71.8046881587724
4.11906737336892
88.5243683285369
158.643558701977
-14.1950676017522
-49.7402633253556
6.73260742154878
-126.224970234504
26.5064599786399
-142.402301474201
41.0150478595814
-239.539520117951
133.571041933654
112.943339171991
25.9692109191989
210.082607562935
-65.9539325399421
0.821515001681064
-7.28943495159597
32.6766483404098
-27.1062516297977
13.1557460149946
-128.772702612915
115.655390076658
77.6988631806536
-28.5631520762491
-40.7707669463519
-20.1476339546671
-102.458502406213
-73.3072507562513
-49.0414953753619
-269.916821920979
56.1310751283591
126.880906848484
-57.798302284658
55.5956310720824
-14.8550094610986
42.7625027566496
52.1832715567899
124.870661725625
-57.4802426548448
-60.7290634687287
73.3687421080938
28.4916282692279
28.6711433397849
-146.332488871046
-27.4518716578613
-113.852540681514
-18.1292518762113
-116.54556526605
-31.072888385766
-185.422385350244
-27.4413357889533
151.842841871749
-15.8510138821068
57.3125831732189
-51.4098158401653
25.9476507888865
69.5335138144969
65.0396851066933
-12.7696864078286
-71.5275284590947
47.7104642877359
17.1769259824747
31.1953008539787
-17.6306041905713
22.1744061425693
-227.72628785187
-40.4199237159698
-85.6183690177367
50.3994252535014
-45.7054203928939
36.6558229550719
130.296139807459
-91.9618944189576
101.292878917949
26.1463508969339
-51.5463104893384
45.4496210570595
-91.4256725411559
-44.6629331760783
-48.7201068725734
-0.441591851928713
-8.54057008301475
-109.837825393211
-152.055386881266
-30.1881566056894
9.55060564266439
-71.0065736963311
27.219282409079
117.963733635597
-124.578468580823
14.6755479386963
43.6562361709211
-13.5467442053265
-75.4973224752465
-8.6885610406444
-86.195628461202
17.6883769783732
-180.978074988113
8.45883660239658
-231.710134650752
108.089593034933
123.873792759961
89.462921835115
12.472860949073
-67.1832745917161
-90.3731106569952
-44.6196347784769
103.108394709763
38.1014824698733
-102.095300376216
-89.5376660040207
57.8537115764762
-36.6709156090095
-18.779690190548
11.191700105131
55.3665032891318
-18.6432606092332
41.8374289534613
-82.374454201044
-29.115401110437
-4.05464279072259
40.1669570828637
-12.5419308255784
25.8948722340487
32.9842907047359
58.2755619221939
43.5230106534338
117.035265993819
14.4123679583988
-16.2986673471623
8.00670205120152
121.246441638175
-16.8531980771719
-16.0942744175564
-22.6963905834662
-91.1426387774802
-27.314588224984
-187.943056386415
44.6844299663177
-177.080521109453
-54.9163214172215
-68.8381690059074
16.5140170738098
22.7840087720876
-66.7346958585742
41.3242809304945
-23.3780322768888
-48.9425880400469
-44.9131927466031
-121.5293577216
-81.1262167643448
3.28211043563341
-80.3274642779801
12.3670641941023
-52.9446396081884
28.8422355329537
29.4730503145099
-102.557330187638
6.95187951121316
-100.877307322193
-181.381925750092
-45.6728568421887
57.3965609162239
-12.6587055508633
-56.3184299949427
26.2665894728938
-70.0272548232942
129.669517150469
-73.5005949671285
-29.5644060720402
-93.3972395272891
32.4170076350646
-16.6952027763881
65.9307657484925
-16.0337061741285
74.1119587006329
-4.82647613145444
19.2059434966427
14.7312102577035
-46.2819282418404
-95.3899409426063
57.2701737148835
-138.074104032036
7.13362483775612
-11.720660239565
31.5968902650352
-55.4022854579517
3.53331061763735
-64.7342970020117
-79.7355280699072
21.0726315260691
-111.21823052555
67.223593409059
-103.414095805841
-97.4441930013756
139.16626471118
9.00048282891891
33.7486846239781
27.0855241653507
-28.8926803381266
31.649618315194
3.59593562520036
6.47501928747977
25.1219777691535
8.71463904755521
117.334351056742
-3.58713645279659
73.7055457332205
-60.3578992807894
-35.3526700514578
-57.7324274639769
-38.5872728866858
56.5374708825664
10.6145660056483
-21.3473448130908
39.9590040253219
-70.3011746276765
51.932417066286
-44.7055885098335
-75.5876379444273
55.7849154850391
-72.2949595351534
65.2953781881871
93.8767510918828
-34.9690944994351
-35.3883272591676
-7.37525496886176
3.38037886359642
91.5500182010783
-145.278916836796
-6.27832298839746
65.5440158767725
18.3978090488629
42.4286768976818
-1.10195217605149
40.7805669876467
26.3076050840399
96.4819754540337
-70.9565619306588
3.86331219537232
-49.4895597194304
100.514124758517
-44.0625497422559
-43.7985819878013
-44.2363005490147
-73.1573353840393
45.653138932223
-67.2599022904131
-5.8457361178946
-113.165592518317
-6.76439920081109
31.5789285356718
12.9205990629219
82.226017904869
-84.3313006945872
15.8773886731139
-70.7530437800073
34.1939098225063
-58.1201770981794
-78.9375560528151
-26.8955183909813
-16.4728943372584
69.8041869230384
-40.0778589173169
-29.3937813248286
64.9475327388493
31.3300640739628
-27.9059964378908
1.37237321593266
-79.0945648767767
-50.7190030957147
6.14713427235176
-48.220120106095
-6.4824548847613
100.057048938322
61.7421234530238
-43.7383595706991
-1.93118146310872
36.2956718318709
-140.406620804799
-61.567038693944
-32.6405777199198
-49.7697563115547
-75.1589986823929
-15.5769892964854
60.4595066076737
15.9758625991894
-30.5240497399142
26.5321040271391
-14.6200761014323
-21.9783870962428
-68.1046594230594
27.5078963904999
33.3617806719651
46.2783570086771
39.4851811569987
-18.942282440675
-29.2798335032965
12.5536050563486
-45.194551900559
-40.7985389111159
22.5288270506859
-43.8772071839008
83.276557026814
-38.7298340121391
34.8537267315506
-13.9728555047898
21.6079048912136
-67.2133801453639
-102.504001203364
-104.778231965689
49.1756950046258
64.4305878338071
-14.9907823748205
-60.3445501978805
69.84031664595
-38.9483486395163
-54.6113717745511
-57.9062751583538
-66.2285406626647
16.5837125815493
49.8006942547184
-18.3438297973172
-46.2763155728857
-47.0619111614946
80.8111417925424
23.8058059068437
2.31069957783537
-19.6363976560348
-44.5053837145294
50.8943688201423
103.83636018837
-79.4641166646685
14.8667134104703
30.4796690640928
10.2954013319755
-58.2782763245808
114.223977487637
3.70677386955792
-21.8232333322472
-30.9102351394605
-10.6162494178678
-55.3700986641901
73.606195965752
-104.05416738472
81.8842922141371
-75.1931769411899
-36.5800363565492
92.8375718574005
94.6002895503877
21.5471021481673
55.7500910462228
-69.8354842768813
-12.9320436400443
19.0626357108469
-3.70380200061082
17.6691421303248
-26.8380763858746
-86.9560724442884
102.366831407523
-20.8485409826872
7.10187358114932
68.9959336847819
29.9116872001214
-13.3036754145109
-21.7785731543827
21.5085183066487
-203.543655600679
65.1284287420739
40.6518580751527
-13.2456666489383
67.6265064299662
-57.0071932710079
122.195848846814
-97.7808152942292
51.2042736953673
-72.2690361828361
62.8852388133969
-18.9502160934308
23.285785717927
-31.9219015218677
5.09314210842133
117.994055450005
78.7206677230525
-15.5423312644577
25.9722566603187
110.013635286998
-42.5342754148839
-51.9571988897818
-28.1729143685059
-16.8983250302021
124.331453689014
-101.693659115876
20.1413235171213
23.916185000722
-7.61840634486474
11.2848674574323
-8.00103105319302
-5.50445040857555
34.722523675198
18.2162927750089
69.8616812775748
98.6950973626705
1.02899923545957
-59.6801295775989
97.7695092098745
-42.8297241540657
-253.166082497163
-80.5581218173541
111.939420224356
11.6736406609827
157.86063380082
-110.661277689527
206.761814900332
39.1802936151113
90.3701352237826
-29.6537970079884
64.60525698931
174.776520448973
56.7790338391681
65.6599649651109
101.294084311006
64.0744957728188
88.1671053182902
-38.5438244234128
105.958594124185
-6.0552422916559
-39.5384352627231
-80.1412404602776
28.0601336523657
-82.9998555469386
69.401942970537
-28.9810025483698
-58.6189841339848
-39.1528784204861
-15.4727554572957
-42.6045354673981
-63.307229279546
-35.6306196441071
103.888355061396
20.8802037101591
-12.2950009185948
32.0533504268702
-7.89775656452088
-53.3020146557982
42.488037513744
-22.6833570524225
-91.4633879882046
-43.545518752473
159.91993384331
0.1703730234258
54.6107914953023
-4.61159897648967
-37.3325972969284
109.19650249527
-33.4404438361869
89.7614873699898
-90.4463453314746
26.56764859693
89.3242175000089
5.31079060807355
-27.0549601911019
106.726048750584
-49.6147390079868
-90.4456893806711
78.9102780954228
-80.5079522711465
-40.674166745918
-18.8726775169922
59.588920158031
-21.632351142936
8.73066941628214
-39.4881020570962
-57.6984445748014
36.5677889471522
-114.06968556598
100.865874597759
-150.699715581655
20.1076733285449
-50.1384853555508
-179.573850720493
-34.2741951213815
47.8240305558565
5.5495583544948
-51.5844994601148
28.3865448942722
35.9825014506147
-84.7320471223826
3.46864940821325
-24.1178373128825
-49.9328913413439
82.1944666591292
-89.320385947898
54.1778446016332
-82.5350576520837
56.5951290750158
45.9139314224688
-65.5537227920746
-45.2589589760477
86.3416371285176
-24.5827071362892
-35.021099184598
58.2530174487222
2.46764908405318
-14.2249497682916
42.5055799461961
-89.0436035446526
41.4860153997126
57.9089687076534
-4.38350019441285
155.455661641056
29.170438358641
-75.0703967315195
41.4513223229168
-80.4234202401978
94.6341898066598
67.340591638101
-158.857582840653
167.349368250867
149.142249798303
-30.2204535011057
35.4820037577734
34.2268609830278
-44.5771349601178
-6.05959563030693
-84.6978728155908
-7.53813213569182
31.5571122897219
34.6896416637556
43.9549133730981
-3.21866003817625
53.2220092879046
-0.347324836735833
8.67873385172629
26.3421623458648
-55.8712228983967
-126.254175788036
-35.3298352201797
79.617278152022
126.382050908162
-38.7596808104963
76.6454515354527
25.0783078255454
-9.80103405670718
-28.869377427693
21.4420136579598
-169.698200589985
-93.2445103721629
141.194907143408
95.213765275594
12.893834693168
2.46389737674927
-108.345271527414
52.4602802801949
-38.1739593711374
-13.4379081785904
32.4837110163141
-148.370773129825
18.4481048203009
35.4361458922051
-30.2668043454524
-54.9297680371698
4.5989467064276
-55.5109017044234
-20.863315386246
-95.4435148074833
-57.1411034622589
-86.3489156913174
-61.0034447400043
63.1408203346876
40.1597743889695
-37.9896512838388
-43.6016321948421
-9.00941213553655
-56.3768506322757
4.22531236063428
29.6112048015488
-64.8507448949934
-6.01773467093651
26.0514949080837
-5.74055376500947
-96.3366120956564
28.2915722070149
39.5588478774405
-15.7268536388064
10.8585359490264
-41.0101101804518
-23.4912494302694
49.336670341248
113.956899287067
47.8476182412911
49.2299694747976
85.5869175437071
7.44267783846628
26.6266876593731
101.414971354275
-22.906209224425
-64.1217792953075
-34.0368819458952
25.582346784417
90.5468167761701
-0.660110628677302
151.878806906315
-12.3673363068593
59.4547383945029
45.8783195868341
-10.7307705978639
9.07075774067075
45.6968956041023
8.16632116097004
37.5015518446771
19.6012084031791
24.7507440549197
-47.5620154051729
-1.03113710420871
-38.4828144946775
-115.417529497983
-69.4799416583899
-20.2884032748569
41.2834982039497
72.4056775444325
10.6510483888633
108.583310327582
-61.9283396670146
9.16334193740559
93.0913130010507
-55.5718983616797
6.35575764992929
48.3836233625828
-7.17328458348001
14.7408012057853
4.64833445347147
55.6187228169083
-39.7762703597769
-17.3421068731538
-39.5414527820058
-56.4956935063579
7.64383873156229
-5.2805338444887
-45.3941827885132
-10.0237121031906
12.6349814540699
-15.9901977583466
18.0882588195527
18.1647105586112
-16.6209403432608
-81.8826121478251
41.0446142487877
38.7834960517739
-93.6359096097162
8.44434053803836
-78.2748046481929
-1.33147471264916
-53.1624574101606
14.2738058321603
-55.4892999857031
-66.824432018524
-25.9415829049038
-10.4566295910184
-27.2265782084333
-38.8013558924232
-22.1281252203711
52.012079925539
49.2193622089019
37.2711095488692
-2.54064609623762
-165.055744037823
116.708443903418
6.59654575072821
35.518128132206
46.786819777759
-36.0963524063348
-33.1582474781314
14.1350557324689
-9.46315176030562
-1.5035193653826
-153.856578359365
-22.6833748467254
-39.8523146854777
-130.884727699823
-52.1612299055308
42.8163079029363
-56.169387888979
68.3207836798393
83.0770991890845
2.04396054257429
-70.3388817513986
54.3469154835889
-1.33358686424053
44.3703970852903
21.6599431138967
-1.77375647803161
82.8196876989123
24.8528296096069
46.0902344261864
-4.81679570674778
-44.8570801910944
60.9375198320419
-69.6893853276649
-35.7900978031555
11.2689714571247
78.4172200388008
-43.8048844179982
-62.4667053995957
24.8648292223326
-53.2316995935828
-47.7417271390948
58.2637356079789
31.7921097431273
61.4122134428933
-53.5994137330924
-13.8884560119758
-13.3481318780449
98.7154090970331
-56.4914676114561
-13.4669980375952
-109.548553863834
-88.2519184260584
28.8820283093736
-9.13588038462941
2.62096778933176
-36.4156023857128
10.4689932331919
-98.9556960328297
-16.5103706370037
-4.86737012756234
-96.1471959543924
27.6161528956955
-37.385052042457
-42.6164836328546
-2.19428361861623
-24.7027905053961
67.0179624979192
-33.8163522760076
-27.6355678845701
-93.296194140224
-74.3108955441434
61.9542386197283
40.1919779834114
21.0382899004221
28.1567744674922
-72.2885132272153
71.2604736468629
-2.7229231101052
-32.0567990354721
-0.123827728754968
-152.890039369795
-16.5872458717456
26.9059681513825
57.021652916113
-6.63069465444321
65.391959739048
45.7522385271347
-83.1700617723432
21.3421662688099
25.2934221027103
-114.42543397841
90.4268493623162
92.1346502080216
-17.0204365243549
4.51322870490755
17.9634575628602
-25.7588096398933
18.5691562709371
-23.1958600840995
42.480612108111
-101.433020288063
-23.914306888081
4.72877734584355
-92.1671021863006
-2.7548999196892
47.1356897126957
9.15969260200199
-40.5759742863111
26.3858009757671
-21.0702665207133
-20.6757452384934
21.5385708000874
-2.21031921981541
-31.1445598624595
-9.97098300215575
58.5829187784997
-22.3820552655331
12.0017302703069
2.73865092948918
33.5091969710737
-23.551807794267
-67.977161744768
-147.459407565007
10.131876966643
4.20309024760835
-47.8339258948965
23.4923207963235
-64.804780550122
13.8552361266779
-18.1202124249286
-39.9891116887186
-21.4655187426212
-8.09136172415049
-4.54735754191846
40.9602862705588
-44.0224488369021
-85.3145201115808
-12.6444754510075
-82.2702780687966
-68.3861585483757
-105.86099731559
-108.191493727504
24.0711839473099
-26.2756603504006
-45.1068031983384
62.6808287956766
-75.0244220435442
-6.23447766734146
130.942058442223
-84.9546856279438
-84.4984558259362
-43.4245678277137
21.2148088721888
15.5166375855411
-8.53851470994904
-90.7566756637169
106.151293515164
21.9812272957618
-68.9508655879196
-8.90722963221049
-49.4298965035123
-101.23864207659
-41.7151035081689
-42.1741206097873
-22.8833589105443
-57.2327240137914
-74.1175451227929
42.8121524350704
-56.2857445311388
-8.68614432884775
-120.544307566107
88.3008946410575
-35.8436137533997
-31.4321456970935
40.7071791150147
59.0068528274321
3.96388827496045
-60.8090900843701
14.2385992410683
83.9463245287264
-68.144684159027
-61.9476750663997
89.5896483666022
-55.1422320752343
88.5846198346731
-46.5197308281299
58.10837614763
38.9199894061465
-39.0935439322335
36.5283748075261
-93.2497868616365
120.831332965982
87.5294375477691
25.7583138363383
-42.1007593531994
-53.6522359532625
-8.10023143071889
-42.0485980495592
45.3470480765447
25.5242039751347
-83.5390856646789
-164.748469459251
-23.5955239219826
-64.6694268594016
-20.1982684936673
59.2419131701886
-4.13332757581443
-18.0010243764746
36.3252235296764
9.63634105934165
-91.3214933082687
-16.6424733922082
-71.614073256001
-84.2390809945333
-111.619863023294
16.3346343947827
95.1862652889497
-38.5894489967312
54.3366588875997
-17.411438732226
-152.318605346911
-69.0221947260978
-60.0788606865351
-61.3289900719726
-72.7325523388571
2.11048952283736
96.752526156317
24.6817794377054
9.78682060770453
97.3624488856028
12.6685913647726
78.605312931056
19.3829154805357
40.6157814730161
5.93875854451533
16.4056620514105
25.151771481246
27.4720521227071
19.4107236968797
5.63399802762619
-74.0890857412369
-20.2047490006373
-25.4801870027723
20.5703643341252
16.8669513592679
31.4087342251739
-52.9048862096106
-111.960800876035
-40.0921723485205
-35.5837608023107
-74.6925657612625
110.474515280306
8.33004027055339
-19.8406044048403
-80.85048991617
82.6739389498969
8.90426245883399
-3.79789763008389
69.5527661709602
48.8668778361258
-99.8077323871339
-25.9238472355302
-72.2292664913282
-65.7741394321487
19.9079889469931
-92.2450225420732
11.2677706671419
-18.9286605971015
-86.889973286738
-66.8582066260071
-47.0319546179017
-32.613736173019
49.5484251912879
-125.810336681475
15.7482300722097
34.8379593693537
7.56273915251646
37.8813373458645
67.7265098732508
3.187857014817
30.8409172092824
-61.1861825729817
9.72056544834412
31.7897432412432
71.7942923458545
-20.7999720247228
35.3620461034104
86.8121191771184
-13.7021631267384
-16.778611189521
-98.7843151651682
-44.8031434541028
46.9007592857877
-23.0346241287832
-37.4222610105637
48.8716831458316
17.3288413292746
-83.2308871834552
-11.338632922618
-5.60240166437627
-92.099021327144
-42.2106524739502
29.5350245470843
-23.0782771668049
49.0054440275256
11.8625780318334
-46.4438884643501
4.49789770133275
18.5603016034745
-40.2603854669377
-41.3267612261482
-116.870111729216
-122.767793590079
-83.8321101689629
-103.137354952448
11.4861965357857
30.5795730621637
68.1614972731978
61.3759695204456
-18.1481510854056
-35.8509323950758
-8.11598480695924
-111.247599203327
-19.3926229284187
-31.2212481057255
16.6243229224949
37.4342996382188
67.2750858955932
3.77341628608163
62.5551236566144
-77.0132669780889
-168.648791789463
94.6775162314183
-33.9635552417795
10.222133769224
-11.620639594467
38.4640648011118
0.733520312419541
53.1474780954162
11.1957169213819
-47.5565678947676
-46.7386568406471
88.5453939735054
-24.5173553246474
-18.348146318808
23.1812307558646
-5.48876442626404
56.6556537860611
-35.5404984468021
18.5284797198463
-61.262611094258
1.06128372621338
17.5488091622662
-86.6132251457571
-38.5547153595599
-43.7059943602422
63.7085654570529
1.81234766194406
81.2052260734135
-155.983904316951
-78.7917570386791
-125.132933046952
36.0578510789403
-55.7734568289571
-60.7637616594829
74.5372752614031
-57.158057359064
-10.6768150354794
63.8608051062369
-124.182553176004
-167.713729193513
-62.7088312425861
19.7120745236641
-32.5170833870849
-86.737006688977
69.6743495508114
113.393184000029
-7.1308113593882
67.6392982979754
52.7179887722271
-71.1854043381494
-82.8845799726862
9.94402592404633
50.3665958283482
-0.133560055314625
45.8566582246163
38.9320832500752
-87.1945571533882
50.8575864535004
-12.2529391603863
-20.1846145819661
-14.3215465923286
28.7580648127522
2.40273161027069
-23.6264276834655
27.34157867461
0.238158293594843
-35.0406258735535
-24.0938283734939
71.8960030856606
-153.442203358277
-10.2673809230606
53.5638457795077
-41.418828989767
-13.2635287761198
-39.8362222392849
0.387360502799986
-172.747323155162
47.2743152911474
8.01751096324899
-90.8409617660559
-183.217254566708
-66.1151228993981
-0.592887327998676
-117.518501116423
-50.4244997184203
27.641805301554
87.8646198711659
-0.142599370235912
-55.8556267742104
-102.315685114482
54.5564941244595
-28.6612138183282
18.9028642872499
112.16281529074
44.2123310188181
103.36133518548
-8.06066221108611
155.112951762255
-4.79297806991715
-129.418084143242
8.79384387033044
-19.6101521815997
15.8898854619314
44.950082724705
45.5553162357192
33.9947293062668
-9.41824524425276
77.9460167048491
89.2703226508825
-75.1585269585729
21.2120184899313
72.5729431133654
13.0972023965417
81.9392994320775
20.3158659738405
87.9565976257761
35.7449039808899
12.3874326837358
42.056397407982
-75.1923071504246
91.2474394704354
122.760630102679
-22.2111442605645
12.6376860944762
41.10346077585
116.335961955383
79.484984941834
49.2824156284408
18.6916615760757
-31.5094936877038
-182.385619259411
40.1555541925648
-66.8393362494439
140.992988344736
-8.50977590110144
-47.7315779375098
39.1961486562339
-22.2593625870854
109.255020874446
-116.061635306391
75.032138476508
-88.9505635579679
41.1897444605585
-14.1004919608379
-15.4404455577496
39.5122885935359
-167.959521061121
42.5913227489155
-3.93014913059852
-65.4885066505274
-33.4335173329467
-37.8075388689911
-107.819811186758
-21.4632582787024
-119.681493675828
34.3769896441276
-10.2686839806093
-21.0115425233297
-72.0090176114835
-214.307471085819
73.9034230182339
3.47929775178162
-20.9736100120893
-51.406763019573
-6.60370125408647
-95.6531274924114
1.33860061108693
11.0751997087217
-2.79553279658919
-136.360281008746
-115.609917503185
-221.035973009621
-32.2539484610532
-63.9016536806197
-12.5244207667658
0.0775641937967535
-121.589541694021
-99.0383384702459
-159.1646409014
-50.9585633082923
-83.9292511255509
-92.1963914152639
-151.766294364073
-147.078586468614
-24.6088318596784
-90.3327236839717
38.129595662573
-19.0938970792719
-17.917748721739
-143.123420713853
-76.3766758348453
-79.8345958277927
153.41863103801
85.2189760324479
-4.81949956233959
166.224197830852
67.5100163360087
170.813481160636
78.0436750041421
-49.7707554600469
60.1745492269734
82.4130611893823
100.090374260765
-0.0133459203815391
55.8753820328615
-18.5695578365968
-29.3056501053854
67.367382347506
67.7103146912819
-112.259090045466
