-362
-432
-61
270
-395
49
97
-994
129
-143
-648
153
-205
-722
-507
-431
-386
593
-122
61
283
-120
169
461
-654
350
132
-480
-420
240
-279
639
-423
302
-464
-309
-139
-157
-370
407
-507
510
-637
-65
-404
170
-738
96
-544
323
-256
-44
-456
-439
-665
-110
-976
-473
-775
-158
-232
-349
-46
-263
-973
-32
-196
-544
-441
259
-200
-23
4
-663
-183
-248
-222
138
-41
-226
41
-474
-579
277
-429
317
221
-88
-3
359
-393
233
256
64
74
297
-304
-56
-397
-115
496
316
175
-430
219
-40
8
-516
-591
-105
84
-169
38
-751
180
388
317
-167
94
-348
-95
-279
117
-156
611
-481
161
-868
117
500
169
271
378
-439
-442
-187
-131
380
-427
135
155
-104
469
196
-395
-388
38
-359
63
171
130
-150
383
220
179
-296
-58
176
-429
407
188
-640
195
138
-131
-692
-125
-218
-356
455
387
-814
466
-14
-182
-471
40
-1026
86
823
-505
587
-311
-73
-1048
-152
-349
227
-714
-184
-200
-799
-678
-230
-494
-106
-589
-114
-825
-227
-515
-213
-519
-816
-529
-227
-144
-412
-348
-45
-181
-407
-846
-116
-343
-386
-200
-228
67
-241
182
-503
554
-143
-385
121
-268
-804
-344
-16
-281
-39
158
-537
-786
-596
271
-475
-361
120
-462
-14
-423
-186
-86
52
-621
196
246
127
-378
-471
-247
102
-224
-358
-390
266
-176
389
-163
-674
-128
-577
-124
-94
206
-618
91
-565
-134
-576
294
-295
192
-251
365
-485
343
-150
-15
-11
-58
186
137
-136
-352
62
-160
-446
-281
373
136
-102
-26
-37
-303
-716
-275
585
29
-86
78
-256
146
108
253
-518
-104
-396
27
-31
-148
-641
267
-164
467
100
-116
88
-373
-16
533
450
-25
215
450
-522
-270
257
-83
52
272
279
121
-40
194
129
-264
32
12
-32
-218
64
214
-188
147
-228
-708
214
-239
-93
-68
-486
50
256
99
-432
-229
113
-390
53
235
53
438
294
183
-242
-264
153
-93
-192
168
31
245
703
27
-617
-512
200
112
256
156
-249
9
-466
214
-271
-226
-92
108
188
-96
-165
-31
-120
-119
-539
-24
0
35
-146
-234
-123
-299
-363
-70
176
-292
-410
-349
-269
-122
-640
-47
-8
-149
-36
-84
-469
259
-1
-111
194
94
248
99
-1040
-172
142
409
120
68
-228
134
-152
192
-13
282
456
-307
148
14
457
-540
93
222
-726
-291
29
234
184
-151
256
144
495
-699
-635
-782
13
67
-364
-165
-205
-217
-598
12
-205
-378
307
-305
-376
-142
499
82
71
-337
-913
-347
-212
-715
362
-168
-55
-71
288
-60
78
-317
-267
26
-295
620
193
-581
-471
529
-1199
92
414
-642
-641
-299
418
88
-213
-123
55
-788
-135
-644
-212
-1117
731
-710
168
-370
-69
-1554
450
-775
313
-154
423
265
-704
-489
-222
-393
186
-1007
152
-661
16
142
466
401
371
-159
-368
-349
-50
331
-260
405
432
-858
-108
-493
69
-122
-102
90
817
355
-41
-963
406
-206
519
4
414
-1064
343
822
-20
652
-312
-1056
-62
609
-370
494
1119
373
620
-223
-847
-143
-314
-349
-197
-823
463
916
-732
-53
-821
-734
-313
143
-509
-178
705
98
-711
-920
538
-288
820
440
-536
1105
-553
-796
-32
-245
292
307
-1518
-4
357
408
-103
-675
-71
-338
-499
-312
-390
-5
-219
1493
165
-502
-108
854
379
-925
-735
59
196
4
810
-1196
72
-299
-112
-1520
866
290
-591
547
-171
853
-273
-650
-600
-551
-1000
17
-777
-159
435
66
-747
919
-149
386
-592
1701
-141
587
493
297
-6
-89
473
-957
-143
204
-534
114
-319
1006
548
110
-1242
87
365
-449
-327
-297
-306
890
155
368
-522
-442
155
95
-1325
597
795
-368
995
987
-520
-357
273
489
205
111
-1420
388
-103
-515
-63
-164
-663
389
-50
-1042
-608
32
395
84
-58
-1183
-335
-1060
-371
425
-145
819
-74
-58
195
715
29
-286
34
-72
-345
360
252
72
130
-1423
253
18
118
-687
-596
-985
800
19
6
-598
-520
802
94
-290
-128
276
-222
-477
-926
-876
536
490
-901
164
911
797
-350
-510
-477
-1415
677
-196
-333
-450
683
-614
-469
-615
736
-612
242
541
108
96
-732
-359
457
574
-1353
-23
-490
292
73
-446
-407
-164
133
-199
-1174
-1094
84
419
-850
-122
157
194
546
-637
-785
-171
-743
-98
-1216
-245
-1196
909
-85
288
-388
692
957
539
331
151
-740
-640
586
-503
-632
165
48
270
363
-549
-71
598
586
62
-916
305
60
270
140
434
-656
-200
708
-451
-1182
502
-780
176
-1180
1192
363
-710
328
-244
666
-930
638
534
-581
-61
1049
92
-282
-1207
-484
-716
-249
-323
-342
329
-739
-331
-200
51
-21
26
-964
520
-986
591
-166
263
-925
1646
-1136
295
333
532
-686
-199
-707
394
-344
-212
-350
829
616
685
774
862
-1161
-310
378
520
-992
-889
275
-980
-297
-334
-640
267
-528
256
-640
-646
-757
-654
164
164
641
373
-215
758
-1319
459
-706
212
-725
795
-400
182
205
-303
-22
-446
1347
294
-623
724
-315
-407
-373
-648
-1165
-622
27
-1140
349
-927
-296
74
145
-1256
94
712
209
249
-826
-213
-338
1221
733
-264
1657
-1316
-768
739
-498
-461
-43
407
1331
-417
-631
257
-397
899
806
636
-76
-67
394
-336
-553
-251
-272
-312
-1228
-944
-20
-327
-251
-499
-788
646
-476
-467
-457
89
-1544
129
-367
781
-828
426
-493
-595
-1218
925
-1178
-52
-726
618
-292
123
553
-95
335
-103
-71
715
473
64
-895
-10
-549
52
1270
-70
-500
-178
838
209
-320
-554
141
366
-713
-47
769
1510
-399
256
-247
-84
29
279
217
122
-912
358
-2
320
-783
-116
-68
-500
849
-364
-513
92
-1049
156
-246
-735
189
-192
1087
716
14
-380
480
-297
100
-467
236
-56
268
-296
1076
-217
528
-1397
26
210
109
651
-472
-777
756
-346
-315
79
-650
-208
-4
297
525
881
73
137
469
-815
724
-412
472
-234
-135
-1181
636
-709
199
78
593
252
-828
252
51
407
-813
520
463
-43
-849
-528
359
44
108
1220
-306
176
-742
657
-792
-1361
30
-482
888
-304
-109
98
24
-136
-670
-865
266
33
-271
377
728
226
-175
-59
-504
-808
177
160
-67
492
-462
166
-112
-932
-337
-430
-280
610
-477
605
-804
648
-423
-114
-904
78
-499
-153
403
-409
316
-611
853
447
209
12
316
-642
331
76
-70
-68
415
-1149
60
-782
60
-106
-516
-355
141
-306
-416
-185
-676
-231
444
-286
100
-603
346
-457
653
-1362
292
56
-469
682
-276
-26
-80
-667
511
-495
331
-678
-31
-240
741
319
718
246
-663
233
-82
-530
406
1
359
-557
-669
246
-561
-238
-361
-747
81
-86
-516
-225
510
-86
-229
1185
-1131
-486
-40
-378
-62
68
596
-422
-144
-343
208
-943
723
-890
198
221
-110
445
133
326
-258
226
301
491
926
267
-548
74
222
-521
-278
-1337
98
6
92
35
-906
140
382
-513
-822
320
-591
-156
-669
-602
-43
290
-822
389
-1136
-335
4
104
393
-489
-16
14
-657
648
-5
-552
-424
442
-764
286
-392
-306
-264
173
416
-1040
906
-603
1008
200
472
-318
1797
346
-144
-728
158
588
-35
-439
-267
64
621
-419
-178
161
-688
842
78
16
-104
-40
-169
-732
42
-138
-480
-111
216
-599
369
-90
315
-27
-28
-406
468
256
556
-351
268
-295
379
-3
184
-561
193
61
-124
368
-124
-382
386
258
-668
-39
0
-158
145
-332
-332
962
116
184
-107
-564
734
936
-1412
560
-306
81
-781
148
-619
-201
-479
-84
-4
-446
-190
93
460
-337
256
-489
-362
802
541
-280
501
132
156
68
-627
60
-226
-185
508
210
-600
217
-381
1443
-562
-79
100
-504
148
-477
757
-219
657
-517
524
-682
551
-374
660
-714
748
-26
116
-98
-106
-127
-613
746
-192
102
534
-735
781
134
-588
475
-1054
211
-87
335
-1
393
561
-300
51
-233
140
105
-496
373
441
601
-172
-152
466
73
-563
310
492
279
-56
780
-253
354
-371
92
152
-87.5009174788945
-87.1131979312957
-116.996516691289
-126.467950863722
-215.015427191727
-63.2785471776637
-164.26014665111
-147.80816380549
-127.719737153846
-208.410891443103
-217.572126782463
-101.850065243994
-183.809341943936
-153.2495623146
-182.897176225033
-180.639799444067
-144.960576446237
-186.246869285844
-45.6922564437673
-175.334611030595
-17.5929365544558
-251.077605478675
-78.8604210675799
-125.34330955803
-165.171114855875
-130.893715338966
-214.083126526497
-181.584962640865
-95.9952319103405
-143.130768520869
-106.985586059608
-146.485210584858
-237.258040941487
-0.630551076513125
-49.6668063475735
-67.7405163221892
-93.6200303565863
-153.723145009661
-209.684097705647
-100.159617597572
-197.012208063215
-200.208137049776
-167.523075870073
-151.578107233147
-170.992459052422
-56.6432928346982
-183.270359347854
-176.140101346112
-234.133468653523
-84.8075663513067
-199.815178773062
-270.938809972903
-149.991769252837
-180.042016110418
37.9363790252781
-117.21960909868
-121.111105021684
-129.84515405639
-155.725406742282
-71.0164911308961
-147.301225132555
-156.732429042789
-182.492214938086
-183.915590853586
-119.963773178236
-175.370351858056
-196.140759743245
-216.740992246773
-142.636466697674
-173.317651353116
-117.05706572417
-142.887940250434
-209.731272782064
-121.036153441799
-150.045724847182
-67.4064294125544
-188.403569207987
-196.037054166509
-208.772704908214
-104.513886068231
-98.6502447207254
-111.141264383252
-156.143416114971
-222.562709330366
-100.107943065057
-154.102694042135
-143.749743559109
-170.343878562613
-201.842207938127
-293.763555664383
-183.305901419075
-153.091394835069
-144.358864433752
-180.298152191757
-119.78794791183
-116.645154893228
-106.865490133592
-104.174019480666
-26.6390656506179
26
