-872
-315
175
563
-23
-320
751
-447
-205
168
388
-541
284
-98
353
529
352
-1005
-11
485
795
459
897
842
819
44
300
-178
604
-446
118
-932
499
711
331
564
477
604
169
-603
-589
336
-55
451
390
528
81
-988
-454
-233
-254
499
38
-608
-259
-134
-341
-814
-223
-1239
-64
1026
620
292
-286
-613
361
-918
665
550
579
363
-1114
-88
328
218
57
-30
-296
-447
-1565
233
93
-294
773
-1322
-700
-351
-808
-19
-172
-982
-249
-108
-870
-87
-1295
815
-417
-231
455
-594
345
64
-234
69
410
-1557
-535
-313
771
-805
686
-917
71
746
643
611
507
331
-214
485
402
-965
-253
187
-683
141
-21
-1420
201
-408
155
283
-246
-44
-512
-214
-7
-9
538
-196
247
249
-9
-335
446
-957
7
450
68
45
476
646
251
-421
534
-17
4
-185
106
41
846
-487
205
-689
472
122
421
0
-241
-360
408
-695
-852
-175
-662
-916
-730
572
447
-866
358
20
296
1204
-212
-571
2
928
-251
1236
-677
735
-675
-80
-465
-1239
115
676
133
196
796
0
84
499
-1025
-798
-296
-292
-144
103
-730
-63
-407
-1128
697
144
-844
63
-747
201
353
-842
-28
279
627
79
-317
-189
-329
108
693
263
825
220
-37
246
792
176
128
480
-65
1026
80
-869
282
-1178
-46
585
15
-90
-59
569
-104
-197
50
-969
-77
98
-217
52
550
540
-438
-198
-452
-570
-527
98
-31
317
1002
-228
232
-546
410
-964
326
-106
-184
180
142
339
259
-220
-212
330
-88
120
290
1
148
220
645
286
-244
-246
712
28
74
-425
308
-148
-44
-460
344
-47
-663
613
-282
-499
-639
-327
574
161
-54
-486
284
-160
68
326
446
184
315
56
179
586
-311
-113
80
-439
262
-628
526
-216
-431
-331
148
1281
257
-157
750
237
-180
583
-255
106
-269
340
-34
214
584
-60
-203
583
-278
-476
-211
298
399
153
-454
320
490
76
-110
-2
305
-86
161
-310
-24
529
131
302
282
37
179
254
153
337
470
-255
122
-386
-164
-292
383
-825
-433
421
618
94
416
-15
222
301
10
-101
-149
-729
-31
475
403
525
241
-319
-419
-87
-162
112
138
88
126
361
23
-55
-410
-406
304
8
407
475
243
228
201
97
314
-112
39
94
121
397
411
336
267
-165
-13
118
432
482
-322
283
551
540
-183
158
-215
60
-402
192
-127
188
-264
603
-112
-957
320
506
-768
40
652
-32
776
565
-301
-371
294
274
-280
-264
-114
407
-38
97
-189
-74
-421
365
54
-594
655
-4
-120
-2
39
-14
-247
409
-350
-187
-139
-116
-212
-386
544
-90
114
-237
46
263
427
-291
-152
-122
230
-236
-308
206
-210
-503
72
54
-830
-359
200
-82
-253
229
521
525
265
512
248
273
216
-368
-669
507
-176
-760
337
720
-268
-227
497
-415
-32
64
-131
-431
453
-136
74
-7
-588
-186
-221
-125
-252
-34
-504
302
317
382
123
64
-355
-287
-15
-219
152
315
-219
139
-105
257
-687
120
123
524
-204
-303
189
-25
99
-320
-174
-139
394
60
-151
852
-52
118
-9
-18
-527
141
-240
-237
124
548
-469
401
-722
148
-540
225
-715
503
-559
249
-633
553
244
-313
145
-570
-157
-199
-161
280
88
100
134
143
7
-11
894
933
-359
268
-24
44
161
50
-372
422
888
-85
-233
-214
524
272
-254
-604
-43
-487
-62
596
-277
-102
309
293
70
-273
-111
84
-266
548
-610
120
-134
211
-291
58
-392
4
-681
-429
695
-34
-178
104
-56
-142
41
437
66
64
-410
736
180
129
-332
-237
-252
-194
-12
-264
67
193
20
-63
413
-217
12
427
-138
-569
282
49
587
-296
181
232
-109
83
-255
739
-52
755
-331
-103
-123
-267
295
-280
54
56
192
-36
-471
-129
164
77
-161
34
200
-72
78
396
372
180
-455
350
-207
-197
360
484
324
216
562
-143
-135
-220
37
14
240
68
11
270
334
75
-114
269
-62
-319
424
-162
-461
56
222
48
-30
-172
-62
27
-655
-108
216
286
-380
402
20
-300
-462
-455
-118
343
-635
93
-321
318
288
-490
-346
444
-113
112
70
-30
-348
345
153
-123
-147
36
307
-144
149
261
165
307
106
-195
-691
-527
-45
566
465
407
307
97
-588
-397
273
-117
122
481
-413
-44
-172
499
-50
-42
188
108
254
196
-637
1016
59
-164
247
707
-76
119
631
-212
479
306
-119
350
145
-193
544
-61
-77
-155
-36
202
351
-43
-204
67
-316
745
-51
586
-558
160
165
-9
310
-231
211
0
537
173
-63
293
566
-430
-148
-153
102
160
-147
-348
149
418
275
24
337
113
149
482
-79
354
224
49
220
139
372
-520
-735
494
86
-76
-125
499
30
333
233
331
-206
-35
589
-237
223
-84
313
-454
-635
7
403
-449
122
-234
5
126
106
78
-302
-538
-329
-232
-31
161
-108
481
353
405
567
-108
-193
600
121
112
-362
205
102
294
245
-301
200
173
30
-162
92
147
305
145
613
-346
-186
153
-380
564
-22
370
-247
-41
358
-70
-87
-356
-123
781
291
232
194
360
152
-166
-510
-222
-135
-319
226
642
-352
-326
243
-143
-275
-314
192
346
-127
295
-565
17
83
81
92
524
60
125
456
-28
39
107
133
-366
-241
158
-76
153
-14
-25
778
192
192
59
-95
-331
-717
457
307
18
145
374
-51
-121
136
-717
202
270
60
143
-131
160
-32
176
-11
416
309
139
-1
-22
343
-43
121
12
141
-79
42
238
165
233
387
164
-329
-505
220
204
94
-64
138
-214
-40
-101
471
-345
-493
84
33
174
95
-100
280
283
-58
-478
-441
264
-218
325
242
-179
-171
143
-290
-192
-47
396
-380
306
-273
60
-400
530
-323
-124
-168
-169
116
387
-15
625
283
297
354
-45
137
86
96
271
-174
-54
156
196
163
-259
55
-169
103
-394
-42
33
137
72
731
13
125
-84
444
392
345
94
360
49
263
-205
-27
373
-188
92
275
66
-80
231
260
220
-283
-39
3
-300
343
181
-46
201
216
-13
-101
373
258
-22
197
-107
29
-84
217
-188
-276
147
334
6
207
90
100
14
-31
-447
-152
84
152
22
117
-7
16
314
32
-114
55
82
-67
-40
-231
186
132
134
253
-47
-11
-36
-113
211
227
212
232
24
278
-81
-248
23
274
113
407
-82
139
122
79
30
-277
-174
35
-59
-97
259
126
466
252
-114
-135
-268
216
-36
209
-58
462
-134
-5
135
-243
-11
246
80
-10
-107
296
9
203
-148
-231
-94
311
157
231
233
169
192
204
-228
-134
130
244
381
195
388
23
109
148
-144
-39
-45
190
50
89
309
-56
57
156
-275
-126
34
213
93
156
135
180
3
149
-164
9
7
-40
-47
66
225
211
71
34
-39
-197
106
181
-60
41
-95
-95
250
52
-71
-58
-238
149
234
24
428
-35
143
-40
-102
-266
41
-140
-105
-114
74
51
291
44
-105
-16
196
25
365
-37
293
36
282
207
-151
-78
259
329
92
121
352
190
165
323
-68
-123
185
120
249
-42
125
144
88
131
-176
-210
41
134
277
115
176
171
225
175
-186
-131
-19
158
156
151
46
90
78
136
-205
-95
-8
94
100
9
166
132
11
178
-158
-292
92
-2
103
90
198
50
-36
200
-170
-190
22
169
135
78
200
120
71
68
-59
-230
62
127.275250271055
-32.7465567597228
-90.5038902394307
-49.2420083476407
-156.926583752967
-37.6436741476079
-89.0933940872345
-24.6135738387279
-31.1459259919253
133.769580371746
-23.5772058758578
33.1515828917259
18.8353755491912
-39.2209402450164
-82.3828269903472
-188.884324006376
48.7356131565827
-221.526911648175
-92.2531096604707
-130.806169622565
-66.68254161328
40.6689262835405
-39.4481600567409
-93.3535570382784
10.785255471047
-2.13622860517765
48.0639406055733
-109.599293666586
-185.237809143538
-159.352173752534
-34.3456440906057
18.9778549226855
-25.7007371161603
-228.213391125223
14.9970274000676
-96.4870648138736
-134.392355155077
-25.3905235186906
81.5888132302035
132.794880461013
-192.717040422547
-268.579505404351
12.6266537966426
-99.9525065645197
-145.082562728593
-6.90856551279268
-88.5431266653987
-20.6508413625715
-111.580780524299
-101.539995557763
4.91691047973118
-156.70215509518
1.05731344175102
-68.8550930059682
-159.900440605234
-218.456929120857
-140.745199110998
-147.779615783434
2.18071679932092
-88.6967901738349
-126.913141093829
-133.902733355602
-68.0651770228385
-127.833391996731
-56.2280686301358
-32.9278836815309
-52.5140569461108
59.4928730388053
-187.700072436076
-94.0523283842086
7.34724259952354
63.6470184910078
-116.827725515446
-80.6310006333836
-92.726029108182
-120.015995499751
-218.448447437444
-125.912558779089
20.0449077185558
-10.1070232869356
-240.575702131911
54.4400723509669
-98.8485486283077
-207.576570286721
-97.7249006193378
-178.556677968195
-65.2655126696212
-36.6046732975724
-222.929647358093
-176.986409394008
-112.957432460106
-88.367455721877
-209.840250886721
-243.239848578958
-110.100378725187
-219.261666073617
74.0852267767162
144.084576989702
307.782212358698
480
