17.916110028103
132.005071296263
-56.7603301070654
-67.9086453936761
52.2078693827774
116.957039690081
40.7808214546429
71.4887075921138
37.0543572460668
77.1933057047891
26.1839952008161
-22.3428610869587
-58.1771216789631
-86.1515471717628
51.3301597474064
0.410180176424048
55.5186180437433
128.694784919179
13.8162422307879
81.1951841154246
35.0630441350291
75.19206702678
-72.6934285968133
-23.8910236632704
8.12636340156003
13.6483948932502
-8.47597018227995
127.92764259075
17.4763823838609
95.3176326936231
-26.5656437789297
57.0417939937711
-63.217735642895
15.7763398087882
30.0794002957322
75.4614841594327
-27.9709045543472
49.5917692461661
-32.9727095040537
41.1556521578827
28.2594079644981
101.421247972052
-57.0149718506887
-69.3808567768278
-5.4185565899002
14.0425707391568
-30.721555364878
77.5662279984169
32.3575265701325
34.5949920187689
30.1107103231897
92.960955476772
-102.864595253228
-42.647001907354
43.2223671294414
86.5362853849053
7.36816682401185
54.460615360503
7.13323145523637
105.47957163114
13.856154158593
32.4334916199435
-77.7341854554135
-99.9509104458473
35.5013309082413
8.11789558760601
-34.4895557450517
64.7664919317822
66.5758240235651
92.1671966359879
31.0261562798337
59.9597349190706
-159.609029955206
-5.91845720169163
-52.4899632438602
-132.28618408019
-89.4625010857419
2.10948205247584
68.3112822463841
150.717673707401
39.1194692246706
66.6466524085306
-14.1562725662177
3.61770819446244
-32.5516705315782
49.680756921623
28.0857250188543
138.376913579665
-21.3006695921045
79.4622141086099
24.7337707330555
96.3831605812628
-37.5438392909467
-51.8516698511685
66.2359016647428
38.9856598204202
41.5845877816395
1.86852713529041
0.678004513885623
34.9553621819418
35.2558595456211
11.7518403384793
-139.353704677701
-31.0193754052051
3.77188838678331
28.2821788567072
-5.33250173578133
69.2736134691462
9.05301419049496
-11.8049965556025
-3.90944892300419
76.9346261524319
-34.6719909646727
-1.73021169367841
22.1085693065659
70.4945228482385
7.24926747711061
107.251310142414
-21.1053967627498
93.4967837470109
1.67185992660355
140.188288176963
-37.797846812808
-55.3196483135029
-21.7412711798619
75.2996460754383
-7.61298369662116
128.54905509694
27.0301939923065
127.465017443567
-10.9419234809595
93.9402858123592
-12.1595549914233
-30.9995754313556
-55.5884015153963
85.5347613881122
30.5519148556221
43.8711882326965
50.3335644430224
79.4505638078327
52.9086122639684
73.2067245578527
-125.967667521597
-34.6343129860439
35.0277285596293
63.1009113169507
36.0477434022175
61.6705269093281
52.4638921315781
89.4460450139245
11.5109735318458
11.9914395819233
-62.4387397440173
17.551252673674
35.8922666854433
116.494344582404
28.5415607426863
79.9249673713058
1.07164271063606
67.2634162665059
73.3800044130503
68.9097739817622
-89.6297639550701
-24.5264222174033
7.30959701067517
135.469049098852
9.10271096658919
40.7084780936541
17.8872738075324
25.2218883258051
29.1927187959464
82.1011236601387
-101.01585573286
-39.5150447576499
-60.4690258653371
-4.52591990308424
-88.3712865973371
44.8967704371354
5.84245693390064
122.589148403243
27.4940089009233
118.908478904026
-111.350931304062
-2.03897420824734
7.25455808560169
-40.5844964877999
24.8557090595355
59.262588708656
16.9758842133736
132.144421850806
9.16965903776013
113.448494406719
-13.5184210028798
38.384808463243
69.2604855825956
52.791965153232
81.2825578669114
102.577911219621
49.8478994635701
68.5677459931108
32.3690024215845
120.84610234283
-128.072070150561
26.7608905871073
2.49165618660646
111.904738844738
0.790259163093794
52.8090755569784
23.8164255184199
57.6923891133723
28.9554445183901
95.3699314794815
-92.9178109459863
-76.3138673181135
-5.73371144056077
106.024991692495
-10.0344903394755
83.5855359938096
10.9585761872079
34.8766264762299
35.6451056224542
76.3215053497791
-38.6732556118843
-38.5066803625969
78.7263990241764
41.4124968244641
0.463508239379943
51.224103463377
6.23283249014808
74.1148860415638
33.4292334754321
-4.54681102039868
-53.1793408620193
12.8490504768621
99.7729907336337
69.9252776742535
-4.60701267146403
27.2308280220458
2.30395529529431
97.5733803170053
29.6228464863982
125.128030119343
-63.0158571058281
-58.083483700035
20.4473216614921
85.8119723766404
19.1205364832529
74.8521657029562
-3.9443522544093
73.0932923489444
15.9614270241471
64.5156241182197
-157.195692117878
-53.8789543228867
116.581580308557
89.310988208567
38.5050167691759
89.7521541918684
0.310325706097668
41.5236925847529
29.1894505140091
79.1254362262535
-27.2643736136541
-0.896101333207337
73.6966954768247
89.8290990655116
-22.0197967467448
47.6932734080641
35.6364228707586
98.6646058650472
25.5348584675741
46.9841256622578
-109.871907629714
7.25340235775822
17.7694551914698
-61.5180686946367
-82.164300751836
49.6895055546724
60.6588206924006
74.2558050315188
-10.8442711489036
57.2822012273812
-31.3974516346503
22.1625286118454
60.9115427641101
84.4029613854392
47.6740011065276
80.1676673798597
-42.2241129073375
132.30410214852
29.5569101297772
51.207583878317
-35.0559267119309
35.8653067009094
-59.986656552817
65.1098214715673
8.59472953279547
178.193712663922
-51.6164117793905
137.093977221805
31.2743619627585
144.985865893433
-67.0353141126366
29.0805857459279
78.6884905751983
136.777467326816
41.5916635897807
152.430316997126
-18.5898756912516
84.7971807521712
4.95436940846275
52.6631097929905
-58.8738210122458
-18.4616098795374
42.9602238836383
29.0953488216163
17.3891128735567
65.1348687271477
2.58428462421547
46.0532612114331
28.3222091134133
59.8455481790851
-74.9750473337815
63.0338111451889
55.7171224893618
78.2242375531716
-38.5880540651069
52.7211640907365
-19.305399655446
82.2454370423315
-11.5944834205795
55.4454336264047
-77.6675382723407
-15.5651353835945
-57.8637238589704
96.4354052360106
-16.2939510734506
120.471414575509
1.20954629764686
141.859667130837
25.8113979019063
108.432670931649
-37.0759967891712
-3.15000136549687
145.570610795537
76.5802054072886
5.48037802574184
91.0458003091388
-21.3375568508131
71.8229364348887
47.7156722832609
71.2989987582062
-88.252501748001
66.7644420474379
30.9237626089918
66.318932937748
-87.9865854733824
50.2163952244275
41.5597407007782
8.25736609432697
47.943208731292
52.1503020858179
-133.251849489971
-33.2762875271043
104.089882816209
26.9471344701657
-3.05113675266198
46.6890557439301
-55.6338807501325
29.8979078636344
-4.32794321847483
78.8094207190986
-60.8780955794407
-52.1767657784722
-7.48628226355814
-76.4473753740695
-146.11710320182
-2.00075578285329
91.8978280811409
68.3992119117297
-19.0247081098257
84.1198392862706
-72.8923677936216
-94.1149640758257
-85.4799543794142
159.423873640476
40.3468997777777
29.6761248175402
81.8785236723023
66.3386814244201
49.3226930704112
127.337052386782
-57.5627073395221
7.34331116031711
-107.381683779618
115.916694494394
74.4782689030526
80.0170738534335
0.28622746323756
134.407751819888
55.9758025801836
134.404165531406
-21.2124938422929
-23.6005197834285
39.3174565884448
87.0216177051606
14.1095021451277
65.1046338447115
26.1847958228994
92.3677704662761
36.8560157397582
122.126210285639
-107.736444441239
-20.0852507590262
39.0663885722617
146.47374959808
22.9165754919391
70.9269138344273
98.3542633731868
71.9520996252317
66.362164655253
84.2204818318782
-107.346319981293
2.13171066110911
47.7524973558274
120.496769284258
49.2292747872173
80.9577443822719
47.4102831265027
52.5220664760666
9.79526549909887
108.682075067437
-136.297933247031
-12.8834646157408
106.047498626365
94.898386038512
30.3361666521684
68.8095287548726
4.58172668687256
72.538827473036
-8.16661740441036
41.6930964723471
-77.3094875716557
8.85781534210216
64.5153514548249
54.3814757222782
17.6177518820119
65.9942581781623
52.4767137120225
85.6283289962708
-31.9789050069669
85.9786981450598
-6.64356037320771
8.63534694584449
99.2514190457884
117.558762232765
6.37667281283445
89.1433035396695
10.9444863435072
119.25066793345
63.780821793106
74.3895936594262
-94.2453571354095
-3.67262439988108
97.0377681993479
51.9327599384382
5.35333957647973
72.8600865740762
-17.0286470405719
47.7624130753977
-35.672910600575
49.9807654307616
-80.0800879168292
-116.485868751598
-131.139765726855
-63.0951523180444
-88.9032639764595
48.7976455534019
37.7113391549084
49.3302201067507
24.5663209212392
42.0176609310554
-69.2257809353731
-29.6973658017961
58.730973953509
4.21180204706997
30.4926072916543
79.8103342083755
29.8163492136675
71.0197468250054
16.4606895875483
72.6973939849645
-84.0473819221622
-39.6355505642259
30.8726827358601
-36.663313770556
-18.7578963150913
76.6797725859339
3.99567115315313
10.739973337523
11.2825702637303
-89.8658995896312
-43.6564722959758
145.653533434186
77.7285347920323
42.6942016117197
9.75032557869983
-14.2458817266136
31.3067966276127
-28.899432300776
115.482275919631
-31.0266410246638
-147.117029560249
80.5711933299907
84.3952950131421
1.28038695147655
112.386169217829
49.3960393989558
10.6769393499172
-21.6057387052406
89.9741812746963
-71.7512228635618
-15.266437182212
6.5944578839791
54.7468654696233
-47.4883836653821
10.5283528473817
15.7417235218438
44.709661301581
59.0870596472256
-19.3553035966074
-226.060166734293
2.68914461401112
-8.40313174578397
143.61340017826
-45.8264477270856
64.3756420151678
31.3600740112605
120.3203456534
38.4244727332293
6.19378775759567
-152.210244312106
-33.2261841133969
77.0231240371862
22.1835278415829
78.2463607276831
34.7509715481496
30.7859049717182
-5.84191712902224
3.56056715492198
87.4770638297893
-127.208710863232
-75.0721688596221
-53.9110419072327
29.4101677791629
84.8849757888143
-24.5970458490653
7.03885206500293
109.038899015369
-28.5921774142883
84.8971384800445
-25.7740554188848
-19.7512135582952
61.5518075972408
97.1234287461469
40.8520015204875
-15.4680471735072
29.0389790081748
78.9876953546744
-33.0008469344709
47.165754222164
-40.0040049463179
-93.4087423226457
-46.1732836878449
62.887131261173
-54.2277134635803
85.0918568245729
58.5508463786067
86.264605239802
4.85464276717977
126.32365844649
-106.610759068626
-15.7022093758584
-23.7964366007877
181.739852962051
25.556377600926
36.9351616070029
62.4494698148275
20.5592965652325
79.6387147964962
53.3752753004387
-45.5103589418632
-95.5600416062051
104.923160721812
-4.90945061713524
73.1854782166681
52.9217964082539
-11.1934817406403
74.082146302343
8.23388204454169
33.3258884512225
-51.0161384185322
-63.1255498664186
86.2092650422269
48.0415953274374
2.51090174019822
107.063939924143
13.0060927576235
36.931163456111
10.1513064871173
77.3611787836974
-4.18530901120932
-66.9443133388981
19.6016990878976
-2.61156988289266
-28.0113964532852
29.9948706964749
-108.169708450607
-76.1576533540765
51.3267481249127
-21.6731855906168
-71.8044820889272
-71.3922612989912
52.8405893257927
-32.1556042595576
9.21750734279963
-74.9335299518228
34.2948745970322
-145.631647036764
17.3604928502201
-157.769595930291
-67.0941890531919
-59.0172634882753
42.6268416991235
19.1596836411799
-16.2548617913965
-111.741468758906
-29.4149099455069
-156.267777787909
74.4741688022655
-85.5562598496425
-126.605508981796
-123.747583712817
43.0238158794035
-103.604489306578
-62.0047920667661
-92.0697929097629
-12.7625709886558
-90.1100844906065
-30.2578498684985
-98.9795253523833
-86.0120965910736
-26.01480416664
0.151529562419476
-111.863054873306
24.0845680627139
-124.772794342806
21.771407151765
-111.71548330905
-13.6587591658073
-138.392606181832
-115.353967946954
-68.16785763889
-13.6110070309334
59.6395230721767
53.6210031021629
-73.6607435534902
58.6499848648223
-70.2731199643078
2.17580587656798
-55.0306348184056
-100.326947112201
-187.63193150402
-67.9468989160408
-168.678811519196
-90.2194116065202
-138.504195212777
83.7493818052838
-103.800037310727
-35.7290597589671
-63.2376219767799
-87.9786575612993
-62.8923907142619
-47.8044557178808
107.692033186658
35.0853122841706
-107.504707468084
29.7045059800222
-58.4369404493763
42.6181415699468
-139.316975631456
-60.433402400014
-210.968669213674
-84.9195572176719
91.6268279391422
42.7098538275995
-105.133360557462
-1.52333496637387
-57.3104440224246
-6.801286158402
-102.052602145967
-17.3264592152305
-200.679073216493
34.9914382245998
-55.1846621443588
11.240337653548
-130.118793481586
-14.6249424097768
-121.71174822605
32.9073538184069
-48.8690631329169
-117.323243870241
-181.274194630468
0.166014207328235
47.3039719842929
-11.6713766599035
-125.742247911953
46.0592609053853
-140.120637874628
15.0626342201044
-70.9119948227512
-10.1201962747599
-242.330678991108
23.6596705046992
-132.785295505372
19.7400285711247
-44.5329770116016
47.7404556154723
-158.496318552672
-21.1862321899244
-44.5109098949486
-113.818853413795
-82.4290928219878
8.71455918975718
-1.84232928971656
14.6164514509103
-114.461405048288
7.5409148689373
-125.349072434401
-7.82812445288219
-129.128061363858
-63.1630721180541
-262.296027737038
1.79946867717816
30.9481711042648
-21.8423112667191
-157.185507706363
8.4529671025847
-113.147242497855
31.8606245930469
-127.050712517861
-52.528276849695
-163.940135194677
19.4689166675634
-68.1298764470742
-2.21069835285378
-66.7626814342681
78.7634567916231
-157.041486810115
16.1460404435699
-111.022355922966
-146.136576796187
-86.2450658054083
-91.8071267059828
53.7734424894152
-45.7283083439315
-104.129620603618
39.8264520627352
-123.854997118306
118.549946391748
-64.0912799667557
-126.199090211134
-189.673663752321
-115.981832961191
-107.332654889843
-92.7949391150982
-185.068269174137
-20.477843488557
-2.17049167940516
13.1468565844109
-97.6718710634939
-38.8686538002419
-76.4506871603818
-14.2020757908564
-56.4535654042092
61.4710220932418
-30.9128962075487
6.98335332571445
-53.898884068239
29.8516022219573
-124.133153532849
-66.8606127667933
-77.8279920674544
1.46996810110284
-63.0797502737356
27.8306842439464
-46.6063898562008
20.5311289324802
-127.451472432137
-45.1593422573366
-71.3396130084632
-41.3296324854382
-202.034955244745
19.3154783759948
-4.97653113347261
-4.85469933638142
-55.5596107082345
-38.2390367528401
-100.470295919647
-59.2425286916001
-47.8056769807343
-48.7550247246701
-217.319745481822
-34.0966435971869
-123.357605821661
52.8388672023954
-92.4240167514835
-18.7191798388896
-109.931754931961
-64.7233760203356
-108.529217874925
-67.6731001301112
-203.175528399162
-76.2591547104177
21.0604274110658
85.5545221919565
-113.042340677985
-26.4987222818924
-65.1615179716814
-44.1943319127475
-69.698157692449
-131.934533055635
-211.182453227289
-3.93357760299532
-110.297646121897
-106.417049201283
-97.3138088261865
-13.5561325398577
-73.8655854916552
-78.899726296705
-83.5910986165511
-147.643567288576
-79.2462736643786
51.0662406847713
31.946017111089
-12.7904612236047
-66.076744936521
-59.2225842083265
-91.4461429729638
-6.05648005646832
-79.5123471359498
-76.3794619536304
-137.220931321659
41.473860307428
-79.9103502946335
-31.7168234342102
-32.1800400975371
-67.1937222377349
-66.4048588309617
-77.3882714528893
-66.6357085369303
-79.0136157730894
-124.097320776156
-4.7538125895302
-28.963186327584
13.9432497757985
-103.260457235153
13.9662289718269
-24.2791317308708
-72.708168996273
-33.9491189642018
-165.446355570076
-114.343950021056
-35.105430173404
-29.9946518173016
-37.8255064541639
-92.1749641751329
16.020397263713
-4.28122998490376
24.890426287529
87.8690724470249
-125.875983822729
-31.9900058395143
10.0791387964257
-15.8276271544912
31.3283659299348
33.2429751397547
39.0305035051368
75.1122236977153
-3.56104981283497
59.7204976901918
-91.9185034632147
-18.1500648370826
6.84303863127804
62.531901502667
13.1171086374022
65.7480607428254
40.9019435856527
36.5127838181862
-50.7857299615159
63.7114232244151
-9.02251712692433
-102.430636851754
-77.3206235490066
16.0280717359346
50.1008471167156
38.2222611723758
-78.8288175688824
24.8369435991879
-24.8447521544535
68.5430169085683
-122.655244066342
-154.985291844638
-74.0740797708185
75.2180891115226
-15.2383877112013
12.831378825606
-24.3351901348351
24.0506738211902
2.08120943083387
90.5189601906861
-32.6962102099685
-71.008991654021
0.673449340821904
48.8841277236399
-5.79638180091847
91.91665726574
31.0913653617534
116.950891610107
1.37320246895423
84.4068018824858
-65.125053885275
19.1163700355168
-42.1275295198185
117.119869476638
16.7169007487388
43.692104241701
-2.1539108270703
124.682782120439
-22.4888678033475
68.9758954846731
-31.9679179526339
7.84768499600561
-55.0085543175848
84.1483132152857
-53.4338282729322
113.590067209753
-43.3150262255072
58.3223838399448
-1.20683096953776
70.1651468643546
-113.072836376032
70.7716153154959
44.2677907009767
58.9583986330555
-25.1769000282238
63.3518839857831
-32.9355476458349
6.65155232506032
13.4992828137965
62.8648340776063
-71.5027647460803
7.34810627148073
-25.7908936218846
-5.31783634683837
-28.2042104606298
108.620485894301
-107.285239387262
71.815896735532
-65.765230322442
71.2657122891523
-74.9145840791649
-28.4817139629657
-55.4985430720444
-5.74494754365705
-77.0283448011011
27.5830793826143
-21.1755733461773
83.4313634877564
-16.9382912276941
98.49628990897
-54.4230961704308
30.7624952577533
-12.6835315325963
-26.7115333262886
26.9038156306669
136.787854771024
21.5371292775304
125.29025856557
23.8914677733621
27.7287439341195
12.3168075591074
21.6724945072722
48.7645617544671
149.81757575251
49.8988198709604
47.3755726869073
13.2698853607204
12.091865920782
33.1510175581446
76.8877783080198
-53.6975676952595
24.8513069262139
38.4842055857925
118.265969543277
34.1640092534229
104.211096905797
21.0740196470814
53.4913185283411
-53.067035780624
88.2362291234887
-58.8100082545646
33.1313458595836
39.0649285789975
88.7357069625006
27.8976016536817
63.0848266662149
-46.8839338452456
61.661211738216
9.74170556442714
82.1341221934572
-76.8501971044091
37.7300853450206
42.1915087985494
107.055829106359
-0.599901384114503
92.3885466645998
2.93908457598306
83.9380976095428
-48.8760900919525
122.754196153335
-45.5496064219336
-46.3118496131729
5.70506731644008
80.5729975269506
-9.12100725708412
87.3701857370633
-7.28954569212093
62.2379912268952
32.3241094647396
99.838341082625
-114.169666096763
40.3940838316902
28.0288202774506
108.371058052474
-8.69755329779852
94.8956795188746
-6.93865197983694
62.3163868785081
-24.9017742572642
66.0998165763802
-55.184364694264
-15.4573938641658
-4.12726915565808
112.01294756673
-30.6221502198974
98.3062213315939
-3.0780398257457
60.8738864739318
-4.40457492234323
89.7482396686375
-46.6617263946859
-0.790545052325886
-96.3898251798918
90.0217414055567
-50.5136827300679
79.451204802661
19.8275787009085
38.2575856799572
6.03967058944839
78.4802143199657
-72.4100808569776
-23.6501564390212
-80.0293066147773
-3.95346207800864
-86.1424557454427
64.4009229039843
-0.922373773941136
128.327930039321
27.2977480805194
54.7325367412874
-108.352950302767
-36.9281960831388
-78.1193659652779
65.9658187614983
27.2971481234785
81.1457921427256
-3.4213603493241
94.820366035547
9.92342558205143
119.003448358449
-20.5418766550615
14.4191521729294
-10.0843230249985
85.7712371528466
53.8992800751658
87.1807538500461
9.39354100508856
94.3803252572754
-12.2489595329964
93.464060582137
-78.2780340847915
20.3127548721087
38.4152515271418
78.5127601209527
4.45773194428426
74.639731345531
-27.7234126158187
101.963198435792
-18.9376125964174
105.32492388563
-39.6492142751108
-31.8623682901889
2.16806141773508
93.2934544077078
15.7550083992968
56.1489320509322
1.09325337084305
79.7342908677005
12.7715609248585
66.9863397140879
-56.9822754847686
-23.8181923434864
-9.12224722937819
102.918168355591
6.42231123569089
140.421068349718
22.2750843933885
104.389680334161
-17.5007479613956
43.6365268024087
-82.2496232515271
19.8529300464594
18.0298132627387
61.8518502465038
-73.9493500448128
25.0219947116146
-38.0806971069488
-13.0039248586854
-22.4379359614061
-18.5158545465653
-148.233107486163
-2.7316256165072
-27.7085559780425
110.594739125118
3.21187105840293
-14.933515907021
-92.0354837057088
-48.3847574002438
-2.61644897735659
47.9793162546535
-81.1397812784839
-11.2033072809197
37.499242206948
58.0104998785384
9.37523884117538
1.12264348401855
-25.6642621628749
10.704108690535
-70.1432074246067
-20.8232809326985
-112.799873928968
-38.394862826028
3.01614354054056
100.794483845246
20.737855208286
35.9297682394422
10.2698971297368
2.68584472799544
-70.1347168186679
61.4197853362692
-123.587040881263
59.9041895259468
-60.0736955182747
21.1002264656264
-78.1480810950505
-82.9752267424971
-54.5603239275326
82.0312924467922
21.5024544132222
17.1362345170463
-96.6876012864232
25.8380508725295
-82.8463713671779
36.5233267646742
43.5322755843546
25.5524106435544
84.669902079972
18.5873299120165
15.7057999133695
8.52947846708741
-75.089139991625
54.9872299790414
23.3137573338136
111.649079098214
-5.77729439412161
26.2545621087592
22.089613321826
65.1636681362463
-4.76315140232698
105.859803084598
-106.324151982629
25.2710178250574
67.2496586835918
77.4565011684541
54.3324487713197
102.705993339146
-19.3737050676915
120.424019219097
-3.2254910489821
91.1446204398929
-49.6193913725784
13.9638104968664
-28.4744184858572
122.755836817828
19.781070030268
-15.6979198319533
-13.1488261410445
17.9807316641842
-13.1097941603405
25.2764154792849
-172.763804200006
-10.3688292916858
-34.1006789298316
70.9074384069637
42.1099295081745
-17.3906785488629
-12.2112615198074
3.55291798505412
22.08908078867
71.6423793444097
-135.947500903088
-55.4910873559134
-59.4639767868734
100.705980364116
22.3083258259684
2.73887205648666
101.705728811767
-52.1752944369489
-30.9192238528516
25.25566934156
-107.506397507675
31.758928079209
-24.0595512609282
165.700384064681
-48.7918449224876
8.56011320201211
-46.9546092334585
51.2618750200882
62.1719444193826
-0.179502990574143
-103.481496181432
8.97613487282233
-60.7867122681533
99.836586972583
-24.0620147159246
80.8194268152166
42.6882685982951
8.34433085613982
63.0866019841037
14.4612477682572
-60.3531796848967
-73.8188744575247
-65.0550755332075
57.2414995732745
-6.57830203327118
34.5205964353183
15.9148741390331
19.2512572735662
10.0672802061757
55.5473616141144
-157.33615718347
10.789865066602
-109.67204734132
0.795312398864145
-124.949157412863
-28.8244253675743
14.2147704800878
-8.93274784424186
66.3004660093025
-3.77445751323234
-110.445531113145
20.7827603129486
-6.2167655706771
45.9985851452475
6.88485416782921
33.3230435044336
7.8443848492179
60.6068141786201
22.8137004527404
46.9787503713358
-96.5197801832181
9.8741305286179
58.121908379181
57.3026079875751
26.1240684482947
115.645902077663
41.7910391365266
113.88765382564
-23.7216669687388
123.549756725681
-79.9172114499095
15.9348371212971
-104.505742797032
150.990888179011
-25.3295815643917
90.7261873524676
51.4809690851535
62.2470644427484
-24.7344176793708
139.56115726217
-42.655209780755
-42.4884992407006
-40.7595838146213
94.0921988153823
-19.4213118255139
-4.23917993100645
42.6071142291381
9.54820937309179
-2.34163290746518
1.91660352864691
-125.303371512223
-80.9504688797305
2.51924135353565
0.051227680684633
-17.5058454417448
28.2673288970323
62.6273597552045
23.6741619188925
25.3504506042938
88.2391119795287
-118.164619710435
-52.2675078260166
0.982439833315271
125.491879295705
10.8312855346381
34.5832161019232
3.79930121492444
41.5279786117581
-17.3680736754027
118.332740534003
-154.932849694665
-0.144831932706992
-5.26991521693724
23.0156695171158
-75.4046629201842
38.0759859116686
20.2251013519755
-20.23845715685
75.1499933330644
12.7238084043383
-161.095209938291
4.89491150494288
-23.5776560179039
56.2432777197769
-1.27057246630066
10.6217400150745
7.83071609134303
-38.2316721111166
5.15104014977613
-5.86657099448778
-75.701384158866
-36.602630708182
47.0049944226547
3.40678996531
-64.6415302575014
21.9562859266999
32.1627946144712
-4.56766139538704
-101.211388874091
5.41415215682601
-90.3450122099778
-12.9099314217642
-110.291806837681
39.8913761066179
-49.9225223404346
96.14644289128
34.3476282352583
75.3220504231154
14.7635342968575
10.8312418078222
-39.9561836883816
-0.650568194344338
-69.6081266092114
39.8531296633297
43.528205342771
123.680019789219
56.2637926742138
105.739859095372
-11.9574793425862
90.6465777615965
-65.6816702460415
28.1877120411545
38.6826962607362
145.532805984911
-19.7441314983627
28.7383366467504
18.906989792158
28.8276509185757
-34.7084597593948
-11.4562547716729
-60.2017253844052
-23.9220765434686
69.9254848057213
21.879187346216
-39.0130606038516
61.5719806027506
-54.124878967661
37.2024064424057
-68.8269120570129
72.6114096438008
-146.4450187213
-3.47205855998462
20.914287024064
71.7762496631242
-3.30094226044401
60.0324270685559
38.4178786703624
66.777111009238
48.3445847833669
-35.9444760708461
-104.6135642067
-9.5148294637221
76.5678998699096
138.484705739431
-7.26257845568886
25.1133519803029
-11.7723698434094
87.0298401014827
-22.8693633236123
73.6079202912762
-65.3338228018555
8.20466074584863
-139.585190600917
71.753095078545
-81.3435721865016
71.1763413639692
20.3248572958062
41.8539465257328
52.5288889997969
-28.2880583495031
-13.9620202196388
-24.8098100672049
65.5130912322894
57.7682185079718
-31.1065619137409
-51.5162902078451
2.87503856036512
31.7371624771446
-18.5171651955359
45.2594930372775
-88.8599747370572
31.4455384746107
58.1729768415037
49.5150866775518
-22.984192332048
-76.5949518006162
-39.8083894798457
46.4261935627673
-67.432700986129
91.6226732358197
-115.71900585041
-19.8323040704144
-35.5613092619843
67.9467555590931
10.115486612409
-11.3522894504998
-28.8257283474911
16.1209229582426
-8.68742060793438
9.23369734869335
-48.9287029136369
-20.2927401294017
-57.1247240216305
24.6155358985008
-96.8053095561767
7.10279357585439
66.8777805558552
-60.6537972450963
21.9555273138123
-20.9207609253409
-95.8871754252628
11.9270868284803
19.0757541970779
-1.14896693577688
-16.7689595502087
18.2652275373965
-73.1857375644168
18.4841440641816
35.9231119845513
-12.0222909103771
-106.668644621922
-14.4632674790298
99.9043431404795
71.5228579878422
-33.510960108612
53.4368712117283
-41.5024578092422
-34.7982947154397
44.0680059184508
-17.9861933230017
-79.8918738192187
-61.5517911423845
135.969310026261
74.1167648784273
52.2824473032331
104.540294684719
118.52543918636
76.5608286786375
29.9856686143669
170.546463581602
-115.86868131072
33.4416165371614
-40.2561026829128
132.280500541381
9.35542353875881
69.0045068810442
47.4371994487868
57.831086836577
-3.55712401278008
103.344521809574
-28.4668259168906
-9.49593267093609
14.4912182214649
25.6461956722193
-9.94680115643519
33.8929533492383
2.71467761605986
75.0616175345656
-67.5741413719167
7.35738027959962
-99.3586644992993
47.8811707722434
37.321448226127
78.2538126036272
10.8037793208349
32.2799224981447
-14.5947102324005
-26.5302434189763
9.73448602944124
65.4543705467024
-143.823699957458
40.3689623576339
97.267467054023
7.29962675375423
-32.9085135267464
-78.5185927210087
12.1894823572577
32.4278372027095
-31.5135547356401
53.8280727452661
-104.904419081088
-8.93109144453382
39.6414922562814
51.1300070284896
8.4063319694118
-51.7995508567464
-16.799833245045
4.31944582299148
48.4849543593082
45.6602708668948
-71.2566514051757
-16.8100769765697
50.9216112405975
68.0064912431743
-1.67203204526822
5.40352298643825
88.7274829955514
61.2254385653698
-1.84071211118367
-26.9863780015586
-55.6555726467347
-1.47176549669533
-8.41258323876326
-54.7091774189396
-181.638539260244
-0.21025915021389
10.9631996841443
97.6135329203764
16.7246022277488
156.899242341718
-113.856123880521
-9.21517469421202
-13.5199247284259
0.694129455112894
57.2145678211047
42.7356231092397
16.5313263224743
-0.143634743205844
16.2047977008279
64.4901104797835
-84.2335533941611
29.0667991341175
45.7253408642241
99.9183107313849
30.1525877877542
18.1987680409935
-3.14038166307899
54.939477567619
25.6360712712741
