213.982398548081
-97.5804980179447
468.342551046308
362.267866512778
476.658327396075
-334.191637253136
429.863880598684
22.839060759101
432.864983801842
-94.5061311253149
36.5785269569976
241.113003598681
97.5976354216341
-328.808146961677
302.615019897021
-225.537766572174
-345.285299757793
-351.798931527916
195.332170386495
396.646017368638
343.070954689167
270.898269037934
183.653383266495
69.5375670680439
51.5311874013433
-18.4148791985996
484.23621249577
158.80773290429
247.890928323208
45.2141956169884
272.411597808227
75.5108013854484
-233.639835723955
189.822798722083
78.4497647336292
-172.406327062531
-61.4914158621959
-151.794418022526
-12.3460766708071
-413.356063215598
53.8292232863342
-84.9036191470993
-465.457410553734
9.75296027090062
-116.642885817003
-179.340803197003
108.396746616989
-416.921571252002
-207.361071417352
-239.568570081933
-255.53276795254
-300.790119966872
-213.311212684864
-196.507127944548
109.489262945715
-214.956292043154
-463.158551988185
-374.324832023238
75.3799859912365
213.794604455327
274.686894171045
21.6506889822642
167.264644291358
-139.90986039466
-213.404042864082
511.071258682905
197.504052949894
-139.175615036616
-135.510117806435
-418.04508136802
64.8015842186553
-447.026153215528
23.376878222637
-24.5835748065524
140.669599601106
-414.649527466299
122.982222824147
-150.032802675571
212.025075661799
-121.48087761396
-260.450530269851
-43.5497951890466
12.3658558165899
-232.052322512198
-221.129998915129
-14.6762488110175
29.8592354122695
-415.187710189115
-111.662615814729
115.594016149409
218.180602915864
-668.915387215454
-386.506706595123
-372.872569361315
-228.581328858899
231.397485991537
-401.746849328434
72.1890960098167
148.463568169368
520.113382221262
78.9220989221779
318.17278597751
293.678798685193
301.235064984061
199.274268904681
-438.358279542015
551.071439938374
-9.31279749524997
247.223978824323
-180.340820755128
100.536347249436
211.10355743369
1.17333852240989
-74.1813651603545
136.739583996497
157.051941616954
-62.6303959784823
-145.489643862786
-396.870103532292
313.156543859664
-209.191166862025
193.848899640687
-44.5045410272503
320.437207855198
-379.534913941466
-234.685985199574
327.09502656405
69.2613932445975
177.293880459563
-19.0283802243211
77.6630775399589
-180.987726912563
-233.957357198972
-415.222324126194
40.4378586104054
-122.841642301181
156.975547051791
-15.4487374885198
-597.385678241446
-328.791649070562
-92.1721050715133
-370.198420950414
83.1712548901495
53.6436692936803
67.2358436899845
83.8304103371813
-229.13528841337
-260.438365534507
-310.423925832262
54.6947351085826
-102.66703888816
-429.283733197182
4.29430012921654
363.22300335763
-38.4525951470074
164.031492740988
-234.649129644383
-316.39890212873
108.397391758235
69.7217053220622
552.657291071276
-680.560805308051
73.9767477228893
-208.657713348765
92.770125720644
309.719592687345
161.332326547819
124.175871692942
210.327365384382
27.1857063144024
72.7525846543689
147.393742358714
307.286641064099
173.902262309009
413.41738639376
119.555043074133
163.147709769731
-8.19506275609911
-47.4048647989676
-288.901267640567
729.74368225959
-179.351550422058
178.254338410329
-5.67029601428993
59.7832109474944
-291.976238497555
35.9410990583997
80.3330311737927
434.67708776792
-16.882412681875
229.371884820144
-39.2929764340491
103.483627709386
215.376033871553
372.323658235014
-32.9580915490133
-97.4010903347724
-173.631892072628
340.978267628655
-100.102249424008
180.328628656465
-199.140079502004
394.458409931941
104.940957691848
-73.8886380484565
-53.6629030685045
-250.727787536468
56.197868157875
187.166409200291
319.724375192298
300.390400983307
-451.480514818625
23.6643893519715
-44.5125928093039
-100.820098651141
-414.131682048553
203.025199353459
124.38647468691
-32.283854122868
-179.644967926933
115.319821974056
61.3305985553438
46.3395820956891
-169.390339927097
189.577405026002
65.8557987598823
737.924731133529
-252.110816608636
120.735950573613
-289.994695411563
483.429858915989
85.3976696413843
419.271291203342
67.4739389445784
100.147204207217
-33.894627620449
225.258200705496
305.259108515014
-431.239784041811
-71.8582776354905
362.436630226421
-89.9868593022141
672.464021188346
-79.5631182089366
-152.246286581639
-74.4899642797125
215.13287983539
-225.62498894186
16.5033815583756
188.059247180543
-10.3160861380831
193.219913575789
-142.686571360935
-190.507892936628
136.052602887548
-58.8101065297258
558.676591162734
-290.360563717203
436.79402028044
57.2293347768779
375.013563108447
-109.570331970939
135.168952588716
-325.190328346248
32.7213173670688
-417.868575448462
173.515214461182
486.218598171793
-110.124539243814
189.579727697331
152.107763119845
-77.5009517757922
-264.613616436354
216.695454253562
460.192869261821
-231.72865210653
-225.562759744847
537.23207065622
220.976616711178
-114.557749467745
276.104909822281
-64.2026578461138
59.9757515743033
-174.082780593701
664.312592153602
-335.913143863777
451.056294573421
-275.745077655006
-260.173033350526
-452.915775080385
567.766016212611
160.016764207023
209.958316506495
47.9881307180687
-45.5387458943855
-315.819264012741
-132.661495275473
305.445958098543
231.001865396393
-59.4020197868489
-294.220423281049
65.4191003091978
164.202938705913
-75.2025083764511
309.007237982028
-489.999182431867
-251.947328979285
412.779683611859
202.947439396736
-517.943717441278
41.060334087606
51.5419459620377
-50.0329574945309
-197.429201457967
230.062557418519
-23.6198485452492
99.6628177611302
-394.424236928776
165.420603869143
234.444532709552
681.733100710538
122.992452251962
-107.474271424197
-73.2517454257716
-104.181076035972
268.714220910198
195.674130399088
610.76422501222
-333.341166672345
257.831524061074
-26.1266794326258
-138.073584602075
-29.7233128053142
96.4940581520664
-103.965942164223
264.857205299491
304.353236518023
-463.162499906706
201.565415089375
327.719320669651
152.878540731049
-341.556497074525
281.289122065626
10.3027677923636
-205.006271016235
-110.879040111049
190.020378271213
-56.3662623862647
-161.967221808274
-226.513711779185
334.385419306896
250.406962368283
226.153377251228
-168.22465003963
10.8082240576784
-248.750851086308
-86.6843641662276
251.155694123182
-42.2805950590954
621.285439378883
663.924983769475
-60.016434098047
8.05774550323295
364.10682962732
0.737219833636829
526.820598412511
427.666431981347
128.469981136022
-276.487804231547
-348.131907018539
-125.242194111297
-108.958595686624
-262.457996663908
-303.160084456816
221.052859779463
558.606961961934
-159.974129733396
-90.5646101241734
-464.331422702445
-193.648422691655
-115.066872399642
-346.925662492925
-87.2710608698516
-138.855451083995
75.9409019543444
-100.182691320464
-274.659007606372
-377.868980830222
-464.037472742556
636.713456430166
332.43335537123
222.371311676827
37.8341346818259
93.9323463460555
129.38349092984
9.37922780225199
-354.609944983495
167.96583950807
200.152371176088
-444.130561331489
111.652506438267
-414.357160178564
163.986123842815
-308.945193855048
-231.907989425638
-96.9903081701451
-18.792498311545
494.777554597738
-179.507006267839
-333.890317121976
232.004642780625
116.072458734269
266.910162811844
-227.674234176947
77.945601569412
-353.957922885818
538.962022662779
240.902909278294
341.576962411601
-121.385201432681
16.017011636512
14.4004384000169
210.332946010155
229.073789136465
-226.968478748352
-157.679431656551
-18.3273689187836
-267.937970498947
-546.747755644499
-355.864182622069
-367.832457628803
270.997509948338
398.837850492799
-180.198699952275
353.945989335938
-140.923408801276
224.590586154128
-307.853809699106
-146.929120074496
249.99876381953
-248.976866258688
-409.136875721626
-364.026503553528
-1.74263149830873
391.230511747608
206.90497075012
370.195457639024
-202.318931674847
-531.658685993979
-97.6869350771142
-468.495289358873
-234.106143747251
1017.65015108407
-80.401535409504
412.058988702011
99.9556106832369
108.797309911344
-466.735653309701
411.077961158228
33.6053797981504
52.9261015454518
-251.905438189982
55.1752373639391
276.905046733795
135.957978421076
194.618512938121
182.942717914053
-176.976005893791
-304.884171239077
246.693208650061
849.144340809905
377.586246658501
118.647201997907
491.740177834366
251.392196255719
-30.9219006761213
142.92409683825
185.591681077528
365.859861181514
232.463337990561
484.762955132534
14.3742825086688
169.262484396478
587.154777855274
508.108984009052
43.2013116532084
498.793377231938
-254.227277418043
-3.6533711242678
-34.6430998159414
544.372156173347
-759.89443463853
-16.2738765408238
9.938671255022
-604.187609139874
-575.623688100535
279.240538957725
-701.554340263557
336.60652050428
-151.891099775886
-113.747674007
-192.341620313725
-91.2487255714003
-125.323905361184
-174.604093795317
255.305778933134
13.9975124393355
131.478281788331
21.7967930551127
11.139667603151
41.304075927633
65.6144372746934
-57.9050102017752
-46.6261525069645
-510.299788034508
197.44529755045
358.85957689044
-13.2606729785324
-73.9608755852561
449.486127998447
475.561851970622
-87.4311605903926
-520.407375058253
598.58851948163
567.511683495539
-229.84349397366
87.0536646333949
-287.696605771682
302.593214545442
-65.5698921105673
-2.63788400871732
-639.526175032777
-88.8096463234071
-408.1713232668
170.758658769406
-280.982019873765
133.891443786583
565.814635038756
-187.760088406418
-53.7923694166629
92.0663303719037
253.339894725039
113.432633464692
-432.715089288617
8.12043891599407
280.656169536975
525.21638747334
150.567421247657
11.5136972499735
-405.670336984583
-640.997146072351
-650.227327826408
-36.6062741188439
-107.91011342316
-44.5579254606218
-60.8007220137828
-540.346196052362
141.738119541019
-112.978663403563
-63.5546267664653
591.186154113506
-210.974007128458
75.4514111917888
185.933891880196
560.605359939079
-133.174148402258
215.687557961552
273.453274737991
-3.12298638095093
354.69258136225
-127.627532090402
-215.816958028279
-107.007988012253
382.825675978333
631.713813241478
283.34669738615
373.391856818503
-302.376219989753
-491.078141953176
292.105597593886
366.897616560624
132.106645659507
39.9079551860887
-790.411683711945
-210.861182859235
-189.863117021651
-427.964095042136
-375.529099252202
-17.4152567753738
-255.402476859211
192.912377788349
-489.74827205851
-15.3999126329125
-299.85277914995
-15.8998683225966
147.784792390188
122.806336832426
125.934821060811
260.718240524611
279.196609490045
199.966555903822
616.432627144167
133.66641908163
-8.65816545419429
221.023291544658
319.038374278209
326.957670139004
-134.91731700249
148.283225257414
473.614797205706
250.058254481545
-235.494087684751
-63.282613857443
-123.32852066335
-470.53014431609
-298.121306613226
-253.437306346273
613.974606881689
38.79065390366
510.929239331995
-129.652251280171
-400.629986846593
37.0547399323543
609.60752111202
-518.384122905485
60.9047127791602
568.850193480778
-210.638962517324
-332.419535936132
556.420061383884
630.354760739596
836.489179813157
-312.279885695726
479.899731570903
128.338987593931
-533.132012387691
257.026260967092
855.490473555673
241.712196498288
182.03122274593
-82.6195494891436
283.364474203547
447.921142458588
-671.729341353996
1002.63653613341
-184.70802853656
823.57841407961
-506.527524169369
308.773289861238
592.912285809979
218.604217057145
-424.290862111113
390.491403431727
217.854598570274
-904.03679445954
60.3270853751229
-29.5667175631347
-87.1376769544196
-882.79350486958
-664.413304813658
-207.304863559916
-761.546262383039
-569.765384148196
-243.542808657251
-331.0232403373
-636.392638187923
351.802157749003
-320.6208492074
-93.5793659446297
72.6663773381809
411.208067515618
-170.548355232453
439.794411611547
117.874690052971
145.961085271521
-178.148721300192
529.907994364826
266.622112773692
18.8450781470322
102.443215617749
828.333223898239
-461.627984039449
42.9963667255232
357.036124650848
80.0939585685411
-13.9042598378564
380.453505806118
-378.60508621342
-113.378506296021
134.336599197475
-62.6954050846991
232.438635366391
-257.53008441031
99.5827490706639
-413.857711145745
252.285205867444
333.269200559551
280.593337678488
-399.16597486692
90.9029924822746
327.259685866034
113.036938906674
141.207356821882
402.333472708433
97.7982896497083
464.733382830288
141.895398324794
181.639556979373
313.483664206995
-365.912344894468
-206.767430150907
26.9919894944687
-679.901602261039
-323.740403185928
653.306710088815
-363.661901034865
-129.368142761277
-134.644508936536
370.313628773493
211.136249815927
3.92585954841678
-532.434050858921
444.880885490126
149.890501835066
526.040125537476
574.661957351674
-420.360785491903
-74.4060931838236
173.344011837982
125.556610612459
-68.5325165860916
-172.029629373086
-240.098874419237
-407.922343907997
553.190602817111
175.024691895889
-57.0372401409741
400.152757310723
-51.84905254523
-37.9902987845482
-170.003552351491
709.821163723689
-140.850637933065
135.194838908469
-70.2758750542192
441.346480545629
77.9816146157074
182.246702398716
-284.543475804487
-30.8795139231964
-975.536998530212
-485.718256773844
682.332811953288
41.9069030720815
-20.3140814142413
-581.595658350635
-59.5259344742112
146.999528755229
-112.588716143972
-133.152671245805
525.062724262082
-227.585459529205
288.247304034993
168.939378595964
158.481712366371
-579.565006897531
-162.397083223924
-250.284201668196
359.644308395538
41.9843568694206
453.131896943566
159.222668846163
723.410660982772
188.452868167921
1191.10916898766
185.012885156944
-5.99729412764529
-337.695283386984
-179.687435391681
1226.17634328295
-364.362548237243
-257.590399653244
88.2104295347063
971.99137692233
-51.5304899252925
24.8998776727131
238.12158136482
316.147764650542
8.79132282521759
70.8643835726179
-214.276166691341
85.1906792597982
-129.88482303706
288.342144823592
364.67401289672
-109.35310298562
-454.251827932468
-774.10824811451
378.303925261461
-148.000662024714
317.696688328889
-326.945238836207
-347.141272963293
466.112996925138
-260.577788453605
22.9441597564361
324.220019948255
-624.328107883791
-474.621282855016
66.631719796382
-649.594886354166
435.750246440179
457.569172048517
95.3068906048334
185.970812789556
21.8808407314798
738.506284108198
-5.11359295332448
154.020075741374
-123.805547834996
646.557608718798
44.8606244381197
412.489358369783
423.627612356909
366.351074071514
833.891008929584
115.844704920128
240.795555160646
287.618993613026
793.221682526989
630.935379409574
149.239565844294
742.680037945224
-9.91522811935749
487.110476745727
-62.7311567914281
682.77802074203
407.722748053196
-83.2474235604827
-196.416938553407
-140.480895166791
494.713762415007
-533.889207658951
-570.420490185806
-263.716780354973
-287.139647520325
-615.48274260479
1.32905789242346
71.6551325786748
-153.82787063109
-657.617324572097
-87.7309728834043
-20.392695380067
157.448614657245
-1000.91461764498
-398.135626176583
-413.559007448257
-561.713874060648
-1277.73641453991
-576.644599336325
328.112286054253
-48.7294257254422
-112.318502886329
185.621769959154
-223.546095221841
-56.3345245638453
561.432361767191
569.752253614897
-231.716561884844
480.168717530977
-311.199171247656
9.73065101301117
765.307543301196
-98.5683019626229
77.6009150292031
-146.26070064018
46.8754326918698
-376.033584851959
191.971357654699
202.605885601511
832.664165589163
724.912501779973
310.327895986011
-31.5261196756421
-801.740823218384
498.949062821726
316.994796095728
602.661161154749
387.30159893589
-431.616627234655
350.096760278034
-40.9820267522898
894.436586149428
459.554728602246
-194.418090649406
-212.999791605544
120.684624131698
311.046559893218
356.191920500621
116.469890113808
588.423621666387
211.124683945876
1209.36748079485
99.7308955343591
-24.4526375714267
-535.230520167757
-19.7320263433939
-334.529962496843
-421.073012788944
-636.440580553258
85.3435353336579
467.969835960634
-259.184425506113
-208.73527245189
-296.516672281113
56.1095127637473
276.436429945885
141.632041146226
-243.465660063254
35.8203896069792
167.730190893189
265.529612740955
-474.774339513662
-709.365033450942
-851.304608766068
157.188998580542
363.242275640994
248.432714599009
1011.28423050916
391.829108416163
683.968154983934
319.124301313811
-845.917269250505
661.580992081456
247.138366099343
124.730429534302
-291.843332235542
242.415023177437
-306.482853733211
55.3181338771119
-216.749914517816
-689.885938776847
-930.325387419318
-7.34922282085284
-465.995689281908
351.20807203091
209.500341090116
-495.602868353653
-149.994150532878
480.768473468774
31.0041877364982
-297.884899016602
-732.656787635279
4.0575284111186
-420.277273456928
-888.917990293641
265.957888368697
419.366783768687
-158.389895775595
905.996028992289
-117.395652394032
655.89023358671
173.472113029906
562.716475041205
-992.98538150376
-263.143088737431
822.471383396378
-1187.66038613481
738.638186677936
166.021047698873
290.375487954949
340.661525674775
217.737029279788
495.055063971825
153.188369112961
-311.783697384743
125.493193193442
67.7102255463931
595.077472266142
-15.6548598950466
-413.077825651853
285.402192938723
736.292446774124
-1560.69970083441
124.621640306628
307.673816550737
-862.845321995604
-680.497764540657
636.795903808398
336.084152852839
-580.275945843628
-460.805927038564
421.577612778395
-464.752154135201
-113.068797612098
418.234255377816
106.954908225815
936.770409445031
8.21310799973628
114.606528211115
-211.867439069339
601.355983883188
501.201769014211
-130.814239886818
-196.603847028796
-33.0684478451853
304.343161041758
388.707013041952
573.878490463282
450.724830252071
1177.44237085227
-304.548785587158
-45.8697906603997
-77.419852314413
790.431147161902
79.3632648217392
902.212147714156
1384.16943057283
-535.329082229311
-442.567907810481
-575.651891808855
-44.3860040759922
524.400918851305
709.221967402139
1019.29613249748
918.338966820169
-1364.51824977978
-62.2826252988084
-538.841142995413
765.727370948679
1101.19392932306
-178.414013761482
348.915867750239
573.98947445359
542.778699767387
1329.61374508887
679.409890914078
379.040719862861
487.496053829003
1309.20297632735
-473.645972858671
-412.597877345242
-370.190142790862
-237.344808686844
364.910297274056
181.699495775185
695.599010986082
774.288063474659
894.533322964306
-684.216938052575
-234.50455588319
877.396176465561
468.775608246765
-40.0162994907235
-220.927789310991
-501.653367310706
-555.238443975574
919.676781396551
912.635278552164
-1561.6224887636
-1032.86390818669
524.32683208928
-139.724698725342
1483.39033449699
244.588577242492
578.241278945793
522.730944444447
-1083.847968219
-931.409452843635
-1014.02712590538
785.490740480932
-475.161828838143
300.584336829043
207.420438673334
-147.127825380716
-453.866159302589
372.952730778471
-438.964520909283
-1152.04218782236
790.295714034168
731.70744746695
-54.370967766362
-315.454513347129
-93.5334971448134
591.998838923392
-1213.30136893672
184.742783632057
-2304.5926511043
1235.1897082209
213.322571305525
-399.146384964424
683.794367983149
891.543986060762
118.154997853674
409.090724897134
456.265500049191
510.530367798863
122.612668470211
755.652134246345
729.137848938494
-177.030787870445
-1222.67183961533
-361.237846760251
-808.244780832435
744.746978949582
-501.887207216298
-238.635249429071
560.389625089568
-361.828856822319
1129.57233296516
260.936960324284
504.787984893446
-38.0218410401588
11.4713119363652
-492.996254384118
-259.653293179932
-422.30468751539
74.3856153034347
248.160663297126
375.46036348987
1857.8714197859
652.855838631644
447.596171881121
-1131.66066051804
-276.339868028299
-437.232659802643
-511.604585237654
-830.325395251937
-1043.2617805268
403.049878623583
-165.997378144088
-443.582386874589
-468.425807954255
-511.986886986175
-7.21116795206262
-219.461753713091
366.975593432569
-399.928035043915
767.07017929032
877.825133158266
1022.96863842045
-45.7796110043354
-535.019836387262
9.30074763460307
-626.318721122873
152.484634682108
-331.094538922272
1475.70946150437
162.721041115011
628.775152922964
598.31192644118
-137.588438393733
-295.772112066167
84.9940135755286
-920.891392415038
-359.685797862791
296.750695980206
-450.377163738181
-1308.1173017756
859.726973716236
-295.777307503438
-123.323378526597
2.02725559879923
122.480889626799
5.68403104525458
313.383404400051
899.986253741522
-568.86553942884
-1828.82729182707
291.375094650884
296.898861618096
-449.859908286777
873.498422768135
1281.16336081871
152.878532437016
601.723339337203
-580.645531116153
479.136128007866
940.876259488155
-32.9611348421646
216.923346128779
-486.416971455749
123.21133009225
-2032.12927812058
129.388710559557
-611.134370736404
-417.436136217407
76.1410642092745
-398.921096053125
-456.745522197725
-48.3417168649171
-384.337944953692
-637.15042932299
384.076811719434
-843.141511089088
216.3018883782
-687.653326591316
-256.661119093105
726.902152332847
-107.436627871056
151.864910405624
22.4762108394565
619.503997470152
911.443420746296
18.4911769132469
-1142.89485684025
45.856997240878
-204.948128582122
-170.390459897811
-83.1352159654598
494.284794179091
678.318317535005
-93.4570268504526
-842.44087403251
878.074358765329
509.55134644179
-253.360093893966
-75.1516130152862
36.7091910718116
72.6801762898597
539.819321424607
307.880063318229
-565.70336374399
346.737267018062
-518.995509229229
763.779597713625
-115.317449910812
-81.3116811414421
780.533008985012
-124.940154835592
186.023834734432
-946.989154831446
592.398272186787
-953.267124983948
417.873359103827
759.126704354826
-576.522251783065
472.962235071603
-699.367147315309
597.878639091771
-72.297998851246
-263.639338996632
379.778700651914
404.778891778701
788.207136385075
-938.704443413954
1173.33102534798
-468.424131241134
222.260269552689
1749.95932149277
497.396553660716
-374.64064724751
566.551674538267
102.89128925385
1005.35481248416
78.9358134696284
-620.784139661907
-115.745969409023
955.516017845168
-207.481739487481
-286.044067817982
1083.21886329241
-731.865951989268
96.8119308072473
-245.791504455288
1021.72408259163
-851.474267889049
-105.108098740446
605.181398368086
593.6623879697
-37.8438467835578
-223.788682613945
-734.384738301113
638.212809616618
39.6983411960624
905.606092960769
69.7464293002799
397.513285375793
-234.582685358331
-864.166348874015
-679.314548276089
-25.4847347196563
-1163.44222015339
249.847135094664
-242.227076400967
-1325.21413483064
606.214143093271
647.660341635561
-809.762058625369
388.240991507022
289.519666740036
468.56632916975
-61.4985874114924
194.689308213231
-136.767834286773
-447.169662628673
488.461635974513
-193.754389433923
-81.5061151380967
550.162923927785
375.758589229694
656.088671812388
155.77117022733
272.269323673596
-16.0603334758683
-472.864458305279
898.754517616197
-1053.25008819805
-1045.78649129714
-1717.94578241877
-686.339167735402
215.780451399093
-4.98641584901074
-783.098965791416
45.68046911982
176.779110582284
-1158.79584816824
-451.666167031021
-464.660319153496
328.051188735392
-968.916994945337
965.060693930872
337.255312278132
-384.853349583785
144.372838994784
358.715905906184
489.642999351766
-391.363043461739
-288.974029989199
-383.678204367429
-135.702892734023
933.5133730522
-1126.87537337568
-310.629681484085
-190.736977687178
182.357607524991
378.37899122024
386.830061044338
-547.935599764879
794.996845032446
173.256333389309
254.409851792485
378.870528472319
-337.023544489576
99.7384503049781
-394.589045427937
-528.906867152073
498.122061615993
291.733684768273
-267.593848661321
248.575749866339
97.6148690822766
-227.329218811119
878.597842623959
-951.173800049731
-159.246365450138
302.777795460247
443.720881143349
143.014716245679
-902.61288272675
-132.82682658852
1.05982096922598
215.424230610478
1166.14993246019
369.610415094349
-560.016487856997
331.310013816411
324.718998617649
519.445286806605
350.089906582568
-1355.61240683003
214.491990576931
774.525032757517
-243.161830015766
-376.903366847765
919.514296629052
890.724578652316
530.108526660699
-859.605685464159
626.174139371096
-248.044797233829
64.0736064887581
-275.730314846833
422.013281332929
-1034.5323443869
126.192396436195
868.378261234063
-376.124384101573
611.255598328158
272.523490873104
370.111480929731
615.147540593526
-260.964183844487
-67.3818355636455
423.373717286979
274.959864307237
-61.1300248900671
-175.594232573266
-833.838330660211
-79.2554861493125
767.440929570307
973.470333551781
-154.613746436481
978.360944301886
-968.0276562809
-41.2712589770511
-466.543933256162
455.883728191923
20.4128824515274
123.613396195926
-224.948403126339
250.630220857586
1037.36134370247
530.71402229591
113.132059782185
-270.938939164846
59.2736661309044
460.919983772084
-1289.5975328449
322.365987004087
318.240429086327
823.877525095381
-936.242759943887
-67.400954692366
230.32197329311
-643.119527609738
234.29616452031
-631.956673316798
-1332.8341061547
317.698915266528
88.8953281917974
427.909806679683
-49.7965585532208
326.216973297756
-736.030503669215
-187.660062579504
978.921119094659
159.463621703507
-187.286683015669
108.4668474142
1289.9822285779
1117.35065383608
-1169.1532854859
291.762631108167
-158.017594046455
519.931859652679
-716.100675401159
-20.8799531178313
-676.126603889885
-326.778782783266
-437.151568178935
-21.4303530895522
122.453391198741
899.537366740956
104.623341761902
-33.6693231738505
-541.097600546578
274.866346715732
-821.743722584931
24.8476335402053
-253.042461789832
388.154130310247
-33.4378942478224
-302.322705784357
-301.300509254435
236.863109353608
-111.600919829348
-311.662836454045
664.496970683352
6.22278768541497
-357.227122551226
288.220684008852
471.299770307108
-401.846825588685
-817.568344466599
-6.14148303935784
283.985750344104
-703.899231467439
372.507566275374
292.851459003242
298.698469532478
76.0739065129711
-62.2638526409182
206.332812304562
347.730923197364
-109.103142091852
124.557411871619
-457.816320694013
-78.3323656185108
136.662076263037
-654.562603254558
1370.78808073778
171.935753875396
331.449760160137
-92.4363595523164
1199.36791788062
-99.688944008621
-320.286143820824
33.3238843001906
152.967771108376
55.3453798733281
782.822612181768
-479.65277232029
-881.92994959982
-752.921964760994
90.5209791048857
492.154039625332
116.880065770639
-138.295387638715
-242.556796998213
-681.042301382878
225.552961100693
547.326395692654
353.526105251972
-261.136802549135
-230.962214911262
-1459.57136871868
472.324899498381
552.210593339135
-580.220933303945
-351.508129225029
-1128.92320954075
483.975323377989
442.117756274974
855.902192842949
125.911082484902
-256.016215022239
-239.427560570119
-520.236296809991
540.783208827999
-292.692774954474
-392.842898056815
-89.6621267497434
215.614342418664
-148.497292116435
-1005.75128632456
435.734314825003
-723.291527687968
-631.423591322554
-15.7380385213034
-500.286167976064
416.930436486414
-112.895116539359
204.979247290867
-587.497962776727
737.645890371319
838.44328326104
18.5826476517321
-791.403400865161
586.818371231322
-383.484665590853
-948.455132136555
-442.324321605112
-801.878321141072
80.1841190658006
35.9162383684654
295.204426067488
36.0320987817777
-26.673667533888
-42.3385057626822
528.562546012647
-210.787628736084
-733.037240375556
-455.680463971272
-1282.07170577883
890.738775745387
-133.96240007581
-56.4313338769961
-962.396342164136
433.014897613656
-707.81049000972
628.960766793791
460.985518495433
-776.092130539262
459.36592912567
508.770351936614
-282.338979689292
-507.647890194275
-475.442358376836
314.187279040119
-242.091332922862
37.4683618713631
384.682560765895
-600.997749686247
22.6334220144822
631.222937178524
-311.882086365568
-33.3365909144246
-321.484533154526
-999.977864180148
86.4045901398064
504.318800112587
741.389673656113
-65.4176941382743
-686.164559064419
181.589294518078
-833.419279298596
283.637957644888
378.740750202181
-681.47591569573
