196
578
-359
-799
-808
20
379
-211
225
-220
-655
6
390
331
-271
-99
-1056
601
276
-622
-505
-862
430
307
798
104
-67
355
-630
677
44
-244
-100
67
-28
-727
318
-389
-782
-17
-424
454
-7
-34
-460
383
574
4
-1027
522
-490
-865
-327
-363
-127
-56
-27
-251
-182
194
328
-405
-821
-460
-917
777
-21
-255
-742
135
-513
529
176
-589
257
527
-588
-355
-227
321
-337
-83
292
-300
-429
537
-105
-130
-306
-529
338
378
406
-348
-705
-131
-637
49
138
-347
-568
-1068
28
456
-665
-277
-40
1199
-486
74
-165
-604
-151
-344
65
172
-550
-147
-154
-71
-593
-10
278
-72
242
-284
-239
-245
-160
-76
392
98
636
216
245
-258
-145
104
7
-200
610
296
455
-476
-69
33
469
-159
560
605
-55
656
226
-295
-212
200
-358
-266
-85
123
-38
131
-104
72
-543
2
185
-488
-28
-172
-406
-79
215
-154
62
315
-72
-345
34
92
790
72
-264
-592
-12
-72
-213
287
-128
414
-17
192
-80
-71
-352
-163
-269
-176
-320
182
-63
-250
-7
5
-701
-314
-796
-626
187
-85
-310
-96
306
-526
110
123
94
39
-548
-352
485
441
208
-648
168
-167
-429
-16
-117
-22
-28
-757
-41
-128
190
280
388
-175
-264
-190
61
581
-180
224
-34
-224
280
361
-209
-549
-427
-387
-72
-77
-367
-240
-160
-327
-536
-288
-404
747
-410
-213
391
-719
-103
-176
-480
716
-829
-1304
-186
-526
-882
-55
12
-612
-842
106
-229
-746
-44
311
-786
-391
232
-384
-664
1049
226
-195
-419
145
-396
392
-464
-661
-102
-494
441
-347
-195
-1158
-348
-468
139
2
-756
-76
277
114
445
-399
-222
83
-108
72
-665
-336
781
-36
-655
-328
-243
-506
329
-96
85
-331
269
104
-214
-632
144
-187
-210
203
-379
-139
-576
789
-479
323
-482
318
-316
-518
48
-287
-34
349
-580
-136
-298
964
531
-210
-195
13
515
160
-31
-658
-54
-194
-260
-620
-416
-7
416
-219
471
448
-203
-330
264
263
-119
-13
-34
-622
118
-287
-548
646
-71
-280
144
-97
553
-848
-141
-500
-16
-177
-202
-32
-757
330
-794
-572
555
-600
-327
-104
-7
-88
-406
209
-536
-378
851
-211
322
-220
385
-12
-217
461
190
-336
-426
-441
-370
341
-515
334
-595
558
-440
-263
-64
-743
-34
-23
-108
-708
128
781
-66
463
-306
75
425
-599
-72
213
-565
-154
-179
-6
-117
-367
13
316
-374
-551
-173
762
-44
631
163
239
-213
-518
504
-328
-218
-1056
141
666
167
-146
-279
-249
-79
-312
125
36
219
-266
108
-187
32
-327
181
-84
-119
-111
110
296
31
-27
552
-818
105
-664
-437
-288
436
-655
336
404
40
-786
320
-18
-6
-570
-415
-252
288
-245
-200
56
75
-183
-886
131
-483
-334
234
50
-412
224
-84
-363
-117
-38
-375
548
-377
165
-148
-204
597
476
-94
74
154
170
-23
306
-235
-190
480
-195
-315
-539
-59
237
85
-416
-424
103
-304
196
-774
-556
-685
41
235
-292
-286
-163
-12
-22
-90
-71
-684
-165
-145
-110
-414
-81
-254
-620
-646
-155
-687
204
-168
-56
154
-427
355
-175
75
-167
84
-159
764
-603
-386
392
-271
-500
-34
16
223
-345
-16
-244
290
25
-247
-139
-761
38
185
66
150
241
195
-681
797
-460
462
-34
237
73
104
-549
19
32
244
275
-311
-43
51
175
-176
-3
-314
17
-351
-46
-533
799
-602
24
103
-137
-131
-3
156
-187
-165
188
20
-182
745
87
-283
-296
-237
310
-2
-75
-336
883
251
226
150
344
-323
688
-91
213
823
267
247
202
-386
597
-116
-358
-38
329
-191
297
298
-168
-260
480
-286
105
108
-19
523
70
61
-80
-247
-234
-139
-421
-576
192
-481
-319
132
-5
-232
-244
323
-35
-377
-168
-52
-731
-100
296
362
167
323
271
-362
345
40
-479
36
-206
-8
345
-469
257
-20
-358
-80
43
-149
280
-447
-462
-286
-28
222
-325
381
-579
229
-252
-15
105
133
-160
264
319
324
-572
300
-404
229
230
-150
202
-120
-77
72
-259
5
-242
253
-99
69
223
-326
-128
210
118
-35
-228
257
-639
-427
215
168
-331
309
-219
117
86
-672
-42
-242
-127
25
18
68
-357
237
-343
-208
-444
-229
-433
-156
-576
329
-238
-205
-186
-635
210
149
-405
-72
-41
526
-772
-504
21
908
-416
-119
88
-281
-640
436
145
-318
360
33
99
-281
38
-792
-116
138
-207
93
-669
-634
-78
-210
236
138
588
49
-252
-137
120
-996
-319
438
-100
-676
258
-304
-414
162
-139
-422
-846
219
-491
-532
60
-110
224
-443
116
17
-254
-80
-80
378
522
-187
407
466
-245
-235
139
-15
32
42
18
470
-624
169
-320
504
-255
585
341
-41
-230
572
19
-64
294
141
81
444
467
-117
-220
386
224
-148
-228
127
4
-302
-442
-686
571
-311
-308
105
281
34
-504
-157
-388
-285
22
84
-261
-143
-328
-68
-361
-45
-193
-9
438
706
-522
-502
-244
197
-362
-130
-94
-332
138
-784
-120
-286
-672
292
-201
-268
-54
-404
372
-176
82
87
39
13
38
-49
-137
95
108
428
-241
387
-252
-327
109
-137
-399
125
348
-743
27
-227
237
-387
-220
-77
-75
-329
10
-96
-207
-376
-95
-701
-396
-132
124
704
388
328
-214
-23
-186
241
-85
-180
137
-213
184
13
261
-247
218
-112
62
-527
-441
140
279
-108
1
142
-197
141
-341
293
148
-62
-165
331
-436
-280
148
-122
-503
-386
-117
-770
392
-112
471
-332
-586
-140
-136
-90
-9
-168
161
-165
-368
-177
-132
21
-497
208
82
501
-164
360
-232
-8
-83
-480
60
-226
-255
-258
537
75
-505
196
-40
-262
-143
221
245
-284
432
-272
-69
186
-174
-103
-318
236
-384
-125
384
25
-188
-280
-313
47
11
-72
-132
-42
-122
200
-7
-29
-48
520
-172
-366
-152
-285
610
-205
-120
8
-62
-238
94
-122
-79
162
-134
379
-261
-210
-169
-87
-364
16
-109
-345
221
-133
-119
39
-197
-244
-16
-290
-182
-295
-85
-138
44
-108
270
-41
-359
-269
-48
-188
143
-23
226
-243
-247
-6
23
-167
-154
-278
-83
-181
315
-271
521
73
249
165
47
-25
221
-149
436
-135
91
173
103
-90
66
221
-233
279
-101
-355
151
-57
82
-70
36
-358
269
-180
260
-44
163
-56
119
158
36
-319
132
-248
553
-39
-146
-136
181
25
-28
-164
-87
162
194
301
124
259
44
98
24
-243
-202
-164
245
175
289
64
398
441
159
-140
121
262
228
111
193
159
435
191
212
286
246
210
-108
119
-121
324
18
361
-334
157
-71
320
68
268
-124
292
-101
264
-267
-81
-158
110
-113
327
-64
288
-276
194
-159
73
88
-53
-1
259
-109
294
49
26
-114
164
-12
268
10
225
-100
264
-108
274
-60
-134
-159
270
-108
137
-47
252
-220
274
-13
278
92
135
-227
99
-130
192
-43
192
-131
107
-140
213
-42
349
-18
256
-190
271
-235
174
-248
249
-253
226
-52
217
-72
193
-121
1
72
293
-35
-176
87
-124
123
33
144
-340
166
-116
4
-39
117
-120
87
-156
49
-163
165
-31
140
-80
38
-164
42
-51
216
160
176
276
165
20
203
181
168
143
262
-35
176
258
234
226
225
38
292
104
302
36
169
120
175
98
180
166
195
271
201
52
-29
162
-79
112
-242
115
-95
201
-87
83
-186
238
-158
178
-86
256
-133
199
-144
4
-23
165
