755.811330541831
247.65970994757
698.11853245498
-505.809296082443
-124.268963160913
-799.246758071674
-781.921057014709
-409.128517349759
-736.576176696217
-595.924289641015
-734.305887841278
297.998449983482
-915.494016745377
-72.3951399610752
4.38902968574769
-4.86847995350877
-1176.17624445565
166.264296202006
736.496360150431
-193.775062852057
-689.301216808538
308.333587499327
-2.7739319026652
-587.165431722192
-353.036537892292
-1601.72606744278
-688.985932824765
39.458270809187
493.545490519482
66.0609693265518
95.1988282214017
268.762703918967
-625.284839861015
-629.411632973919
271.447145352215
-206.155527769076
409.685549880769
-652.330741207598
-237.927074035656
364.730119116489
-598.359553008414
-215.763730677912
189.138034219404
-547.959179417545
-945.152305001128
36.092805562105
-489.082917907173
-867.456254876596
317.41756573368
174.813352912084
-377.698618399582
-1401.609350566
-449.05424035213
-951.993381643045
364.941762480111
-196.812304551442
-304.56577427165
-239.886259000307
-130.854256642842
-364.872336697788
-317.068382565914
-251.905363484103
131.977580903667
-474.692753484533
-459.813757959766
-65.8835527077191
50.3849552196413
48.6661911480883
-1128.5664148605
-135.089465047935
122.33916267616
126.025833751194
819.748939941721
-307.372459171967
-437.576077445586
-464.789021406245
91.9141243096857
-882.777050236307
-108.839411382198
391.229869632638
-566.044863638907
-471.758851624755
685.362345691919
-602.208672368039
-569.145363115978
564.194607654152
-84.1524603097843
408.990096556581
-572.067233977411
50.4573056076149
-48.6201925730482
-428.771044229418
76.2677267810796
250.629292171929
409.258369555086
6.82235997049122
536.600530927615
-503.958485277805
541.299069267647
-218.87047122754
378.019960249855
-479.50652843184
-639.910781646683
-642.256495527648
395.193759072331
-127.213982882521
-946.373039021943
525.036688158363
-656.686088315439
-18.57180530345
126.387530178496
15.3260092606333
474.502389503323
-399.660185740276
-550.338379861764
588.493352055726
-172.643045686926
-989.445458264479
-488.213988165589
445.133380359183
340.02056042175
-523.527528275862
-772.067581187799
255.235107371059
350.194274443801
-315.512798328532
-806.209378459272
-218.174052495555
135.009230313344
-403.465051146076
-380.165327328956
-600.540596128609
-55.4898474382167
-61.0924607500656
-377.971534002567
-571.488358548218
123.982552682304
340.259278688305
628.067916749472
-173.161417318717
642.216788677873
-326.904382607395
251.627550788133
-217.142891741743
-419.618919783582
-774.544282542901
-83.248175844027
248.097567621026
-134.140860998779
-169.160205634671
593.491449092973
321.772813933142
-862.766011131926
-34.8413744741478
-233.950077316735
801.821601174252
-611.855397810443
56.2797149124264
-593.783710575561
203.097571523984
-534.65216411173
33.9235379400451
359.140024811594
-180.549810473799
-413.045993277332
-552.068653148799
-378.240230719245
144.576329151313
-653.446041837019
-549.257354104304
13.5925432918085
-1556.0222483035
-56.5915480426877
520.064750585966
-74.5548507874841
-61.5424755084881
-164.495884408438
-12.1586343378285
-650.223570752734
379.772882794199
-762.217929905469
23.5085323414942
-272.355742265044
263.891365314777
-176.062481379482
339.614674094539
801.22027855596
-233.249157191233
428.5888564324
-314.547897165528
427.901258901692
-381.869503355797
271.562169590563
395.444194031782
-501.474193866509
528.955302062999
-620.880993392994
267.242468169506
120.844395357304
-76.5548193125711
203.372553458014
13.1442667106703
650.975773509295
-212.41329440782
170.217988648266
356.599784224893
-78.3455539689146
422.612738208554
-109.648368101931
246.452670953869
298.878774692482
425.425412841936
-814.622335757739
804.835949418894
-361.236838929625
-880.157428126859
-142.978675685864
250.240070445028
-300.963987494832
-486.6174816023
-761.20199500797
-448.755419231939
389.068589668205
62.4556201175132
250.004353457906
-297.648742380955
-323.094099077411
934.112981804191
468.258551540587
427.496730557741
442.573595037867
-15.4695488870471
864.635220665213
255.259048088297
158.286882715105
-323.03055447675
116.645803264991
477.523254715138
-672.362383368646
-560.98862159104
-314.133251999448
762.116958762626
-205.957941536012
16.8275388057144
551.790266733021
-242.583709090982
-390.029808887246
-334.483623793289
456.365298147111
-638.49639096814
56.2802494547869
71.9662408565899
-986.972419234239
-13.8338556249215
-36.9706689513342
382.517144531193
-744.855764662939
-72.4875981467379
-134.463771130597
-624.970551506718
-191.240715527054
44.7525305449911
1201.30590038981
-526.754559530332
61.3404782781628
-223.369648626358
166.533455545797
-111.385195682505
-525.323884696003
163.306068620997
860.492805681375
530.139173214449
-392.521473178492
183.24502092946
-315.341435491845
144.214983103517
79.8676348422098
-143.083161200416
-230.980445761557
444.678565330215
-324.877956952988
-11.7669972334205
696.415766033472
-95.2845004188123
264.799671123271
-272.545629921444
110.812136573955
438.413577361437
668.963628733626
497.089126846046
142.833369962499
509.347390925979
547.665087234794
844.647969227826
325.223572003762
-627.926799670428
-308.828753991664
357.283820898702
-10.7023889877221
-138.760303203474
-715.918579477398
370.137569937586
1049.3707638083
-264.061194718276
-748.937970638378
-259.878110965997
1.50159363381702
-160.674857718329
-134.705456975393
-1089.73980447965
362.500504827198
-123.912458746051
91.5566257907517
188.896759108364
512.516415286467
-487.396061192153
-141.579926691588
-136.895994767687
258.540582674547
355.79172389245
455.32101467273
339.012937155942
-185.020598438511
329.523504078049
-441.878307931989
-172.546617826081
150.216563429563
271.701737596096
97.5385682809619
-660.289868859971
521.837643442171
-20.6538691197782
544.771977321748
189.160820853049
483.96189750054
1243.85603697625
96.1236903702752
254.675380974713
-185.199204104784
14.5445373051031
-557.677354565175
711.487710579403
447.043308181166
-70.8312704038615
-370.246200195707
389.614326291474
-340.226283625991
-444.797425392814
591.035253836599
522.679853785772
52.2056796249241
-597.607468980124
-119.106703413087
545.150577547032
504.037872684696
-123.316137063171
64.6028527594714
-659.005614541275
-341.865208411392
-583.773882928657
107.044476581319
-7.67148535571096
305.46344201178
-131.94772439478
-409.261785607032
223.314249005852
-967.328226768418
761.901215555414
-161.030404650028
-528.399910620556
-1267.69360453671
221.812010217808
506.454198133483
-928.727001463073
407.179331373454
-338.899830158885
-99.8338446831735
-252.420987713734
-355.962665385683
-724.203715202422
104.887924298886
4.20071854948469
-125.05599655797
569.246485089679
-215.984135545593
-516.334990508802
596.595348734622
-156.894704146033
300.045910239762
-361.085237531994
1109.73900635644
584.478264416513
323.427160285898
-421.256660560741
-122.610165522668
-389.939806978473
214.029142091964
-543.477747385978
-314.546703585774
-454.490940293629
339.20272812859
-399.317523933436
-654.328967979174
304.672749319133
470.268202345365
154.182824261969
-943.815617409542
434.58636205993
395.631255107868
94.6571379393637
478.830326374785
133.897265869018
-265.287760998856
533.751375340845
1298.5287465785
11.7715354210992
-7.06539615035976
-976.431060692931
988.6818205569
-107.633199672807
548.29475357848
721.964433190948
265.041616430465
-776.198903890664
613.386929895579
-286.659491619817
826.214185851959
397.380448521111
126.006778969464
-424.612616796514
226.332010770229
-322.627259340522
97.6931214075701
297.083488098196
-741.638952672341
-361.261024590123
9.19994221511048
-174.927654305712
-57.7109362342027
-40.3819427327737
56.0013180304595
116.707242700584
1048.1412397065
308.06240920452
76.6841886757188
-449.898638923286
-35.7390910779478
-473.117135690416
-306.694392007152
34.6927390758568
-0.158480956729719
-106.88315311605
-577.018704998751
476.8865458693
223.610561232101
-511.731657345033
-1333.72189625002
-1521.03934313517
314.306524244305
509.383193169711
290.883991854297
126.594066511473
292.844920337645
-494.971913282851
168.948311295884
308.016972582107
-477.555429378995
710.852674901554
148.507186854584
118.290045761081
-122.94195031604
-106.779018254914
568.016414489189
162.885873444765
-775.617498764609
317.093980201214
1195.5389620244
102.283061472926
200.02681139794
-835.424238192189
356.582937542188
-262.134833189467
56.7111155215502
-649.477049614398
535.003502541877
4.72624458172993
-17.2784926361639
-24.8565825869786
-347.189978084894
-474.629440606128
344.974722598632
-171.946183758975
237.076071321783
-17.7733999108422
-824.658391683223
-539.422261578764
-1173.42606996911
817.504949750538
-720.67536680248
-848.212701912699
319.622646870243
52.9169820030422
-19.3598732327557
840.955554242689
-282.56501189595
607.9178157331
303.495020212796
575.757828293703
1061.13132181013
-1352.02679694291
-559.41932783124
856.812292121923
568.994367648482
277.012779934936
97.4105730261932
1734.02196695156
280.984208184969
-326.90597179516
-544.279472686258
152.132644738651
-478.210342218368
-1.44403450363146
603.033124974802
-232.982393820432
-296.21290272173
405.840950883106
969.515018382097
-1337.35754122716
1631.25986073276
668.681311858609
-252.367241978607
-514.532523857298
594.59110141789
68.6786967732716
1855.64124234927
-440.822233504636
495.399546742825
-1609.14201768505
1667.40382383742
234.06935296662
317.381477725261
-483.011366205749
-1399.06191903844
1176.57580295229
1903.73687200329
-1141.82632213794
1422.60668831181
-213.055874927687
648.481224484056
-652.019774927172
418.101499618642
-418.796973223286
619.888392118355
-86.5676899787006
-308.015930714781
193.862983776274
-833.180347652405
199.848502645696
140.998322258914
-181.53304544574
1063.41485191789
-838.527030371322
1136.26065626567
136.561260751271
-425.307162171456
780.962194969772
-921.491978492071
-305.733215755839
-335.572994929725
196.251353866837
-88.6636144330209
-406.175970080748
35.9460389790319
892.297979780144
-279.374172066129
-241.438745599942
-1388.67806331674
278.087842350263
-331.089993072602
415.565214165202
-305.188552547566
-670.912214036662
-804.355535207779
1393.93450158789
-1475.69845418905
-1178.04970519531
204.832888764871
-1293.10102665845
441.055290294085
-100.31484019152
-84.2043277673291
780.135542100268
-749.035357275311
89.2769614416693
756.938382867468
-480.51959646829
-1.66912636716181
45.5366429749132
112.677373755359
-374.992757903392
1166.36430527177
1228.23292446948
-602.875891549984
-6.52988477830513
-584.773294733594
-699.956213917745
-403.115534376007
-945.091012714858
-22.8041706516959
1372.6782964624
-960.8003145189
-880.355183820941
389.303099430562
859.198986335389
540.160400903907
-541.038202521634
215.150490928352
79.9197602562274
-259.165689169709
-199.150794941963
1173.75218961101
369.751914247979
534.092579647819
-748.350495845248
458.083206283009
1739.75466849221
929.46290380544
-1174.12274607106
-481.85083339917
-738.572403150911
206.464875349544
-503.674989475162
411.946521345876
-1213.60731673713
-403.692403554515
-871.103469435442
1013.82156201014
436.426430864583
-785.658210324914
694.161792477337
342.240614548708
229.985029222681
316.177799336535
-100.186713426585
7.31899632790743
-990.612126614325
622.173526994287
-1023.65603392517
505.6714893937
-1381.54665745665
622.181477841502
-785.379045164275
-882.242997812218
-653.730214312839
1989.81399480563
-1156.95799215913
-96.302182679856
-1184.91071320694
776.205743549515
183.387794850657
-341.915000310528
-990.268959404721
-1552.28333830581
-648.447453965527
-174.907145938383
1553.76234419706
843.128337337874
-2174.55713776219
-68.3112263486945
1298.76648449922
74.4177001055002
-1266.9538269832
-1009.24234325724
385.818480556581
157.25994214054
-1076.50206244205
-1090.13044917931
-601.470058802055
62.9200234630454
-3431.60751017225
1338.19419208397
-1167.86619584217
675.270934433301
604.897829758119
416.600956809705
1909.50242989991
59.5556056940489
1828.30285420402
1.0667332270113
285.169689743156
1222.35457289901
-1121.72439104782
-2748.96605798353
892.144319212607
-755.281599130223
309.064468948094
-854.374352375373
-458.817542570906
-212.536941889178
-655.368294485373
264.621329381335
587.965819563782
-2484.374192516
1371.5308919036
375.389499977222
-1111.5169981178
-2182.40120925637
1746.58434979187
110.323015924809
1638.04650026064
-1656.54529337812
-520.219677220934
14.9704598389982
750.976231108823
-1001.94053408787
-1480.73980215647
1968.20967539306
-1749.70110899941
-668.463706305481
837.665568469678
49.2620457046401
-177.00222690658
-943.199509230434
3693.85392474371
-2504.76559637412
1118.89201496463
-1401.14393401187
343.709245393068
-326.13815645673
-128.612239352544
1661.51620086191
-2155.48585392812
964.274490951125
440.064364934138
-875.769932523479
1485.00105813476
3979.41995982215
-196.180059529195
1322.18858350571
1189.64122722661
426.195086178417
-1860.09820585588
266.055037530365
-21.0833711968199
175.496964365284
-770.091544717765
1032.5345604519
726.268113757704
-851.688762752962
-1659.8864584614
-895.885182867985
-2642.20862442936
-204.059615827944
-987.694796767392
-702.574444555918
150.2105183524
112.949268641352
613.256717120028
977.014102333076
-376.565660040186
560.573378737153
-1099.06466440013
-1398.03495317588
-876.626496334351
545.472831260105
-177.412408524562
-914.83963812321
-3397.92396793776
118.552833440978
741.997812824864
-1344.75855858159
159.302724296583
-970.01622784567
845.945638108975
1994.4961883722
-2414.57019178254
1324.99112661457
-1556.86357569024
633.993058451562
142.221243063221
1574.07143812884
-639.077610074822
-6.07271937069653
956.060972681782
406.596544485391
1809.43719610493
2705.32231754113
1694.07231729778
-640.273271358016
4679.47261992776
70.9464077665298
-1099.23801635915
1744.26710747094
3372.82196570032
43.4367915034571
1610.4449649918
-2893.57133852803
1449.42085117631
1770.17112670399
13.8889068194808
2025.01834041084
2589.54623601727
-965.997510902425
277.524961781491
2525.82503347175
2204.93260978088
164.808692131387
-238.635883147783
-3478.7496561815
-765.268644662798
-818.748193820434
122.546551533805
1951.55459321416
1882.37878247204
1906.16855968108
1713.72039977347
-1280.23290120958
-1786.19579475852
1476.86413668388
-2057.54814716757
2897.73659124128
-966.49111863822
-537.479937578045
-1268.58857694263
-415.984667942846
2139.11441368671
756.175465441217
114.456110276116
2335.40840286266
-2798.7886056265
491.20773627466
639.31869749041
-315.298145132427
31.8560361379292
-332.427077592028
2338.26024446269
1205.03643553375
1942.218320751
-341.294061484917
338.633256003851
-540.063817629894
-1905.5619546537
-571.49957471248
132.696341846325
-2375.08811747555
-515.311493795371
314.052328168962
2332.49067563249
-1308.21492285393
-601.505693327
1692.80037278751
-1817.16603674453
1572.10576789364
-1837.90037684736
1769.92148089548
1532.21207645848
472.41443285562
-2503.50248405864
-1139.28775365679
-1302.2293846892
669.167593333073
-379.123331114326
-2300.44394319264
345.878290203067
2721.66174921221
-1213.90221085836
-2633.40198130634
204.910508047706
393.044263717555
687.645214351532
-3120.90323819249
415.704611222604
2070.35097193322
1775.22624909443
1766.88138721245
-1796.20622779056
30.1022518405502
460.655230805399
-554.585527431492
215.141628445551
804.742220988125
-2803.86155779676
1684.358372224
3.01870463667854
-2373.71277445903
-878.233281741812
1059.51349992734
943.477641608096
832.781937652092
-483.132032121143
-621.276895762077
694.25225742913
1529.14002906066
-678.042434671381
1157.05471399441
571.529196488597
-386.921284758532
-690.623965734029
-2219.82549516872
-1638.92189029044
-2030.4835671912
231.079316027386
1613.91535034469
113.762326434247
1028.67159903586
-2008.82688292324
86.164399003008
-2315.13618718668
-1701.58517616899
1188.2640178138
-852.306847645323
-1070.88773177055
427.920411925932
-575.495388494258
2304.36397410144
168.393243004233
1188.48674145772
-619.212941871962
1919.94634090476
847.086954253078
770.82441414296
846.206258259151
1916.30117525347
-1281.29850832176
1152.0361258427
-623.121960122065
-3037.61586402128
-699.795650664607
-1592.17873184299
3970.8337267995
-908.803291909208
-415.409447237639
-399.425885542714
-656.537471405129
594.006383170076
-1320.34681796511
2814.39966040072
-298.328751524548
-2378.81304984307
-770.665522209484
-885.001171732921
1430.09109044694
-1111.61731039056
-225.284919094572
-2348.53640437818
1220.18054060504
-474.436778170737
-162.482552981505
-602.009306044653
900.359024284315
-70.8123750355264
-465.74562506356
1465.95283321766
929.672590498501
-601.764140084489
-1078.18637622606
77.9038931191797
-368.440942093562
583.294190092778
1713.30147230507
-508.105193989367
-610.315589496717
1592.78348281241
713.546669650171
1197.70100522758
991.054536748046
-810.035084811339
2094.91793786914
452.701091336789
395.883240645792
917.930595415874
-1616.28173071303
1696.04899072493
-1829.49299369484
-179.979456602987
3130.18938208821
950.078382604774
-214.893038681383
-1152.03612054536
1179.15982518367
-1181.86211225704
-493.205608315281
-229.543165844156
793.753908583997
-450.309744252209
195.641190654786
-958.586265789257
-1504.9326295745
-252.545034110059
-1895.8909022677
2.47267719219883
1937.68663267135
1825.64912127683
887.514895751946
-986.363072516713
72.4528108978461
1072.00088269602
-755.787226724457
252.12181153298
1474.90653912411
-695.218260643359
-1041.23314926549
94.5755591738695
-1503.22964494048
-1166.15172111331
1007.3230722846
51.990009847813
-678.177412458581
-2209.71574794203
-1208.82188204589
455.243768597851
438.544439033617
-564.093307947656
-2705.47296613411
1492.76087714584
-833.808275702566
934.914445701893
-367.230312984687
-1364.47431647841
71.6169949727785
720.203007858631
881.865563494208
490.56738402353
875.553156017888
-552.081676768549
-2313.17192700873
-795.480519625042
1423.19671701843
568.26312752235
-460.49155725921
1292.2120861592
343.073864986017
-228.120623681024
1259.57112533282
-1122.95266864484
-576.022860227697
-123.140688315857
-347.228084444602
1520.05865519865
-1898.20928532601
-98.8872379645871
-722.710432718353
566.033498264421
-922.75936934675
104.214459856529
-1949.89714033423
-978.001307966317
-381.755272494018
-705.874914136759
-301.133848035689
-611.015179097578
845.566910709412
874.419797776869
881.331178923917
1158.33451679116
-935.420437876546
-800.120621618548
2094.66111195266
-164.29228328232
-634.482855789111
671.672073839279
2180.52857763276
153.306024538194
-60.9679137829513
349.77756545646
-619.906116987293
1248.61295165236
1382.55516735199
66.2381835646438
1519.6673751128
2258.2286162898
3377.07941987929
-574.623971180671
-746.52218961338
1170.12548825933
-1148.59714777282
-1462.26645333075
1660.93231893631
220.222366143748
-2458.2581758147
1559.40397140865
-1297.6995143643
-1436.77564033894
2254.96657744559
-1218.39641576488
-916.292319088751
856.444398125872
-559.198991346417
-2167.94075397261
394.643711421098
-1335.25950640905
-903.704951033794
-1055.28354100963
-1927.26953813816
1501.09553391631
-1460.31279314633
1631.59220929088
1201.59591571953
-1031.90383640512
-428.821156078213
-713.094824812646
1956.73996934851
50.8053293059119
784.285863396099
-589.070748309781
-687.940574485687
-1233.78762032128
-725.104771197589
-205.261085432912
526.992963758349
-1014.81309164716
-805.33944680582
867.337716711927
-1335.0208998888
-990.808060408597
-392.32637159663
-430.937666739268
-1626.43572457587
2619.00410917461
-1022.4419917967
658.498876005189
-1174.5151774394
-2432.65433056785
1669.38309784417
392.366687865559
1359.13726621592
-106.092071155305
-1594.5800288706
-70.5466801319117
119.508221083017
-1169.91669198689
1627.15050269301
-2269.85559984521
352.268323370432
-9.83597799888047
-766.880093597611
-272.885352135118
-439.445859122884
-1878.41745897185
828.805606943587
2258.92964869866
1371.00668788195
-1377.19449543791
-1026.49693597239
429.139689099611
1041.48290502903
265.105683479023
-3043.56715749119
-273.319874734884
1300.66900233492
1361.84661395477
-3208.99870460799
622.014254242171
-29.047491440783
38.890283308205
1797.76758578559
15.7277233967561
-519.622143011967
1964.68469095574
-647.230912358277
-1205.05165113641
-1240.53990169838
-1613.11104811661
-573.134065008723
392.861101503372
257.759990892418
-178.128124725119
-791.674987087425
-2017.09900899715
934.292231494331
-1068.67451158489
166.432699979106
984.315555165728
-450.744300458799
1057.55933454625
-139.988282983507
1412.54333109762
-936.229547324955
-394.493406052226
1403.12243290092
-834.944955021505
-1175.09451755061
-318.724310077579
-690.029792366865
-1497.19227603168
666.563280870264
153.104755033081
726.231990266917
-657.323506391186
-955.062324171733
-1586.22863774782
150.486032298156
1418.35537056852
-1738.54941779991
933.459261763069
-959.673535171254
-970.854974668855
-225.599037581862
593.227236201487
607.021306558589
516.892672738193
-552.194479048028
475.02485759655
-1237.25604198414
-52.8259131745889
439.989627916137
-575.917534831557
-1289.78072437302
782.590896493407
618.099879454863
2394.00478051377
306.099628378859
-625.402073004653
-174.060039502952
1649.09915756523
1014.53751484981
-1595.51541058869
217.439958956129
-881.077969528328
105.732945360517
-306.680945083407
-356.664971601018
-692.610210018659
1215.01093407426
-301.815721723437
1059.51600610205
-1543.42519859602
-1082.04450249676
2406.25210294812
95.0794149356024
-1215.65004541078
-1415.72647072959
484.568037885369
1031.1480134808
-2029.37449520596
452.97110351609
52.7826367528905
517.662203620504
-625.31619153545
-1120.13727251731
-1327.49610158886
-989.864073344829
102.236298436197
-2346.52244127083
1389.41895905692
-1379.30498945535
267.719923258331
-1516.0004627513
697.919225664043
227.308408017389
-989.12920810929
66.6749610968198
421.130950091794
1011.05358137818
255.939767381327
-698.833003519128
33.5919796078543
140.941099176991
-760.813368023291
-839.479705655758
-1180.4908117685
-1746.65457623483
-958.272489979682
406.122310702191
-1128.76793343883
325.681755779466
375.657459286108
-785.287747326616
317.033640464337
-216.548645091862
469.623079703567
-1280.92153454925
-477.121448695951
-1313.63687271162
-61.5854646540153
1016.99587252401
-737.299246749893
-1460.83034080199
-1182.41150457171
-830.199157643587
-431.25358293158
932.586229171071
-305.406576409114
789.728385986088
94.9719163237367
1606.92868646843
177.303282125432
-357.38231917246
-19.0074206024381
2442.99170954575
2268.01124685583
-1856.80376224036
-90.4236014290967
-161.702459427225
-325.185975394305
-718.239637568217
1014.07248133335
-1175.23966551109
1442.86798140587
39.802468687969
-2292.46283726804
-66.0627131779573
-631.812326739843
732.848789143147
-540.623543567852
-1878.19100396199
743.294346659338
603.229097447754
200.240852889802
-1375.72364126739
-791.341643716877
-228.153065307344
-1512.94507595198
1490.86799505573
202.808823079734
1167.70921033407
1563.8206165344
924.014609077145
1245.32333525065
1498.44713759246
1722.29963477883
-119.82485933737
425.3167101855
-226.355677694692
876.702472773477
40.3141971865243
1307.49942682147
-492.497057731443
-247.008389931144
244.270163941889
638.484848392865
-227.560870193951
-1457.42160243411
638.167459738237
72.7405604202525
557.564937072784
406.273043870222
30.6907143101735
-810.531757143817
1815.54454708066
-339.999095200099
1550.00249317422
-637.035580710506
-1042.74389841148
-64.1843009544556
697.424793330917
-315.84756541669
-798.812193366366
-762.704586417509
1044.69017296433
-135.763952022122
-112.488597688388
-1338.94786808104
-286.684427195587
166.692736843575
-591.337956356632
-114.602076966909
-46.9699371702146
-559.626861161805
-711.601065767715
-456.233283960181
-40.722489443034
264.223969757523
-179.699976619742
270.805006780655
1288.24879466985
738.302422640259
-756.143621579976
-710.268369906994
140.260779342863
-933.897787255565
-149.151904576683
-990.990421396091
-891.268691904691
-575.638322100569
444.427072034527
249.080501027566
-450.358528054505
824.45896005385
555.915167170878
2217.4291854809
-666.950934167538
-1093.91959385125
-154.949395732214
-189.036753916948
-370.881788986669
-474.925211830398
-85.0751762376968
-777.573642006965
-192.610768060302
556.776839971439
1590.1315898144
-177.426557947826
1539.84761343796
2308.21207497092
-151.462398933257
-2302.12863478539
490.756324406061
-348.812071323843
-672.369884098335
696.669356782236
1151.42509039525
440.386982391332
-95.4424850887185
-1328.64170705102
-455.378804166981
-1831.92429635352
610.131922762499
1207.34182057747
139.48933137554
1724.49667834271
-883.043865946929
1542.25739576334
540.882239413142
-509.318389946459
-698.86616201883
-198.000339940101
-196.782913050246
-1613.83904169164
597.275824753738
91.9220496058663
1072.87669697412
229.97238304667
-37.7694550693617
-672.52428135893
1377.60042791603
153.80213953866
99.7255887521852
378.478896968714
1143.32485422128
121.18479000134
1072.82282663925
-505.401886224449
-1539.22838933941
733.519400479657
237.508935974212
106.757054503664
1219.36594361616
35.1769280517395
-1067.97686910392
722.827954193122
1467.48606381142
229.311540115503
-2308.50669941302
147.154618118613
-88.0314975532707
-596.910421477319
811.200646482519
890.376939652306
-600.542167804419
-1189.23942340856
-530.793684784527
-40.9776968489097
1144.18319320404
582.252181268527
199.65143664791
88.1568465345008
-532.589157523969
204.737575168267
-1151.04582537275
44.1700187265186
-322.447387043488
264.203660613923
1787.08202926552
-66.3374039982853
-404.088672602103
-714.087729967505
-24.8155604998864
2159.52807647987
-849.822360006929
-25.569653807387
510.57578034732
-50.3027750461802
350.796733180956
-500.860631959723
310.213639191391
-665.024777020221
652.089088397868
1090.7140829857
-1599.48764251114
402.564372877195
-301.527023412072
764.213930253372
-1329.64048368104
726.447594267912
-580.076654422206
208.876046178657
-923.993375007807
1348.28215197308
93.1147222536366
-603.151083064404
-987.514355248143
-349.790415267465
209.578216982821
503.622765954904
262.337294159262
215.654659809684
-698.543082125604
989.577328298663
534.614945358798
-1394.56382193995
-685.866159899216
277.525543547221
1249.61863826138
-1064.60681195728
1150.12853692723
634.434468332852
-224.949214645196
-868.464510272217
-505.311974255928
-1030.84150305219
-1788.09832455145
-288.058703153223
-440.196210520198
-269.428669130567
-1347.33372474764
395.510130924516
1560.71293924326
-2012.96971895041
1453.60303122724
133.595997382436
217.488279103799
938.353884292028
-1728.70173801795
403.0542346708
-973.663069824499
630.143389877435
-860.721047983784
-2108.23299734866
35.3501651724139
349.512900034462
-842.426723158935
1826.01526043616
-791.311648876031
1110.52288593949
-105.197501299754
1173.94404148448
127.134468821801
483.259196374769
587.785820142235
505.361655616397
-1128.9428953265
1169.29179305051
209.97578678299
1638.79041787637
-82.2610541000472
-504.162831320478
569.479384599306
14.4701475214581
-1603.29900519221
-610.339988816913
508.364192350032
1607.26200873958
626.841513428999
624.659211674143
-136.995900707158
537.071411078956
-276.124107787749
1379.26077570762
-2464.02330306006
91.7372629548642
-417.613577633353
-33.019352507121
345.086446189484
-207.812354682609
-597.221465588109
-879.432390134798
348.103840021719
58.8182670562575
416.817384726269
-1611.25262349084
676.204590382585
972.962147579257
-1071.11123078272
-311.81260486019
-1213.24575507147
-988.064831070235
-220.936472290672
1044.60097289282
-832.359600686464
-464.979462449777
-126.452676690304
-287.195953456814
-624.922940710698
-912.975849761445
55.4872083982602
657.419905796818
-1634.25543004239
711.783770016647
91.681340369773
-879.904834275931
641.573638712699
1082.88259935468
634.356842431329
245.672184717024
-715.231840584186
81.5639055643271
1742.36782042299
-891.511469966734
1192.78394328187
