7.18390747502191
19.1687869701961
-4.16481324267074
4.14606634829277
1.22698676067712
-15.7677191025162
9.33374451745277
2.59430838268823
-3.83199286110409
-16.8167149143107
-10.5563419026242
-1.83697331782507
-14.5448191511791
-13.9018168752505
-10.4334624264916
-10.1840321010397
3.88642832860694
-4.22455593036495
0.2057116803109
2.90077171356769
1.54707036112723
-4.35966324360568
-19.9022737340012
-3.57284504268789
-22.7817821967655
-10.3995959158112
-17.0453973054927
6.89756086837601
0.885550640676342
-9.65871828955233
4.64139712233863
-2.03798743291134
-29.4265287449568
-14.8269259193272
11.9017840271764
9.04141429584768
-17.3438020444654
-4.25379395344137
-10.4302451159587
-12.7283435483202
1.77072020223482
-14.003883413305
-8.82361970209711
-15.063787260306
-15.6636685692727
-9.69178085253135
-8.73825986636208
4.94249782952145
-4.76256587222753
3.58130568044841
-7.92389889418939
-9.53382319416474
-19.5163021267885
-2.52344514515222
-2.58869239955567
6.84164121032946
3.21762301661362
-18.7007839117575
-13.6881571384742
-14.798855550242
-19.7534319329892
-9.77085073063334
7.71724452564698
-33.7281247013422
-25.3778913323689
-3.08189261525793
7.84188859511924
-0.248026221555445
-7.53876861066624
-7.89596944657466
4.74568572355578
-28.5831865023076
-15.8572291257907
-19.0673768051391
-8.37247023265847
-6.42944150353048
-24.7648736323236
-10.7294208375217
-14.6756048807359
-17.3490884143909
-4.22560620546964
-9.28925345488275
-21.8932416624547
-28.7302953733293
-19.2645872241915
-7.3908305141552
-18.3073767287305
-7.56081616825579
-37.0994976300095
-26.2501669026598
-25.3878137381494
-28.0703113857335
-10.3201563140535
-24.532701297718
-24.9133522248516
-23.56447650337
-40.010290629067
-87.4619045996471
-118.836567976707
-154
-154
9
111
26
-8
25
-10
18
-9
20
-110
99
-42
60
0
109
-6
73
-3
89
-73
-24
107
116
-21
63
-4
109
-19
79
-164
-40
111
1
-39
-21
-24
-14
-39
1
-111
-32
-170
-8
43
133
9
75
24
140
-55
-37
59
124
35
145
24
116
14
133
-164
112
9
14
1
14
-20
-9
-1
4
-153
5
100
-30
-16
4
-38
-15
-23
6
-122
-7
140
45
-8
56
-48
43
23
42
-98
-5
137
9
27
-12
2
26
-32
22
-147
-13
97
-12
-30
22
-21
-8
-25
-29
-124
-18
72
-9
18
-5
-16
0
-76
40
-145
84
128
-16
-5
36
-49
11
-28
30
-117
-97
118
-37
26
36
-17
4
-85
18
-162
-81
-60
-107
-24
-21
6
26
-52
36
-119
-44
14
33
28
-1
-16
21
-7
19
-92
-32
116
37
10
28
-17
-12
-18
19
-178
72
114
-34
-4
3
-58
24
6
-29
-127
-96
106
12
-53
29
-32
13
36
-37
-189
-81
92
1
0
-39
-50
-10
-32
-5
-125
-134
106
3
3
-12
-8
3
-5
2
-149
-69
101
40
9
-5
20
25
-24
26
-148
26
93
33
-18
9
-5
-18
-6
0
-146
-121
114
-16
-16
-1
-31
6
-7
-5
-118
-62
1
-118
-82
6
25
-18
18
14
-105
-130
-95
44
-12
38
-14
49
-7
43
-77
-76
87
-3
42
57
31
-32
22
25
-102
-98
108
26
6
-20
-1
3
-20
8
-69
3
104
3
70
-42
39
18
40
6
-77
-153
124
44
13
25
76
-11
72
3
-68
14
-29
6
70
8
59
13
67
34
-31
-68
118
31
100
10
106
2
88
3
-13
-47
70
-20
113
-29
130
9
62
24
-3
-106
113
6
92
4
68
-1
66
7
-49
-126
4
-141
-5
0
104
30
80
-20
-34
-77
-13
59
68
35
96
22
98
-29
23
12
123
31
130
9
117
10
119
-21
17
-96
116
28
97
15
69
8
86
-31
-14
43
-49
41
62
27
109
-4
133
9
-10
-85
50
31
122
1
67
-9
102
-12
-15
-71
106
26
122
14
55
27
68
-18
-71
144
113
-37
97
42
81
23
136
-18
-45
-31
90
125
86
3
103
-7
92
-7
-38
-27
96
7
103
6
99
-7
134
-59
-12
-32
1
-38
105
101
82
82
99
107
-134
-1
-3
111
51
122
94
94
38
66
-12
-58
10
-24
94
-15
93
0
85
8
-8
-46
-37
34
121
-20
142
9
135
10
25
-25
116
12
121
6
102
8
45
16
-21
80
99
74
115
34
102
3
117
-25
-113
-93
129
-54
44
19
107
-45
52
25
-32
-118
-10
-16
95
-27
82
-42
54
-9
-64
31
38
22
70
34
48
40
78
21
-84
-106
105
22
86
13
100
-18
105
-14
-19
-162
-129
-123
125
63
65
35
80
38
-9
-54
-105
19
150
14
126
-28
95
26
33
-123
158
32
124
36
100
33
72
-3
-26
34
104
-23
88
-1
64
0
48
20
-152
-85
81
16
72
25
106
22
80
19
-19
-149
103
-28
111
-22
93
-5
95
-14
-45
41
106
9
71
24
58
5
100
2
-131
-100
115
3
81
-25
118
-39
80
-30
-60
12
-44
6
52
5
61
16
53
-3
-66
-100
-2
38
67
-1
104
8
130
-26
-8
-103
-1
-52
16
22
116
34
136
-30
21
-70
131
4
126
47
127
14
139
-11
-91
-120
115
27
122
34
55
48
81
14
-45
-75
8
11
100
23
110
-12
84
39
-19
30
104
3
57
12
-22
13
50
32
-32
-35
86
3
70
8
64
-13
65
-28
-43
-32
44
48
39
24
120
-3
89
3
38
-155
106
-12
101
-22
102
18
82
-10
-48
-50
87
52
71
39
99
21
115
-4
-14
-1
86
23
84
15
81
-24
61
-6
-22
-104
23
-43
-60
45
72
27
83
26
-8
-110
15
23
172
8
101
57
140
75
-34
47
114
-24
125
4
111
14
97
16
-25
-30
119
133
67
-1
122
19
124
-4
-37
-15
111
-21
79
-9
89
-13
27
-9
-32
70
106
22
66
37
19
24
35
9
-57
-29
90
-1
92
19
133
63
97
24
-58
106
125
23
101
23
58
23
111
-24
-16
-32
87
68
96
-8
96
12
82
7
-20
-98
72
-34
113
26
87
4
95
25
-74
-33
-15
-85
136
47
92
37
50
-5
-14
-93
-44
88
81
27
90
-5
84
-20
-2
10
101
15
113
19
99
-20
131
1
1
-59
63
23
151
10
121
-8
31
16
5
-66
84
-8
87
17
84
-46
108
-12
-6
-7
109
40
53
29
82
-28
55
-9
-35
-122
69
1
88
-28
47
-5
45
24
-78
-68
117
-38
114
22
113
-15
97
-13
-17
-36
105
-6
102
-13
80
-1
74
-20
0
-121
68
19
88
-20
113
-12
109
-20
-42
-126
-65
-92
118
-38
117
35
103
26
-60
-32
-38
51
129
56
110
10
58
24
-35
-104
85
13
99
38
40
55
75
58
-7
33
122
-3
128
6
62
8
79
-11
-15
-105
106
-3
140
-27
128
18
123
22
0
-81
56
25
106
13
-67
15
103
-5
-21
14
87
-39
107
-15
99
12
28
15
-20
-88
72
15
55
23
53
-15
9
-13
-49
0
61
17
84
-3
108
8
124
3
9
-133
121
27
133
-32
94
5
107
26
-28
-99
0
-101
-15
45
77
22
96
30
27
-110
128
6
106
15
108
22
128
-9
-5
-97
101
-6
87
13
84
0
68
40
-23
-124
23
5
75
-22
90
-9
49
16
-39
48
98
27
102
6
119
-10
141
-43
-30
-114
73
7
92
-9
108
-23
83
-2
-41
28
-62
8
108
-28
102
8
68
17
-25
-101
76
17
73
15
96
-11
129
-40
-63
-54
-13
16
68
-16
68
-21
72
-7
-72
39
60
20
107
-21
115
8
68
24
-36
-131
0
-108
11
39
115
-7
135
9
-7
-89
-106
15
150
45
88
35
129
24
-10
17
94
19
96
-21
98
-14
78
18
-37
-138
138
-20
103
20
48
15
94
-22
-44
16
69
-20
73
7
18
16
60
0
-102
-133
92
43
118
18
132
-22
95
19
-15
-58
51
7
139
13
118
-15
130
3
17
37
87
15
84
15
75
-33
104
1
26
-185
102
1
132
-45
100
-34
69
11
-54
-124
-22
-15
33
-2
36
11
73
-17
-9
-166
-26
-124
3
-82
87
48
128
26
-2
-92
-4
13
119
29
136
-8
149
15
-22
-64
-3
18
100
-3
117
-1
112
-7
-18
-67
109
5
60
23
118
11
104
-13
-51
-105
41
52
72
-19
129
8
91
40
-48
14
94
5
89
-46
82
-10
90
25
-38
-143
120
21
134
3
108
27
99
-2
-7
-66
-9
7
120
16
64
49
117
34
-70
46
78
0
96
0
79
14
90
-22
-42
-131
93
13
114
-23
102
-15
92
-63
-64
-153
-35
-132
56
28
52
6
86
-30
-30
-133
22
53
62
54
103
44
100
48
-20
-98
77
40
96
-5
103
1
121
35
15
-154
71
7
105
-17
116
-15
112
-2
-23
-94
85
23
87
32
95
5
89
17
-27
-119
68
20
80
26
107
6
98
0
-48
-102
73
31
58
1
84
-1
79
-9
19
-71
121
40
78
42
36
21
92
-15
13
3
127
35
89
38
132
35
119
48
12
-93
59
59
92
31
115
39
136
-20
-9
-104
-61
-95
18
16
136
45
68
48
-8
-64
140
-16
124
32
94
56
39
-1
-7
-100
126
-16
27
30
123
36
110
-31
-26
-117
82
6
114
35
96
0
103
-8
-13
-15
138
19
86
-9
94
-1
86
-58
-14
-119
150
-4
104
-26
101
2
74
-1
-46
10
19
10
84
18
45
-70
104
0
-31
-105
58
14
77
24
34
-28
112
-30
-37
-90
82
38
113
-3
96
10
121
37
-84
25
99
3
116
-39
90
-19
106
-21
1
-119
23
-78
-37
39
101
36
130
30
-5
-75
30
24
100
26
84
59
138
1
-17
56
108
30
87
-3
92
-9
38
-24
-6
-73
124
2
45
-6
130
3
63
26
-50
-3
94
-11
72
-13
143
-8
56
7
-39
-107
87
24
75
5
97
3
120
-13
