3.45388707516153
3.53088345453347
17.879687771007
14.0939030457446
-15.5684537366027
0.603363168867709
17.1584563311296
16.4295485227512
17.3988868826905
-14.6386496977065
16.0744310077948
-16.5988355715722
15.0366211441005
-6.02894450861045
-3.59142785962841
-13.8483682780188
35.8366079076879
-8.77389165196527
26.2100823390937
-3.09807027573916
19.4064540841507
7.30287517669171
12.129588132716
2.99783542200761
-14.3738492352588
0.85561293489066
41.9784531610621
9.72363536151933
20.6200387939856
-11.7462484415103
15.4196560594325
11.9011120155533
18.8986213286448
-7.33401452344894
-9.26787121514489
-10.3309810489909
24.0498430850772
-13.5821243957421
8.54569981717361
-2.00707909717414
-5.34174637062129
-6.14365699261679
15.7344431199109
-19.7158429707138
-22.9751932938772
-3.44174154946683
9.58192071320223
8.14205798869811
-16.3983711161292
-9.7613085697694
-10.385031035932
-7.03535748998992
-22.7625232147889
9.83086680520145
-75.6002032276554
0.375238823814733
13.370961593979
-3.39901963501528
-26.7335688461187
-23.2956392387333
-27.8062974751964
-7.4108973894659
-50.1180422010007
1.25957685046105
-63.1174070366588
-17.2003808181802
14.4050631077441
-1.65076623625788
-38.4466743303702
-8.75908313851268
-26.0197022185831
9.07490408635577
-29.6950757296671
10.2301599109701
-55.9383182216801
-5.36582442410117
-28.4830147551787
-12.835156245134
-60.5020080732255
4.4859115184063
-43.803416966327
8.28217939330447
-18.5416912127161
10.7480015841878
-48.3660006131907
-3.38408888197129
-23.388936937549
12.6741786305616
-18.0288231914124
16.4648291745226
-39.1399146730395
15.1007863988988
-35.6725008185113
11.574194101544
-25.3392614234927
11.6423371483542
3.1676851132848
30.1493715475074
8.48375401585474
-4.66586160460739
-16.7350729103113
3.73202636025214
-18.0296087925964
11.1975971949529
-48.1850770862361
6.49499103651355
30.4265827031077
12.0250360703622
-29.8137335284503
-15.3643588996975
-31.0838451681505
29.7982322185989
-37.338412786988
9.76796194420345
-37.1604870123249
-9.95451620108823
6.89343928791375
-8.70552963845651
-9.20611270487589
2.3944967179671
-21.0527704162924
-13.549184510771
-3.77529218812766
8.45567315693261
-16.1642395718639
10.9078436837232
13.9582514736223
5.92338566936296
28.6732889545155
14.600557941688
12.7380821892623
11.804370765322
-1.95903542500535
3.32758010183078
-14.8625041279212
36.3638152844284
2.08647140113885
29.7848825892179
13.6645168153362
-1.19160813211434
27.0141323753332
10.8123234176693
7.23568125366003
10.8341409170949
-3.70488639141035
-0.252292511988257
25.1925380285124
12.8068309935432
27.9237638064217
18.9664250794203
17.4687159183482
24.2733396239685
33.6767453716119
9.44413578934189
-14.1760877374796
6.27958071472009
9.94288355430078
9.45093562730215
15.8758703654062
-19.796524116628
30.1051208221403
-1.96304729258977
33.0003465485514
-3.64239525332583
-9.30179749813877
12.7458675214927
16.9840866175505
7.44859609587757
7.57569140013832
3.2249210295841
23.2679449653274
4.15268196021
39.1165298517639
5.95742597065742
-3.84907141425166
8.05111394814505
16.9613442299077
-32.8894633641484
-6.11252220649079
-7.44264101099905
25.5710634251054
6.351296237079
25.1420954828728
-24.6291399276644
2.71551646575225
19.4847846872345
-2.58292449392424
26.3842167390516
17.4568783683158
-21.2189545009896
52.7788967803255
-21.1610646812641
43.5778853373855
3.63259289552584
-20.2026027783832
9.34268300667719
29.6050690005488
8.44228897290012
41.9739552610503
7.9864278423152
30.6803767833882
7.14458176853227
36.1093123208351
-28.8388708457146
17.2413026999796
-21.1314876020522
10.6644335992338
-9.39848359617285
35.9142006149036
-2.46844090294073
35.8256438903006
-17.7029657027381
43.1485992701247
1.10525814199287
-11.7053849155068
18.2634372260471
35.3930858667555
6.95253656508424
20.5613615504108
9.1464134727687
20.4642655463351
-3.48144246404015
10.2422102375969
-13.1309161985969
13.1402530602876
2.01068445096332
30.1005553117176
6.88030286365592
35.9153837593459
-2.33281002765499
19.0988946365736
-8.03811918542461
35.0904124848556
-15.2249580300011
5.41113327109984
-23.8941337521848
22.4137995666724
31.7852197449572
5.46081161245833
0.88404475353377
31.3193329274097
5.41202452169683
2.15138035238744
-6.44781921512275
-18.2449066335792
-6.31081924807492
25.1803086993948
-23.0202241004979
25.8539143921647
-8.46161334063949
15.1633609754389
0.640918224988681
27.9599059237052
-22.9309565881317
5.53534188974662
-8.88995793216638
12.006158832982
17.2822989612554
19.2932989725627
18.6346930070164
25.1765800780609
6.44136877549823
13.4686664274179
-4.36843507509931
-15.3875968883296
11.8073557334753
23.557728326794
21.5550829878564
15.8204968379212
6.31292424771018
22.8918495111489
7.12143937722281
44.2386289612652
-12.566684171448
-5.64848460880983
-4.85620460509913
-14.1862703583757
-18.5880184889156
-10.7990651176168
-12.2043330952895
10.572263150266
22.7922806880185
36.6766350384826
-2.605113182611
-11.3222772497194
2.07537939706426
6.24148344667292
-3.85296857013346
34.4051760148145
8.08640789340653
35.0642655159481
11.783896556298
42.9355544342461
2.99953998990526
6.19665524780719
-9.8859697894322
47.5812578516195
3.36492510969973
47.5040311824892
7.14905981051534
41.7843816264278
3.12484278381319
10.4395635053007
-0.702079207432058
18.7813116938402
-11.6314305573887
51.0917094613059
10.3225961315178
17.906539027882
26.1344153950749
22.3341468425505
-6.75983635140362
7.34979444304882
1.60040301324135
17.6812247143864
-26.0359289170471
28.1387644309653
12.0536349811245
2.07203835418399
-19.2718965381025
27.8294018205594
-8.80201416291348
20.0362108306769
-12.4716126007416
-16.8272876849592
3.20737744427258
5.84240623378849
-15.5466206259552
21.7799474776418
-5.58353867866873
-1.96705931970077
0.678089547880753
20.7188458981281
-8.46237267562015
23.7301775092898
-17.6818602140749
22.4613637331789
11.0695973982141
27.6656380202675
-17.7719236715716
36.6699419721811
-2.28188672763764
12.74993454333
7.83080769198005
6.4163955488862
-10.3434211296894
19.2697893958412
2.046642221017
21.9287528975468
8.32207025853622
58.9651037963409
-12.9161609727823
25.0152856215081
5.68758350560432
-24.8136819187809
20.9858920092648
11.3902954142458
5.21005682901251
52.5331796257829
-15.6099760413325
44.282923555363
8.14832712534863
20.2414875393975
8.37204602119063
-3.31062810348779
-17.678138297835
20.9352935371533
-1.37796272493785
22.6916561006558
1.96506629632049
10.357013938003
14.9091228675958
2.59642321777077
-7.05773047319565
-4.76449481215902
-8.5612917634063
3.041899096137
-4.01614647653938
-12.2499339975605
22.5756219034964
24.3252096589489
22.2157077842998
29.4557042900717
3.37139860566614
3.60719402514647
-19.6105497615978
3.74802645043767
16.9841134052468
36.837797284462
-2.90337648296211
32.2572386614788
-7.6057138664277
43.5453147439391
-12.2997368780126
-13.1841175545744
-21.1598746770369
41.1687654891936
15.2211051002287
10.4371113576611
-0.955949215271833
17.7812781545653
2.5353528780974
18.0951800446512
9.98925594618687
-7.48533894107521
-4.85544108364899
26.9221796116723
-18.5372589865453
29.7211253358931
6.67926126894403
21.1910823167705
-0.112715170889349
22.2948481610617
-5.33285943160234
-8.79019393681515
-24.7919016743758
24.7684647289626
7.46758075512514
28.2657424696281
-0.151762907836382
10.9172625673419
-26.6343655496268
34.8310592453822
10.5732365214084
-19.250138976224
-19.15080349838
36.9948108101575
3.5850253637601
34.7003468640856
-9.74262273396506
8.64168803181238
11.6228289194961
-0.0281507252504811
26.919201801984
-7.36156379212708
-1.46117603801302
-0.279674003592993
2.14404788223379
25.4880386279439
7.81951857375629
15.1532093439791
2.44873881304538
23.1763743558693
-7.87749055126914
-28.326391580049
-8.33736926343356
2.42647463033904
-12.1467422797257
9.0343269726566
-2.72496893055637
13.1308733329001
5.09069856514704
-5.56522214970922
-18.4124368485736
-38.7765024532653
-41.8980585250669
14.4253491945905
-6.37944106476248
-19.7605795090582
11.0323472077409
-4.24883293305698
5.89988290183072
-33.2856717586077
8.2176712629986
-47.4566049818282
-18.9512143698457
-22.5293832309248
-0.174622451158838
-42.71978034418
5.52534018025721
-40.4968929786834
-0.0475240771830219
-35.4991679767135
14.3887397802734
-66.0285829370277
-16.6062321280989
-14.652881441411
-25.7551913744227
-37.4604136071853
-6.09586701883665
-29.9847312702249
13.7844484866629
-41.8999454058857
-0.286816743496193
-59.1662268782066
-15.393376337942
-22.9954717737293
-35.9951914439172
-31.2670300781536
-0.300076015827774
-20.2468152464641
3.40309333109447
-35.2720335613771
-0.43649097547632
-60.1371519591153
-26.902470166894
7.19327152742638
-1.09988692753105
-32.9439092690058
19.2263069282696
-42.3504061130008
-1.75594174916952
-20.2139187172593
-4.22196752293107
-31.4480287725778
-44.0416694596227
2.50438571111174
20.0027247898857
-55.7166897128038
1.81012216953672
-34.7433492034465
-11.9625368737357
-27.4391270844949
2.57377073775993
-41.8752413515334
0.505844141343794
-10.1029079301039
-17.5598132260021
-18.888059457595
-20.3457448021435
-4.33896013908643
-1.30609787498148
-9.30319252481785
3.27551079934235
-53.9077795347571
-49.306778455391
0.207764023756164
1.10459130351658
15.9741121160619
-13.3354841104493
-6.92376295594916
1.24096360384175
11.1215257520874
-1.8615438163147
-4.75628541192693
-18.0326018863988
13.6836853489687
-20.155410184512
32.3741408968819
-28.7802930686815
27.0759199743948
-5.06045325519579
-5.56561839750521
21.0714667422609
-27.6259226356672
-19.4045039622727
45.8892333342409
-16.3279182487651
42.7127202524813
5.75559165824667
22.1058786257611
28.841022843392
17.1153897518971
-6.46931936996492
-8.94806232914017
-2.93432373864792
18.7215979766348
-13.2737928837863
36.0794302063495
3.10320986336624
44.2766283875999
1.45458167115655
18.4713506548005
0.108270230066627
-17.0697140372093
-43.9584218027768
37.707832473486
-6.23480185088263
51.721617640041
-11.8515478116567
5.6031754122662
6.2138715095402
-0.161683542785669
0.4336550209285
-8.74456406133352
-13.9882290678653
4.55515867771919
-18.9505062230815
-11.6094530171655
12.4344571113913
32.8204384080382
20.0374377431133
30.7354202236356
12.5733248625963
-9.37384555884958
-38.1338758403056
20.9543307429763
15.144899986511
23.1059137839489
17.7855439808198
16.5458933054787
0.980441985367652
32.8054590682386
-1.0573087211408
-21.5107067441804
-11.0005712495279
8.51302410044297
-4.14764527902014
9.86740292285992
-3.96003828071515
17.5486099541861
9.1869506549364
20.1499534607046
20.5592410628926
-3.71716964652106
-24.1966343452627
33.8648944128149
9.47663718018197
-0.318444946379561
-8.49862114900368
26.0899055509798
-1.614056241517
12.0864169001414
0.344266819529757
-32.2902232492009
16.6023775290035
7.80696821585718
27.6845716729859
5.7923762720582
2.1111415262273
10.8125834889597
8.00318041357001
14.9543290263821
14.9999218873222
-1.6896606721674
-9.65855103378014
19.8680676696328
-10.6618121586593
13.020518103171
-3.05734349418791
33.8435203803642
5.78281399185876
28.0553045040158
3.08564453815932
-13.0373918087988
3.44228138541798
21.2291795822082
-3.05871328508239
40.5878862324167
-16.5688153289428
24.7128742217807
-3.03590922760607
33.344885507024
-11.5145729120852
-5.26900061909505
-12.1003659022043
19.4374154823699
-6.22760209111135
16.3383037549398
5.82569482312434
12.1185367635899
-8.11538758474664
48.1165513933469
-4.34700423597947
-21.4774579451629
-12.0806885815767
6.12388462912156
18.6232994930851
4.28870390488434
-8.10859957328049
22.1640545736179
-20.1493937162741
46.0827864468874
-19.4431010106262
-8.69439413961535
-41.1141514879161
32.8447671658932
-9.03968762559593
29.9910944595204
-16.6553945187338
44.9844104649203
-11.124513411648
22.6944662042932
-4.20737398571606
-0.19712882747322
-22.1948370647718
9.49300787863241
-18.3174735616002
-9.82778797290981
-12.9752398857704
23.132299124225
-3.62023736112795
44.6734012558364
-9.16962836426023
28.825638431925
-14.1281020458251
-15.3272819184942
8.74823246171022
16.9365374074682
4.7619706229461
20.3881256095447
23.2141857658306
32.2418988414042
7.61046916103841
-0.319536913677577
6.53338510518136
38.0696086754784
6.59318236899741
20.6972416120373
-21.2512295287924
25.6657920983234
6.49408858619842
24.9672945482084
-1.77939986651749
-17.3262960223912
-0.0401678769986447
17.1758195823415
-7.64971268744957
6.38292750466707
-6.73900437175128
10.3818877713889
9.79510663573136
25.396638561476
6.73599120440586
2.78417718856554
-27.2691474417717
28.1165868868557
3.92715724773509
19.5816098618097
0.332799855304237
7.68413040718944
2.35850330393589
26.1956181715034
-9.7522193354456
4.7548903362307
-17.5705231916857
29.4039126023768
-10.5615139326709
22.394483995871
-17.4108693556019
26.9716795375039
-19.7617538461058
29.5777540110025
5.47914423566094
-4.36828746907302
-10.3511416718717
21.0586189254744
18.6035687089223
21.3737354178898
-9.59736799306784
23.8899782911651
-15.435688930998
37.7399832219461
-1.71254394091154
10.9594515169886
-23.9218247651964
19.8697760668215
2.49741507478785
31.7364206128022
2.90190108049815
4.23649408597742
34.6435638751332
23.5666368986825
8.31835138911633
-1.61499941938694
-21.0972426170904
9.7889192477269
5.81830159472874
25.0441588111146
-1.19397426859083
14.7663312541686
-6.02870498066414
6.01764242616135
1.71309648332367
-4.07076019679534
-33.4451831830183
31.1282307796563
-11.4181713280938
22.6104720903903
-5.13612545332015
20.3417144866318
-10.5366391565989
27.5771904589623
7.50570913393198
-21.6835920184578
-15.7586804242171
-10.3743351187727
-11.0377937690078
7.73515644777442
-18.0882600536664
28.3839735651286
-9.52340621399571
32.2846535737531
-0.119722956940411
-8.45886643543749
-34.6219797374885
27.9015195717024
0.261538671273662
8.60278929098232
-7.80783953475545
14.5371967205906
-0.782017942765133
34.3083791843205
5.81859298597238
2.15603748032897
-5.47559818128481
15.6013660098617
-3.30373402197561
18.169982944896
-2.02025611075876
26.3247186303394
31.4882830212375
29.062246651697
22.4132204234049
0.697073690059068
-18.5577684084891
32.6017952184904
8.13409844531097
11.1288246313732
6.11465280395537
29.8163821830194
17.1647612928944
22.2597549123748
16.2554526964053
8.70285462609154
-40.226361158856
42.1581509150626
6.15862419475355
18.5604243332111
10.0730483492257
21.2326201029232
7.20957471128713
28.2045494879775
4.68714805362179
-6.81972048508016
-14.7616159142504
29.4596489358037
-19.4200527300836
11.0132513992656
-14.3231789602547
2.23559388542104
-11.3336396688577
-0.886683417200252
-15.5163363610703
-0.072741171564108
-28.7158225278993
27.390607282354
-6.68466710481437
36.1596131640389
-9.25648824098464
27.8087419385108
1.38605737604739
14.9080023996695
3.42386005522174
-19.8384138554166
-16.3481240048955
18.4417762744655
35.8318274660792
32.8719201119358
-21.3375889439012
21.3514894276705
12.9821358850631
25.9138978517255
4.72631155818859
-7.85022080665656
25.8353656897296
9.69686092765532
-12.309143850708
26.7236368151194
-22.0585749909515
28.0703083544699
-23.0076825774062
13.3103622899469
-15.2462147075397
0.959207381204766
-29.4031821567858
2.1295680073997
11.4753366621442
-0.265855982134358
-24.645985188433
-29.9835745121756
0.219665553457857
-45.4530082971067
19.4637229520947
-66.7160086900036
-28.834588384981
-10.9986269830342
-35.2304382211731
-68.5497835186882
-8.54064164126462
-55.3439706785448
-2.77584113795303
-48.7307481611379
0.569067974492917
-56.0511781758778
-18.2378635986284
-26.4927101037722
-1.44132428755914
-33.201547029347
3.14697071386463
-28.4252709438762
3.69269555979212
-8.0121170292698
-20.689416158693
-53.9150392216649
-29.5416767997793
-6.33296647881364
2.39730219568268
-48.8307644525906
9.67801047680488
-50.1091450444916
-16.777116623634
-34.0120264614294
-18.0645411360608
-68.9165221965675
-4.61549676165324
2.19644322702568
22.7641068665534
-32.8456918023035
0.952389730919863
-44.5938108846748
-17.1326489376366
-35.2652256854974
2.02549583174393
-24.7101220788357
-7.47129643762362
16.14045073174
8.74409729137091
-2.23211603795271
-23.3153475894939
-54.276813832471
-19.872455897867
-63.37737154568
-28.0544957848542
-63.5204306670572
-25.1743751454304
17.1217036480253
18.1687623820818
-1.71543572964889
41.4530967503926
40.2144368904322
68.0634355921773
56.5662556640758
71.604414924917
25.7349048386684
50.9302284728791
50.7899141203683
24.4120852414592
31.4586655594954
31.7916479699107
36.4197345614128
27.3204497043339
24.1156487203901
-7.77023549533209
-32.193609764811
-30.6987230058638
7.58119449550538
-4.01447003928248
11.9187358745002
-17.3503920424529
9.35250096842526
-35.4857494816803
2.92108173846842
-45.3523481030954
-24.2078593664331
-41.8969927574043
-2.86269434506814
0.318788957495382
14.7220893358167
-0.559128668951986
14.078336780798
-13.86516509328
48.6400630827757
-9.4816524636092
29.4781149414262
-6.31451522802252
53.7743662632334
14.0161119147828
44.0269932642508
9.24613352202739
14.0225881746618
12.1088632653758
1.52219854254815
-8.46863384762564
-19.3648247110836
-46.6233027063713
-24.7701559889847
-39.7320395349026
-46.8410278097124
-4.13519139691698
19.5684646315888
-0.22946305575053
41.9528718072954
10.123245557233
-10.8902260344039
-17.2706235829984
-13.9777342801216
4.73445144678929
27.7950869339328
4.34197869171415
29.0495425914552
-9.89847924961284
51.0159880317354
13.0846653581713
10.770826125081
17.3635951793823
62.1243753489126
1.34999682243236
37.1612474836258
-12.9571794899133
32.1470181638348
3.18091478626479
5.83408421152274
-3.22098721955736
-35.8858335833329
-20.4699225787489
7.63310420069284
-7.04810124849707
5.47880027354041
-8.2257943761981
0.129564242431254
-34.59841542385
9.47452354266598
-24.2365200398737
-12.0258677164364
-42.0134779439598
9.96651459403014
-20.9694867512389
8.18031146507195
-3.47513845986421
9.16175194072139
3.42412430479393
23.4165012704172
-0.235101725880819
17.1757298140486
-13.937876831319
31.0132974455767
25.9535155694176
51.7223971974154
21.3014412015951
48.3947116500239
43.9127516521947
59.4423643360726
24.4580778917045
12.9954962479529
0.980724718969567
48.6258260105728
9.03477161740123
31.5863961188268
2.84535260256392
31.2828015127943
-23.0308933432883
23.5609169484947
-2.609931489968
11.1655024703645
-6.59526009318401
18.0744746706812
19.7846378648425
15.1308554443862
14.1166016277226
38.2767026976325
-14.210947670294
28.6468583365547
2.6551389631086
-23.0213582843964
2.68758426632176
12.0839719051757
-5.03921673847902
-0.849930254192486
-5.08866880011776
-2.39366295897527
-18.7182503554482
22.478515856218
-37.9388579716533
-5.03017346755766
-40.5540191231787
16.0926959529695
15.6249730052159
14.7159264968255
-5.91192086940029
24.7687609097045
17.5034610911377
13.4002271814425
-12.4702760756084
2.53027314848547
-52.49529350092
1.3952782428863
-48.5816001523273
-25.9822043928439
-8.75416294573563
17.81187549612
-12.1586973200683
7.28066218400093
-17.8401374082729
-12.4408546414991
9.75429972419516
7.83331521174498
41.6018494350491
44.5859666788505
56.7491900922403
71.834505513543
33.2644493876004
19.1233981506618
26.5622323057635
30.2541995231427
8.0093906151402
65.5590977178869
25.2020491684452
43.1792034102545
24.6774727681121
35.0612657222204
21.2519283435696
33.2149242694843
18.2107512046304
16.7620108715259
0.552839910085722
47.4431851664468
16.6027643004226
60.4012290815549
37.0005079272948
25.536335377854
28.5422902665868
28.3433001568348
50.1024278846455
11.6619054421879
9.88868796976357
27.6591128262091
14.4199433460468
47.9799437635231
2.42292273265625
19.2647921659304
1.17252682953233
10.7704959820251
-9.92321493006786
-8.05100016954899
-23.1494707388099
38.9496408193422
-0.723639849404548
3.03453165645736
1.14036146083396
-13.9124824350411
6.39576294454032
-9.10673745164063
-1.61550063728534
-43.0367220278692
-25.5215380554174
17.2370595541806
-11.0383533482176
1.37221602570405
-7.84690523868906
21.2790303647422
-18.0257484592084
30.1441428555377
-18.0915074142327
-23.5027820707208
-3.2144861027977
21.6496688123471
-12.9882483167502
8.92529611489611
-24.8436770231521
16.4552505729326
8.42568480533237
16.8605576408357
-35.1232345312181
-10.7971573500703
-34.9179824761274
13.7191191667905
2.01827732755832
3.83139215821006
-21.9471833650581
12.9874825272444
-19.1470768973314
27.0279924878738
0.664893565332568
15.8693699928366
-13.8862606985833
4.07868342305796
17.6240774385018
2.91822929958652
3.91405920764373
27.7440566937576
-12.6266799401465
13.4395137895111
20.2212716132173
-34.8926614054952
-7.40500730810635
3.61963365358527
-15.519226385335
-29.1236898560878
7.5424595228412
20.5319033730617
-6.55496104312667
29.382926911747
-20.0001035881112
9.16505069406052
-35.2532106233036
19.5589224999458
-2.19928661396032
-1.61553143932144
15.3203528620013
6.99043225948796
-1.24568764674249
28.100916547813
-15.2303381483315
9.15840845458556
22.6634463797337
23.328897467553
25.9148542824679
21.8560542690967
7.50609454827548
42.105880000895
-9.17452852812056
51.3411071683843
3.05105273643951
-6.02351639778411
2.63330961893459
-4.32656921324449
5.43851850171711
20.4585704163023
2.67698409847817
22.5652116616939
-10.550849737223
26.9297323378617
21.5141635011476
-20.5845803518441
-8.78234942609298
11.0852951433084
28.6064881837464
23.0672144969278
16.8062130355758
17.066985447938
-21.0753939859966
20.726242824237
0.452857321673975
0.102278583841508
-8.39895131272051
41.9131650905098
30.1684118979793
27.0503468232786
-7.88640533386306
25.7244703961649
-11.4317338459353
31.4884262524292
-23.4649417702277
18.7337718339501
10.9170168882265
9.76284341018548
22.3383256660656
0.0817942525836775
-10.1875686528315
26.5128578291253
-26.3053850230397
14.6902111002185
-0.0134993966377541
-26.3203805737924
-4.49200079498157
-1.34065706919029
9.66149134781809
9.57114385439074
3.72091274248705
33.5697617302542
-11.3617487816442
8.01749361419371
-9.20341484456392
3.59746740771683
-24.9639362363722
36.1017785381745
-0.562755672465987
-13.9606348604958
23.9302215572128
-5.97038094516066
6.91530007379527
9.99368543701719
10.6102708767482
-23.5883518820867
25.3561949084395
17.1747058989537
20.1247426348482
14.7345029928742
4.57273615003677
-8.01736758795457
5.04614198873708
-12.3065192114771
24.328438613092
-55.8882606747581
7.02908185748396
-1.22853565431381
-20.3862087518818
-21.8484456112888
6.29112247928493
-28.0310400582424
15.3988090156616
-6.16903960985493
1.44281714042387
-34.3308333506941
13.7302989576933
22.0292692382595
-4.7735257432654
1.87937824187693
8.96605845115504
-16.0101587041923
-0.119658743650305
-26.0242424611999
2.86522231062307
-47.2990446251833
27.1968319739041
11.0480168347668
-11.1791656455164
-21.7660364321531
-12.8332913302161
-13.8520488184268
-26.6674255886437
-53.6913753040018
-18.6630298308927
-54.4214889457109
10.3970216518843
-16.4218067152519
9.00735808251652
-53.3587647357582
7.29247092285839
-44.6112544729912
11.0268347158
-21.315814012086
-5.87858864010891
-56.097512473536
-3.05555742352879
3.50551884921862
4.26200827903159
-27.3334454297618
-10.7897264152106
-33.5760594486211
-1.48148443937213
-26.0970985024651
4.21959327621219
-69.0066715009846
17.5531106783241
-20.6101352417102
-22.2645301592493
-15.9431312908705
-16.5943972303158
-3.67960429980996
2.20968409581738
-33.4195300001079
-5.23333357426029
-45.638695144641
3.1046709381918
-16.208645000241
-18.8039863201008
-9.98418415826056
-28.9380667023633
10.178294180181
-14.8128738517242
5.99974151348098
-7.87867382196929
-46.5018367307444
0.630680252149568
12.1261368225539
-24.8783061847306
21.8275181233422
-23.159938726564
22.1654441326043
-1.96063470006476
0.212215140401824
0.473397858826702
-11.6830246314921
-18.433881396608
12.028301682595
-22.4251229280551
18.9021356038428
5.60400898156847
19.9201244278144
-7.74528091486912
25.5755769422424
-14.2631586753646
-22.7429210376027
-1.39077829867003
7.66998253597981
19.0115480471785
-8.7841476756818
7.58465957684697
30.0055719523515
-7.12100942504836
34.549589656859
-12.9147821089429
-6.55808602684251
-6.07877461688225
-12.0242896299808
-24.9831591361331
16.6287374796457
10.6210037143884
25.8162864073683
7.16339740463552
42.6585675026676
-15.0649722172621
7.93056560094636
-5.75407305623692
27.5064891285766
4.08570322270672
29.9655101417056
9.03836076809046
10.5617022098886
9.02604877147091
30.5220558558594
-3.1119661360436
6.63482375084757
-11.0726420193421
35.195575304202
19.1045305458203
28.7510658034585
3.58721218358335
38.6191635984772
-8.15321675703982
45.4582977914852
-19.927457632568
-1.50089333976464
-1.27848599508907
23.8459038017621
-2.89860962832902
25.4692647512142
-1.81113063913901
28.6145586559591
-7.88573449047297
25.8462594723166
-9.2789071726165
-13.6961603980224
18.9788357658863
4.24008060112797
17.5378331322367
29.3127507518237
-7.12440875449378
22.4295982709171
-31.512966753046
27.8516283552359
-11.0663873358033
-10.8675139105302
18.6877082527177
9.35990354394039
-15.3384299496362
43.9540019684585
-21.4943910971956
-4.11686995746793
-11.1863877807514
-5.86438206281866
2.63687789252659
-42.5938205041116
-27.8388705501994
-2.43761798426859
-12.3618424376629
2.48884648417897
3.40111879507949
-5.95301303942985
0.890557604666797
0.0916130132486064
17.8967868272077
10.6847078016016
23.2869116154492
27.0045894782872
39.1293125912972
41.4365294092515
50.8381934171382
69.0482833443787
11.5414900942266
37.0860162101962
18.7673185761785
25.2926768128487
46.4664732900756
43.6451026719202
5.50109123055665
45.2409357595801
24.8290129455928
35.4080332285651
31.4713307393322
22.9663162706413
40.2711392458487
3.22734684522029
14.3185224420133
43.7639354372567
-5.02223949907955
26.4836340830366
-5.46210811463118
27.6251333593741
-5.09234470279778
-9.39414847084274
1.04340371150261
-19.5954093398677
-14.0036362617186
-0.410711488845077
-30.7073560503307
2.49251817737964
-10.5901029675538
31.8392505917458
-21.5732750381266
-13.8559521109713
4.37281728722236
-7.48543657186666
-3.82360625985755
16.4154548407891
-8.78649958591533
24.0083100913639
9.62220378644341
8.69371239210255
10.0359297394161
9.57019824608074
31.0474318701818
-15.6968503365617
-31.7687126741879
30.8426292002417
0.165751203720978
12.6883967626454
5.79927249690568
9.86255636879103
-6.63551095271545
12.339819362021
-9.10081937866396
5.13233334828667
-19.7696149260604
28.3234765994482
-40.286117820119
2.26771927272343
-29.1251137461793
-25.144961085646
-29.4483803713572
4.52607055511635
-24.3442108621383
6.10397197998981
-41.783467934669
17.9910102920458
-21.9417329072268
-24.0627064953724
-0.598702781845673
37.2518146187736
-9.9802218052459
51.2331620621087
17.7405241358573
-8.45335886909925
14.9354325787022
14.2736991379328
2.18440258965611
33.63138706295
2.75746977616745
24.8932025414135
14.0966485634048
23.1745918698267
40.0553098336405
-0.559617453772136
-0.0622273314166684
21.4118957480937
7.09591901672415
44.4849070119128
-11.6436939957987
54.6691605178429
1.08708653889277
36.0030602397346
5.48314741139235
4.88325543565975
25.6782949390907
67.2440848143338
14.7884865566303
65.4662779815754
29.4463816057496
57.189377886323
11.6885058128816
27.5596313134726
35.7060191920462
-8.94966536422263
33.8024271729332
29.8167379094197
4.88402229083849
42.0572813209227
-4.04742435634909
41.1001762122166
-14.6452660477747
-14.5207325721245
7.51579169760248
-29.6270981760219
-12.9112147832813
29.8008436321506
-25.1877483958196
22.3499297043514
-15.0364601688944
13.4980794122339
-24.1078164325318
-6.52634797287638
-24.5444826788426
-9.27799870547838
-7.51242984838724
6.30130472314181
-41.0050511569211
-2.92830368194085
4.99785555735421
20.2661999906141
-16.1222949901803
9.1123665370005
-30.6590970869485
-22.0761086443657
-25.5499218662703
-11.0054452931907
-51.0832555221306
3.05590605322277
-30.6402496647562
12.9180029937362
-15.3470863495147
18.3123637576901
-17.5245237127687
-0.0538926537020799
-3.64779272609964
26.6590311490629
-0.636163255426221
21.8162784993359
-9.91147311139735
