-148.33916592418
-401.806145798354
-309.52258422382
-203.900333101878
-238.216908938595
13.4303414662452
-265.821290911773
-422.973066519541
-129.154767947765
-286.557206964802
-431.137669638969
-313.788834389395
-442.564551638814
-282.010109984465
-184.661436815885
-37.0732054488374
-106.167936564223
-89.8139234574833
-93.7174775321095
-320.30523102507
-340.490738310298
-123.099116373203
-272.413861943739
41.6569755618699
-236.889422092664
26.2227182143632
-280.544064994744
-119.300945064942
-232.47315279823
263.80857401418
-322.439704728454
143.647624068807
-85.7300070845502
53.5075092854424
-283.12011246638
-91.5362711691908
-361.377396481539
-278.763494481706
-404.756072710669
117.530919938661
-373.141794322657
186.758464132479
-301.701081744944
-109.022601645506
-361.649172345912
-22.2139531249057
-294.368797422177
-227.413489226409
-21.8823372543264
104.370830943225
-355.842220373434
126.486857634563
-241.046618457382
46.6420077021928
-436.301308760562
-177.125165894674
-244.040598476472
-541.67234901145
-240.838182396315
143.886085749046
-507.549218890297
166.6639822533
-462.119966666485
33.696258942728
-286.875363736527
-142.318681074204
-327.305135670276
-455.528286751637
-35.5259168305124
-116.272030671185
-139.698012330594
-241.227879596087
-37.9457777066493
-195.303867326438
-322.369924811853
-233.984448753634
-300.684400441657
-382.192015386141
-393.947351543108
108.672806795166
-361.700474874878
-192.993600640447
-422.068168532684
-301.533148166204
-96.4660110543664
6.04050303684382
-351.339549099915
-491.006276156813
-271.405425260363
260.199260935833
-164.442280733434
-153.01798759841
-125.01794547027
10.1867764472271
-361.426093261378
-263.271092470037
-47.2814729151383
-245.499980657356
61.9095284118953
-4.81564375678136
145.200342871879
-292.289999159766
-243.47955529369
112.012285545769
-408.930384550335
-112.886568963801
-516.319245349612
-455.461516413413
-449.109030534056
-224.215348362069
-503.213014806892
-286.626046633512
-594.212273951937
-223.125133207388
-291.516800736558
-21.7706148513669
-128.230104435123
-338.880118635677
-309.774108029085
-157.070115687116
-151.900455877327
7.47513374518972
-164.420556986182
42.7512574300229
-138.443072344964
12.8463518205176
-196.859695462145
-106.916643503567
-96.9322954605144
133.463173753742
-290.659501665157
268.394352120873
-60.5411108272981
-14.2927437583938
-379.885592154539
-46.5843570340096
-401.790789376471
-391.430704299576
-384.958072263818
-98.2778326201839
-437.325720523577
-130.908208635544
-212.693130742835
-212.362143442007
-96.3808799804922
11.7624242249237
-248.875692458512
-311.94388099987
-262.94232811973
-130.549356416395
-72.4844015327754
-45.187858392932
-68.7228338807477
180.174113357175
-287.988628371406
80.3426113036748
-248.96146258066
-198.001303906042
-1.91258577437522
10.5196829007981
-12.553256553427
143.232003061818
-9.77325471569611
131.5508798738
-349.197163869415
-24.091121102145
-441.499373304445
-152.10918953847
-81.4980678790666
226.849158803844
-471.792866566914
24.7305839948188
-405.610008354331
-77.2411315493214
-225.867102670674
-106.700404894058
-155.478471697105
-178.650655614284
-324.545514168164
-70.7455964346564
-174.217099602141
194.487176850612
-259.264576184054
-236.281508561693
-106.210866149755
199.438038491717
-284.156210343246
-161.279618094877
-29.0352282734624
104.647551023451
-207.05164465177
78.9299988979096
-280.959913422532
-149.547957388567
-143.463587573202
5.74136744213001
-233.120978877699
-520.548892614785
-124.423990261221
115.593593301521
-113.92531018773
-254.758577552509
-34.1108718874953
-249.771489716079
-243.350251559631
-227.556311143741
-232.481056818042
-405.792675269305
-209.782714105604
-179.149583422216
-616.764049279188
-5.98660045090364
-350.097244786996
-110.147304744483
-363.621284399478
20.1972008926548
22.4691813038134
-141.213194121681
-137.656183517642
-249.696629322188
-148.62798426917
360.97782362244
-205.463815103638
41.2145114677678
-291.032809246479
66.5104904880909
-36.1533159065468
-40.9707733376237
-274.576266339798
-272.491255236743
-98.2758296708971
-16.0586223054734
-344.204403168208
-320.056612968257
-224.215351013963
-345.86176906399
-411.382879981354
-447.89966660313
60.1341014571105
15.4009924545406
117.135165947297
-53.7554522876931
164.300591497309
-0.683218336952876
184.668390351445
-395.820780542703
-95.1903530835292
-252.203452905019
31.1568109117012
366.359173474877
-239.920237853114
-136.567717378284
-184.302438970006
-305.909730601184
-291.58333686572
-126.497623256382
-22.5918150903984
-265.966715406595
-94.3125309925013
324.489149931999
-77.5670962299145
58.8200413132597
-54.7421026564597
-26.4461690975459
-232.647011737391
368.974115672911
-8.00247223582987
-94.267362532913
268.998353625279
75.5430475469464
27.3530910647576
-141.855933994246
53.0818008249947
-55.7263265624175
-416.237223868045
-60.9822412829099
-305.539539286753
59.5429305457326
-74.9850010882913
46.9272985952797
-23.405635197109
150.923609457441
-60.42241347721
-73.4415795983527
-97.8102547663777
6.00530017340478
148.857585853459
-260.95108438682
229.602647018099
0.430054320680952
123.150052628099
-7.72009337642891
308.997209127495
99.412946925494
11.6362444028567
-6.92528224693104
109.293744383404
-55.6381656296483
-119.224694282714
160.384874009648
-9.59339022474355
-215.664932172183
112.357754109016
22.6824034584061
-63.7229214226693
-431.419519944522
143.77260529676
-260.2094655776
-256.922288075749
-65.5893299505662
-117.168675623392
-157.416129733274
-221.630778500529
-493.04496378026
-105.816123094095
-107.984201810685
182.216047126579
-543.846026887877
-404.770660011482
-85.8370189153254
609.941500851003
-35.6555397813633
176.582764857558
248.484863551372
525.33992941259
80.1750128913077
70.7084241486628
275.830915561386
213.459819629402
263.514094086478
369.390828283819
165.657953969423
355.639129116833
312.498407951932
72.7977530118857
-11.5363497786347
277.030961962417
-153.255607583176
-1.88834247496107
84.8042868855669
-260.705897076258
133.133321031532
-46.8792028655487
327.741436423621
138.144718135683
461.253335076808
-114.886847643733
-166.406354184298
-82.9932899584595
531.601387353097
114.174455116578
0.0191518305840219
19.9271238969714
-82.5067944735504
75.7180828246191
22.0795135426612
130.699855865846
-88.8204072241153
-220.179429861716
-171.224324835774
7.3944006171379
-128.156067492053
236.368328600209
-422.361272104848
-95.0514310666682
-320.164081211962
214.485198306235
-408.323205449387
-211.762883188797
91.4149395275751
38.4905946625641
-235.513288490466
279.43921035883
4.30312043925019
230.670378471261
-132.902880328465
88.6079075299805
-283.355405374252
236.15166297233
36.8221585024479
-91.1694116872111
-369.049930371404
441.729893662886
-10.3792459134564
443.705090361284
-399.927763035099
319.572362443142
-248.014434138757
-7.11425018857602
-17.2334616712864
216.601548183455
-47.8164277866716
169.109997203683
3.09363012273317
262.808986426526
-326.268918496155
11.8027735939852
-553.402177629036
69.9970385738093
186.550111405991
193.692335626345
-182.810464537903
146.119355783715
-333.765749249988
94.131618961416
-184.968436051447
113.312318886804
-440.843560959165
54.4184051598163
-299.913064838783
57.3485248067042
-506.579142486287
-86.177431093198
-437.285055548543
348.351255211554
-111.625511856027
246.679043915495
-314.582859389956
-43.783422195357
77.4418684364297
76.8993690274676
-128.267378587677
336.023154613284
255.610861733213
261.24127803314
-88.1489070105956
50.264471991432
-353.059539565227
101.180971458297
-26.2295390400048
402.934005506911
29.5285614171609
315.335276280204
314.2339697153
62.7553552908842
316.113735699907
182.663600295918
-344.480787590019
-139.806920000356
14.0508686743465
119.706662909755
-262.429190656442
321.801293802594
175.648554955637
183.114594006582
142.463571139153
-142.287797434331
-98.9552026837437
132.59298368618
158.009940187604
103.372809777993
233.876232541295
200.35935305487
255.066689424386
374.019518190808
-256.811624129443
46.3974083946353
-251.915153385631
79.8472713781455
487.312893137713
489.961452008351
96.9749473590631
146.365752600498
-210.322546509776
216.367152215008
179.007772132972
60.4715338795656
-577.436386332675
-124.151184724073
147.003879462563
84.4726943313256
-230.174209662084
327.253194164807
-283.338207073057
-26.6536010884621
13.5149474714906
76.0926264808862
-268.298373439304
-391.317906474007
524.723780820817
351.38426814209
-3.15057595794689
-34.293423622337
-207.934724782489
133.892280359377
-152.314738683559
171.191924993892
-416.702107791981
35.6332757331591
-398.067371561671
-371.516348418019
-264.793559634879
-428.645831440302
-421.163598271489
-186.585520243012
-169.139527494283
-352.521999752686
-316.038355100227
86.6178477332496
-183.237064777777
-93.1192655647509
66.9999452510689
128.306914696587
107.581518110357
-146.086081201086
-154.661257539584
146.334342436978
-143.540521935687
-35.6549127123554
12.788734151309
-424.473424622126
-484.376258771284
-584.411091316619
-64.9587825473919
-423.021211728674
4.32709749505323
-55.8807429175153
-218.437921475004
-542.69762047792
-418.610239642924
-290.415699222408
-58.5531347003727
-128.66336973082
-152.334015542129
-647.300265038028
177.160963852477
-179.611807255713
3.68082892131787
103.857434585455
329.776010112347
-154.104407975481
-235.398744614675
-15.0047932799456
-107.893227196527
-114.239486347412
-108.719634763078
-164.609625681083
-310.190381581756
-469.427412813444
-35.7512282441441
11.394945183586
-28.2175217855856
-194.842788054764
-12.3967096515284
-122.273340843209
-138.312759967718
-360.577213215226
-289.885188074808
-476.796254662073
171.15870049194
-344.847809793863
-132.54683309883
-73.8394088618549
-143.977421871118
-303.506066087082
300.358464079767
1.6218444852718
-286.542124889407
103.240276761368
230.874953293015
-344.290713014903
-185.01915159428
-56.324917273646
-22.5553272841037
-368.366035925405
-232.676783152602
-271.252326394644
-157.266529236589
-278.758975173692
470.082271697067
195.001644801974
-84.5600138977388
-374.895951648239
-59.2659780563743
242.678799193084
-24.1608918204975
-408.848530296281
-340.518068191613
-576.14304486651
177.749421697612
-8.76993208272221
-95.1855123286821
-372.968063445056
246.866295941976
-24.2116074496023
-545.979368581729
-433.293009742612
-83.092028118742
-160.174804375465
390.558389431975
-480.672866768805
233.343875699723
-248.315095096976
-85.2535814393133
-338.292448674442
128.008125391491
-484.398236174436
-65.9835131918096
-324.695498602794
236.424099439019
-487.171365000389
57.0859765000789
-396.686211791592
70.8591908373897
-16.6970840601297
8.77955837956031
-382.561364148159
-78.2339416538575
-280.756737321511
-108.664288260945
-296.144761023106
-353.785882306117
-667.462773568475
-86.56906451751
-776.909191970832
257.319731834366
84.8727757798536
-229.447112297599
-408.531737840458
14.8144964939194
84.7490136961879
78.4449484208216
-209.116308826312
-42.3720994968712
-392.582905689572
79.6894668934139
-278.318129617498
-481.147425894519
-98.4230224980227
59.8884378629141
-10.2719201862717
-92.5477607674521
-206.020925480567
-488.175101675983
-17.4202200786137
109.185469965799
-563.097108951401
-133.64159467131
-113.38425471159
-251.56732629509
313.121761392151
-164.229221303494
15.3560914124046
-56.8594997474985
87.4248393071274
174.029502243772
-217.631125179442
-304.942209117898
-532.495288967482
-11.8372878873659
-286.717346099615
54.7050328305687
-236.400123405713
-196.163007786724
1.40295765330295
-183.926678499646
-229.487726898055
-223.281048257542
-16.6047129324326
-348.084533408973
-216.094821981623
70.1383923691837
-30.3577868910107
66.2657721731848
-21.0201965721845
158.274527502943
87.8659841103826
-107.117677560319
-281.776360093523
-164.019101666246
-170.193858653264
-55.4997213351474
-391.932336225985
66.0816531825518
32.2347362929558
308.917544562032
-257.714127686713
-319.367961154288
-646.827599013608
143.082994797146
-4.94466334795785
5.18166335119693
-157.912785177051
-198.922026709851
-172.307871166402
-105.609482187962
221.308934600128
-286.341667661052
-41.4794664799769
197.43322145471
266.341900177332
-47.4657511383267
155.487517005312
116.127165988631
59.9687140702452
-186.826132108327
-420.901600758838
-20.3584927196154
-231.696516121409
297.684088941101
68.6733625919334
-239.888760328877
-152.43972725383
-128.970219194846
124.29186603616
-306.706325102994
194.572103241455
-10.9640158063719
-82.264356361488
31.712754077894
-86.3637859925242
124.736875173731
197.188789493033
113.056830995697
-30.8515893391473
363.911530966382
-177.109277403858
124.304203585741
-128.122945793134
6.88170561704209
-111.387731821143
81.5528600742986
68.5112001906384
-75.1660667998459
55.9156443630277
13.0070740841214
162.033987237478
17.6530923028317
-79.9267167936636
160.733644365401
92.9962040967949
-122.083121247371
-43.9083545797759
66.8768638978654
143.04926205531
4.06319737600748
-24.7112686894536
-257.847974716042
-76.0867362795378
107.168238743351
80.7342007862208
-161.818057293656
192.040097352996
-29.856191395265
-53.299595736792
-140.701446019696
-113.115970603931
-171.798495576058
-454.120795596732
258.444080309427
-15.7110204754561
-306.684295634532
-340.304121900879
-177.290660544718
160.374214548739
-189.106958094035
113.727731143536
-235.560875068295
-323.126101268304
-156.732886700985
202.906270991683
225.57607775749
-42.7466746109885
-113.869861174785
-104.780244705412
88.2165228441547
29.4041931016735
-443.512301326231
-77.5532874251726
-12.9957187024877
-121.105909990233
103.900334717481
174.99803151869
-109.789066008497
85.7221913913326
-288.952660009472
16.9280685461106
-235.897184573906
-550.212485069962
182.480220184677
216.624380487977
-230.870446058476
2.39752470223786
91.8533705124969
27.7930033506928
2.31171636881967
-5.28802778330996
-294.957470947063
-478.10383238243
-49.4200882673595
-115.553037312012
62.3642739284993
-42.6754046619857
-526.462063993638
-125.330424814173
249.367133210151
49.3032331891558
-344.023365907376
-226.207035544301
-201.308835537952
179.257567001361
162.652978130199
-388.964106677333
315.200833888167
-46.3327756534869
-141.9262006954
85.9502241042186
-248.645265125176
-71.9690628764488
12.102192166593
-522.346387215352
-1.41643656033575
36.7291925431244
-249.232945986989
-182.140131060302
65.4601143919725
-184.267012469861
-419.139165465069
134.077119349709
245.385304150793
-83.0151787476925
169.56858484344
-134.722354757765
-764.369848707888
-116.241153848196
393.205616492667
114.96094755403
-337.075270478801
-267.554207495579
-254.57896906113
193.933172698996
-1.4902687899519
-231.920105565543
-161.813436930972
404.236705984506
33.1365713506534
283.231928694874
-371.348402960849
-47.8689006823395
-410.706689468537
272.041969032517
-14.9837455145977
194.029168155903
-287.953315545399
312.987347875725
-224.306454806511
167.321663921695
94.5157633776584
94.4654490052998
496.027508622447
88.2157101263888
148.390822857647
112.598018062362
107.143866974478
183.213847941442
184.88519844802
449.517910306743
71.6099350102334
-328.825687959843
250.755297039098
-91.4045539689578
105.435250084304
120.904504888837
60.6270029901229
26.5640888672914
-68.6666725180758
-60.6479677199764
-64.3719196731492
-567.689472342236
-19.1963990863951
-78.1264700112387
77.2341555432118
-258.173786909774
102.56829971678
326.259733122237
-246.66396869342
-229.709495407086
-337.165846786372
-231.736074779796
313.779197581594
-52.7596653444321
31.8487203305668
-413.656690457084
-228.926221013492
-117.137287603624
-99.4407391778157
-52.6774029556486
-157.180342273586
-126.23790387339
83.5296595495541
-77.0067137039247
-264.402962543439
-200.343673968207
-252.246495981319
-98.3703896879915
-78.1058345448075
170.699958126709
-362.686069768582
-352.056882977421
-65.763509464918
27.3372195090636
-60.307577616142
-239.485485249314
-279.628234809277
248.04551843971
-195.994744453522
342.160463510619
-337.955360233952
-331.74442966657
-610.95939421946
-91.8080543096705
-186.212312250222
-338.899614154022
-768.29069501021
279.963911603652
-311.377181479346
48.023552688626
-331.714812420697
-86.5730214121825
114.394094519995
-66.0959769612898
473.404511796937
253.19788030195
198.477611828379
-23.6203302692126
451.575168074171
37.4364833963957
-96.6628398566792
-31.0526244009662
229.623229911599
120.659138091611
-366.053957776101
439.5157385698
473.080291640089
-109.84296178649
2.64620691354664
69.4909945665555
-95.201447136214
-364.949718514571
27.8401510131019
-10.8837817709114
-71.0828007271633
-110.333412638058
252.435174374608
-113.232086926741
59.4037491760769
66.8735703627545
-191.257852516579
-366.02623594865
-0.90075993136297
-175.989334803504
-249.724043249681
-98.5153753780484
-94.8599456946593
121.038271792355
-358.557783578732
-145.346558070673
-363.517296261891
64.5210660187502
114.485585320028
-90.3565379707781
218.462137143934
-152.358118970545
-363.267904258135
-230.063398122055
-307.100067695331
-143.971781247524
-229.639424242649
-330.992284980041
-138.537658822505
154.442966918558
95.9281799168558
18.9167775143059
37.9899134558257
-155.287134780015
-155.185973970667
19.0910112034522
-658.284613864766
-65.7524978809461
-71.1182553036391
-41.9825674732555
-324.850957271036
-70.8579264451565
138.849742315217
265.512127203583
-185.62465820644
172.612277773014
-296.746464382531
153.751996537258
86.8309557547965
-336.331505147204
-424.053868794009
-51.9429958387873
-238.785304216405
68.7564835347137
-123.954762395646
38.8997881355164
-211.337272319302
-204.505643998042
-416.420488159128
-18.3367395938666
415.961997479244
279.966509522154
135.093647518121
-2.53401763085273
443.482163650593
52.8239337622882
-650.517956321953
-138.376412895805
524.759365375753
-250.782510635794
-344.795767559525
89.9987624634301
-3.39911061037548
241.555032266571
259.858136680579
155.616369208086
-35.2867924123946
-57.4055476239654
-30.6066424967183
-149.452877313617
50.1417419560604
-48.2552390427673
-129.612060885079
-74.855088499263
179.238972464773
-140.19782676202
-170.157945541173
258.609701559264
160.648901738465
-306.787876987294
75.0991939820708
-149.935478215862
233.078135005615
158.259812898078
-236.056919653855
-52.3236970206251
215.129442691341
-123.091020261799
21.5224837296297
241.313303911927
-331.694510543908
-458.332793855682
89.4838186697812
214.741065568139
-370.969942505472
6.087382140448
-407.159885372901
-229.129149845826
-64.2257973840826
284.158180030435
-238.007415187499
260.950200935766
-103.477582041214
-139.657929094352
-112.353180798881
85.5829153481023
-765.624733204419
265.887745131137
-84.4134198392786
-221.473200088618
7.07150491166696
426.545394332339
-284.298123058086
506.793309578617
-19.5977312075559
-31.381959443776
38.9437249354811
-116.497938022266
147.985366378934
396.089501060759
412.298103735127
-157.875051568869
-438.95044900261
115.016968964373
-33.6320973873243
109.292848018972
-378.443689553415
-481.454562643222
-334.965661576813
319.323919241481
-289.507223273776
-286.86266689904
-388.845909325838
173.120105124035
-26.6909662294477
-24.1178136298531
-430.43594442829
82.0371577253831
261.87737964254
-93.3390910133727
-386.444277811379
-439.309488330022
-42.352673999613
397.302262000987
67.9768956836587
128.208910060229
-460.6474375287
144.160316286505
252.137722512049
228.929479954473
-282.292363938482
255.576067477494
-253.064095629441
258.453056548094
-104.76239925483
366.236601146502
80.298299179589
-260.407504223586
63.2724917170246
-39.4156693316218
173.160013869838
-197.401401528055
-115.694681358376
-234.995235304369
-84.4615888995964
-170.345979932244
322.978858738186
-264.772839367533
-197.377092210899
252.582945202782
-51.1124410849143
38.3963675940103
450.068788869402
285.448564039842
-45.3067769463231
-24.1321318687445
3.61324043641314
-175.369212531144
503.493385556617
65.6932308444155
2.10563433270262
-338.796263706045
25.4717537138468
-38.7916924056449
-10.0401301150801
-18.2165702675853
-239.25872671173
-317.479490886101
90.4593901243292
-308.664045265316
8.41035956572955
-195.900531895905
385.506810895944
-332.278164896382
206.905690439519
2.80151573605595
-323.510190148903
-638.833128222174
-180.659612944223
-466.384026176869
-409.102584627739
268.712607965774
-177.723106146311
14.2282000886218
-202.318270903922
390.612867019531
-471.473618208978
-98.2695441156762
246.372776942908
-177.729381003052
-238.538900818158
-190.080146406783
-362.221173690742
-232.364935944078
104.400141144086
75.4262967561114
-32.0898864803486
111.993842487993
321.838859078321
193.298628114739
26.1334457512561
-76.7164020926452
-245.152927745696
112.446059872775
-331.248294698728
-89.8686160638902
197.274108587243
244.759618522157
410.301279144015
175.998162239948
-169.424393285357
444.943681841415
39.2370848157355
-367.521885975887
165.188735190923
206.207339800448
-162.788218943896
-494.713550877686
234.971615040575
95.8943201993255
-346.000230195154
457.896318462552
-371.037484574558
493.839469854875
-131.981373246755
393.968654256073
-94.936647025437
-319.959547915242
244.271687320699
68.9823157376211
-425.073470285875
-189.92243277157
111.521917037448
-180.589264360471
268.566761292429
57.561213087198
-194.80367823224
-758.210183724376
-366.845441061947
-0.386209449178866
-251.371724384921
-57.2714919889724
-92.9765791753276
161.192791198821
541.71061925494
-260.757759541124
-329.408499306055
-47.2488765417474
141.402216559799
-662.607213722983
-430.74967497554
89.7220299832784
34.2245034324289
-250.137565289841
-258.45891381425
630.172090254463
-230.881353873486
-170.384961578153
-2.77758354756078
189.279767822702
-11.4480272965315
49.0732688934312
-401.169844938954
-233.645573893595
-133.922770229585
394.362139202605
-485.394715563315
-623.492638396587
416.850414077055
603.90693533436
-367.884525053496
-110.983235134906
-55.7104300676696
-418.857840108134
-481.825656961647
369.57994632351
-448.703620339612
-337.95510506844
226.404986229446
374.260346310484
-126.589997598086
133.770966642169
-193.027696245631
482.437266632102
-164.713597004895
67.7517174512299
-179.297601248653
-164.122749961626
140.649698402986
363.615965165032
-247.921452459275
67.3719456382954
-197.464639902471
60.1415879269092
-279.794292699942
186.977369834072
-191.152535968493
-632.635080550348
-110.537372788327
-78.9941107665563
5.54417530868882
205.18582172862
-16.4743699781032
526.635136577446
-129.751764847706
-214.890905505478
-3.85375328763039
-17.2665317035065
192.693518768006
436.974011272172
-92.6437873979491
231.201074551645
-120.858313494437
293.664849376026
-381.884986232888
733.133439935736
-164.7192106036
-401.841042901681
-43.1304450898343
406.890259820335
-451.331648446631
18.6718515233233
-250.981239980697
-147.213662855975
57.5685334633523
584.626824368129
-464.515215156557
-473.443510655467
-81.813921023692
143.42813289056
-124.169245249048
-7.79780689436424
-118.311779034166
-81.3586151313744
-102.774683222021
-326.993736019063
-442.150707242569
-190.814781309748
-343.203065878756
-273.788958990107
-375.919053698447
-490.299649654203
-305.423151095481
443.050027855195
-417.453798213294
-48.0367659156433
-126.032122792388
-411.916202121739
142.946715537658
-157.30413795218
33.3906010770153
-350.21210236107
180.485912992169
102.39539301605
-51.7582803067282
481.18499883932
-426.730767971675
-392.461780153928
254.724136592035
481.233484016029
-205.686211390636
74.5571446561182
261.596249196264
-229.750204498443
-231.986340826372
89.9562164067184
-162.048163426859
-27.3375147625027
-195.198503167633
294.499436943074
96.549142539207
724.154416985328
170.418098555924
0.283653492089634
-64.1765735387029
184.4702512787
-659.434697356901
-260.051042062942
85.9716432537129
-33.2498069081164
-125.881325057752
203.536544080975
-78.7932135738469
-318.0588520786
273.287270485276
396.897742752514
349.098572864842
-322.872761923029
-303.912752008959
115.834222978019
-280.704083165376
13.5558133127658
-262.725608897084
220.761502809798
-221.337599190907
-73.4723257186505
-322.961954182271
-457.555973315242
35.4154007690295
306.534292578127
-407.944821295303
-420.492578498185
-357.069240986301
-187.696635933978
-785.560353431145
-355.991353779406
-203.934986376658
-21.5386164882527
-334.903753083522
-106.21660576689
-430.628784324898
-727.117795877961
-582.355958036197
375.228666582586
189.960400893154
21.7996223582137
-201.209463593547
104.670999925188
90.2970530135989
-533.464542970234
269.504367871508
100.18227176972
-42.7638316494106
371.842481323382
-148.595092581632
170.328227886186
-434.169428042423
-368.066008399032
289.004272135017
142.181527336347
277.416194266973
198.504235797301
-244.520835431593
-171.294150095233
149.690911261079
252.398952034335
77.3792579030403
378.452059885215
42.5266218663871
-24.7896607257503
131.518812798088
-205.864920543881
-666.49305749395
-624.723109064338
-225.918811754401
-227.934048541569
-131.775911824629
44.6534081818371
280.839395861892
167.145776613656
-104.238673972573
-207.445938543792
-3.68944893397654
323.215036362982
230.625082791732
-273.594888342198
-597.563641110857
-99.5742867669915
242.738725732378
174.110251121238
110.72716101953
239.69976032726
69.1712985661228
28.2159385822283
-333.984019889267
-296.216583928934
47.2279048357718
-490.029336876971
52.6572817131226
-235.915510290424
18.1419668937736
211.924263868923
-40.9020139656269
322.572911141548
-9.30124071985134
-372.370607483167
-664.26593917052
-422.87079657393
-309.161902598106
31.8166569153009
-268.002502858018
132.937783601906
204.031480557125
274.58664494529
-334.469043656113
-333.879086345297
-870.31676410724
201.009027798012
109.86842306808
45.1175743691239
351.736467640263
-232.529524398559
643.594316439387
-41.284706442006
-525.01357641153
114.419027356705
-49.5769449788111
283.898440606676
614.303944118692
-315.792735468659
-226.315115755956
-287.247758735715
215.055137418019
356.951274112001
-538.60260335817
352.712852283323
383.3802317767
181.223143091381
549.923422958073
969.893207887226
242.687784239807
399.133182349449
789.354454213999
233.785182226902
119.619684571124
-5.83254115123306
-627.032081200642
116.675066511134
1.0822698629875
324.583883032498
-271.656157658146
-62.5586312030892
853.409299713604
-141.580293122987
631.563368565249
-519.872091217515
290.129453215954
-751.359820119303
-80.8277274816901
481.578323459454
40.6930792322864
-792.538916954727
-452.505461711708
41.8072062581398
819.744362182489
618.680884014156
189.209137737978
947.668466828789
139.580384531293
-938.379784597607
-153.423983674901
783.481923609748
-416.986011179973
-548.433157998971
234.073454753255
-317.184484273678
-288.71961697241
161.691001610532
-575.318770228971
123.616902442474
-562.263313870477
120.773109663171
1061.46757362846
867.230073714691
-65.9155215915192
789.695632736969
-1148.85603074956
-103.954099737191
-592.179576832381
272.206241825201
469.458855121884
-210.375069002089
792.964088052176
587.178338225841
-1169.02005410194
410.397483410005
8.06646668682166
-1217.37519635902
-959.22659789452
-200.327472043343
580.985365496096
841.049122117187
-429.384315638322
37.4970067400588
-212.257797846293
-744.24901543685
-274.307985065079
-22.2476208433275
360.322705724905
501.647330262624
-99.4608822044888
-168.613096285337
-759.924119662974
-662.819879913343
-389.970620955605
-50.5841615944669
243.466171789899
-577.733884838582
-233.961345806134
961.576984854303
-930.448313619091
-382.625024188185
2.05381650477167
-587.003813613364
391.994810335138
935.423910484201
712.937861403956
-395.560729969753
-260.944160168792
446.065934299533
-234.537623191759
404.727265442849
-549.086061764991
-115.231497332363
570.34274802647
-982.595687374312
-187.798335036147
-1035.71446723561
287.533709521348
-80.8735835497022
409.655187210499
587.398646662312
-108.32042678533
349.017935636141
-1045.27755508508
46.4029936556495
-515.685390730018
-791.441461546775
-950.192242792243
1270.19058132825
-864.069857447487
-297.912368131922
-477.997425724709
45.9079944638242
-304.808778479435
731.30579311582
476.800878718477
847.761208125001
-248.847146894291
