-175.272419600491
-45.1095824330068
133.901318706035
73.0580441489173
-46.0039114151972
44.0356712913281
-42.4380723644296
38.7826258218345
32.3612190502544
47.6753866953657
-108.311803641166
121.14913026233
-35.4996173540827
68.8831751801729
-23.3007239540283
160.651495021283
-46.3092110513683
64.2303495712752
36.0830156975208
108.179332077829
-68.9662978153471
-96.2320986494174
112.296261175572
140.663197767478
-35.6446679219813
88.9780818875914
5.34493679526156
121.203707162137
-60.9831455116193
70.0799300069194
-180.200854864141
-76.3252464414383
90.8654690390657
-3.29689846908556
-41.7605255585373
-25.2055529134915
41.7503509295302
-8.89009275156813
21.2901930909469
-3.67904613540685
-94.6586110289239
-29.3232614414834
-147.004893865515
-2.55329105230547
-9.92563121384867
191.790883542176
56.1621263012693
27.206477293069
-68.5652451053512
107.657425195736
-86.6681813397152
-30.8348133743233
83.1419020878371
83.098761973296
-11.6456060487157
205.17334706525
-3.92814573414154
127.101873283672
28.2495739654009
101.154243771005
-236.431073836969
52.7825497822674
-24.5059747054288
63.1071918052688
11.7654724933238
-32.6785540824597
25.0379817120629
21.5287842426075
9.75143744047071
17.3967969393322
-132.646937815618
-18.0662847083492
89.4869924887129
-10.9080460057113
-21.867986096667
-13.0319840228017
4.15877114182462
-11.1571690827699
-6.16215026698428
25.8856546124248
-74.7754152821388
30.7252627562058
74.8559423921061
81.019498075803
-31.1341378082055
66.3205721674722
-44.9625608647441
66.111404774824
67.1178097867876
62.2118115930994
-123.639218915016
-49.2399269479037
150.160069718469
-7.236146926866
-29.5424536432773
-6.06735152476504
-54.5858361912619
8.46452747770118
-71.0316587101196
42.3380638164204
-99.1893663561321
59.1967069392203
151.205874810429
2.68502576691572
-20.7220365431138
72.5896965371607
-73.8552833426818
26.8268386219613
-11.3618446418304
-68.9165782922355
-104.07943269391
-39.0682316781523
101.12796524173
27.1171237970255
63.5858664507601
-29.1014402465891
-12.6824130833394
-19.0827352199133
-113.726140620627
54.0167662295102
-171.459723446202
94.8678116403787
187.8172684219
10.3170312790941
-53.508886681957
66.5239937555738
-61.4947895995575
44.7542300529532
-18.7450760892646
12.9398542458004
-98.1930048977831
-41.167101048572
114.419501019523
-52.4673485453368
77.6157769142457
51.6866745721867
-99.838100196854
50.5581345561337
-73.9257313125644
17.5923527450024
-178.001211969413
-70.4435369715277
-72.8754216250598
-101.354683771759
-52.6946834257822
36.8905780237553
-5.36155303704879
-6.90331117325762
-98.3376489508185
44.3089576147525
-68.968331978051
-50.7218328106126
35.0754210344947
7.19966460743186
32.0880227950887
27.4229161522998
-15.8402655236051
-3.502778568079
-26.012551037241
27.6358103750771
-67.6765665357412
-33.3107957318191
135.149621836614
53.7534358386862
63.3601936114352
70.9736640366654
28.9172527198317
-2.96306524850063
-70.756799962594
16.4588671197254
-228.939913291898
92.1979759250938
109.016360358232
-99.7678805860268
9.83675583137055
13.0242721729045
-0.267206733932234
0.7117229155965
-35.9865807107095
-24.9208885205752
-151.883904762738
-81.1672742510477
103.525242909161
-36.7662670466113
-71.3661783014045
97.2891976773993
-29.0460625836957
49.6796957108047
-12.3194028804315
4.56611239222354
-142.631346285921
-80.9021767921966
180.268296477359
-22.3477121289007
-45.7895869210789
-15.103715950304
-41.7468510784685
-41.0190325918965
-31.7102672147252
1.23896732982653
-171.976885893273
-64.5830803801815
86.3663683230434
-7.9804257260142
-17.1995298769627
13.1810336138785
10.0719511401659
-12.193000809685
25.9801465196445
-10.5154631151611
-113.905147649668
-36.3405726273575
72.3718467216418
68.9450345834542
-2.07048941521141
-3.29227679612224
-67.379723430196
47.6951429265455
-23.3257319341108
75.760274219383
-148.104726507667
36.010970590851
97.8868693869228
-8.41431880189818
-74.5312268491231
15.5505751600481
-21.0410139710467
5.06243220033264
32.2098263699142
37.3675952909793
-223.367740653342
-142.574583354602
131.707746377467
73.6192894624801
30.919230277163
-36.7235869631472
22.7017498043671
-8.67855813315158
2.93848905707709
-37.850889417112
-135.847425825174
-45.0216252438022
22.9314493769139
-88.6714729878713
-106.155587940837
33.046779303798
-3.77476842711133
-74.3525231802167
108.493061464062
32.7146112549742
-44.4025228068686
-94.3311949849619
-86.2240457720002
76.74235521106
19.1805606566258
9.93235521099179
-45.9952536143279
34.8309834787703
-44.9505292335505
61.1896526599286
-37.6878840050601
-103.649516236007
123.297708728
-6.66317919418878
-16.0223283741585
30.9691830661517
7.00064117337816
-65.4966642532376
-8.90934066024772
3.76284750723413
-65.0171036646295
-109.826643297738
41.3415756624623
56.4236004237762
1.66525963393594
-38.1290361705007
46.8366883235737
-8.29211972374444
-63.6018222572536
43.3154616052877
-132.802620974474
-17.2965488002632
147.630213526848
-8.20151834456952
33.1727573409628
-23.1331870368146
20.5096183936557
-74.0755697365068
7.62020676264537
49.9637661462697
-98.106810489327
-116.743498602829
128.782261740595
50.9182756939152
-32.4773080509853
-2.18463454225511
50.636596437536
-41.3145389692007
83.3948893671456
12.6658160900739
-50.6101296063097
-2.29740172202749
-47.0437661221957
1.22080803758634
105.735573829248
-9.43558216198229
78.2349366303302
14.2700405548267
43.021391375861
75.8324601366398
-10.8020970335212
-118.070441768141
117.493073283898
61.1797230801871
63.2638288383144
37.2247660254714
76.1475387850055
20.8263441810326
86.4202423085975
18.7670470865976
2.13035015802479
-7.3303841009276
40.0880462186854
-21.9663773545468
40.327437460367
-26.233090188593
143.057779682585
48.3203839248898
39.7744617075278
-22.8105877912277
-27.0012808785909
-116.695722508052
142.199853737197
-10.4861018675555
135.049244606453
66.1589488832527
71.4491861751509
3.92265714640991
110.320635791916
17.2224793254723
-100.918163711895
-138.141677853558
19.7423838944509
-179.61063203406
-66.2380125928368
62.4576114491932
96.3660837151294
90.8391021145633
135.470600000811
-87.127997594489
-65.7690813378754
-38.2953385782263
-105.575653385872
79.5543342030507
90.1033459395119
90.0513712360057
34.1479973027756
0.77463747609281
152.824586562167
-30.917002765854
-92.4132643339835
11.0389179504353
93.5092951724603
111.76777501668
121.454479107797
10.0410333741424
146.185427508895
23.9720000659319
106.166812090788
-15.109913196437
11.6761996471526
-57.671427491303
98.1270515434814
61.8952310402624
122.4266580098
36.7494596096503
62.3573548337257
19.3920534802435
68.0482147570906
-69.4739344859453
-5.20703444731204
18.1220166676543
-7.34753809446133
65.9145231553599
20.4550726365168
56.6561041768553
14.4567583912652
36.842049698189
116.045205237625
10.7170282265593
-6.26569624289234
-105.860252627995
36.5332874794737
50.9675634956772
75.4916171645942
-41.2756939375346
51.7432727595354
-6.36313815314301
78.6811809466775
-0.773047016052747
-22.1055213447696
-39.8613292529998
148.876912750086
38.410054309192
101.908840396195
1.87393093008589
77.9663665797104
110.047733798527
71.4078039031392
-20.7298234651876
-49.9096874466957
166.460381141248
129.696396186953
-32.4316207919394
80.1044989311966
60.9220792317877
71.4522884716864
46.9385963553763
58.3365084947584
-73.6004653151298
-20.8172270079937
-39.2863153706439
99.7180544863051
169.347301292894
118.341461918134
0.334674041694593
82.5455522525119
30.6889759550519
73.0747276870087
29.558868134328
-64.4396923854593
-31.390683209103
126.460131397483
-10.815341664982
118.981771484594
19.4134772724606
41.9091840738797
17.0804847487688
139.839465341364
0.376520044484835
-18.4802564678041
-86.0878408787274
-25.07884942916
21.2597659551746
145.253031826506
129.118842370716
75.100529896343
91.8997196447523
97.8012552721457
94.5643320736307
-174.935501421026
36.2327980937225
29.5182190973599
69.4223725607434
49.6262030529819
81.2919817382896
56.9185521731044
153.268575391933
45.1274432183357
72.0003838779658
-21.2850168568718
-34.1359942026278
-10.0118396687234
-83.1080770831807
99.9973619623022
-49.7323352108336
82.3764311990558
-18.3569185644234
39.7382010760049
46.3356407341705
-34.6024971817576
-7.45632312816931
-94.794707615322
5.03764769284312
108.077794456407
-25.1199170564419
115.314226066701
30.5453707731823
154.145212776981
32.4283697670345
25.3715831098178
-57.7663079773787
107.065498817971
110.487627329403
143.167324739047
34.0814738592685
104.178487884801
-23.0197828055102
101.079198558984
-39.2839747448561
-55.2659853208383
119.948034810636
61.6074431437622
109.16926224659
158.721598537795
57.1283824931404
134.627334365216
11.8289514693953
123.648543450943
-40.1071743492466
-147.648254092128
-90.9099448820187
158.956851549266
-47.0590639155783
-27.4078233240117
3.64914677733018
66.9233784064473
-3.65316247419251
104.106954683486
13.9920784873726
-16.4123548288784
-158.288793046203
-2.44430205573191
33.568760708882
142.156750354908
-13.9616061748161
98.2563858424627
-127.05865808392
53.4760975666741
-1.41644961754973
-70.9481902945031
60.0244958135887
59.3190654249628
-88.7703488760718
79.7229845934027
-18.1635540992384
48.5870695932299
75.0142620153741
118.675722946207
92.1523560984876
-93.5984275766159
0.225927498451782
77.206429904295
20.2445801934531
81.2532184144985
-32.4812828641325
123.272177615031
-60.310335096707
67.7114582161683
-23.1007894081302
-15.3382197687973
-142.716958351484
-69.3905565880073
-83.1528011890056
134.467421788754
52.9397640401123
95.086820495949
23.9301740498098
111.745224040997
45.4398842159902
4.0629779313585
-51.8856204015224
-115.077731505278
25.3855401828893
181.364946586767
17.4485411233142
74.1988866877737
-66.6756332427981
117.962915668457
78.6930874646702
31.697122161272
-182.44348232474
155.209776117102
5.74835920474614
100.634095730907
-4.12663328533757
141.973130456408
54.2937951311185
24.5900633355765
-45.4158962664694
-26.5575104660371
5.58615885893973
125.376755866892
-35.8246600323733
111.698177160681
-40.1495114309038
62.5690195563253
12.0903446044178
4.3419571876485
-0.0779854003186671
-216.833500907694
-108.096265176009
134.777829291789
16.869763612003
147.644283113752
62.9242404693852
40.5374486482562
5.30266911623593
34.2804042375214
26.4998832445732
-20.2385226347478
-98.6589002099777
96.9729523036464
6.09796255065196
82.8188118675938
-16.2605459937733
79.2492799635005
-23.9496324955951
67.3477853019057
34.9844250334703
-83.5918514357656
3.96570460568625
117.018511976005
-11.6555752567109
77.5260691791326
5.68389816062156
91.8584933006412
-14.8200202021483
124.127769832849
37.7337175542394
-180.142281207288
-46.3571056759566
111.54269214654
50.204294383767
52.9613185068876
-22.8317569268609
168.144108460745
-21.1688841888091
117.689684760574
-27.6382159935157
-71.3122856637097
-10.836614286606
-98.0632847901754
16.5358233467575
62.9222710629169
19.1131776497689
59.5154048315109
73.386077587798
136.830436571801
36.7636562755103
-58.9567050841111
-137.891600319107
28.4182146650632
14.0428937883177
67.6656714095251
-10.6088163751421
84.1287681245429
-6.29827916655124
125.910436898033
-8.29061096001467
-18.5665377092515
-34.3895696287531
-20.6609674616335
-114.335551525012
29.1045328223815
21.5663855737287
108.854191671651
9.07357720187184
97.5298438282545
-42.6837806240351
32.7367548389135
-87.9500077329585
170.430921824546
15.3728169611432
58.4437626528894
53.9587259962689
85.4520419809429
28.6565719361103
154.64587423899
13.3889415821819
-146.203750567864
-113.950451156207
95.6688835050276
-26.8528650935794
124.138196346394
39.0529173080182
62.2772508314722
63.282443052238
101.261812667183
75.1970095543606
-33.584034094876
-83.7681862834039
6.3523613481533
67.1116313604028
116.488572390365
67.3144230574122
105.265059930767
45.462406258005
94.6900510345733
11.0831256975207
-30.3080297092952
-44.1852512643211
132.34095961544
30.307299244084
17.8102579406667
-53.0024190275982
1.09829283721123
21.7204863535054
65.2303512662512
100.435089379686
48.2966098671926
31.1583312767179
151.000595599788
-56.7381355103452
47.7113734632781
12.857537011171
91.5812323543372
-1.36327577233903
47.6492583328161
32.2336581577
-61.4572068087084
32.095677131954
11.0025628329564
38.7536990955868
19.2127449738576
74.1391336842689
105.28043519369
-1.20804531919151
95.616143675333
13.9092999081945
34.620381397849
-163.279408296013
171.500957845798
14.5916309657561
89.2985651436051
-38.0784912473218
81.3393625261571
62.0291667211783
107.910762317316
64.4287038895596
-8.70277539252292
-78.6893696638283
30.6500361859979
60.8606859938487
93.5584125855238
-13.8345059709659
116.868140565808
29.2252037962311
163.949632529154
44.5415031289588
-49.4104841965707
-31.6402329314146
146.01743736971
-8.64185736363522
84.1628645163402
-3.28321867342074
106.121186046684
-52.062098520331
31.9561494885766
1.99008345602935
-49.4744329925509
-82.7949737313749
36.0032268800363
-8.36991983347995
-24.5342711152933
-6.28170526530469
46.0443247697259
39.0662822387859
51.5930463498997
39.1465190320226
-72.3635076927358
-75.9928946133804
84.8103045614383
72.0634305388037
205.799173731797
11.278835899082
142.333800808577
42.0743623296705
102.142625715966
103.050525400998
-47.6962164832567
43.845274958293
103.611932379107
11.1290337502343
95.620499556783
-39.0519156603544
107.998571931501
2.03877196131318
79.4382526319548
3.77981597806579
-7.53580396111734
-55.7367181356012
173.055813989945
80.9085539630146
41.607968444746
-39.3707016352805
47.9555672420844
30.5055517393846
136.733842178142
35.034857094727
-21.9663899968519
-35.655194611262
130.861561183276
30.1434960923063
58.5641314122794
-91.7330899578316
87.1774729244251
-38.1830507737806
16.8286670901323
5.41156421715159
-47.0426083274131
86.8573203522601
107.045435285722
76.9300950941682
98.1040375928181
81.2026787571983
-27.0517171783043
50.9043726579609
72.9729856501818
38.0378459328192
-27.3417531805104
-27.8033722625952
82.7296225770477
-62.5434154609674
115.031239133147
-62.5566147788397
146.671003942398
135.53917789319
96.6105408872931
45.6192325024858
-98.2510300309025
54.4934447838112
158.622437359089
22.699075235742
64.4039132709045
54.8396679956616
2.74730823429136
-42.780221708634
65.5595707916578
-41.7654932975653
-30.2732152543238
-16.8641857695553
74.2982780206454
-13.5950113828316
119.117051374127
48.0341492915724
42.4046876908385
42.0107619034113
85.9066362789397
-33.1077936555402
-17.965081536083
-109.913292081736
72.9358657793007
-82.2488077385625
154.747252373758
-0.934172136707947
96.2402978083232
-52.5818798848828
101.039549713938
40.9076134523665
-16.1308972597219
-79.7155049138466
38.2182915199967
-38.4459151162998
141.584981565077
34.7083951121504
109.585630010098
27.3012111554588
17.7984422637588
3.40260692201548
-41.0114274823781
-64.1906549599218
-28.1044847412053
125.026739619041
65.040598107711
35.5052386198762
63.2158509801845
-25.3723321940123
7.88964014102805
-45.3405186488565
9.69496450730107
9.40488651725297
32.7216821132986
0.955460283952302
133.247468847701
67.9690640346165
127.224169030846
-69.3257017329311
112.589999355743
-2.82114183751767
-31.171094425904
-50.8994319017944
71.1874761768829
-8.29625852286125
126.114240607505
53.610735864847
135.097908655291
11.3198154191302
29.2509110237736
32.3068488551391
103.38704960282
-92.7376884030214
84.447053997459
-36.2990981419173
108.552221293654
3.50559763782587
73.0592626490951
-9.55619546836091
180.576134681201
-17.689414277378
-15.8996978999951
49.3859946049061
79.0507609348887
74.8739728431861
73.0780564109342
12.6386686367387
93.920362329702
-20.6741025767704
42.2727668597974
9.04967580824723
-7.48238465526997
-96.9733242432614
3.01575775534209
-15.4377368498855
103.530405869657
-18.513225404831
75.5922308044561
-53.9314242039202
98.7149335678488
24.2253954728299
-88.6069890514955
-40.9296822433442
109.343735230905
-7.87442615261158
102.868857491168
53.3552780024575
206.563815489141
-16.0635106869961
104.804173485532
-16.1144588464214
-13.1777583099625
-39.8095151883814
124.054981282452
5.63814294957105
172.494707449312
-79.1434199930378
90.0944088103109
30.2200617294549
55.278902818996
-18.3332526855964
20.007899103756
-109.373502260398
100.076405690454
7.66162553782556
80.7381263830557
-58.4244657001203
151.726304923421
-3.57908911408286
97.1871965848314
2.15969175979017
-83.8204229039232
-156.521133732655
-70.0415944221273
-97.9871952535051
167.646345566557
-100.942991574167
83.6721394229592
30.5313814166313
116.729466809134
25.5637207264765
2.63688946454565
-51.6356956286284
-3.8892906071507
11.4501352850025
81.4823963203767
73.7232989747904
131.903861676726
45.5576948517247
4.49780989854352
12.4364672156034
6.56085963794536
-85.0962904300273
87.6818006443538
63.470623229184
83.3395453240112
40.2872809111888
54.1911714837764
28.7689070273957
69.8880415211891
66.4185685533921
-22.1602788428767
66.6005824502971
88.1670439285729
-21.7138807983887
124.819501885657
4.54792429097727
72.0770162827317
8.36401869871222
62.4660431166036
-5.61954845978016
-40.7770497397808
-121.716206145259
117.970100541211
-18.0857506929798
67.930360241259
-18.9019452249156
116.931574426163
50.3569946144643
91.7801512287197
14.5358524875111
38.8997295135205
-95.0388287048489
18.8704924768222
49.1470535950246
99.9010933014788
44.2551141908432
-80.8706430283274
31.7212492889743
116.060279655134
4.36511482822487
-11.3336177774523
35.153008257124
146.013670027876
-54.9054961235493
69.3736646605097
12.9029227864893
114.968987336856
-18.5833707750345
-44.6247040683631
54.1130309008723
-4.91941676987479
-100.548304044315
35.589118596901
26.5717285355178
20.3307329497064
56.1558753342395
63.6350172227158
-0.879940968501083
9.09766049739382
-7.45133837205683
-52.2038374066147
43.7328056316619
87.5568937286594
-19.3412578617444
101.999695395897
-0.329966700054826
61.0352052457774
17.7760901393439
101.255091007084
59.0975709692127
29.2988630615297
-108.93337189967
119.144567068334
57.2159355117905
135.148313390682
-28.5146067372064
173.698333252016
19.9123927437492
87.0021100738026
-1.17758788482828
-42.0458217419006
-104.498370576289
-19.8551998389948
-120.32244278416
-34.6968712262171
-27.2784985707112
55.9723223748288
15.7858077312328
141.466566737143
41.2468858762195
27.3843152051343
-87.2200590222179
108.739269370564
29.552458636983
89.2088382484061
-29.9905752332076
175.835220121167
60.4771689727345
134.517973579615
32.6069695342665
-5.84654583249447
-160.30360106871
40.6885771321552
43.0898870763041
132.300344784628
10.5298867618672
73.1418580547652
-10.7604529282113
67.6989195218851
27.7015866987569
39.7839736993057
-167.268512626948
56.9948448988642
-27.468417641822
66.7819646699994
20.5580530448338
55.2837089490988
-24.2594277631017
105.5323246247
64.9379820915495
-42.0686027339997
63.2929770380396
78.2938622556288
38.8507557857112
92.3859763735294
11.1526780041633
62.7934416444556
82.6579650865649
139.420779669927
-85.1539088525412
-61.1539674925445
-98.0084400341934
103.142288477351
90.3595889456682
114.021488076707
10.0352658448711
75.9236728356145
-33.9695996149467
116.234493065673
9.3432473296805
-17.8735175475747
-33.4344748361327
-63.4280474135529
-38.7045718843679
75.1420052395244
17.1349604698647
85.7707029285291
-4.48060756857313
30.138122303435
-5.909516619193
7.96816599698428
-180.089107380993
43.6886104202823
31.5459884972006
71.9448378244867
-19.5822038853734
49.0552682768974
33.1247549920399
170.190775944848
-43.4475738529096
-92.1371718714649
-46.2486118548015
-4.81158348856968
9.01048538365592
97.2036736321841
-56.2658443085093
96.2990383939021
0.90516475115755
69.9408545945393
-72.7024600914387
-63.1078773468147
-8.00827299385968
41.970610965788
37.3597845558961
108.396902477684
20.2509816099237
107.666484248853
-40.0900504691695
97.6574834253984
28.4380530940526
47.4291166966537
-124.404714769961
-23.9002653499149
-79.6692260272849
-1.86829834686
47.4563667046052
32.4426477372651
14.6741764465559
117.342133200087
15.3418959464321
-22.4201246013856
-140.741665970152
-133.49568563385
28.2217566797436
158.955360282313
57.3427228162564
92.766620258417
17.5151547347404
90.3894547718943
-19.7227282738105
-21.4557811690899
-47.8516219291562
182.821090509354
2.44824157685206
121.077710939742
-65.645146483667
137.4567106871
-20.1053682698292
97.6761783114882
44.3869305685289
-42.2211759074165
-92.4347156179203
195.98944049742
-36.4443507268008
128.983747957455
13.5947842703947
84.1332103435216
4.49065797187581
112.942749270528
-41.7379119337091
-57.0852976043869
47.7813663265591
65.3108037788864
-43.7730102175694
85.4744554664608
48.9459397933275
10.6821293269618
37.6236189371509
37.7801035796839
21.7727681786682
-63.5225527854889
-175.269707232285
61.6905491850234
-19.3386063717987
103.193875165112
12.9637199595671
115.308874699721
-25.4024166134774
86.8782822281418
-3.15089475634187
-1.71408696011227
-87.1644887383645
67.2964126186064
14.772721324228
91.4652797140152
-8.84677931225441
79.5944557191222
-68.5495689323497
144.524560419487
-7.00587681522543
-7.25745454964489
83.5033776177274
99.2583704115591
15.5233993207556
128.72149243063
14.1751051428592
30.0837933878218
2.62685653336098
44.37844640158
-64.584145780215
37.8780517828742
-214.391320331825
131.220798831931
-55.7024234542082
163.661309478707
-81.4773524174403
88.5870001664592
-54.8383576069484
102.352963704922
64.3738944941483
-75.7080538399593
-167.516864387483
-35.0590664761022
-6.60119525329788
8.9537123522745
28.9339322505943
-10.328520546434
-11.651362229342
85.9388429461106
-41.8223078825569
-52.9523798559809
-101.617312384625
-13.4288125804811
-25.0253587277276
-43.9052433787053
-73.1329164356855
109.825254573448
32.6011719516775
179.638861902967
41.9204019513525
-30.7544937191665
-135.008858400685
38.9449768877444
52.8945609134723
193.736350052343
0.839760225327744
115.916719445106
-75.5033548762515
85.7675102485779
10.7626970173421
-28.9573234421924
-89.8329245791284
-71.8272954227312
89.8425546490758
75.9174212961915
-13.1492994460204
129.981065505743
6.31169337532428
60.1469893078571
-22.0009316110694
30.2830969559826
-94.2795572486987
124.711346143243
-19.4890997163382
124.406643998205
-30.6962059766114
90.5244589193497
54.2739177792605
88.5706933329651
-14.9560546574764
-124.19580330369
-54.5767578887641
81.5065415656269
19.9588512647179
59.7901633000193
-44.4341474809926
120.148699737458
9.56572574349248
82.597221344822
43.3685172265968
-80.4214605849751
18.2254148756533
75.6028856798017
50.8722831632393
71.1322167193172
-88.8342412854301
130.412230621012
20.9525815304668
52.6983199898937
7.35230408970624
14.9147420938342
-183.937956952322
97.9584798662401
37.6746712621525
149.37778267952
34.0922752462209
100.348721530676
82.5325394531909
77.2617454894054
23.3979770356042
-67.3526418345292
-92.505440757306
-48.0963465535788
1.60711415837082
144.995650923949
4.40585649935612
38.2256971385095
82.7739081224044
172.22613688775
52.4293355746531
-33.2752808779109
-43.5322690003965
112.834254677907
26.8453596713032
165.425929859451
-9.2802474042525
13.8815210278565
75.2366264476884
79.0991428325776
-20.0314687789999
-65.670384705578
-146.0284571039
121.431962941255
88.9145645192914
145.19412621875
-31.9740145848891
111.059265222764
-7.27932970601314
86.3445317571298
-132.601603244052
-97.0464627150705
-157.529558314607
-54.6434186573413
-149.81337909629
11.6555343460773
-16.071852842069
70.1461401582976
21.6261147556349
44.8402158730454
-69.5832329115057
-87.4409248819512
-136.455108418141
91.5397751488982
39.683717145123
91.7492444458867
50.6312600039403
26.2244026445965
85.9081631101349
124.423862449773
58.9464158476321
-38.449913581688
-96.0573094234148
119.627682733775
64.1468217958135
125.627814875906
-6.37916917155003
137.997145659917
-56.9890513949132
212.965668019294
55.802211443707
90.422870373572
-129.920033985115
38.349696455248
-22.0060879819568
136.353567185713
-24.9826375924564
59.967378007056
-36.6700011192054
54.3751742353063
12.189398518266
1.39498359882056
-18.895919564431
97.9426502414722
-15.8064162442484
19.2500814393987
17.2573341556269
96.0687086093361
-38.9112919605396
90.4582515500013
-39.4873248487611
-32.3469761925802
-94.0468308141371
113.073190709994
-5.19564116778148
80.8363534675255
25.9114054572132
80.6331567219863
-3.15628834584768
134.908265459146
29.4395011024548
-104.181155933638
-53.5808595619478
38.7127628697285
44.5031757200719
57.730595100637
44.7535176676235
72.7154575208557
71.3721579434517
56.5118608246295
7.43415879602296
43.0164885449718
-73.9669889119357
57.43137270322
13.5355258562914
85.3221626742619
43.9779498376318
42.7694930452975
13.0135884430224
98.7959950467979
-0.546954359234103
6.4686317457052
22.3302922193207
164.857639589254
97.2712796553688
104.58883994916
35.5171677759859
199.787585528778
18.8585013545249
125.87545516767
36.7405087163449
-20.8392135482673
-103.263526394915
37.7428344619513
36.7506444816301
124.680737816582
22.5803676490794
110.26236520692
67.0158514134344
122.521901681993
-64.2312857890646
-34.5196443019278
-79.0033264380621
-81.1102179059536
-85.2718113811221
-16.5986938243398
5.24624028349342
120.877654044829
58.423222193869
28.765054808713
79.192700561657
-73.4084342713676
-46.5770106826106
116.374377375027
-58.1871902774769
125.711870414727
32.1813578498774
66.7263848341851
84.9589434955822
23.2025752950339
-14.8276425444492
-25.208771381401
-179.365015973528
65.2417555940339
-25.2776805294054
35.7537738653396
1.63015844011846
80.2310124239953
23.5221466167063
167.689284274551
-126.84838780914
-87.6191953512644
-112.010230801653
70.8520299617615
-29.2188082496268
158.607865413229
77.5744418560267
19.5138208055116
2.59714099263534
59.6336392719547
-46.1849825900681
-10.7139034877444
53.8315029731741
94.1997354246734
-0.412574458978629
131.789927400162
26.4000103440802
107.406187599759
14.4879888926234
100.10814189503
-80.5934627324892
71.8551242128867
-168.747373734137
178.121642260559
22.3676073035962
124.330038879795
22.0135841066482
133.177282526866
0.987673510741543
92.1984264414156
-33.3651150073321
-54.0472982456756
-36.2426573783999
41.1080348323899
60.7858084496233
69.4299415585741
-50.004494504398
58.7220362808457
-84.3901884586131
54.1296483564721
67.2439432419247
-4.31670654450158
-150.378635489946
65.8295598865546
31.9190233753638
32.2302518855386
-15.0219396343506
-4.15332501423064
-20.7223994237123
120.67282803676
7.0361295895048
-43.4655187391623
-153.71364770473
57.032469193606
64.2290252935436
74.1732080278415
8.30668256283753
112.581531516304
58.658874204632
120.589890257255
81.1778979039474
-25.4233099781935
-4.60967395184009
53.6334667510287
58.747587714596
66.0680811326197
-28.6172795765306
82.792913092546
-14.8878812571123
136.18376061697
39.2469470911869
-48.1208874231577
-175.079020285571
-33.087876459608
-99.7642332128624
-9.46587855262876
68.5364089955326
115.498624660861
77.7439240185778
129.622920457157
41.2457284554496
49.6912041723407
-127.816660117115
67.3714680453783
79.3290912791765
87.8420218433835
65.0485456571492
115.627501298022
44.7035979243541
151.175927055255
-44.1377907470084
-13.0174730395303
21.013285130453
107.558319031008
49.8955541524051
-9.08788931994619
-30.8775908826195
36.4294130919143
-32.2957175672032
84.4541940539539
6.86983240900996
-60.8379003137955
-72.7783409474143
90.86852993193
-31.151955160606
79.2389406313908
14.0735019343223
156.020780672528
16.9851568975125
44.0521599001636
57.7831481534064
2.85583647072065
14.5575516797757
48.5867558490518
-60.7691291677053
118.961064241301
39.966449895891
143.741488389273
-57.6930190598708
22.3146419192973
-7.27154230704542
-25.6166693277434
-104.483908779698
78.8549928293637
-28.5443287872652
70.4236354784586
15.7305765386102
74.6052914309226
35.077871516108
126.570065649662
-46.3213206893448
