-846.411095315176
15.1360583540998
239.90312838072
-185.203920672583
-473.137577530906
-361.206142065149
-246.401412513377
-277.400017386447
-711.335136391974
-736.984976537463
-1139.05780423051
-140.209504897001
-1153.24749405656
-37.6988264386482
-667.961203510489
-278.763775437599
-326.55440880152
-270.260128908291
-1333.12128253238
-190.746850354784
295.055113210524
153.800452542207
756.285877791135
1071.15458425928
935.599486818932
1146.79532116762
649.818782966072
554.791904806215
678.294883718314
-754.752464466847
-490.969447493856
-304.61536737168
360.02108260242
164.030193479042
1043.18042057225
162.433261089168
-337.472887917361
-925.97881454005
-315.21094700817
-725.192614497955
-332.478452045961
-139.888912777518
149.967724312162
-246.282901341082
-409.235119642146
209.917297754146
479.056487826362
846.93703703626
579.066948018569
440.884546164937
582.949552381708
588.930132546868
620.065308405515
721.685100858924
725.857978853265
159.507453478566
-494.396881050027
142.917775428375
-85.3261333048502
-565.037846515002
-1433.54582750315
-251.833148078721
-424.179273730686
773.819755680774
-369.372406106486
63.0959937365689
394.858518704584
398.59162560706
736.478214694842
411.838685722211
-19.3988138958228
-370.8255237746
-412.549455097574
-522.999297672874
-355.36492169695
-693.7730639026
-835.129445762641
-963.749115984958
-1097.04586217786
-883.886621580266
-998.458262604806
-566.971600775212
330.824817468888
205.389744375619
465.223586398131
135.584148327262
366.853854699713
196.857229490839
-366.837830947163
-0.272444026761704
-5.70473265368809
148.257972827335
107.013356780375
403.739080049664
253.749929791913
253.977566869161
672.470361992359
716.488433606386
444.663200754648
712.502286490871
406.430704450261
1233.53801129311
65.2859224975938
642.567509022829
-276.627480643116
-116.134569871012
-70.24786139316
90.5009396688752
312.840995320466
759.611649668217
681.287728592681
404.825638318218
-268.456964106961
-179.870130560797
-1048.67482246172
-1176.46014881787
-834.733044252264
-529.184413702852
-1136.10586227994
-129.069752608471
287.575917582191
-57.6752973344847
219.076221885838
257.413796692704
-416.721108649353
-151.659891968429
-834.261829362197
-107.607268244925
-1000.34592679892
-425.333473135869
664.331727648408
-793.089981936405
-464.033089205113
-2.23298605454363
20.0143136249621
498.5360657839
376.138383010757
-206.794651645526
-345.735761505559
-226.744644059349
77.2851700253155
150.615807290698
-80.6439440156798
-297.399272527125
130.590428708109
-183.056966779829
-16.211693319466
153.909757316074
-478.116182130362
-245.173527093009
-276.871942719475
617.961984996071
93.0632176749171
-61.2322393585049
680.505434775566
522.792082686401
781.024017765071
1108.30070622353
653.438852447411
496.217801096837
796.527097072476
462.443148124594
-158.482496170958
563.477624365142
144.899442383843
-1059.95243622714
-532.938580875125
-477.842419050274
109.090365199807
-128.78179640211
-244.190940994443
-133.118563558081
648.378878015898
-258.139068259121
-342.890576493192
-286.605791150926
-382.498235896814
-82.9935784179669
-327.446541932772
-338.982214958618
-563.402790516025
-257.062480567781
-393.038136946719
-111.587806736321
487.476212664646
-424.142244305602
979.612654466971
549.762192647843
401.164513931217
48.7366196599763
671.027978023821
310.582569506815
404.065363777305
156.745975979055
-308.820741561978
148.510512637622
370.810321648447
-41.0318546143134
237.242116401012
537.244344294656
-0.075538921816559
255.863366068566
816.893984782171
-198.034088081134
261.58647406285
-252.775516700849
245.375493963484
-606.157674252627
328.949405697062
117.952633153476
534.2942364449
253.959915592271
184.705754020919
-227.952610266561
130.685244742231
115.253513036231
138.252163079217
-119.616719684997
-590.426890309335
48.6725163340242
-140.629917241571
368.58276725287
-74.5335430796405
-286.741800265484
-291.666383760136
-182.936739600433
-199.282317914639
-377.565194527607
-381.30386248745
-442.556557211721
-359.907179881537
-200.086591392555
55.7099922646483
-250.641198767136
-41.0749241498061
-321.467098066681
-12.89738280604
-637.174530222262
-426.390339019353
-447.570154010993
172.36063112574
-751.778070398763
-172.914717559671
-110.594437199615
-437.075874281054
-362.389977535861
-324.946349165995
-598.711569828821
-311.645826602543
-75.4470594920574
-81.0452467814097
-32.3719570682619
119.256308168068
189.491668278808
380.603844798239
161.170414599715
0.931866344174864
188.094818300879
223.11989906674
467.602465152865
497.156277568686
-79.6106869274936
48.9168827419316
-232.833306905114
-451.001156676716
214.60343765792
188.16547424625
-9.09048420240492
-431.753251052239
217.401984802937
547.682157539077
121.328202588006
162.26671063384
781.276517337795
-366.548585162696
-114.615239153922
55.890650912941
23.1227983710198
-291.870400398193
694.359555059522
-639.364142364874
233.889260594473
-408.246349153563
-454.221443907568
-330.602851039345
-93.7771859728328
-694.650212021745
-114.612579351923
-525.991373517922
-115.659410010293
-88.3864132243589
106.555237670751
345.768425312757
264.622471707161
813.430266223042
78.6514462625108
16.9073106367376
632.389435195907
-114.50012945521
789.976752309928
470.598052698187
237.921502992338
624.366284619698
226.560829547439
437.056237862563
597.881607688894
282.545512154915
174.322066308883
-32.7697328995182
-39.833100989796
-78.3851274806056
-335.479938968822
508.852532060643
-351.40198064949
-273.684889991968
-375.732671358867
-792.096905638569
-173.62283221062
-699.33555740328
113.157868199673
-326.984061816965
-339.609143915231
362.352181729294
-408.950464372605
282.369824302943
131.416082489327
-270.036699234201
320.63046076296
-430.390954598978
-38.6663400608328
-176.089677701478
462.661315129243
47.9894076482458
446.417647408121
-169.69036051646
-325.705797112457
-505.376301992867
-39.0158294069738
308.61367199378
42.3462326925871
378.106067174786
267.745245067333
331.731127188123
652.611156256305
328.88805774611
1054.7972735383
290.178669139719
216.302737798664
714.924349404319
47.2262426245402
-222.823924869241
107.393777768096
-725.844462536301
-345.35466714122
-98.3627651130782
-232.544696761467
-137.892162561327
326.353419869726
294.985922492157
-499.255995181673
211.303170007732
-356.243978176102
167.863469684412
456.37264473292
-56.1811511942708
84.424362142791
252.908602850426
-7.01508016695445
335.146971306657
-259.988160712467
-321.056604171566
81.5068018920198
436.933312621229
-656.576251802576
-89.9156224570097
-11.3615672173466
129.301435260057
-785.124117707927
-447.273688015605
-248.426010292451
-246.91378121323
-4.5040517584326
-144.201037452591
-131.577637740108
625.312713412949
85.2228381493754
-158.809527258998
588.055434798609
169.884627697897
91.5171887660499
-9.61425302846591
28.0890325245961
-220.05198571942
840.217003751452
-30.3981142517354
154.191190051239
-221.793193967811
100.040212449461
-458.867145631132
133.108415549701
599.833976472655
-131.074265541645
177.160323312201
-146.621539344182
90.1139742405954
-179.646352951615
-89.6355427698883
-59.6107910696254
72.3692243666398
94.1895405661785
185.762332505607
-25.9258214888002
-76.3558520723296
-15.936875856671
295.093048059819
370.538545560045
-124.50089474469
-67.6444093461869
-161.810367760167
225.079119090686
-152.713144076309
35.8816995320962
275.940063129347
-511.146776064347
333.384459253934
78.4362085068647
-26.8670526820351
-288.371445011994
357.136745086998
-214.191284144186
22.7716747254498
-215.79461833692
-139.550688592613
173.589259659208
1.64991310084753
-128.638887846752
100.130434107289
-267.632050422822
-121.7606327446
595.983899521284
352.277639759656
47.192939676069
97.4090542375483
114.221249660676
208.716203523307
-56.9552691997099
81.3535926572267
280.04778292957
-426.565592990107
-224.008407765699
4.41507415246713
-200.34393728426
-206.09290865574
-368.025750636994
-399.423782068168
-252.248898488693
-542.134398026557
-436.78550666839
-339.723056609662
-493.839113066845
-461.196931021751
-135.867153062638
-619.985211407988
-311.760591089098
-91.5567304495415
48.0668171638879
-551.401152325799
68.6295783511306
5.86037061162381
-299.790847636774
364.612179312653
157.790852026935
449.238808092117
855.294823830673
-214.886681126111
273.527617492075
272.777290680222
98.2933736471909
581.941096359726
76.8877799137295
-15.8012231937838
-210.759269568117
105.336489783941
98.2590224827811
-3.22910976555552
489.178181935557
-66.3013223495509
701.9238208496
302.199104590723
-301.363754168732
363.737906348932
-282.575220683681
384.543007528437
247.475256716864
-623.482121195606
-450.539562934168
-592.18862959048
-68.0726326524248
-361.633428420219
-499.979851715709
-180.080799850294
13.4564423472415
-420.577469303356
143.749750459307
366.61196228805
261.629304870586
561.655610372775
723.801934674506
-38.5601152782602
193.754180697746
554.023239346429
-12.4896511210766
733.023389467274
301.960981999128
986.704650472169
262.992792193149
42.3485265977514
43.6207180298207
301.164897147711
24.7537968019938
75.9849756581885
-382.289980958369
-667.088902908147
-479.605360323063
-378.11057003379
-812.480321081702
46.9453643861381
-503.082789731492
-327.485448098938
-688.801673754222
-488.799450159551
-93.4755387278281
-461.297493879521
-135.430620245103
-495.72529832476
-410.797106826827
8.76716035911654
-617.144728117628
-47.0076254672601
237.268145550118
-65.0878724177744
52.2990856745544
-101.87843854586
-212.096009336481
451.280879672281
-369.453239631613
497.451309903525
543.849622319211
1033.37141780937
590.604307182759
579.198769536282
213.952700365852
-329.369334456813
189.54971146594
-342.163952830264
135.092404145061
-36.1513194139711
-122.86082296237
595.057763783652
218.500074086988
197.998804755132
-26.8708214068125
-456.482913492981
-484.378469410016
-68.4936372878853
113.992404385012
-85.0856570001704
15.8978338273354
-61.5148424768182
685.884063133879
922.65781183235
-614.187747087962
-289.019547568024
280.177105779203
-188.42160944868
-41.0291129302572
-2.13547276720031
648.193658083355
683.863895321119
1167.08047443242
1382.18055066549
1322.70724232102
1037.46347010677
830.769952567444
660.838808511834
165.058428787004
177.501836594892
-407.434798820298
-215.606006828881
636.759238589545
-628.148006724651
140.927682144697
16.0244926202387
-740.982306236484
-572.95138623771
-565.246181067975
-17.6639798539275
-413.46399427858
-545.744790168634
-659.471352864132
-859.919792370121
-1080.02161322328
-620.640240821825
-1157.59538096574
-704.042117596804
-251.003940942908
-77.4250999431336
65.3249924318625
101.440585337838
-11.3620696093669
126.070097919793
-165.996911068104
151.652322548157
556.461076063883
334.136499333789
820.684787069193
-138.390090182808
-218.033474498431
113.299119850274
500.477127741845
194.999236563706
186.461500223805
101.616282194467
-349.00418670361
-164.384463533722
54.0046452861418
20.3734938006327
-67.5936567168734
-364.016319173692
-140.800695546899
-461.488513568683
74.509326360674
-48.184255745004
-33.8852336543418
561.643644253168
216.47746457376
463.750021850039
755.14419493492
-760.157112027327
-0.0834541780009275
43.0396390505506
-392.114729095893
527.046467834695
407.006024935618
364.355368712221
-149.029688301114
-906.992697845125
161.303975043018
45.969385371667
-530.70914321058
-58.9795349574654
327.669813508849
-285.091649935923
129.305193955706
261.160781767208
202.013414324845
74.2290554983848
131.167022569172
-82.315786953675
526.674725926365
-362.516611378798
232.479744802723
27.569092608266
-258.750487446241
-50.5382367887254
-549.644339159328
-370.309532647101
-148.829169876354
-266.487962238845
225.402232916659
329.74493039929
304.096451205678
-32.6751322200715
358.350458063287
-367.051684523044
404.77467102274
302.079900006398
-85.0493156626062
56.2819640317709
-119.659193780138
159.939340510408
-10.7246237260574
89.6344220155657
421.170871366611
110.563447942662
-314.201968607713
87.4233920389856
270.852600090384
40.0542757423202
23.7612979145211
-4.11045107722366
45.2247714284708
207.747255109003
-256.635066414361
71.7107907556711
-220.803493800532
-78.3470369610961
-75.3177012649919
319.615902510469
-63.2493717759035
-54.141557328141
-273.679210272002
128.551960400665
526.273955974534
-50.254406758182
408.81169311317
227.035825021787
62.2369942885356
146.096717431208
272.348563912959
-220.928592331914
181.21169438266
-178.764936306596
245.057023426495
-66.7178752186474
-362.025435531117
-144.353709882843
-371.626097141229
-281.921779761713
-515.440164704926
-197.525674030736
164.446159905435
-113.895884168886
348.330381601146
21.6419847716727
226.636278550624
-2.75059099274175
-389.355420121391
11.5196089300583
-5.6693198634453
-229.647402707181
-364.486519730446
-331.84643092852
-63.0894701930177
-656.853769240725
-844.291057512882
-683.522665820987
-19.5374763217077
-648.622597826688
412.196285057877
-322.108441133526
238.986104298997
399.608188137669
143.258362610337
256.296689176641
-114.339188955095
170.530760920197
362.527413998747
-86.6346896619044
-56.2304442526889
-508.576982076636
267.236762953283
-51.5744932276152
141.698010369105
-440.445642971387
-264.770620979889
142.585200674615
-5.15887836498797
-580.333938203705
-251.260847534349
374.470021532017
317.729573887324
-248.376630155055
-359.346633219132
319.915101754689
15.2554218481332
-106.793099735019
-76.1755377342027
67.3198335557105
550.718456044506
316.326920384808
156.400848355103
410.68595380262
91.4280870636443
-233.24316088841
-247.808186789778
-424.345492602396
-334.819865404502
-299.588020994663
-14.6098739386639
-49.0829474269169
464.127656403162
58.1613154878765
395.731580745525
573.56208125066
385.448515069718
387.299785198246
-267.545298758112
302.316714158768
224.411370518604
-202.025801700853
-281.107124400265
-440.104656842699
-201.058903143208
-238.328904392225
246.772659361727
-132.383444348249
-167.953177385831
-305.866848546675
-243.469410061668
261.291820612435
600.903982953458
88.6401733517687
-141.605022327509
-28.0660009448567
-686.373144565225
-89.6930858209622
519.176996066487
16.1782043616525
129.591929234917
-138.705478603146
616.193935429207
475.374465588929
706.212347966561
392.545339109036
481.626560860611
947.086902212469
-73.1217063361123
91.2316949852362
61.0741115828408
-754.839207902947
982.999049788476
-132.71618361018
343.287979755261
392.570433853181
723.489728289736
459.78581274259
267.497280207134
35.6890648147099
-41.0393374418354
70.9155424461521
-466.659331732178
240.831650376921
-830.01552102841
-192.694358547858
499.016677464056
-500.376632077808
484.236696344617
-255.729726476809
496.144319315342
325.568504999992
-391.498959917314
492.47496290288
15.590834618646
401.94251550757
327.440613894151
645.650503395213
490.280450931793
216.927252737607
226.083092581078
228.234415888426
-14.0935248300793
-516.198340434543
253.246106149236
-41.7928414735427
-30.8375214154646
-446.24181256473
-69.4656674198763
-232.249879457783
-778.871011582693
-12.9942169507717
-797.484818489842
-252.300990087026
132.489218087121
-111.015933876281
-1175.24393124823
-670.527081652869
-245.997037170195
-104.697603111511
1029.74764003368
-326.309908502637
-211.915825075743
-458.140345748892
-256.207373467349
-301.879226824614
218.699760754383
123.787400217489
429.54069091298
-228.097304441536
-746.208404215831
-126.717364952127
-522.003450482354
-66.3012069059155
-562.698432790271
-352.872039068385
-291.052915652408
-1565.33632739846
202.892360803147
-1139.33933490392
-255.447308422733
-807.947302355343
-890.560007594881
-88.1212473732117
141.488296459573
-856.956213046984
9.57952430272201
120.147375913179
-226.468286943053
84.5772782866901
-403.198582409149
493.262491316715
969.389273732067
-70.1597103462236
585.46038886753
693.625095187989
301.113269151378
458.354978884208
366.268252121908
266.000275920337
213.454841387269
-74.8892722963718
306.385690608953
454.239056864567
46.8504375832963
219.887892432971
-179.467451069488
-383.291079841553
299.014290537686
-66.7728320858431
293.041256069741
237.480915579445
-141.551820646442
279.627157425523
-53.620909459933
436.761588057263
495.05078574674
211.991677211122
206.103081922371
148.573952967366
195.760754686329
171.462585132014
227.550265294
120.68834834474
55.9552612514447
-314.891113690439
-203.812288595108
47.3876016215456
-122.244984331168
-62.2342125601207
-413.451778996981
-202.145372504157
32.7130015831839
-97.1635551524716
-228.984390314195
-176.662781360019
144.507267316167
-151.692448642096
-123.622959649701
-326.737994052052
50.2700646873351
160.596273743433
-130.868440154499
-102.441334668784
728.270291609885
-143.206710947093
584.279013077662
199.845069379324
83.5093396892042
720.664957436488
-426.726631304882
118.993566739874
-655.354735187614
-193.126679979586
-176.122761591527
-112.627878095191
76.7242365067377
310.691161771396
-272.715125233047
295.150841739364
77.8506375757648
369.16604860808
119.654784609322
322.125943830161
272.08466939165
206.095247433437
-50.9962576132126
98.3522131566878
-42.1664991196616
268.127815119164
663.372191492818
254.293021997485
492.96402967227
852.550688136876
-182.741045616181
-221.64280821354
-375.849797073604
-129.349160938525
23.4923589771573
-170.71237927162
111.203265314412
241.839811021825
-1157.5373777049
-634.728165379013
-439.75370915991
-364.867802773854
-984.157181936378
17.9767896903519
-1017.10068136666
-586.11273006932
-308.552705356348
266.165290392892
-429.165035775619
-132.366760172473
64.2095093344088
-209.361832023524
-273.067474950534
-231.303799690263
-320.335822370372
-430.100899023428
46.7046798021515
267.684161400171
858.03604004687
7.00466223265404
-98.9297449930596
-255.030085419248
-303.743182002543
-453.067370311356
-365.785497587554
-432.244299554386
-6.12106944641931
289.59524272961
-183.717117239612
310.734121061891
529.750597345626
557.040777588791
645.392236489212
391.666678298947
643.41918759417
726.479757292952
549.325265079519
242.468988140157
138.420441630722
-259.555556834697
9.21904981389815
-47.3592484132196
-209.773238906922
-312.6541175064
-274.783349183747
-131.87368315985
-126.853302285306
277.641821382374
181.976070790938
702.529385075718
-174.328064872239
535.081285753305
-7.86447213323397
341.658132438066
270.027227822752
-288.658906606085
-136.686183336578
-902.390445725424
-963.877209624939
-96.0256691086707
-237.377259964516
-145.999619709581
-549.250840064878
637.584511563015
-429.393343199576
535.038094917686
-366.063313671536
-686.391147835542
-666.500234136743
46.16413090667
479.431488620635
5.9326767858295
296.71484578898
-152.858321305042
12.1639011832866
739.538413770459
-81.7777920271989
489.024466988527
453.742716086228
335.61214271054
525.519809745477
442.343764843013
299.910473727904
430.295194421692
748.032400714907
453.091766221594
453.472424142336
98.5964013424752
432.286919576022
122.656472948096
-220.049869029649
131.988069158995
41.9089110219116
265.21362317851
-271.49592823281
17.0065166091001
98.950003085815
4.13974975756031
-205.100898821154
-185.11829651426
351.080849153571
295.682491392147
-76.878858500005
693.119587936966
689.880226365346
421.794534019069
83.8799232564456
-211.556400453342
-7.06599915019805
-511.822310566137
-102.095635737994
-229.293949819469
-536.71616605219
-912.74807290055
-607.186083931969
-74.3320031906591
-286.24471325256
349.007820051587
-331.592732036401
-231.276722830124
-161.23845388246
-213.426198329435
471.776144281019
-303.558016493833
-396.21739252635
52.8466123341605
-726.588471350835
-892.063224124627
-602.938333485139
-91.0170882065851
-521.935503850718
136.721559802133
67.0360621309975
-225.620821015898
296.719277083327
278.519779369488
-196.133160225665
503.065000573673
556.144963096776
301.573162221976
109.023054574964
487.962095199922
-143.977089985957
376.115208889536
-4.11036778785771
653.726885833845
319.380164288717
607.875521839642
258.877027279303
-566.218460806299
-72.9982312925531
-179.542015799918
-496.822270598469
569.043847309271
84.8574503236291
-207.318875056576
-40.5778517921805
73.7281806696901
500.412343196238
438.105933116721
-392.99318731193
-418.703984848727
168.544399484317
-595.350589986919
-202.75047898813
-242.128227624393
205.680652538146
222.248128902926
-340.740827030543
-208.429805891998
-618.897045033034
245.92964359257
-507.793348480801
-20.1285041598929
-528.537634057816
-1255.99469352189
-1310.50227688009
-1158.09198528321
-1468.00322424611
-871.615155421443
-836.146839932076
344.926487005597
-110.93966416916
84.5163733601522
210.29966468293
346.911381449233
142.701167975055
383.415593046954
116.877246235641
965.337405529234
637.657651552475
787.770694096552
561.977465797121
553.170455873349
1190.23107979379
412.178743099766
531.149536359309
597.736412119667
223.150917767029
183.314216266985
249.618951573824
74.7276478986817
642.62205018412
-63.2982119003549
87.075906177533
91.8073590068425
46.6539608909801
248.741923080714
258.770292965151
516.069733427644
229.440411576794
11.8395028927711
-37.5362629334456
-48.2914015901503
-225.196875583904
532.730996851764
8.41539905125785
100.580800380527
-110.461040484233
-630.590059896945
-641.552484352658
-261.542837644816
272.305264281576
-284.688238899727
78.6872001439407
5.94737063753558
-310.442789988915
261.413748624993
-383.820396472504
-382.209097975171
-361.786429828777
562.268738752885
874.826169203294
583.635410584306
24.008388950362
723.188520168015
1179.00925114346
174.268213779141
1034.58899779222
931.473021713719
-1.83936243428269
189.334884457617
-540.152098586463
457.663838086857
-15.9500663158218
241.801809383524
-235.095907086796
-503.693469871889
-871.790030495612
261.375897828604
-489.557380032199
-213.704158859757
109.784278251336
478.927714257154
382.58907905973
-579.445606997896
12.4459941262071
-331.681367856842
-747.920245293442
-385.774167003274
-320.331534061507
-363.169650880774
-608.282165262509
-57.2123772446916
-362.227585060637
327.448795234716
-74.5684055215981
-143.655001372088
272.116350783215
12.7070837713285
-504.488274939817
-564.729277199458
-348.297574403101
-602.121085924242
741.371700668769
96.8123518148756
11.262337799195
192.77738301559
-88.8513624070033
-560.01148675589
72.6402255904957
-197.228340163024
-147.545759078132
530.417611152069
-273.724588980873
-177.996928672584
-1045.91587594446
-1017.41626879692
-1000.1645492813
-1594.39206785849
-804.526999631251
-500.335480981843
-298.383757653427
585.564435112999
611.646072941685
185.361423627489
1294.58427584896
643.19635821955
655.284230120331
1022.44511575464
1279.50094514581
217.506738620423
1185.10665947108
999.383973471555
1165.03300478817
1262.40786308452
683.025819953588
686.221774678033
-92.6220578315603
247.509457319006
-212.748451794237
34.7271552165779
272.169891350367
24.1576631334217
44.0577091966062
-391.620519621298
-844.552066485793
-586.443346804731
-364.984337281732
-545.240758808872
-628.264871621776
-722.971209844603
-769.703619059355
-477.294448249059
-1023.76345417171
-1150.13246972433
-702.330751917621
-36.5736066408945
479.368675248693
287.816398420967
458.289066318551
1304.955656012
595.38329214203
851.616867894518
543.372291647018
196.031300280968
670.952764122284
-114.399101359273
538.080913496881
-50.6330342239303
77.4666688214957
-573.466540420876
-20.7906730466597
-298.844083305148
-846.65296691888
19.2186328842052
-267.699642464866
-575.642751868554
207.23758606442
-290.825307895565
100.012206959398
-712.982620189558
-311.343255321028
-141.093084972762
-834.941208839114
551.488519950136
-99.9202905975652
23.1315059637985
-316.912087867546
58.6776368881046
14.305361448517
183.589626420406
-242.853263669942
769.275618643725
62.0205900063717
121.517385789137
397.042201747513
-675.622585632154
-337.249914849078
-222.985103888374
-243.702131231226
-29.3300784180732
-169.844057341922
358.479494561458
815.040490206254
451.032935148532
368.137311898089
176.649273738829
183.9090397808
102.542424665587
-490.153008075461
-349.712430566584
-46.0919954264433
-153.510159408477
-581.088248109222
-541.812847335387
-70.9836613332219
218.778578047469
-294.34693256645
-177.222275242439
-113.628050673801
547.040458027691
-146.725367622403
-558.67267442909
-17.3675580324317
-366.203080547959
-175.458976456615
552.812023309603
400.155740920531
143.021890922974
3.24348781067722
-365.191335988942
-104.084700921071
-43.8170609229736
227.168608301884
-33.0062306472177
-409.200774795598
44.9102648636014
-286.875287207255
28.4092940245801
-253.053147384107
-219.497556528803
101.35914163781
250.051612490623
58.8232392751477
-29.3239081726778
215.25218454511
-155.418007160095
-519.458213649858
391.027201297737
93.0031518899068
216.672138259231
452.629047213136
-13.2178912660143
105.171366286363
203.942455724358
286.463552613823
-775.282453875982
-288.58292680014
194.725938496256
3.02047546631636
-28.8505645472634
-181.672158219558
15.6832182891696
-571.610452390705
-919.449692961449
-1067.09581913236
-976.406586775486
-1556.79514284624
-1330.12299949432
-375.659783601964
412.899254784809
807.481068684936
373.554464406334
1161.3623260562
163.566376376508
1133.42299575593
466.180691362844
749.421980968284
1029.3627668265
130.02855448628
1447.09227013225
-201.626991515494
-11.3805786553525
-130.704284056068
-3.85823748888944
86.0511643723981
176.280716933259
50.6397936890822
138.570711209037
138.939686348402
296.856605212833
279.343045873356
233.343460041894
160.546436167376
-134.627741265639
199.678088792363
-47.345623343951
-135.893068545014
927.962543450487
-724.797322220731
-444.445881596058
87.9004626900759
1143.0731955427
164.919676661071
1170.62859766067
1428.82837007034
674.261989973541
-799.403640255081
-329.203889234868
-8.46358293679474
224.864459340589
-550.467334846369
57.8774470565232
-1050.65091466417
-605.480484907211
-142.994750256434
144.440084327684
1008.53117602489
545.49947873844
-413.575933231226
-49.4591578318176
728.60194391237
804.431094618657
187.225918804979
135.410611177695
718.074695841281
151.428899509669
1368.06497200671
391.701271694773
-312.372679156517
-295.940421505512
9.67305400185194
-862.260221024317
-191.380751444357
-146.698374881285
545.301421430975
-1146.35152449163
103.0695071408
724.551097625912
-537.58027034393
890.886507182225
85.5316060851732
-427.263571607553
-605.960128129575
239.229322406501
-641.128358711432
162.372147855485
-677.1219677276
-117.64872123179
-100.184734058879
-131.080084254117
-590.409684338891
-27.1803072421444
-674.746505479372
334.41329539377
-217.391201268501
-346.343760648179
155.38806302302
-487.853140518104
-202.784884777789
633.313705273499
1335.78772027718
534.625098358783
1084.24717693798
655.988748266048
511.417287504149
-176.475773156008
369.396079390696
218.97130157597
517.544057664032
31.7358454412466
-128.968967176016
-851.139108816342
-1389.64287965118
-1113.76818797441
-981.177307729586
-288.651175253258
-73.1670329192878
587.314497212109
-31.6047972534116
568.783383843702
465.213895687575
650.427806206358
-1074.54736583687
-1135.52270367637
-391.03439636558
497.639849560978
-31.0018957402693
747.937493246891
-346.581365794888
-1556.00467800227
-900.220162394543
-392.701335807795
45.9448826653397
-567.264681670171
-1608.0559079003
-649.66186724891
-341.169061325231
-310.747266741878
839.64119667532
294.675905203933
296.797122731751
751.020626825054
-101.82819796557
27.7518329264113
-257.834345417588
448.22403221286
1096.50551530736
422.032182906966
259.626616358843
-99.7936952147306
1310.67309664914
392.333681365169
-489.308433504259
-19.0504264375568
457.560545549914
1007.91423233036
463.748580378132
582.024883578602
501.384309231867
461.814050410649
-128.65394778722
39.9164152598761
-109.525649283614
-836.186324348227
-19.4686223475861
169.843923063614
-63.146421275377
150.538969972228
-226.595084249442
-406.59633329694
-545.739700536286
-377.686583640481
480.775128904105
-474.50040754801
143.697072534363
-187.54893034766
432.692294283477
-69.4882952386214
220.771561132394
356.509122544
311.351894642437
193.746180668771
203.436782771335
438.515330346052
-348.088464795525
63.4565885361728
231.466978822704
-433.918917504582
727.960582259889
127.744193187312
-39.6385028354459
-10.0015030664222
-443.893101259718
-813.184304122969
-624.564716663492
-455.157903081761
-76.3106007329211
770.455809937639
644.1275919678
185.76742459646
2096.40817230906
1571.69020759976
276.071431356828
251.914304096462
441.423608911139
-560.561523246041
472.472853157975
-837.08235986054
-648.424923890913
752.988541302302
-404.868133521954
-182.286770027056
-123.861915441859
610.470008288307
426.529283721166
314.109966358376
989.861784560404
774.553612187642
-367.312967300506
-784.265324115036
-429.561618831125
-212.705779195599
-462.829696982458
-470.863134281361
-690.55458044887
-504.907085280655
-136.977386590989
-551.503888862539
-498.066807561986
-514.994790925102
-696.257696071085
-31.247933383979
-205.669663828974
-318.263309520242
19.0523183853703
211.993749480325
291.25079914603
560.441009379008
164.811752863022
-107.733377481974
-313.775553037357
46.7058804568324
-144.68285335231
-311.702775442512
320.882075523419
