3343.7442176016
5061.8777630118
4480.89812373235
2238.28829317473
1729.80939434737
2671.46847539998
1756.43171940727
-4177.8127297449
-2338.02893532815
-3874.22096951627
-928.809471307815
-3578.08512040044
-1454.99926874322
-927.709577492798
-2682.07796570108
491.068930728012
181.750320320708
-2566.93056396396
-2946.57240510467
1312.82578505459
863.939973598779
3888.07028447914
2411.22499599654
4384.84142946513
4345.18059340278
1580.8922290049
5220.26251780921
4593.46748388207
3286.70121530495
2349.06045083145
3538.99552617104
2237.94971069071
3556.44617663816
2313.62738301517
-455.544049634745
-2247.17594575073
-3581.26467635793
-3711.98871195732
-4090.10908066545
-2307.49006945429
-1327.2249170457
86.9564646862405
1540.19013881178
508.525921670598
-1146.34238334091
332.107259285182
-1132.16165097252
-624.02697413267
-2480.66699280507
-5065.6740244323
-7995.65844880503
-5418.80189213147
-2827.27423020468
-3026.95141039
-210.632154348089
-554.517180482368
2297.29532432568
4310.75272568614
5151.13036253311
4427.42520216865
5237.06772157627
5122.41225710087
3735.83711671069
1056.69237716339
436.58819776083
2779.16029351973
1699.79627647866
937.237461919233
356.918747349806
-1086.44371460647
-639.486327051791
-453.172844190353
-860.394090287157
-1062.49559524766
-1679.39313528629
-363.804618863244
-1771.88134370176
-1162.33469571687
-618.712754855951
-1759.96441747215
-3719.05988327743
-2719.03007995554
-4100.01905296841
-5527.78513111011
283.588875695372
13.229210040411
-1381.18055596588
-1408.56245704303
-3317.72972758738
-1602.99896517273
-1196.89880700941
-1412.31601477806
-220.855341256095
-3349.81179701407
-4370.77256605226
-1764.22472399796
2847.59171138349
2824.17037062038
2944.72055457076
1805.07782831485
2166.07888532764
610.16785571786
320.450198775747
45.3663892763219
-498.313004569825
2908.63201363563
4116.56513064965
892.819825072346
-561.513425355294
306.915495796386
-1597.50494820556
1415.90897969825
-289.931650477091
859.257032578758
-258.444311017766
898.343779696885
-255.535733196986
-298.152057310706
-543.638761878369
-3940.68090957764
1415.99856180319
401.455433156159
-2721.28541437197
-38.202610294219
-110.793126933917
-1108.55197040296
526.196275980914
-1703.87575265647
1284.98628051961
356.239009775173
655.42713831753
668.223153636129
2924.2194751624
1547.76244332035
1076.06042243619
2340.83210611289
2712.66420355536
242.530718818937
2536.6767033029
1015.47577437818
-1804.52141705722
-479.244974707114
2651.40859286209
550.388984814965
2109.35371938402
893.269669979106
770.348846804192
-252.480999307154
1477.78176458378
-189.330112595375
-371.341719168317
936.065445090586
443.005114138929
-65.0452399734855
154.699570573873
-1940.51591149672
-226.676545567235
-1232.63984072951
-2674.74255775821
-1584.73058705503
-1594.17120354486
348.546147370203
-1490.54160958607
287.217623446425
1457.35286484767
1655.77177575507
2420.51109825961
-1913.76161522287
-1642.85052663328
358.866739820357
1112.67569461221
-1618.79164049059
-3042.8515758698
-671.98097824096
-423.210387612137
-723.864096488073
-681.621806059859
-1778.7769681794
982.442989945648
3447.26031810693
5528.54141934066
4242.18451076923
3573.54033161878
-328.894975925778
-3609.9522135336
-1671.32767297315
-1327.75807734105
-569.696278666148
136.819443897425
-2944.03152709155
-4110.88324817251
-2359.18483561518
2408.45802747824
3418.5573602091
1332.02143689779
3638.71943871739
2162.4375446474
2371.4673849079
855.259112817266
254.063759915158
2043.36582392462
-1204.56640866585
-5676.41434066173
-1486.18933947523
-497.837849929636
1223.46364301527
1663.16432375932
3717.06254309211
2345.80887264564
1672.46781992446
-837.133600402491
-1254.17950993625
-502.624118238963
245.916268854276
3878.55339221996
1339.15533139709
3666.50703231688
2419.19210097621
3681.71806002238
3701.34778457161
162.407591622153
1059.87103213029
-793.932303798995
-279.529325901522
-540.108722148802
-837.06788784844
-2914.78124682346
-2411.95228406779
-4152.35432584411
-4611.66027937047
-968.492262664352
-3885.77620496821
-2765.76705841351
172.550171422889
-2123.20372980113
990.948468088734
-2040.59167566342
-3891.69948043897
-5464.04655346416
-5108.84711101459
-3808.24837849039
-1897.44018291129
-389.090079533487
1592.29476540705
-2098.9679585321
1234.80807868109
2545.17631529825
1136.8818039414
198.553447081295
2051.07233555218
1683.36772247328
3655.56725257319
2772.48048346711
3157.90842319314
2042.30928135573
2135.67797787966
139.81688801887
1794.03634232055
45.1309899886958
1095.3390123877
2489.96573155937
3191.12445620224
1879.84643780383
2301.95133242841
793.625313405845
1175.43417284705
-0.764524597308338
-969.194967206721
525.276600487645
-722.197092649459
794.88047495595
-1617.21337760094
-754.21062266224
-2491.00371860381
-1165.71195306606
-731.694616851817
-3030.22095629944
-6343.56559817478
-4344.15864563305
-4377.66662959261
-2984.45393079156
406.671913714744
-82.7771995698605
-982.565333690779
632.937922437809
-1148.50189232378
-2938.81852977135
-5222.63167997746
-1186.06159973593
-143.430301896588
847.274220575072
660.15346374442
2584.5753731207
1132.20845202563
1537.016513871
2874.83719662457
3646.31717420246
4190.74726354607
4321.46608358921
2893.5764419686
1054.62143051215
555.409846254648
1538.23417037803
836.333498077291
382.204085044132
1646.96588249013
643.18202652266
2662.04469660951
2730.6875085375
2890.27997413427
1242.65285832087
570.56005698429
2063.93487590831
-1716.9254828339
-640.894087392562
-2144.6345432515
-2753.73877682685
-1418.19779292036
-1921.917151304
-1092.00347412927
-1097.0259917421
278.41642998255
-4103.26865764253
-2185.87688360946
-946.104443055842
633.577858854555
443.06504586734
-27.4753415091019
1925.97747030117
1142.45019605958
1427.5868018032
-292.483453347267
2587.1617126969
584.635694804153
767.936638263889
2735.87572605523
3565.07540706651
72.0253503860023
1392.46095667759
1666.5811577733
1455.71393256691
1749.90388146268
1080.07412637894
348.257015184727
-1492.75944921241
804.571131371615
737.498813347946
-2708.21125712481
-239.158928225356
721.932417193396
660.244599237764
3090.09008506969
1340.69404246487
-939.952871962521
-2830.51645196163
-966.277115458266
-973.980444419049
-1987.84461184351
-3141.66287233837
-731.483156135969
-1698.35654595359
-912.016427740497
-4768.29837756302
-3679.2135978722
-4639.04875254446
-4080.54560259248
-4804.20795226681
-3490.24537833806
-867.950882836555
20.8019437077606
3823.65343149233
435.299448146628
2404.08860044352
5046.39984535102
3952.98066005588
2405.67473894168
1321.40209866424
3014.43922398862
2986.53413349141
-1181.56155730532
1002.67864022122
267.36654031599
-282.281217388511
398.279105748937
1246.10861591165
1605.17535059416
1346.62386028183
-626.324110736921
293.151557860993
-1520.79298023871
-823.679929708589
166.627434820258
2640.99986194412
1275.16046721777
-1560.71758355104
1257.5547845336
3114.70926514884
665.286343698279
442.255675288092
144.953320768168
-2411.5886937643
-1737.2598825128
14.4198813433889
2599.06382886925
-749.835021652768
-445.599728336677
-70.8981338961206
313.460548930509
-719.523249579716
-179.119505270323
-1099.08288658988
553.372164362804
-914.43085595021
1536.63043342625
141.077459747208
972.665846870659
-260.783241698793
542.095937192559
2460.28630981128
3684.20114049819
3678.8326489608
1827.31413330291
-186.999786201767
-2709.29455217593
-2135.41078115632
-245.474124063208
2011.26899070458
1295.97726402259
621.977427281299
-275.518661371773
-2032.49724371296
1250.86855527651
-836.672323755431
-1661.53922946577
-2755.73438368286
-1565.0250494593
-2352.21050338201
-3256.86657297627
-3069.81842668811
-1624.93564358689
-1042.66936562849
384.025630459053
-2850.85978885655
-783.360834875548
-517.221806454715
-1482.00692947259
1348.16736929398
-1482.19793993952
-198.38735026253
1199.06431013938
1424.4650782626
1737.24134457334
834.592899104651
3115.56350208919
1537.3823933066
1646.37279366233
-404.638842234544
-772.857912588412
-483.610080358261
-1375.20812668011
-999.83385867334
1413.28326506858
1847.49627533417
2276.33601998179
790.303785975935
2924.93569782035
516.470405190148
-660.680139502082
-117.383119219896
1601.90551289603
-612.139004359454
48.3717498535976
676.063097151417
-1298.11112883193
-1967.89913416938
-2615.79083986399
-438.29336327652
-2956.74892711577
-1684.00259356876
183.422048184482
1005.3502325321
-346.006848829031
1168.09648691256
-678.636431562192
683.315122084754
953.962368894494
-2116.77276954335
343.562962529822
1581.17348516892
444.177188056958
864.395534064633
-798.364306854773
69.6791457924961
-445.427609295283
-94.4873336346066
570.975851933818
1310.93384188629
-699.454117606392
-69.5038417317557
-2149.01561648191
-1023.51188285238
-774.547659187552
1769.4212173813
-232.440551849335
1732.80211722561
349.229743518331
2558.28036835657
2230.02330218434
1631.0537004182
-961.300485239617
-252.305446052185
-143.181889009296
-968.004082439473
-1600.20831767334
-850.199741813251
-114.12283998545
3204.35768190635
1342.42780418293
1569.15522697769
2324.62384373651
1525.90121870145
1474.33735773311
1062.50271181533
-180.012419211932
-623.32396891182
241.142372038238
-2423.20441262537
-1694.35574574941
-2467.05560904648
-2748.16152006886
-733.210930936589
2037.49806891185
-433.401350283116
-1650.15070120194
803.92090009394
1678.5688829732
413.240301412293
-494.463619794412
-81.2859786385712
-271.925067279729
-267.461049766395
-308.701493570652
-1525.40449950966
576.704703187176
1302.11916600214
1763.40210099374
-178.436871150536
936.151279132969
-1913.38929341334
779.446732807919
625.057605002996
-1099.4131819816
-35.5628805247943
-690.285875471423
-171.975739219564
64.1377629806681
-340.728519287336
-1255.56087856523
-1306.35657718833
-2422.07212694713
-275.916312378872
181.717172317682
-359.807018650709
-1539.48536941531
-996.722259258637
-1023.23196034661
-1377.77201554462
557.849216170001
758.317375867158
755.306595099178
130.482787798965
-1404.89916803047
-854.624058894246
1052.39471766959
-1230.06125869818
-1822.60768208784
143.526442630451
-1445.88320072732
-1897.26968702685
-1365.88816256615
-621.098068112749
-982.495995334352
-2210.43956631794
525.036175942818
-227.033827968126
1068.93362557967
-672.410719586595
158.057697828306
-1696.58780559886
-839.660599164594
-121.338377499086
142.910208957368
2734.16883084578
207.732977771414
-273.328600994678
2113.74173785746
980.619963754481
-170.237711620338
274.21507664669
-1386.73390880682
226.589505297036
121.449937898919
72.307483539351
1185.64676201169
-969.935040984983
508.995722991348
-689.476980093436
-2665.72248305629
-878.987443321171
-2295.25096531231
-151.019860694689
243.157766399298
525.58498888429
1519.75799893857
1788.73970825834
2251.45747781847
-482.613686478545
246.471474522372
-2283.55540630422
232.217009841867
-1682.74672467829
-1873.85190326279
900.452165978062
803.753650764694
1175.03997463387
-27.0978114925526
-298.7798554063
48.8842504879909
-38.4998159622533
1609.63464639345
-1209.28971484952
437.217274568391
791.718224397648
-621.952817098464
905.597219799691
714.962999110567
-1488.22284033717
-935.707058217403
181.08074029867
950.866633583878
-945.906542061414
355.064306121674
2019.09865193013
3395.57629978841
1472.85211008992
1042.70646817035
425.810413253979
-182.824588150594
263.811255906552
104.633937314011
-267.769379357177
-2353.4932824223
-423.5013175452
-340.247437304054
431.767883275136
945.449787803737
954.921708161643
189.663086124802
151.421852470231
-1576.41929449731
-1645.39242331929
-2773.0890336488
1246.98720157451
3194.50951802986
2439.13360247509
1773.18537963205
-1452.77644461919
-1155.63814861301
-2245.91275177247
-278.30164590437
-3017.80839076909
-2497.68313268429
1256.56421243746
565.309162461048
1561.34400508253
930.796413915071
-540.183847459189
418.620120695396
-896.351559826887
-543.248732606738
597.66176698953
-892.675980888012
-275.311010440767
-363.212142855069
-545.670822481198
-320.234480659198
-986.581024047633
576.709573189465
693.502616832379
145.608499999193
1513.95068611717
-838.428917317661
-904.726853898329
-375.16519029249
-1277.56873677394
-600.974833509585
-472.436859677494
453.988695261052
1147.12948722521
182.159796716725
758.539612949458
-4149.04232476187
-3104.80343319834
1562.41336793506
2191.44425463404
152.019843449104
260.010494359748
949.919872948722
1745.44221539286
1097.58787494104
1007.58408917811
797.276605867513
-236.275890477028
1984.81153025198
635.688635903245
-210.995776598216
583.175077847211
316.973166876185
-826.434648449118
23.7713242238466
456.001410619069
611.517875127867
164.337721102343
-163.981379761461
1153.02732048832
-2281.32738576908
-518.001977905115
642.989694252513
-699.401445388757
696.017035007287
-676.08525698729
376.627243678425
-777.650457153734
207.205536665873
-245.436799135302
731.299124879553
-2400.34290048457
783.369461107787
-812.153485269162
-234.865337827313
474.88269235582
130.707450278282
100.593078717198
-871.178405155737
2508.73348050906
-1007.49812648103
917.754038784526
-1355.6091724438
-985.51541792194
-87.4408733973219
916.826489734685
1045.46289214036
562.451619018345
291.340582978834
1557.63654136198
529.931142600276
1065.2874246253
-894.545725892629
-19.8995729346506
-1092.2794927767
-809.308047222305
-1462.15649919724
-311.76277888701
-3115.69566736018
-1541.97188722229
556.016886639428
2016.29190794484
614.932636988839
30.4118446488704
674.175171269193
-223.709865083498
-1024.53774437536
-1863.59408306557
-405.307344412059
-948.163865451626
-108.706317289291
-329.465828676775
-1273.40525203567
-1148.89854462386
1410.90337906109
1478.20623651012
838.749445827906
210.621691925531
308.169887739506
865.338742708233
413.575495250002
1551.32077468323
-2242.4427704175
-323.801359707473
438.987271083185
-1181.72009448517
-746.186505065207
337.770092527494
440.460141138121
-395.701344491136
-124.569308067542
-138.322974348164
-2075.19648249152
-1920.01918210259
844.44478609322
381.959098551524
-1556.08719680092
-265.459753208901
-172.797554474225
-1585.27963731672
977.719861949007
504.224371890902
1811.2405115669
1054.82340490194
-183.296196071175
-1233.26909021795
-714.591104285334
721.630089679415
1714.89124268832
841.818839598767
2129.70717018434
521.436640352373
466.043926508168
-131.908530882672
24.7589908397078
489.063777322498
-181.945769552348
472.151942869962
-1519.54943245634
1234.16694114434
-132.170414346715
-324.496626641808
1544.55350545421
1215.75057379319
752.816132336112
1043.562979438
-492.491832970291
874.95508193243
-1200.56681325516
-207.016943723104
-1108.9688271799
-1227.73349863636
164.866383621832
-109.776372726724
891.123615498123
-1112.57275083559
-1483.45497623644
322.00463433879
-894.311627287778
-719.904632849602
456.498610438599
-29.8604407939555
-962.629672557162
995.804809420645
-1866.10529345646
-1055.0156893691
-1058.86950852829
251.001069563173
-1098.86698552019
-24.0431980559597
671.955102483338
-432.485883235061
-1055.94239012285
-2566.75247848958
-13.0282055645961
-805.846957497701
480.921336516637
1091.48588789121
871.120084272159
103.269089705586
208.057779384771
-1736.51572489853
2201.91284490112
758.097901004713
933.509711477281
-218.398468634108
540.474213111136
2106.19103651974
-170.775809875849
-1122.99152907958
-2639.77513211985
-1032.14683611398
-849.067547581846
-1647.40050135533
-1801.89987061215
936.852838070275
-1184.18737022962
864.187068018586
1395.46553020398
927.096162253864
691.882727449685
518.540987832269
-628.38947306182
1057.45920282004
314.897953354554
1790.2968443245
584.041210072587
1725.53934744821
56.7241302266057
1797.9891554363
2484.37051328246
1134.25388330164
3031.71752049628
592.263208822201
1093.37683518834
1535.03625312994
2054.91345898758
234.65010792606
2.93011581751227
-551.323604481845
-91.3773969251862
-80.0910794381512
-212.736395605086
-188.322784816822
-1015.74611559722
269.504655319577
1304.31715642639
987.669363296863
1177.72367890487
287.43304246844
1618.86636621336
344.15491968067
443.234185320943
1522.42768717011
516.016584240491
-417.057708996365
570.636101323719
55.4914066231803
1312.43788835883
855.453049523626
218.120285754145
1274.25613241271
-495.445954614514
1353.93205681687
840.625677960504
-56.4870616795299
-1725.32528535868
-3468.77272432742
-1128.46967452022
-1108.51098867099
-1044.8629238406
541.430017221891
115.171170443065
-448.759096218819
613.672456013541
-64.9577239962991
-1500.11058118482
-156.997944573842
348.855762162568
-53.5525131088306
872.518025090473
-779.67650769018
-2209.34518759206
-2536.92612817015
-2799.84628939855
-5067.48401162125
-1509.45188919223
-113.071285055317
-622.341921396865
-1311.15482670307
2307.15197238061
2087.75962980065
575.708984045051
556.390790443063
-256.326908206423
-3527.42206047344
248.880926282036
-530.454905176147
1460.46446552958
1489.75508498004
-815.735363354802
-679.293758705161
-1790.98848319945
3685.13125338388
2779.00552997926
3827.94417139602
4294.29675300384
875.819892892558
1222.56603996498
1731.53535048188
1513.98794310198
-452.573598644156
1298.72660996155
-2671.36907823862
-2999.90840295911
-1735.74307790021
-243.804624770914
-2359.49283471238
-5584.51055615657
-2438.16987018649
-5856.32383166987
-1350.3021288317
3770.99920808322
-1637.44527462158
-5374.87847679089
4516.62600390268
3071.27559758489
107.729622410936
729.734256548979
2389.94462508313
-328.529694366383
517.123928298885
795.324841469133
723.214529356573
2291.56022159971
-464.444723298686
1154.13071989266
347.209131345555
3495.31932712394
-346.807763424809
2016.15019390357
2420.77951509354
1019.83579484235
-3015.84629568782
257.971993216332
-406.074221791069
-2136.89783503229
-1375.18797168047
-576.0909681543
431.227752326241
-1016.05661855863
-793.524106714458
-1116.44862746316
-260.815047998885
627.53740279772
407.416338363008
1203.45122207883
-394.076755723955
897.408140780595
-618.56857974148
691.127283678088
1607.02936679663
-2180.07975048356
1181.57583439422
4391.98216101989
3157.60064837951
2658.89225284738
3124.61365553371
3349.73855807295
2349.19971381024
-871.011039159699
-37.2105478162256
299.970702432536
-617.189335342568
-145.183908180105
-439.29784560426
-351.035485875731
-20.3825779531687
-1273.90559993487
-2288.43459964242
-5644.53775902872
-6447.70552945804
-4565.36198678215
-1550.45444952931
-1940.06056522747
-2029.89866989164
-1092.2049633166
559.047006939683
510.050187043791
394.39282672234
-390.296773236722
-2973.61916465001
200.138556471682
-386.019558149594
-50.6885539636144
1954.37508811984
1821.853636179
472.713324127292
396.261595057294
-1140.46224624077
-128.096032966222
-98.8730236294753
-2059.57739735378
-517.452721502153
-905.443413811557
541.379441184937
153.131826040821
848.476008694989
1547.96711948854
261.023364635904
597.197249319961
1440.88791299052
1308.43736344539
1223.69377595445
2669.14093774641
-167.533051739497
2664.73630559395
2643.91740442862
1890.08041471663
1576.2305723444
2806.80417250328
2294.66205622042
1771.95929794627
-399.077506109231
-1773.04777709614
-1187.61733747817
-3903.11092799727
-1052.07075635054
382.229171356809
-2725.77654255632
-985.065445889787
-1268.50687906312
-1603.29056125158
-410.297441713315
-1785.39392029458
709.161407295519
518.515518904414
627.819081847184
707.93179926439
2940.60257893873
786.694176245263
2083.50621539707
788.104377698009
-10.3901257975006
681.627096946264
896.376593695014
967.762791329751
-86.2739970408372
-376.949861569703
-476.358558345632
1238.27244671417
-884.771122764559
196.563518818016
1283.04816449631
75.8355464806232
-788.465939499505
-528.280819270037
784.068156884528
914.318207578141
466.102168418193
-276.945173032241
1399.19367502082
-169.210997941739
-439.073715007777
-1399.03978323485
-1383.31269895825
-1091.50917176691
-239.693785623821
-2839.13678533419
444.33586566934
792.006178072731
1266.60668554936
3553.43713693164
730.654826837579
939.794103867485
2206.21396087491
250.282665523928
643.381844365172
924.216024191653
-559.509582262611
-785.138917999661
304.570532538557
-52.4194015835111
-1096.73012567063
250.378199970771
-885.752639842081
118.090765329758
-65.3925271241295
330.862269514733
-407.56746011491
-210.479391600531
-459.895254013593
151.55594099248
-3766.42121271462
-352.402723239467
-301.677590887816
1882.07025735194
3345.80532835021
833.832521584798
-369.10497095834
91.104343645183
398.66932251333
-413.54233702407
-233.324960816219
2602.22352253321
2035.1365111138
3451.40364787163
-163.69683852841
2608.66402779588
-2687.14137618379
-3951.51751237086
-3934.3803130437
-1878.88998994188
-186.042431995167
1400.63992930185
803.431958834068
-2616.78754117477
-1526.46583929848
751.900469248529
-1867.75617673101
1270.35607017687
971.46399755651
-707.924324031502
196.059632698431
1806.93873610563
2165.46530072417
890.542624154769
673.223587729148
630.482512877644
59.041143617233
-4.84241740733484
1685.24183308714
2743.84141700278
1943.83897243672
1361.40162323507
-2556.40008370168
-2585.83896178302
-639.575874273561
341.543970529546
759.078831029952
-2405.101961976
-1292.63708846524
-1501.86088342155
-1744.69567161719
1622.49786817429
401.208704998038
636.051043065329
-1103.32904725721
-871.193955098388
-1619.37007260072
-832.223798541523
-1383.00842566964
-869.801640187981
-1264.83317854881
-926.712022011182
-2297.22111821495
-865.951573340166
1809.24716406758
-1468.88656315505
-6384.49862991691
-551.779189576901
44.2045152213837
-749.977531558609
-1385.49888376931
339.456870644832
-44.0301377941421
-90.5151477814145
4156.43555428954
66.9971652079189
-678.954204658835
1314.58691690516
5.29773827830354
-399.542845928648
-1852.9461535469
-3043.12448011836
1574.78147093651
1674.94236045111
2596.22942626378
-255.475250938106
2339.72593697297
1365.90602805486
2838.04485433412
-514.649950961702
85.6514893027056
-689.866700640881
-1974.36143641394
1415.31229118833
1579.86749248098
-216.730977991887
1938.52456839866
3226.50573690342
117.688981292289
1594.31986496373
2775.93484170347
2109.41873568076
1272.38293224204
-342.197535529963
-1896.14715374726
654.540407984215
1508.60485448822
-1596.62467109418
1040.35131556037
-336.427840085115
-3102.54973265614
-2780.74142773511
-3153.17119577492
-604.46283228808
-1738.18745806903
-4966.13150230354
-3892.58184349064
-2495.72434434013
1886.48750597615
-769.916176267897
-1152.47851064499
-2223.38582155552
2179.11416236366
-1469.89112150903
101.982660223804
892.611474537253
1370.98702349717
2671.56214005747
1327.37062590004
3666.82877638768
2119.44461112491
1352.02603043489
3157.71523046794
-1351.83251723999
1149.492566493
-201.835576217488
1411.16274727707
-172.222012361302
-129.830956131024
420.385892454896
-224.778749617765
-1636.56155344711
603.667592163328
1119.36391754994
312.368516008836
1464.29971971965
936.389918887028
1515.4281306523
1029.07808215403
1509.99135908094
412.247392974355
1498.64944179071
2317.07904884186
3089.23529699123
977.219842272856
-1890.0795857474
-2880.31139148623
-3106.36146272154
-1310.32883287999
-1896.52447418917
930.352142788662
1062.41107317991
107.796115495491
603.850953863886
-617.809849195692
2658.78994334421
-123.378707766231
802.701017323459
956.692936146624
1314.51067846659
1202.88145212494
-342.868669150071
-792.420881224108
-91.3375799282099
1180.9613233068
-1478.11397873416
-1499.18965537338
-2067.50714178759
-3952.25222320654
-2385.66605402557
-1219.09042032405
-3186.84370604281
-1234.71871340141
-3009.95300457627
-2877.35572427473
-2913.05814426162
-1961.36934714347
725.525416325717
-1742.38847391846
1151.30780182235
334.900627973936
-447.478474435652
-1473.01185087738
-684.848014392523
110.866892586439
1319.38468606504
1718.15738298569
2370.82978452695
1824.87140052534
2395.61307893784
1687.02298191164
436.902194665033
540.638916676598
1030.69109614516
1210.9606286528
-200.597658518527
1520.30852538326
-332.608950118395
-661.723646867774
672.717775581551
742.872350841979
1769.5404411526
617.362149443645
1656.82718788376
622.387508086479
2057.94493477842
538.448033286945
1186.95719507381
41.9181817059622
-15.1524125115741
471.07471099346
-1664.15303516834
-403.784940662766
-1676.25253770522
-2157.78267526107
-1648.71554966343
-665.377849141132
-1760.14049374068
1268.13757885507
729.940451235651
431.665669162951
791.613428368652
494.849239308414
420.861993350926
163.195719508423
-47.7748657648186
499.233957888688
761.710639438698
111.082677503057
-126.818049851254
-417.583838065935
-1315.14863358248
-827.524881493875
2019.03289008417
2084.07447454029
-199.939623390588
2236.59860943033
2285.63958240462
1364.3250137356
28.3439030049415
-936.75209676394
667.776910697076
-1969.449649323
-1739.32829991451
1322.48184157989
-573.668090013042
-1194.99551648511
-776.257381991546
299.17160084209
-2315.22040027836
-809.614290349619
-1697.74820727268
-579.8457697144
118.585080520118
751.435871256429
-38.3418324246919
2770.07429042377
1624.2297784521
1222.69028102874
1045.27993569318
1560.43520612505
2451.49783640304
-200.069844854188
1597.99051519748
-197.74154510754
437.146986589336
-55.9751533191221
1063.29669841925
-1279.47375290893
985.920004682365
38.2978055455745
439.782107325368
451.904822078939
-1387.56566301933
-2524.70885063601
-2442.71311746366
-2414.2509455921
-573.793150034738
-300.97238037719
316.257239887865
-399.802816881451
-111.530314877347
-133.40671048037
-453.490330467849
728.076932988771
2780.47082413833
419.7032628929
1180.58796474128
-264.136142948728
-810.74820929622
-1870.83451162508
291.133482224558
-1097.07490708544
-335.222153942104
943.354252002481
765.600511928517
753.258505101515
-920.343627866808
-444.458237502514
-2381.72659320633
241.652012955802
-657.442750392511
-261.646233758874
456.428597308616
149.697752208638
25.4556980731022
219.962622793266
1551.41798717379
447.619433822539
2083.86969778977
358.005682363481
-625.232160000686
183.055681378647
-1031.63099378595
-1536.22200135639
416.786224465077
2401.1106495406
315.931137615938
892.25620338308
164.547629395402
1301.05414523532
-151.418170666499
293.880794930123
-1506.14912972548
-2472.89521050656
439.750150489989
1075.58831052392
493.039179754544
-300.186143398641
-89.7069898869028
-54.4963325779392
506.871813247972
