1049
-126
-695
-2126
-1100
-376
-3704
-2277
-1497
-1366
-1860
-645
715
972
1362
22
-698
-248
-1410
-1084
-1350
-4260
-4497
-5216
-6977
-7782
-7581
-6744
-3968
-3246
-340
-2234
694
2047
3341
2504
3990
7585
6346
6662
7816
7451
6452
5147
5349
4344
3488
2764
2780
2230
2896
774
3375
1784
810
-653
-1076
-640
-1790
-2555
-1046
-3266
-3275
-3970
-2334
-1877
-1873
-2301
-3675
-4896
-3727
-3089
-2057
-351
-2689
-3082
-2034
-1514
-453
-413
-71
-1753
-468
210
632
74
241
599
69
1891
846
860
-1043
-942
-3481
779
1177
-1387
-1211
-846
837
-2298
-3366
-3310
1625
1912
3609
2701
1569
38
317
2153
707
2668
3532
2247
2876
504
194
-4257
291
1933
3149
2793
3299
-50
-1827
-1595
-3463
-887
-1477
-1210
-2328
-2622
-1726
-682
1175
-887
-2316
-1836
-3503
-1203
162
2278
6749
4178
2843
-2207
1641
2281
-2571
-535
3795
644
-1452
4324
1984
1875
-5781
-4967
-4622
-3386
1975
215
2710
3588
4594
3588
517
162
2802
1590
1853
3684
2590
3368
2706
-547
-3429
-3643
-2524
-4602
-1609
-2938
-5078
-2056
-1102
-3696
-1194
-1151
1659
481
811
3060
3696
3130
1344
3103
1658
2845
2273
1106
-981
-631
-1192
-1045
-3144
-2117
-1559
3347
-879
521
-2373
-4824
-4536
-3738
-4891
-3900
-3600
1274
-691
-1409
5017
948
2611
6951
6501
4011
2850
3665
1237
3184
2817
5188
4112
2081
-4986
-1557
-1435
546
2728
946
555
706
-8304
-3397
-8042
-8325
-8275
-8095
-7879
-5866
-2553
-2925
1801
7151
9477
7701
2300
7361
8798
4758
127
1128
-729
-6540
-4499
-8245
-4301
-2623
-3612
-2221
-1028
728
-758
2279
-179
1518
39
1670
370
-1593
-1138
2897
3416
3470
3389
4377
2750
339
-1300
-1319
-1769
-1901
997
1705
198
856
1004
2004
2045
68
918
-1598
598
236
421
-924
1912
-710
-493
-3064
-1814
-1722
-4038
-2681
-285
1081
2512
3284
62
75
3429
2636
2195
1994
4545
4078
4454
2072
-1392
-1706
-709
637
1275
1572
1205
588
-186
-921
-4718
-4436
-7827
-6634
-8322
-5414
5382
-40
-3272
-4246
-7062
-7398
-1984
-1070
-7600
-6087
-3490
-7237
-1562
-3114
2526
1011
6267
4136
5742
5904
5504
1871
3415
5327
4968
4775
3947
2553
3485
2620
2902
445
635
1147
3292
2323
913
541
-131
-1671
-1509
2250
431
1270
1685
1538
-195
-3141
-1498
-543
406
1284
-36
1255
-1846
-3115
-1235
567
-222
-2201
-2146
-2802
-5773
-6558
-2246
-1696
518
1194
1178
1094
1013
446
557
157
-18
-2153
1429
-1671
-2986
-3775
-988
-7943
-7322
-552
-580
-731
860
4199
5261
5500
6218
3713
1776
4076
2650
1419
-187
-1885
-1059
-2198
228
-739
-426
-694
-532
687
1035
1544
857
-248
356
805
2269
1836
942
-70
-78
-258
-506
-1806
-1918
-2074
-5212
-3052
-1729
-2576
-2911
-3483
-3110
-3094
-2218
629
1631
1161
1477
1439
3245
3586
2546
2761
2929
898
242
1764
1176
775
1233
152
-2096
-3982
-901
-1204
989
-2453
-6408
-3207
-1762
592
532
1819
2848
2921
2536
2841
-2777
-2515
-966
-1988
-1996
93
-706
-441
-249
-1730
2278
68
1810
1184
282
252
1468
1312
13
1757
473
1655
738
1539
765
315
617
856
1953
1321
2238
2522
1482
-347
-2862
-1519
132
297
-1372
-185
-227
647
-436
852
1067
1021
453
935
1356
220
-565
-179
-944
-987
-144
1094
1045
416
2453
3001
1899
1914
884
105
-681
-561
-1081
-1329
-2184
-5118
-3951
-3586
-1095
-2395
-2293
-1191
-1649
-399
540
690
756
1427
172
356
-549
-2132
-2383
-943
-704
-357
-1854
-5296
-7799
-3839
-1043
945
1010
1461
3226
3698
2001
353
1286
1310
377
1890
3128
1427
423
2542
32
-1738
-1448
-897
672
2450
1620
2448
2285
2155
1149
496
4741
3434
1859
-3815
-3679
-5831
-2834
417
-41
3824
1112
559
-1507
-2139
-2191
-2915
-1066
-519
-377
-797
-1375
2263
1142
4986
2640
710
-67
-103
-2489
417
796
1404
1688
1995
314
1283
1499
2353
4423
1997
454
275
-492
-530
-1080
1513
1878
-1617
1905
-756
-2574
-2150
-1116
-355
-624
184
-337
-500
-883
259
1434
-734
-1636
-4451
-1472
2638
1083
94
3414
102
-2110
-2209
402
1
1529
-310
685
282
379
476
-1079
-2266
-1570
99
-1180
-1528
38
-1766
-1205
-406
1872
125
75
1962
20
-529
1902
-70
1714
1563
2665
2218
360
-1151
-6
1033
-1975
-8193
-1898
4157
5218
2499
-1391
-5151
-2477
572
-4970
-3914
2101
3552
1591
3026
2531
2043
1144
-1280
186
-734
1543
196
559
2115
1884
2384
2639
1880
2001
543
378
-92
-631
-1097
-271
-2221
-1354
-517
-529
-905
-7194
-3242
-4820
-36
-1426
-1725
2019
4230
3237
5400
2640
1185
-964
-397
885
-254
1181
2345
885
438
-498
2596
1416
-2622
-2651
-4560
-2200
3492
2535
-3765
1870
1140
580
1019
-210
-6535
-1605
-3052
-2812
-548
2316
276
2843
-4012
-4438
-4424
3839
1340
3621
3788
3484
1936
653
-3361
-5244
-4550
-426
-816
2012
794
3912
2383
2331
5526
6240
6537
4451
2488
1461
929
1124
1366
-814
-1470
-1370
-961
-701
-1603
-2993
-3822
-3504
-4196
-6004
-3075
-489
-442
-2946
-388
1522
2566
2784
3430
1103
1171
3002
-2967
-4132
-119
-2974
-3786
-3926
-3259
-2304
-683
-2830
-3078
-2590
-3846
-4161
-1874
522
-48
-825
2708
6560
5692
4559
5225
1761
2846
1064
2534
2966
4956
1722
1068
2119
1096
239
-858
-227
110
-938
-4133
-4848
-8247
-8128
-3566
-142
288
19
-1271
1590
3764
3339
1902
2754
3517
4076
3756
708
-563
-921
-3441
-6689
-8151
-7952
-6203
-1926
-3020
-1778
-2989
-1639
2088
975
2628
2221
1995
4128
6098
4319
4064
4958
2478
16
-3002
522
341
1346
829
-2186
98
-438
456
690
4089
2592
993
-1619
342
584
2534
1787
-828
158
-709
-2254
1608
-898
-932
-172
1597
-566
650
-2445
-1917
3085
120
-1120
2343
3394
2784
207
3219
2190
1867
2485
-278
252
-857
-4276
-4630
-4244
-5859
-4229
-2032
-932
-3218
-3841
-5042
-1549
-6792
286
-2054
-803
151
2182
4289
2652
2570
3654
2096
3010
1032
2929
6456
3874
1588
1149
-81
2676
2630
2805
-553
-2518
-3043
-2873
-3183
-1470
-1038
476
878
1946
2149
1808
1530
2446
864
580
-878
-183
-1010
-2311
636
-3165
-2113
-1214
-2249
-4952
-2673
-3007
-2515
-1075
624
-1826
1278
4226
3784
-4903
1002
275
-1658
-1113
1713
3526
-314
4313
2224
139
-3
2237
-698
-276
465
-2418
220
524
-2025
75
-442
-486
-791
191
-1442
2032
1208
1874
9
200
891
1892
2418
490
1965
1224
-467
50
-517
-232
114
-1693
-679
-1070
-961
-2423
-1460
412
-46
32
-5027
-1821
-2382
-1411
-2038
-1532
787
1622
909
-88
1531
1224
565
569
4612
5805
-757
-2517
-4530
-3342
297
1065
698
1707
4636
4927
3378
1409
-8249
-8290
-8124
-7876
1486
8502
7760
8026
3797
5843
7274
3845
1462
3734
1486
-1303
1081
-681
-4838
-3640
-1610
-5999
-8245
-8296
-3743
-2250
-1597
-99
-397
331
458
-790
-3174
-630
1252
1161
-454
1566
2250
2704
2515
2635
466
2193
2078
2532
353
1650
-2220
-5522
-2128
828
576
-2626
-421
-5515
1035
4213
1387
-1416
1956
3996
3896
2494
1513
122
-1495
-1189
865
-2372
1583
40
-3880
-2082
334
2563
4373
6974
2580
-327
-4250
-2534
-7034
-8271
-6872
-4253
2132
3788
3074
1730
-959
-3754
-4238
-1725
780
6992
8553
6986
6699
5449
3371
2460
1526
1229
695
1036
-308
-412
-1206
-2023
-1629
-4386
-3314
-3035
-4420
-6607
-5861
-4932
-6649
-3410
-3514
-4767
-41
-2893
-1555
-2990
-158
-1779
187
1969
2254
428
1035
-184
2566
3126
1928
1290
556
1002
1539
2251
1932
2071
1697
515
-1179
2237
2209
1998
2775
-1904
-3270
-1309
414
-290
1592
1703
3868
421
1179
1499
818
747
1507
542
990
2600
1222
363
400
312
160
-162
-901
-2524
-2905
-41
-2656
-1302
-2282
-1290
-1845
-1543
-1235
-1381
-878
1412
593
949
1767
1700
1126
493
346
-250
178
1649
1174
1728
1671
1177
684
1303
397
-1217
-1951
-286
-480
-653
-611
-1637
-1577
-1637
-2368
-2743
-2139
307
-1012
-1696
55
707
491
558
862
663
550
1591
378
-327
-1070
-645
-2039
-2489
-4807
-4360
-2397
-2995
-2239
-1675
-1589
-1228
-770
467
528
1631
1184
557
2423
2524
1916
2151
2615
2046
2171
3329
287
-2552
-1880
-1900
-2212
-2968
-1155
-2867
-2079
-2430
1450
-960
460
1892
1933
671
2242
4282
3518
728
1973
3154
1211
1378
1639
2085
678
-24
-1101
402
1137
-271
1924
1696
873
-886
-2141
-2972
-1499
-2930
-4801
826
3555
896
-138
-868
-1773
-260.326648623438
-80.7740790212607
310.16405039971
593.179563937964
30.518950507869
-333.701722029651
829.933266592216
1274.08425474079
64.9522879829077
268.240636149449
283.496302100559
1087.69544823791
-623.987344429661
44.1066247107936
-169.339204100292
555.173894758854
396.126355170253
-202.530337741562
303.012270731567
83.0408816715626
318.235279739894
338.863435537492
185.49937993115
-64.4318800453866
340.65070558335
339.865381907007
-219.227223116813
471.414483143252
340.858969085119
327.166435168115
457.581427363565
-377.612942574278
-124.650498757786
125.12829627115
187.465361070206
464.280631855887
672.808401594964
59.343414350442
954.252467603037
400.630545475101
74.7325250418067
568.009186748653
436.818714595988
-192.305430755604
407.268590973925
848.961298712199
-275.219753338144
-193.51546693078
299.814829256089
-372.204630582933
-424.702738027287
-166.1091419032
129.814199679551
-202.49885976541
326.100323181239
10.1033450132779
924.690141558433
524.655836196286
626.311323407753
42.6865973568654
-8.39537054539798
192.397934936424
878.156216267046
489.615755890259
151.899587203424
314.46218356308
644.011714956343
953.190007588474
584.161114064309
961.604494401144
575.36478528984
294.112326150489
716.86515898037
550.186053821468
40.0646884726581
79.3670775849483
232.813647103184
427.0450655329
672.477492907216
1051.49044068261
-5.66357586852269
141.387146945794
160.622318922207
-132.295174249515
-250.596525154045
146.275072806286
885.438223188927
-109.16925224008
119.144520436269
160.61394054209
493.488702693326
752.589418627089
402.624336351157
-64.3522263776113
242.239263715554
477.607403943887
720.10766276998
1139.01045587016
309.946759847639
571.60159051956
690.861738307472
904.036598116414
451.77658852105
-241.216958637268
510.39511450711
850.327521693482
-150.400571843796
364.949498919715
189.765804831858
931.558113885884
391.625415704533
536.191315891517
-102.978711317884
640.555410811287
502.096780900388
236.098420825415
721.609422606639
751.537434589683
156.483485841291
191.113419022479
431.518011905386
651.500886070503
254.316961830163
182.862394654632
206.154173402125
1030.03142786411
486.018590437745
492.366843854361
987.169018503375
348.679417311497
493.879832529489
611.868621612171
968.248439822136
586.546394711517
295.825470303229
883.021673656292
237.180204697896
1128.57185563328
-5.55121786231246
433.329291723553
731.309546803226
470.552692267492
320.979689247317
954.041609823946
370.5964032268
422.976164495852
-92.3181597475734
-1295.44795787612
-2483.54748094735
-3526
