117.982978350924
62.1576910849315
199.721425330822
-136.017880339059
-174.377824521487
-298.401227647176
-396.03856857177
-136.970629940006
-1.82662309588477
-33.9792304719725
-13.4912736121206
-22.0531715139273
-176.994569481651
-210.847651036543
-129.324048654381
-256.04029620295
-267.125988896206
-192.648663567297
-166.475247890349
-164.927650263887
13.8642948726761
-180.409862058792
-83.8396027056952
42.3591469726412
-197.176695526196
52.4474120512898
61.8659222768957
75.5792724347389
9.79339836526376
216.742537884946
79.3783200368431
145.933138148547
74.2645808637071
-141.591351248672
52.1116333459161
-122.689599531376
49.9518537379735
67.0225456676031
244.865374860664
-35.8496627347137
6.5234575585274
128.107833667823
22.7817793197611
-54.0985067839807
-160.015294522197
-94.111036795173
92.7207005086386
66.3173772760834
102.494444216877
49.7557214694878
96.1636496013449
44.824676629561
115.144470261116
21.9473631705847
-21.6811969270047
28.5645057919087
31.5335820305639
58.6749378245341
60.4111882276292
69.9400654946027
107.164900418858
-48.7677976060809
56.8972845441564
-15.8923934033743
84.8769013644927
-37.1953150514582
177.648793823891
-24.6038953880357
105.731700959531
21.7686486747155
51.2895508686944
206.218284521791
389.384607418695
287.353957511178
323.163570359428
66.1915850566813
121.05001536117
-71.3168589549731
-155.764749764295
-168.76781064879
-113.792510930318
-229.830587041222
-131.789982993808
-113.933280201401
-189.161089455062
-136.089615290093
-57.3405565922598
-21.6136168463559
-242.096034403365
24.8411781793246
-24.4741022526889
169.509651858102
45.151963227302
165.667132947371
-204.815027374152
-181.469415223639
-110.991065866326
-187.727835648942
-166.476097726026
-146.17482318548
-163.324034892893
-8.86268284483555
-127.57185972105
-72.780602712568
-20.0851534280385
-32.6189206137477
-32.0227791656589
171.669168174129
34.9899589444354
231.73879982731
99.0281928828043
32.9191163220669
-137.021360389082
167.188963500676
26.5921400441268
202.167841435505
100.266315672131
86.228013531286
1.62928430048204
-50.1117086646716
-126.140287494177
76.2522521627916
200.352674740175
98.6662957611107
45.9953666734797
-65.6421750242184
-118.49285892213
-202.778873580568
-150.28406405264
-138.908431577746
-120.591823383396
47.7104246913389
-58.5970397256146
-78.3966760531897
-72.5357210186888
83.4572957940265
-27.2609452332874
-76.1528395877508
11.3263126372933
56.4259061491449
-70.9275683559002
3.67591267360182
51.4174333655551
-15.7876597868488
200.642706892136
295.833233708745
491.014449876918
379.939586623628
450.998587670256
214.39190298969
236.644585892489
-43.2355843720372
-126.951016656597
-111.928754379273
-54.9026992093648
-178.452171287868
-300.097399588241
-48.4709235680103
-84.6973841597304
-258.623173085805
-267.451600477854
-326.658121578212
-184.183464691881
-321.564465145257
-207.547760209582
-199.91397762309
-221.588926973027
-159.467389715903
-193.161609374577
109.568619367
38.881279208863
60.6123314056399
113.304552586022
3.29034207818481
87.8402556013482
136.739524056148
158.226359284926
413.23282613839
127.149763498296
122.661050739775
-17.3319237477876
70.6209662697006
-105.586849929792
-92.6059546115686
-267.939072545237
-146.041801651004
-128.078176878665
-62.6450585656723
-201.603423321521
-10.2097951505171
-102.985352144818
-74.0563991459706
-6.42785749111594
-85.2933464593881
-127.786977692551
167.254392898416
-78.0491814830227
14.8949174646804
-168.232016351462
13.5603434900547
-54.1145629345645
40.242378565117
159.441635538414
63.9212563315281
-76.441696357725
-139.224527010336
-22.9211128630425
30.7673410653389
53.5330086660376
115.671675092673
-9.58239977282257
40.3163861460607
-27.5120449062699
127.788421014452
266.205243723656
151.043835880081
144.409956443658
-36.7330227302448
9.93736782030403
-6.32242298853789
81.4736779848002
-62.3489539089799
52.9808479447024
114.582882384326
-119.405901994958
-105.849377507749
-137.886736586985
-131.153133070998
-137.524135365459
-49.9801574855642
-121.064535911277
-207.331791772054
-134.534332290047
-123.156789044727
-204.450325112712
-50.0904896384041
-85.1071091819125
-141.599648444794
14.7285289991295
-60.1342659595301
89.6410952057143
47.70996419437
-30.5054328404001
25.2988989441948
36.4125450338014
8.49828455505323
97.7893069751512
28.5369701044715
-5.12166020471447
92.3615041134441
162.785818637172
225.316047375628
155.52540021962
350.119444180977
129.693820056744
70.2737847988161
146.209965395181
109.524680252795
163.699319374113
97.4197672554083
96.0756847751576
110.291483952234
153.260465121583
112.390875440902
83.5960936620218
120.81212298521
-61.3888016201938
11.2030817285115
-151.691128791281
-107.457953152922
-72.4118253746355
-23.7953408232876
-96.4282484728385
-67.3963789763912
-5.99576123060113
-122.756198960272
-2.61227706509445
-207.3108873118
-206.626797564713
-351.677564962169
-218.608051794392
-148.035188714666
43.2604423499981
178.222888084679
237.599330027785
198.347898484844
422.012003663235
221.01813682073
282.297580345143
285.936478284025
249.79030460308
289.863016371918
274.006754349672
293.345217656419
239.862201416481
32.2302490985603
268.132259026717
120.199292744771
-141.2746633147
-206.863619577508
-319.42772641918
-383.296856892307
-414.160945850531
-426.232989273581
-272.804880419018
-525.627286033106
-407.127136013277
-268.296375666496
-75.6826081560071
-101.537376025205
80.6670065878982
47.9031466342019
-59.7545067165511
25.5152971321867
71.3545984802192
-140.032413394143
-43.0744416657619
394.378675121708
-154.835906748028
-16.539103637658
167.163220123233
100.992793923006
-3.43471544660292
-49.5698616636562
-209.613387907114
-77.1438295906174
-197.429909554116
-160.737939914688
50.777921727375
234.414915935302
79.4640453168458
142.419767764918
14.7260155952144
-45.5712883349187
209.647173364468
101.122857571226
29.1159368382347
75.0507304310773
-193.404028306299
177.841020396764
-410.692700588939
-146.965206680278
-385.477820259895
-348.432966440765
-374.454551653332
-48.5919529238788
323.291258656698
266.401400811933
82.4568084188331
73.3562998275428
-61.658001531199
-180.682194030259
-102.916462933153
0.0213899274545071
-62.5283670871648
158.919653111716
132.925277535894
174.632741608078
58.497836395474
95.9475387221501
-132.627375889921
42.7683400707009
-18.4343463233326
128.906277985732
8.71453050085018
231.834957391584
31.813062513893
76.8330779192966
29.7368247760531
89.3610823899268
35.865343635246
-52.4146914051229
45.0456212577492
-123.410481404426
-148.114249114498
-260.290131912631
-210.599621782789
-10.6776513226758
-176.140451977739
67.6030528741643
-54.0664620509056
-37.9958833258343
22.4211130264746
-52.0704466344084
-16.7870770547991
-181.55749676104
-24.156973355475
31.856437445429
-34.1377653301183
93.8228433494382
136.874077868312
-60.4680342150898
100.989989935952
-141.550273486453
60.7744284581797
-87.6724059972841
-83.8327904230723
-77.0676411585655
7.66008572165018
-52.4832643867077
67.6893158409223
-210.133054055913
-81.4124683335151
-118.04258023435
55.790235779887
-14.0486077430532
-105.680260496108
61.121658265532
-107.694699891455
128.876589962144
136.252727290116
96.9648044690312
55.1050544905684
333.528386248329
303.741309448254
195.936166813578
283.953229063431
117.872225127338
61.7690395286124
452.262720925453
286.152053317967
144.2543707776
-363.935413337258
-72.6928112914548
-336.463024119786
-146.629610716656
-214.43025363515
-163.918887936106
-259.045056011999
-35.2938350490612
-241.529503722823
121.096278824818
-249.15773923543
21.4527282675982
-110.003672362799
-104.331227931664
-145.714449552889
17.4148666155889
-101.532886727097
-66.014728433268
-95.7891487140282
73.0372766338181
-16.2530603793493
378.561718581924
189.416860067357
172.436431132076
211.469449305688
297.600372559517
290.741026604086
148.467992266696
268.781114186286
224.873492705378
79.4133258903806
0.607887089068299
223.878877104985
-145.44921799518
-142.655855282644
-180.9320234593
-175.618006626554
39.0206002271728
2.7168629030077
-112.570373752105
-65.0603679767603
-109.438141843113
-8.4291188645024
-117.61178460024
186.861779614079
2.45523992211053
153.567300545258
-20.6876883425234
-22.3879333788982
-208.487193652527
-253.734327149915
-220.618756069676
-179.241637627784
-177.714437393278
-183.666310987144
-133.515715036283
-214.098363033352
-61.5046606666479
70.1527729704571
4.61482331206614
77.8992747097573
126.665302459764
158.379123151971
86.2880340585804
187.246180521481
298.065497701214
242.816394313436
452.305790460062
503.208558555743
207.383377260105
165.909873118055
72.1576774660904
-155.112335897307
-100.329433327915
-312.591957729029
-262.881693621767
-176.727844626109
-277.065371306067
-103.286400011686
-98.1011800068313
-105.456842238067
47.6894902861607
4.12132861637517
38.1139846961484
64.8045208290157
-28.1573296967285
9.30716679762985
-88.3529879550138
14.8795413791317
-54.3626592012161
-84.5665910728503
-26.4895762604251
-63.9997285281347
-78.0535648270823
9.85216082225412
-10.5284070868223
55.0185498907764
-89.7431789020627
-0.88850249951086
-58.959286484329
-4.63446981862315
-78.9163091234883
111.685862947625
-220.356258763131
60.9845892228469
-20.2858021591826
146.715952886565
244.973225483423
10.3702954860181
112.577890649495
267.871649756717
81.2131989270378
230.79558634247
200.524237189684
42.3410524088732
16.3202010905109
74.8836742144834
41.6419356399584
-28.3783343400555
-50.2786905513102
69.4850639810471
8.3925539957849
170.057873100948
76.2157819007609
144.03175751817
24.9922962729432
199.715319541776
27.3971366920754
117.23612077612
43.7025057043251
66.7051385760323
-153.588323915098
-83.0745278549605
-7.89419444941953
-96.3222542293555
461.602294582344
360.960874524753
400.794801543052
156.820032586922
-60.2588011119647
-398.18127795394
-623.026931293159
-704.618813215557
-574.042751074403
-583.03977070278
-432.38784467059
-234.970383619517
130.602329810014
49.6448882628247
61.3399157470466
126.05626258688
112.008542016308
89.2250948431692
21.826923599215
-33.1321074227926
-12.3733728996452
-31.6413463055083
79.0800679999198
366.731964233934
314.657779231708
232.63992313388
-31.9519998156796
-68.2625819333429
-20.7606428982193
-113.84998983046
-203.641849769818
-189.027020674887
-262.9504768272
-400.528905350579
-133.046167310251
-270.165822289946
-82.3795763344357
-149.047822061887
2.62217509116546
-29.1821041879999
49.8003900340789
16.2373596463641
-5.29125799099276
-97.4899811980965
-59.2414688466055
-33.2718466794949
-35.9792452511731
-17.8003041848407
-30.4350740975912
-10.1112863762246
97.5594480584124
165.693932578979
48.5550133047817
96.2607458183651
184.925302072991
264.276817614751
142.469235370971
189.520489558851
-9.38227552282838
22.9184190627199
-319.223883260535
101.461845777903
-27.7390996362036
-34.0114872679295
-208.146183732617
-123.217422606168
-166.771062675752
-40.814246583998
-121.010681262895
61.3547957815455
167.146915726771
128.598773729283
180.757038601321
213.137516212237
144.784986582325
72.3966098163562
86.9799133000081
-40.2063695059131
-93.4984953824664
5.37274432695024
-37.587989010963
65.7430923249208
9.88984666246134
-49.4086336705863
12.4990010929626
-99.1961885698661
32.9885855262524
-157.384211704339
-22.6697244224355
93.5764249602869
102.638337773954
132.169103198798
102.121014436035
87.2280860387428
99.3992452764073
129.085806281526
87.5001000815241
-5.92089779737222
283.773846266119
-4.45217757052545
78.6955461086572
9.00208727073074
-85.9000486100175
303.367898165569
184.27148365628
192.217309113259
110.907472888159
-105.618084566427
-137.698149038677
-236.015743662156
-6.69305111881825
-69.7470596910958
-212.062809038432
-187.337737161229
-319.74056725693
-374.556397148701
-283.91047006285
-227.957085415766
-157.682351767528
-131.123992652573
-214.200406948927
-36.5389735571902
-171.408694582639
-98.8098568345797
-98.1994805864548
13.7506604836444
-117.675113808617
56.3590570636792
-61.9788115999516
71.592435178099
84.2353802485486
51.9642604948764
74.1410584074454
108.991093641226
42.2347399596718
180.574187335599
154.81481033521
-46.9459666497883
47.8853078451004
28.6094864414065
46.6399260717945
170.62862435291
-47.5948454267739
27.6655979591848
-59.8675660432508
16.6124830152818
-10.9577516045212
40.7310143475852
-167.867877904483
27.9588778653692
-9.13865426896962
-67.1315870307583
-26.1390518867013
50.3841129108424
-33.829308326339
67.8980128656329
-46.4745529943305
-71.8269696308194
-55.6223870853224
64.9872411756014
195.853156586199
191.552234281089
80.8580801558233
41.2161026657514
-44.8822619371739
-57.0137390445232
-7.63919845257948
53.687137824859
14.8884063321398
115.012735401962
147.415351140351
123.689204581075
-8.77002691361483
-70.0343148406726
-74.0342731142634
-117.309148130369
-18.2810493772698
-84.9634140497038
3.78642990653049
-175.906969238644
-52.745326674249
-73.9287407513726
-175.900059387811
-24.0346275429275
-199.392306989075
-72.5695188121646
-58.7995503959084
7.395052580039
103.694984897117
259.023134771806
267.934025272096
294.692812052331
216.05917308214
123.385006858481
158.565334673017
-88.0040733991515
3.98720467452901
-13.6566536092701
-210.013274443574
-71.9961115126745
-170.350140546284
8.24155739230086
-27.2138569036411
80.5774301928584
-38.7368388532366
35.6080729909618
-47.0392042626916
4.17435684402086
27.3380029267543
-14.1457792772188
109.02237794194
116.57902545589
42.6556619351302
81.1396536209033
-100.903403289332
143.400494033479
52.4947029596133
-26.2185262965219
-124.755508760243
-148.060006384043
-11.252861604636
24.534291481256
-196.933126706455
-7.84827566252529
-53.9162799217734
30.5065130929614
-48.9212588926027
51.0103706520504
-116.600898607845
226.145877567995
62.0826831359161
85.4840499679794
-72.4046222730794
302.944166598949
256.694307675889
478.387626083803
-214.117323029451
-140.409043980915
-323.82594123954
-242.790091021757
-90.9892637676093
-175.004945773443
-70.1821735523586
-83.6179016444386
-29.1535806828605
-6.54784952490545
-29.3080360187926
77.8878635579928
-58.4924457051323
40.7002387689281
-1.48496335683583
-64.2068011257507
-132.442748990992
-116.095957185692
98.9513836403027
-208.651771330886
196.004747097406
21.1559466532429
151.006858492725
173.084575651798
273.483041890497
257.75947120276
230.642219026161
168.453487226222
182.691743622539
385.030032174502
391.04207997988
133.306985819861
221.419703735774
115.67103938717
27.2323296118741
-133.714001279271
-157.982435427149
-265.974986687722
-486.54230475208
-445.448663307139
-480.205503737992
-495.329660532942
-356.036899219017
-113.703088322789
-137.838615637016
39.8362806144303
-16.914107437859
-24.2810649154413
11.8755827613991
154.890696034394
82.4782241630935
247.307519213269
153.315053621443
270.398095354995
80.80210266999
177.325501123232
213.921656181441
197.234044806289
35.349855129339
-153.943679436998
-297.773827434146
-342.052940505461
-452.267088151746
-317.74922532261
-312.58631304883
-249.747221557699
-359.742489841944
-219.707013648341
-221.888744831873
-141.032973514928
-136.222764665655
-134.078867210682
-87.7149261640306
20.6115474592072
79.7365344223782
-55.5227491597447
177.048820973284
283.535271121743
289.743582692535
269.86745911438
145.605255393929
65.4822370970794
424.089830667898
300.255734488257
573.417202252212
611.86253683032
548.003812262298
371.891848957621
312.83394748697
-8.04175121674076
56.3499816715926
-175.099602331149
-132.691877883165
-115.757922860109
-131.117625294372
-195.226921514993
-269.039216895116
-172.627203579849
-166.463119871871
-181.661112922386
-222.257293271847
-164.713126239593
-282.674937340934
-301.776586360784
-1.79671080758372
-14.1507911279585
75.8574936277051
175.248341073652
38.82475981166
-80.8103505606054
159.334909334519
173.189929382537
135.422694850208
163.431391351288
133.682685898304
104.317095650901
-32.5262895195321
-130.020822104889
-367.773071668715
-376.812619273933
-481.103600941898
-465.364689878305
-212.231857011867
-197.006927307302
-20.235271628101
58.5816737841641
-0.508839398490473
-64.0868524395859
-36.812152607009
-73.838745303434
33.2307188368666
68.7343395865945
-110.116105306873
136.699483314648
162.610369929168
202.88562330717
53.8037186153332
130.038426231358
86.6106786744706
92.2727053676158
390.83277469967
202.847993349351
49.178830729165
262.627060174223
37.303144661742
193.344815633985
15.3257192589239
112.536350816235
40.7200508986161
-108.765124586252
-117.388751473283
-8.92260631509739
-42.7769678976908
318.23453803791
-139.099138878775
192.174062572
-88.2803642638638
-130.21570967242
-180.036509154605
-43.3603789472073
-208.241030869178
-250.368005064049
10.8847462808179
-72.5041827320688
-171.465958351797
-131.299595185735
-3.35821850617003
17.2566081929013
-5.0453376071189
119.311627552587
77.5373684827708
-35.4553418254259
44.8686117515338
-25.0079486212246
175.704963076183
-132.428019150403
-189.011833656692
-101.610628860857
-131.645449816222
8.57025459578752
88.3062909770769
-48.5363565240779
194.776777393983
11.2364083764366
177.709091351168
174.795724523686
109.932619500416
201.775488360816
75.5662075817661
65.5449319696933
51.2144307136524
221.120840228554
189.604710333346
321.648101764511
150.154709704225
16.1773312407757
165.835365689727
41.6885572984947
193.296155228485
201.953004459015
333.946870404747
36.9838336953121
-263.445466179736
-177.724881241866
-344.346972154695
-281.15760644492
-362.701175959989
-229.755105164605
-152.065796823346
-272.06613193617
-226.0418967352
-36.599829353984
-150.35306687336
-169.24149803884
-16.3886805594422
-212.341741105138
-256.440638046719
10.8036256176191
-152.517980458728
182.482116728136
151.235214817344
114.41229585473
33.5697948550661
-64.2637782465711
-233.660007337174
83.7791670534337
48.5230818042167
75.4715220133107
134.770392076063
77.9987609515327
6.09998897875946
16.760309041796
-64.2292847229482
32.798807422027
-34.6230537959771
-92.4906889506167
105.172020807522
-78.8283381533437
-4.89067082369026
-22.1444261086073
-61.2213766160191
-43.908206616555
-82.2617597592447
-16.1769130900488
-46.9969159911567
-28.6118369417364
68.1560574611967
94.3030211282786
92.1593336959388
75.1528743352404
51.7495076519815
33.0740969502743
-65.8758883143122
81.12291160553
-140.020375933021
-250.488421924326
-153.336537516834
-182.929279053693
-112.475498507119
-175.451699000356
-92.6125837990334
65.7354146273193
71.7230352841976
51.7831236382509
142.31454980756
-39.8519772104798
-91.5735471491159
-222.546532559353
-26.1285515531354
33.6046993700133
123.737301923425
129.628550831232
46.963626646853
233.738124700545
-36.9630087760721
-55.3947981865696
-19.1779899151589
-154.146423386946
-288.403801199273
-217.217850194831
-190.219563861154
-57.0328785268707
-64.8758843317
10.0734227744099
42.4114086770257
-13.0653392526144
-36.8534427805801
-60.7382759456817
-49.897278361662
-118.620513489195
-278.019898852229
-129.363482459853
-185.558603684049
-30.6998938749375
69.9636327625226
-88.1791711388102
-107.726803955234
-11.9701467139241
-133.112311248578
-7.55995440813745
-77.1815512795393
-6.80594926771612
21.0875074187837
-95.5216476364437
-16.5187705158722
51.1844659572523
-20.5573408916944
-96.6042525787235
37.3215156632746
-50.9706665042349
205.47949751229
42.7790784025802
42.7728654836729
70.4150487296764
-27.6833171979915
-27.9992294391871
156.663403094536
-60.2759403585352
96.6648687592679
85.4359523036161
85.5245897200858
171.499086032238
93.9332251244289
118.741591861417
68.1424951512769
-117.54936301033
-53.786698519561
-220.83766412193
-286.023096110579
-283.542274614592
-122.789061563377
104.322957920823
347.204797955246
275.691612584334
84.9891342612175
254.601438950456
129.310696130163
190.65320501668
198.783610076227
218.168055852548
161.284100892109
-66.5700271604347
84.6599708332592
-80.425390147091
8.97188954057179
-74.9682570754697
22.4693714339364
-199.55195029935
-23.3155314506854
-186.730249016591
-242.491583190449
-297.166965877291
-274.034009115071
-22.2633732278838
79.9739666081364
207.439489419471
10.2781012744472
146.690947073601
-34.4903732730779
-226.740975577574
-325.386121837305
-325.306517403088
-336.7585134397
-178.803312030181
-221.563916901606
-175.154225793807
-221.395683690421
-162.369220716069
-77.8367183889185
-4.24480139990133
-138.644587422751
54.1427964499425
-17.9451086948156
121.43834504997
-5.67020053466759
183.680402905642
91.8118868003592
170.070827757512
271.680532390192
325.657960403206
142.979352202818
338.781074789404
258.454642693797
1.88885555749766
152.260146909116
81.959782701586
119.770745695186
88.244612485268
8.08458925448823
-54.3481070274612
-47.3717066961071
-48.1974985194068
-73.7469938908647
-54.1545915570777
54.9439685833032
-43.8097704988964
43.0725720329985
-22.1347369391418
68.5544398252563
-22.7158386557249
15.2323318864932
-0.599464531583781
120.518949366337
60.6778146721265
16.116555263291
-93.9688052374349
70.4181676567049
193.140470287152
-7.43342617485975
-17.0228880984979
-21.5755031196686
16.5647099745604
-16.2312066361791
244.061960150981
184.318986761041
240.543547977573
172.955009455033
215.106509905998
180.605963959397
63.6698752074148
159.813339241209
-127.175718155309
-36.749752634077
-5.4556709558502
131.96515424638
81.4287938413541
-40.2081694434053
-61.0002612344219
111.984064370217
-137.50223434707
-205.732523793762
-125.224534072797
-175.12751479803
-158.814999938279
-150.920364632974
-4.5524777671273
-0.438499438717997
128.429348651388
6.44153339258507
36.1841044971577
105.215896563462
185.80718898563
-22.8733081780896
-87.7892170560525
-33.3636263804068
-143.634117092174
-147.593036753609
-14.5104618185553
-91.4055048120853
171.284800449453
78.6480411937705
54.491945166098
138.301950620749
-31.1151037444486
160.511901045374
220.853462057063
79.4691782699596
286.935680541249
186.235365001932
73.4732547145859
-174.156553220059
149.837027520521
-267.414610675775
-120.301056243344
70.3903499293011
17.4449906811499
179.914717860115
104.247295836056
121.653933514809
19.7430192275622
100.826225102479
-96.2101575405038
-247.029765512227
-450.190341851494
-275.389668955222
-307.717535786895
-451.171553734437
-229.477381575236
-327.56427879663
-456.87928543072
-245.941675721855
5.69356713174022
24.7429016240219
149.216675354839
243.480634577768
45.2042675826452
113.963529920044
-15.5983520620539
188.692799670035
180.046766501516
168.186468163619
78.2290717043503
125.936497904205
187.028219409842
345.320442223415
348.833063308042
611.764486221581
190.404219936079
-355.308121835396
-427.138279126272
-385.024087403943
-367.42578686457
-188.21113989528
-275.130149434923
-270.971306624471
-243.515714597097
57.1574853058181
25.2378245764119
333.036043763336
70.5732235619241
65.9032300886017
-40.4278997377032
-177.013311118514
-94.5844592118501
-75.8064285086671
83.2834549461206
163.489166382974
119.160876984535
375.745198136439
-29.8592878072604
199.971006485936
50.6488006419385
-9.71524198328997
-32.3742028347011
-132.433447193834
-188.073777982633
-287.115518033189
-365.790254428293
-256.284941045425
-194.303210177832
-27.9087141616894
48.2950387762428
82.747386957209
93.054920132944
134.007424061902
59.1746657423028
83.4238441341697
125.214998412248
175.398522885577
44.6764266743748
104.420545342207
82.2594654863964
-26.7013630073526
22.9893559240176
95.7030573049632
-2.10913062539395
129.167020327735
-97.3222700694291
-0.900692521756831
3.53487365763095
-137.373934481912
31.470002968514
-164.889673644937
-118.7992596182
48.7392857346258
-77.2000218382322
117.348902166154
307.816305803251
93.6602699040952
232.397975605311
65.782893079126
60.23219438443
89.9670009081449
40.0631377953149
74.6778585844775
225.907835948907
131.620117404512
13.1658000550907
41.730334698185
-35.1940515951168
-185.809779606826
175.57830814735
214.979080330786
196.302696604965
86.4286365422629
262.007781269967
-100.57843242484
-117.064245191158
-91.1667104927726
-47.1456752048536
-71.0150935269201
-35.3179703360764
-98.4262676438917
-90.7794632570088
-99.2498369539771
-30.2421916801295
18.0147792703665
192.333959432701
-29.3070612424737
74.1760254841965
31.8983063258664
206.98447580413
25.5831681559453
182.130565383148
132.776505211853
433.698766774519
328.594368251854
536.071932473878
270.889253050555
218.851739505624
-147.052619742039
-18.9104366751428
-161.940867903792
-160.288703565524
-281.341219551959
-177.835153602076
-319.949901998079
-164.143491493512
-495.611742950101
-319.255835543777
-416.732502713181
-431.399362591922
-385.114777584828
-212.022916659132
-299.254267904669
-211.062012411114
-129.439062083952
34.1757588827728
-79.2711413870294
105.131483476169
171.77679972228
140.278563402595
122.229475788765
1.47266150526136
-13.143838858004
232.534584307957
115.955634399943
147.320890515628
54.6951260618877
-86.3437759664997
-98.307039088712
-141.880374767631
-184.729589584059
178.254864265971
-165.072322987487
-10.6627752804855
29.8589602716441
3.39545619068067
65.6606845532992
262.034543811115
124.037919934435
200.615130747473
136.768432380944
142.205565600299
133.237257746018
130.350141190872
165.847369790468
166.927271017974
-16.2443115119786
163.097241332005
58.7137335569136
288.011853592354
350.685310049224
262.094088447685
177.458940199249
149.461835958533
100.991127131585
22.8713863240591
48.2153254596085
240.232171926402
40.4502438219936
8.42261566994073
-61.5047445969604
-22.7112489567868
-128.726939951041
-38.5074631655699
-145.098822610351
-269.762136245883
-176.770808161105
-298.086206470157
-330.213979727878
-341.79333282432
-362.105162719101
-350.623852422245
-214.47655539001
-79.1983964376016
-162.58130996849
96.611751819985
32.6726992294703
148.400912360972
139.538528979167
117.631978529425
12.531276198703
4.79541613606283
75.4897230785345
27.2820679484453
23.1755670876759
57.8713032261236
-10.462949392352
-105.494225202458
-74.8745254758305
-15.1742505434003
-178.704086485892
-265.111091454062
13.7510399101535
172.827623407706
245.995863927803
50.8316610349217
-106.596301013677
-102.779141291189
-33.7508093521348
-124.328576315805
-286.493536703904
-315.294715521494
-136.751841776458
-92.5988214020361
-117.951824108248
60.7844684306772
98.336762919719
223.442979053043
150.052953914281
252.728738062993
314.596733799786
216.101321977241
93.1033119240482
116.942334686958
74.5872068634463
291.068024290962
-16.3756592439697
108.809457895618
38.0436627374036
201.405493483243
195.491851997165
223.888156721428
64.2621608840428
73.9678275216139
52.0779594803006
-112.477826712313
-8.55261180250971
-47.7480569529702
51.1792029830916
170.537228968044
5.67889394052334
-228.32814859382
31.1569846244891
-216.958425480427
-41.3125193548433
-218.3847443267
-266.646138582702
14.6577971771043
-310.702522355741
90.4612571136681
-62.1153541682663
-149.701154042999
102.1778971303
-115.3598070802
2.03387816581986
-13.2983530592713
-211.984090393007
-25.421744669224
-199.00336228526
-97.0458522804709
-130.901678609026
30.9704682691781
-60.8965408676259
109.347019252072
256.13086329599
196.582254691984
152.84673463922
93.5439021853152
63.7770817680521
70.6521759669397
-3.45479184128854
-77.758792998055
11.545003550459
73.2473642317069
157.173362133934
59.7573760460328
331.433544433517
157.91507319169
229.302431694434
41.3504908571737
356.119842209809
109.700778822468
91.5573871097652
-138.039376481235
121.696815412617
36.0744614192151
201.064016439547
147.433071803456
155.320783493449
-130.528391900692
-127.528236792985
-177.985520354427
-172.415412267203
66.1788565721852
-214.84044832536
-284.296390750473
7.39291554175475
-86.0492502684316
-171.490303208117
-184.194632056359
-178.185990044908
-151.318159286949
-304.041986716567
-141.970428902659
-401.604465803639
-442.876114762192
-247.152564996111
-306.830509876319
-128.132870289027
-260.270351392428
-92.587013427183
-82.3837785581472
55.5912116861986
113.577296079919
125.845125897921
