49
100
398
459
635
477
161
-251
-856
-904
-780
-568
-198
-630
250
-430
-674
-8
330
379
441
274
244
108
47
44
106
329
95
2
-124
343
101
-87
133
221
193
413
420
158
122
417
299
-62
-275
-71
-359
124
267
120
-94
-11
105
-36
-513
-822
-1345
-241
-103
-128
-222
-57
-297
-311
-276
467
36
174
-333
-719
-253
-121
-118
188
-38
265
291
-131
143
283
27
-464
-368
6
124
173
164
301
283
488
345
2
-158
-8
66
-41
-25
-298
-815
-1092
-845
-177
-129
254
79
245
249
144
-370
-218
-43
-282
437
206
209
44
-37
-405
-159
18
134
149
520
311
-151
-218
-203
10
18
65
-65
95
427
423
98
-344
-192
3
502
400
166
238
117
-377
-396
34
625
918
572
245
263
-387
-710
-751
-390
-437
-208
-151
-114
-151
239
8
-32
131
213
-160
-41
-575
-299
100
-75
-412
140
177
117
183
194
149
219
317
514
48
214
597
541
-71
-773
-383
-1152
-685
178
-171
172
374
516
533
369
151
205
97
380
372
253
-269
-307
-393
141
-10
104
282
345
93
-27
-319
102
-35
136
67
325
155
147
-62
-263
-1002
-534
-539
-83
-284
541
253
-23
-363
-179
-239
126
305
-14
-446
78
443
253
-316
-580
-151
-468
-549
351
345
281
-121
121
204
-611
-1412
-104
-107
-86
-120
130
344
511
677
369
-111
135
160
-108
-95
166
-24
-435
-406
-356
-88
-295
232
612
498
669
553
993
801
1053
967
724
481
253
107
77
169
38
-226
-266
226
144
-263
-214
-354
-524
-523
116
-141
-379
-83
-723
-460
-295
-6
338
83
-232
-408
-278
-94
283
151
546
-131
-124
-322
-139
-160
-127
-93
-19
-92
17
-32
-77
-53
186
260
340
236
75
-331
-245
-196
-161
-44
330
347
361
43
-43
-272
433
399
101
386
771
483
-421
-400
217
21
92
28
172
-161
74
44
159
581
295
-129
-413
-281
-109
-482
-133
340
67
-44
-480
-864
-253
-302
-413
-728
-105
452
455
198
186
102
397
209
846
-10
-196
-210
121
301
292
27
33
-45
161
-522
-531
-590
-334
-178
-51
-148
173
510
425
230
-131
-205
41
317
771
118
-196
-345
131
348
755
443
321
69
675
251
-24
177
700
1062
642
-395
-347
-422
194
357
478
26
111
-288
-391
-461
-449
-677
-230
-125
237
263
419
16
-396
-616
-585
39
-324
98
-147
63
203
235
297
188
285
638
504
194
-255
-56
-17
-182
106
167
8
261
283
-2
-275
-681
-195
-319
109
22
-232
-15
-30
-179
-60
-102
215
328
568
-230
-415
-358
-431
-556
-78
434
289
128
211
47
161
202
-53
-461
39
84
361
202
708
270
194
388
1
-164
322
418
709
654
700
481
408
297
360
305
57
-131
-46
233
368
113
-59
-177
-476
-797
-276
-36
205
-529
-779
-797
-525
-271
121
147
171
41
371
301
631
282
-127
-329
-283
-28
170
123
321
473
386
57
20
230
347
-703
-324
-182
753
395
190
-91
294
481
533
435
506
303
365
148
171
-46
135
120
107
-226
-274
-617
-303
-249
-9
-99
221
489
213
-130
-82
-435
-753
-490
173
-110
-9
241
28
-564
349
53
-71
-302
-269
-288
-182
-130
-318
-458
-195
-139
-3
-115
148
365
89
457
469
-248
-260
-255
-77
-242
-103
-262
61
-46
-158
42
242
-351
-546
-519
-470
-158
215
296
183
217
221
-327
180
195
147
612
527
147
79
-78
313
-160
-28
192
394
139
393
796
273
159
180
-118
-161
-228
-9
-41
198
549
129
78
-216
-174
-56
-62
-533
-519
-963
-729
-395
-67
115
445
238
82
296
230
355
484
966
223
-45
-370
-245
-464
-550
-90
490
284
474
301
88
-594
-138
-174
-325
-13
437
66
166
-458
-799
-820
-44
205
274
392
468
326
325
-43
-211
-256
-155
-148
75
13
96
-272
228
-492
38
371
-4
-749
-140
-241
334
251
548
592
468
-180
501
-344
-200
-219
174
262
375
96
46
-60
171
-66
59
-242
10
205
10
-498
-323
138
533
-215
-432
-575
-132
-391
-601
-765
-230
325
206
-27
60
104
361
308
654
461
424
360
177
83
496
177
-719
-549
-97
-486
-229
-525
-290
-368
-118
-77
147
-150
318
327
462
410
441
377
436
385
-111
-269
291
71
556
570
456
357
536
373
361
453
440
410
403
-158
-169
-292
-724
-151
-654
67
386
81
431
-97
-205
68
353
-128
-559
-584
-243
-39
-205
-55
133
28
-250
-165
-163
38
241
140
473
-4
40
-167
28
-18
113
-81
548
469
509
-57
82
-234
-101
-120
-253
-353
-983
-855
-1518
-1213
-267
258
286
472
506
241
-121
-40
11
-24
298
550
1131
485
155
-299
376
704
256
-507
-151
-184
828
-1195
-528
-351
-323
78
-140
-6
-442
-267
-68
390
184
293
481
149
481
55
316
34
223
74
224
56
453
-137
-190
8
-341
-393
-316
-727
-206
78
198
11
19
4
468
720
678
398
260
-208
-690
-401
-766
-605
-68
294
461
239
134
-85
117
-123
-559
-168
197
272
66
32
-186
-214
72
18
230
816
705
893
857
578
-103
-366
-376
-372
-302
-66
28
42
-183
195
552
385
267
233
298
-545
-172
-570
-302
-92
401
240
228
-368
-85
380
573
144
188
-273
-512
-350
65
44
189
246
316
106
282
44
20
352
-368
-556
-292
-186
13
-339
-317
-326
-256
-181
327
669
586
83
38
-339
-141
-558
-608
-322
-555
141
-487
207
-149
136
516
593
769
795
612
274
-252
171
-601
-578
-417
-34
-317
-8
-411
-650
-438
-16
548
754
603
364
493
277
310
34
238
62
189
-69
101
-478
-151
283
338
340
-2
-178
-263
-245
-25
-600
-223
-212
-88
-430
-438
-537
-172
10
312
396
464
203
-178
-2
234
-155
369
-118
112
182
406
195
43
-598
-370
-1
470
167
52
-335
-653
-410
-84
55
619
395
307
155
-163
-697
-605
-773
-387
-146
305
22
303
-160
-20
137
350
390
377
504
575
594
632
-279
-83
-86
-152
112
394
-109
513
646
173
-134
-422
-464
-558
-143
-111
-161
-138
-107
140
289
511
88
216
-39
141
-381
-125
81
128
29
-68
-231
58
-324
-42
-118
150
410
456
99
203
-148
383
525
250
-315
71
-165
7
-93
-289
-194
127
126
200
-486
-318
101
-25
-650
89
-67
186
240
393
-87
-48
-31
279
220
425
150
-26
-163
-141
352
160
-17
-2
144
310
500
482
498
97
42
473
214
174
233
622
587
488
170
-381
224
-15
-202
-271
-18
110
247
112
96
-73
-249
-391
-261
-263
-153
-198
131
-62
-59
-40
224
-144
64
-43
306
-110
-501
-655
102
50
79
-170
99
-223
-162
343
335
-51
-197
-241
77
133
49
117
-24
90
69
489
35
23
-67
-264
-244
-70
-600
-53
5
131
-11
-90
-275
395
128
-317
-661
-375
23
274
302
-106
188
168
192
-42
244
49
175
348
565
246
188
-216
5
-222
-168
225
397
343
522
539
523
199
101
-130
-253
-551
-121
-173
-237
-333
-123
293
295
698
211
-454
-456
-717
-181
-442
-399
-475
-303
15
213
415
339
463
149
-137
-185
-129
-298
4
-36
-1126
-380
-27
122
449
469
578
401
323
380
637
842
282
338
63
202
-148
-117
-303
-410
-322
-203
-482
-214
-319
48
71
-90
-200
-243
-507
-55
375
-21
-551
-156
-67
-96
-757
5
-117
265
217
404
-18
170
181
27
176
-259
-253
-532
-462
-164
-542
-445
-301
-18
-89
138
98
17
75
217
392
215
296
395
463
471
452
220
-214
-89
-6
379
-229
-723
322
44
-322
-1290
-1003
-1011
-545
272
893
1249
1293
1258
672
-153
114
-116
-140
170
294
708
814
551
648
-170
-206
-85
-495
-249
-226
366
-993
-942
369
258
252
-64
-49
-294
131
281
340
56
148
-266
-61
64
32
-22
1
-158
-53
143
-532
-250
-448
-314
-433
-579
-329
-147
-221
-152
-138
-19
136
362
-160
133
-72
-22
-242
29
-174
-2
-235
24
-31
-9
237
376
781
-105
-61
-229
-224
124
231
122
245
67
316
112
-40
-250
-82
-132
-168
-375
-797
-649
-85
-420
210
87
-111
-145
-66
90
180
209
301
17
440
456
686
398
719
-122
-305
-539
102
-39
-370
-469
-373
-357
90
414
147
-270
-139
23
-202
152
331
114
-467
-344
-396
-91
-87
291
233
298
-175
261
271
508
197
227
105
267
-320
-242
-258
-198
3
302
39
237
-20
32
-475
-297
84
-14
-393
-83
-203
-60
-47
248
115
254
170
386
208
179
88
306
11
41
-36
629
496
307
-343
77
-225
121
301
293
50
-270
-499
-293
-192
-9
-178
-72
21
464
94
195
-154
-204
-313
-581
-501
67
-408
-307
-219
-459
302
121
-177
385
373
70
26
59
-103
-345
-375
-203
-208
-566
-358
-159
-117
153
-137
138
240
-111
-380
-408
-386
-28
-207
-122
-54
13
147
366
126
151
208
247
-61
-262
-11
104
194
143
35
-1144
89
-112
48
9
191
-54
179
46
131
-49
115
-69
223
458
297
110
159
-382
-178
-184
-111
203
220
232
109
276
294
-42
-488
-667
-303
-139
-149
-13
90
254
-6
117
444
343
-106
41
190
-255
-368
-373
-97
417
392
154
214
232
133
-9
-212
-112
7
5
208
307
376
32
27
-168
-460
-669
-174
32
266
-215
241
345
-94
-74
528
503
221
173
363
299
-184
-178
-171
-92
-237
70
3
151
-157
-62
-33
-371
-650
-280
-27
-255
83
373
115
-364
22
-19
-19
175
-43
-58
173
146
370
115
-72
-40
-69
-100
-435
-526
-430
-632
-819
-303
-278
-3
23
498
664
600
576
378
339
858
164
42
142
509
148
66
-97
192
77
586
169
242
33
-583
-90
521
-153
-145
-796
-1428
-605
139
-72
170
87
82
107
429
-4
-238
-399
-172
-198
170
35
-77
83
104
25
-100
-387
-348
-108
121
-83
-305
-592
-166
43
49
-57
-548
-250
25
-206
-521
-247
14
-31
-159
-211
183
337
373
228
379
-18
50
-135
-75
-352
-351
-556
-53
-99.7065462189264
-2.21663808964071
-89.8719121418562
-3.88333549871625
-37.2892602483696
-2.63470167410934
74.7480740151631
-69.5293055544167
-133.964713519917
-37.8615353272926
36.5287832412948
-13.5566248742645
-114.820320092515
-10.7171921980281
-32.5010444984085
-16.5001499742807
-88.7142480178486
6.07940588398612
19.1759903104458
-18.7172337461987
-41.318964708107
-139.744091180265
-80.7661651215358
38.4414122392535
16.5409262047727
-201.465387780515
43.7952647136889
10.6475676000399
9.03978328709533
-34.5647108216022
-122.74329133713
-122.004550279904
-41.6587093245338
-117.168863750785
-37.6354921738765
20.5468554708266
-33.4660420314625
23.7710619446081
-10.7738803364031
-128.823224261622
-57.2108440085517
-11.0010509199867
-134.592450374903
85.8356477649728
-111.112904795792
-84.4054980110989
-20.5563504633144
-16.1623399105162
-78.4371791872137
-28.1137739252245
-62.5239794908869
-59.7325146585764
-64.2718645611321
6.02114662701953
-31.5039851631047
16.8251031234699
-71.1992865580559
-155.119388208617
-113.853245871183
38.4145887847766
-70.0904991578327
-126.103345719447
-101.208712691518
-11.8460910292855
-33.9515464158157
-51.5325397719979
-2.58818196047046
-74.4255545375467
-66.5666535945442
-32.5836794315638
32.9377103922026
-97.4362041751773
39.8888262863374
-81.6727069297001
52.1626682837032
23.5670733178258
25.520233803687
-29.1808509282281
-49.3442900878535
-35.2908856440359
1.89327405619663
98.0635917365565
-73.531862267589
-58.7273171472435
10.1793794807914
6.17899721340183
-23.5532409974014
-17.5635109602098
0.716675279811769
7.89841454083815
-39.0984689462637
18.6340611208524
-68.3161366402034
-29.5051912511356
-59.1685213053415
126.553540014099
38.1693708092178
75.0689721223226
151.373693400638
197
