222.14870086201
-138.172898469312
101.16254061932
-269.425799052945
185.713653237924
729.953716253335
-114.708997229531
-521.701749820307
-502.66999087198
-328.77681366781
-118.456492100504
245.721342365268
-73.0705557343166
-366.61765376829
904.469456210191
1199.96049328865
1478.07377855346
514.525130262695
220.834219731001
681.800376714947
182.06514033058
247.629151888155
1431.5190734598
-12.4059752852006
-602.727322983857
312.820341029346
452.572054386146
235.804433920219
51.0504731918472
884.214678554969
768.980410143759
-629.726641278583
123.75185980385
-984.036953372773
-639.290989172447
1540.98877987769
-235.283462165177
241.699390017857
32.2070863709931
-296.702145987532
835.528027627195
613.372777117945
1248.78148003675
118.456849383077
-1021.58771851158
-2026.72281171265
-845.667642464105
-1165.32164860318
127.461225242791
654.230488425822
44.1836899184502
-1070.57175227269
-502.455884180448
-533.8357323197
-517.339613813519
-368.893398720544
-99.2222524641719
-568.819703677382
-125.530405392159
-632.641685136465
-675.161931536704
-1355.68338881168
-1273.49744923776
-2365.24023236605
-1013.31977716778
-476.893329806571
-691.00049526231
-137.771257824566
-1626.12255285755
-2082.52881774636
-1587.71780823359
-1833.99330000189
-2500.32115106812
-623.368386159248
-337.784544078737
-428.642242773586
697.438393321246
1234.7804435621
1555.613790959
871.416423718693
1727.14257473274
1353.88411619658
1836.17682517259
2266.9744328926
1848.35049059289
2230.89925772537
1627.13701086046
-241.522337003045
-76.6587926353208
14.6876815286662
-128.685595451746
-201.251697101796
-1602.57768294375
-1004.99934036522
-548.445031390607
-516.405790407486
606.263841768994
945.502847662297
-278.626165608342
91.8465160686706
-294.228810394978
-612.990035331228
-903.128545460129
-1341.96289254531
-2601.98083246899
-1022.65454388057
-610.966746296583
-522.804013053596
450.609417894404
617.162893993411
-348.846780409846
-1109.88253588013
-1359.35799393172
-1353.91772405659
-1215.15404818099
-623.555789718317
532.639914763465
670.397152567616
992.81315928357
2485.86915767576
2467.60563992577
1892.55210046122
1402.77695306554
1021.2729342438
667.799711421653
1288.66940013951
334.391646481808
612.4447677089
943.489145333463
1107.60600767629
709.928666002666
-261.027316710063
-122.180737262857
1358.95298445132
453.92186461928
1820.83760454739
1652.54666266196
2450.24268885287
1777.95009957124
1844.05221638545
2217.61238957255
502.460082925468
-1436.45568403772
-2268.82816338514
-3459.38039961646
-3003.57917254827
-2274.06548352899
-561.755109387451
617.703612399217
1069.95820185712
1698.91421460682
-187.491402537363
-560.132024432747
105.977285629161
-391.181521499133
-958.331405040312
-2599.11109993065
-1235.1699152231
-1358.15064430762
-2170.49940159702
-3265.31882472297
-2123.52616377936
-638.317447231673
-1236.87564547745
-363.272442605251
-22.4786917368583
-43.6850809709171
-1326.87885259828
-95.5153563739327
923.276195497101
-466.86647433758
624.450119548983
557.599430678269
-253.540057386124
1198.91197392294
-581.340603438863
791.665603351052
1572.76484426705
65.0046699039473
272.251096669504
1416.39919711919
1428.17223897089
1524.26911852558
1210.20192853862
1207.1424111462
-235.024852808189
838.481746630186
-42.7167260317252
505.520620285015
681.085157652453
-130.907242239041
-1235.95417874777
403.894724989787
40.7536321250526
-476.501399510105
381.026004107325
-159.852540405591
306.741972516299
1250.44234043235
897.508068714681
667.904420431864
769.529436582765
431.793070735452
-1750.88601898337
-64.701965635614
1084.09215467364
366.198300611576
321.84617114944
928.436766100949
-595.039658447583
600.759926637089
811.120214287896
590.238883801709
1065.04064120733
538.425363923475
824.866178163262
767.758099019563
465.865516045612
662.397361244747
374.543915772588
1039.35293666146
364.516766792856
166.657058052785
546.183260440198
-164.415506397827
-935.071389520702
52.1679206416505
-1001.15317767439
114.591873723754
-291.024313302764
-249.931632020283
428.158307718321
-788.689995259077
597.096677248399
-163.096210421172
-225.632841180996
-338.780432511086
60.677562377987
138.8835991146
-995.140745682131
-444.224110022857
-1293.08987612819
-616.558396832088
-897.025389416158
-670.761725944416
-872.305692422064
-489.827666225974
24.735251732479
763.668745263548
-60.0142088885098
-20.583592912395
-1735.13641049791
-739.731695151574
-991.644612385238
-652.156805805452
-501.999026979856
-798.702292959822
-330.971909352707
-350.061787336911
-482.852111193074
74.0614018127363
-216.184627244223
-623.381856201625
446.813789219102
-300.015461081288
-11.4236393366046
-177.64355405748
-316.425980669539
355.136355892919
310.924577564598
422.36928636681
427.274218968847
572.194060596696
477.346912785742
347.050908188613
1144.69296346948
835.526981134955
285.955759518323
731.432079789411
-315.32777424897
223.088052328869
198.126789389598
1054.84339711905
912.533223542488
19.8672602784085
753.159176601741
699.608860141241
113.343577449904
314.116316021425
722.067930948188
-36.3870576208495
493.803290895969
754.095316138716
460.807857731436
484.005571060283
-729.153394061702
209.94599684664
308.365308341905
-52.4639624134346
-2168.21921143239
-556.944941178793
-605.196366414863
-645.72931606484
-802.097555988798
-1258.24475066418
-1167.26165862904
-995.849419091592
-1019.72792072309
-1899.05325776663
-1349.91553096498
-2818.31268967914
-2345.82407381292
-1631.35567362063
-1049.34559471488
-407.80234516975
204.819679679483
733.106878850812
870.207227680181
1138.75562989142
383.8576852806
839.872756359173
841.330326940456
1571.87733185566
1183.74695126438
504.910910692651
1214.72969663699
687.706769321934
963.945997056368
590.266466925781
783.11168456079
134.263408170161
170.919029545265
332.234191199833
-171.962414655678
-429.303799310216
461.358681703134
84.2742698913105
-16.8306631857852
-41.1090645158686
-627.233609113021
-109.643765735908
-385.437259547241
-296.154572112007
261.515524321399
362.861790228027
-386.754715580556
-222.699664266786
284.087502523881
110.622019302925
560.180513225292
472.574878441783
784.940631273587
-230.274300876539
-274.976224642564
500.572692288826
-574.913928478546
731.142589672626
110.036903286081
-42.932685358843
652.693787591596
84.9168439576623
131.818767589145
101.954654884798
-138.257200063718
278.490998199111
272.545462930283
330.623637260655
-904.564559523648
-332.475975085116
-344.357436566112
-417.749722822375
-749.179727176031
-525.45670664835
-297.164642947333
-681.734737733106
-407.41282578409
381.181117609112
766.709469633256
895.034824477242
1177.9012375376
472.190440287472
573.555041898966
714.700861037142
-81.3691444729575
477.800605256113
118.816878467934
551.314838240477
300.597260311716
1326.15014675421
-185.792861435402
-516.899589622255
-783.846854087954
-414.150282751318
-501.199004806689
-788.938550988963
-428.686712146573
-331.250970867272
-69.8011844151908
1009.4434468276
388.261759028047
109.721447988572
1494.77073216244
1292.32216509832
585.699201553781
1493.63823764554
1134.39091713737
919.178461917213
969.088852921389
171.075530711614
-433.881524406376
-125.552494272884
-1144.48453642219
-750.658934043084
-542.271264800477
-362.03457180749
-303.977509527285
-54.529546666245
557.904542146572
-564.075587304621
-391.898162017081
-73.006697177551
-412.250790793708
-20.9562425997959
-148.39315121871
-928.005306671321
236.361479633411
180.251805070167
-483.043583116107
-542.034796479015
-361.109865802253
-661.485826675153
-295.899811227279
-262.437007361576
124.829567269112
207.490197257425
-183.09272865551
-280.436067422102
-283.828065424665
-652.505009523336
-236.46106055753
-171.735629814193
-419.563363092339
245.59870057975
-161.96676876957
-250.596357875138
80.6349508875971
-614.430438460893
-413.096071040859
-518.409636367667
-152.79685573979
437.947431294772
147.055159962388
319.263825954998
669.563484181354
-1277.40759586684
385.458659935954
735.257509505308
154.110999558488
-159.805155572357
395.972629500093
568.550000928689
-178.727204018363
190.835704570491
970.476787740827
-141.618734706203
132.723832075927
1374.7635155518
872.63781344996
-283.655432523205
80.7860680007867
245.743496184837
508.783396421789
309.252212967181
518.187796893753
-28.1245164722627
407.326916010388
-332.194766352348
-74.4605996302472
-52.0315689970528
375.456003622925
-186.201519648697
172.761404148469
-386.202586416415
49.7614370184565
-439.132713106625
245.199836810809
-132.22761875432
87.9316142920331
436.18059306665
392.233043470509
293.448481743439
64.8831463793668
-116.965384533795
-195.231113900906
65.6724529623674
-185.879377648565
-511.948088324233
-103.880277790955
-85.7038960346352
12.218400833196
104.490437806098
-93.6047807417651
-198.642957682278
-6.93834909340049
-521.460516164919
-244.631851355949
14.187211374134
37.2291978088595
108.473917769376
-484.731480227421
311.130894795644
-415.871817293541
-384.753632240162
16.3347968545857
-584.414733479729
28.6123192675977
231.819814916427
-262.965124232667
403.4299922446
235.271049595226
-183.312981808871
257.852953748492
660.578346342547
274.348810269014
-101.566137082501
3.03812086601789
14.6543085195236
281.098238516918
-389.396259156277
-142.770889857285
-2.86823951233262
193.76904033739
-487.735637503662
-281.131240100096
-51.4998779394388
176.140115630773
-329.176110959525
-256.047531628313
-34.7502303452057
269.057609918943
165.90686840585
193.191157995116
-262.096432699679
312.224724525479
-22.9198819553541
397.356069718469
300.713619077985
386.11112505446
77.5053444810513
-188.037549455296
-325.402913077338
-146.763950665939
81.4032398548371
-24.0656313249716
1.23398090325097
-236.685234837301
-313.242703371238
-133.665074618391
-28.1229923750874
150.745923490888
-44.1211392985548
-53.8377713078369
-273.804759570218
36.6431170575888
-350.543993021483
7.98631078378185
293.772902849051
217.66834131582
-242.087568569535
337.518168192092
-2.16221286866895
-504.35828304156
-200.389820744103
147.365020743204
167.879933344262
581.801821168138
440.167013840507
34.54506333231
195.539549795704
125.349120164132
-22.4423979673671
314.39285182271
-129.266424915193
-21.3387072638408
-393.855815124629
-225.754359276401
19.5212326733366
-47.4466399064297
-687.519306849154
23.8453072245346
-651.930428676237
-531.241403880688
41.2084712830141
478.299904651785
-652.985714452809
-376.860497949674
-204.610491942885
-665.731949454884
-434.994106998964
-754.408473282205
-1012.86558526906
-1155.76566999082
-1354.08677774671
-1652.43032630518
45.3748187786017
359.139808631052
-221.903190378063
496.434759495413
349.414054274016
855.377448362294
553.525737106771
1233.92694109245
1334.84454236072
723.368307467278
976.360359426357
786.743202417421
788.117999724234
681.195221599484
-83.3035328371623
-436.434339950849
-411.924242241337
-529.967604641566
-1016.05909910986
-430.026834265132
-940.725186581306
-214.090521233072
316.839943512023
59.2617400155956
-475.499092632696
340.248205206725
-76.8891378222525
519.755950782192
678.429229358323
610.357898282883
290.053821456362
864.250920604578
1137.98543499542
751.404764868296
1103.557072772
1118.20182267779
741.711731082613
556.14815886549
845.034378216256
712.889503947199
1395.56936782232
801.038661866707
735.236740816325
289.471726840297
83.0607810630403
70.6910101912829
-171.507853244557
-64.4877507109224
-44.1519740665851
-445.685607840484
-1024.1954737708
-926.473233166319
-639.466415400631
-871.446874772614
-940.890643751453
-1586.54620813444
-827.67122824574
-2.17696327112981
-510.085874818256
-457.013528845303
-445.819461994053
-1680.31192183815
19.9823220493299
-279.868003317191
-254.481129160733
-675.923750889623
-744.464566365639
-2306.37725227369
32.1083592270929
-570.565257000515
-476.548029350061
-845.13208054339
-618.235574512396
-1643.8941812187
-384.397719403578
-599.045598572125
-816.26249626574
-1608.71501702362
-1861.41484241985
-2700.34429976128
-740.409803851495
-538.288767194899
-1048.91604840554
-903.639279252877
-1526.62612311998
-2316.92572821933
-3051.19071540158
-2200.03735017711
-269.752956049411
-727.207876196749
694.286044407003
275.348363337392
1722.10527299782
2189.23583915995
1653.66290652426
1437.68299199915
284.024908573413
-1099.16042437785
-3167.1286931554
-2717.51469576089
732.490004608007
292.753144172504
1059.30159624082
27.7930831834947
1599.57356200797
-332.947892072636
513.259142321168
-823.635300415964
-471.6158104691
-1426.72197925575
-2041.41405669207
-666.240386396137
2306.58700316802
4509.51867918799
4468.73380813214
4025.34368652296
4870.33503875094
5005.86864382721
4230.66620561919
3603.0393714521
3803.02900042334
2172.59072178692
2991.37896134391
3332.49183347992
2630.97281016842
1222.025329655
128.706086958196
-1194.54462058763
41.6122488271842
-769.766791708409
-1772.7176806886
-989.145831851494
-1948.04252289287
-2688.76881917794
-1228.05626382814
-622.197792952208
-701.096231579391
-373.65923097025
619.950877015549
-607.432917096197
759.618860335295
735.137512762376
502.374205218422
801.037467783133
1318.0773401892
-534.448148801185
707.990423184591
-187.232856355583
-155.3815167237
444.694115056998
163.620056408982
870.943139778258
907.505288834585
399.593376347554
683.107488019516
408.935897899284
758.336298747998
390.140256680583
513.182824853038
666.605315326085
317.803744732853
1022.59874076833
677.233890509199
616.597532995665
849.059870020602
410.981928569783
678.282376509234
414.196287902684
418.70280840026
408.803290178485
750.529851568872
210.907452976384
-111.141774768494
-282.122233769385
-878.359815660081
-1053.2064144367
-550.179799593689
-820.507439030619
-742.662906959027
-267.589343052907
-1168.52284431271
-1030.88644116159
-1235.86836045838
-1288.1014762392
-1320.07572053778
-1481.33656128477
-265.095765063587
-479.68525976691
-806.438628519964
-897.212431915873
-402.118833805447
-428.360045983616
-511.881568937362
-631.66590451876
-688.549725332727
-870.817306958016
-737.637784480436
-821.192549959397
23.0860023119113
526.931389390987
127.666202084964
-536.855489365771
36.5462976185819
-2.59950497023715
-80.2549404964079
-344.672098323113
-144.205260083104
-317.571382623387
-475.253389632922
-495.213307375315
-556.75038930664
-459.920767677666
-768.093474810563
-624.159564794551
-1315.22033551519
-1257.77155299419
-887.963501094157
-560.473067159349
-775.970781091736
-242.330324574559
-317.441056279212
-133.732462283162
-407.943334308503
6.92929004926049
-188.056384824383
-176.487542008651
-122.59319212475
-142.463947392889
-634.420216928533
-608.760656393326
-373.977127891407
-379.058354601237
-302.04825141776
-198.358165682877
-57.5458548420581
129.464020515555
37.5761761338444
-155.544557796889
-29.9198634877788
-69.4771726191842
-19.4261160157212
306.765400504812
553.656830729455
3.34742449428194
-102.495051948061
16.6949219735611
-224.656377316885
-24.4172774638262
-51.5454618582133
-203.954724669568
207.07529722761
218.754210201482
-230.395408206105
-442.075179998644
88.3310684142247
-295.499976101823
-46.0452231203168
-112.213891286988
-56.9240261915056
625.76642675652
253.207771009541
-128.833556235485
395.857951647828
90.6741453720501
308.832255145517
-421.374940454654
389.536741358691
-294.052783175877
522.133068075009
431.904774520394
141.501863746996
-1210.91545681788
822.471489798037
-298.477240002063
228.714806594578
110.942628478066
-156.664461313256
713.82433564953
-1188.21670606523
-597.646183552159
-270.911512720263
-580.978840667462
-881.996409389236
-480.632626158644
197.636762175773
-23.3931191007187
377.15510604449
1007.72299249714
145.72142196213
-90.6088268631695
-95.294404140528
-279.881008214585
-118.983366202892
-959.711451951364
-665.177716435537
233.573555903802
-162.546898574173
594.913898711906
603.373176926791
776.94663311185
763.864731179079
1189.2403401057
841.349161016685
848.321943936488
861.903619437843
814.968873753609
1204.88466628663
703.60874265513
982.664621121561
760.434048700694
273.999835142777
131.810969937565
-262.631855730163
-122.731506942777
-81.0869218883985
-663.697926150465
-110.218083793671
333.989418559199
784.919879376539
543.53404724311
679.547850219745
457.185006772614
624.588303985652
192.834492240022
1000.23497043606
456.448021590684
563.932890158466
686.260992063382
954.16291560537
-47.157971038287
190.459902985226
-23.6499394932695
354.390841446056
711.105809286318
542.268173265196
-337.210829197088
79.6270421008578
-62.7250689761205
274.536944220221
718.084064691066
623.200099929968
424.957706275787
1102.0925837767
331.850598304679
-581.582691132669
-127.657663342995
-458.180910384684
131.794967657163
-225.145064600498
-77.4466877726525
-325.182385539749
-446.071185451341
-590.082457678909
-1041.13127422135
-857.505122802401
-703.082707195536
-37.3026740157662
607.335861297823
587.245982618896
264.085702599325
655.300654858935
268.104251650665
613.153848964483
705.475706553299
353.248950451157
406.857696383673
355.330049391473
-23.0927301286627
141.041898589417
157.501465760031
25.5495362895175
9.9704445193618
-62.7743816252854
-436.873675027713
-315.183629433755
-80.5788037573251
-461.13732097902
352.271845545701
-223.530345032723
25.3011126236434
-452.227036388248
-811.517019221196
-39.8640544234022
-333.344452389617
-74.8953870028063
-30.6141983875592
588.049235588267
-17.9610715934448
-24.0886416894522
-333.238633680388
-198.406761639173
-1057.40470065029
-727.155245629138
-1114.11405107467
-621.522101156383
-908.051473317589
-1937.1421691687
-1554.3592438442
-2342.43844065638
-1758.44063128367
-1939.67668134525
-929.384319054373
-244.27142924046
-29.641753007743
-508.380135987622
12.495049826319
-207.281361456821
-622.941035226724
97.8923520654117
-51.0744577812155
230.960872963897
689.37122861591
293.835589009592
553.723685552757
1399.17248722678
1045.46562319314
901.496085274513
1129.89397926358
811.179798763198
673.25100605186
703.248706806912
912.928360550521
720.764236761855
546.256843102826
206.857406526812
-285.187994139625
217.356936962496
89.5818769016628
-196.06504608311
-652.842358836317
12.8693889613408
362.495864067473
-62.2901054416014
68.9999948665924
-25.6963663340834
-396.31588178846
-132.776582405594
97.8998154872124
-289.927876491608
-76.3978307595458
-153.834548537649
-150.636120017256
424.260673155773
-2.46512882507172
144.758070459734
156.899260293062
-218.070391576258
121.452637000293
557.809215446871
-189.538524923618
57.5597138847756
594.953033455603
362.225141527638
8.27593543111527
182.988498094248
229.948954421568
34.0819278311753
-272.007538205278
154.98037396388
0.591051931023316
-8.130278999796
-381.236130507498
-63.7240087077457
-526.095937867204
-413.001721339597
-635.954272719861
-1155.18851202187
-1255.67861386006
-622.718825716651
-468.525248566753
-405.374848512665
-243.757930869768
-557.369900505366
-1024.37885528395
-485.65128155158
-310.337508751082
-231.340729671145
-524.013930663328
151.318830897312
-322.208561040914
-615.665280738314
-574.742428088315
-134.041833808861
-218.12116543095
-254.076358116594
247.650194132303
1172.90313014945
575.189206574703
1466.49676244945
1199.08971057619
781.983887414729
1114.32330756401
1163.45382326852
1165.42953755167
640.544032765565
579.055827947015
347.533943934568
194.954748592661
-231.167370483692
548.085013000778
-63.1268253742141
-607.428126185319
-6.24473765298942
-249.182834899872
-60.4961693951408
554.040924148875
-485.424948424141
86.3943566330245
234.508699114816
238.296227052971
228.632743639558
23.9108186626958
-16.5655832239996
-418.260554012168
59.5120130035197
-359.199114636294
295.813384500814
-305.630390833526
187.163442922911
115.259647273933
741.385396546113
433.867900578452
-297.861295048969
74.2348344124919
-144.422744604307
-248.931464226656
708.80698648609
-493.66858051611
367.303965747709
11.7871084620087
353.477130161597
690.23466134563
-228.741654931803
39.4846540744097
802.345887802395
-679.328711141397
201.330589140989
-881.922144902572
43.9723196327971
-1041.83853806446
-380.343267038918
248.516484907626
-405.494615819354
-60.1900171562483
742.524009598285
110.564628783949
717.760863374501
3.52918350080205
-251.139436957314
104.302263993641
-646.054409063164
-121.97002412565
-177.475415078547
-643.826663864164
272.611116424278
-157.771732095564
242.52738048549
205.415301423055
-212.229268907257
-378.552933832765
53.5255490693213
-195.829471333026
319.44743828684
901.664242558624
148.346549801862
-114.534270003504
-163.474731875678
386.919785310094
-185.122638956476
-18.6721789664544
-888.178416742802
238.934608763625
-216.501391311139
78.3785841547172
354.1666405106
527.175746806518
-842.726085729726
200.815795396335
-266.785331094478
89.424018458026
230.566067937882
-145.523045703791
-1054.14418285754
-5.80928482965149
298.655657190536
31.819414892391
-91.1211517742814
298.727324429604
-480.837696907174
-43.2314592775326
-98.8598498660764
463.947643063971
318.761873946594
-177.426743135368
-1242.75032204988
109.802557222571
-559.01515808725
-153.071420559308
55.6845118240714
-142.78464527162
-1684.61963620623
-175.118674313675
-823.940481363137
-759.044565537401
-640.162359511466
-404.795770936784
-734.602935804557
-1027.06340167405
-156.080548403646
104.147655043379
-54.9657848386666
-49.2346363704618
-1185.34095634248
-189.081204305291
-203.351050729828
-301.905683452751
-341.206539083298
158.520594111046
-1491.46683365573
-214.635968862831
279.548075441536
-235.611249792344
251.962886220428
-164.830902901127
651.842269894713
723.501397508159
944.632527474739
595.149331732661
145.819005225022
226.644217733367
-136.57050690341
79.1486943077464
71.1250990975151
-44.16102041349
-125.654559719728
597.513458823426
260.558094116026
3.57690664112766
521.440021524401
508.941959684343
113.18447281808
1334.90241593939
1300.64865667138
1158.85821184964
656.34824977809
896.059238294814
470.141419222902
993.541248452056
427.97733687814
300.495906590412
493.294459810096
350.008061416342
142.923042247467
400.980810054654
-83.5923142711304
-244.770501170006
560.923438169714
135.685682914284
430.698361626364
949.557293023054
713.194805306745
1041.21919432593
426.25067695364
370.997574148819
194.130454128595
-209.497549675317
-204.817312635817
-139.738604553028
195.046827165637
-8.4213983267033
-23.4485128553042
-1485.45446190369
-469.17286514536
-732.913819763248
-1060.63278576412
-95.0391959015895
92.1500544330218
-89.1224970480334
-163.852896629802
-293.255045561426
-378.216150763053
-16.0032558771492
-657.32209828063
-193.263869530644
-479.440064222234
60.3509882400687
-199.087607048505
-142.636453379683
-516.664904293501
-578.018681146193
-644.542644486908
-323.44346019635
-478.293198911771
-562.452348484801
-196.334175231312
62.6123122791662
275.132189294217
290.169671815177
-39.2981358771572
-84.1127993809191
-791.412815675947
-1011.10079285756
-995.884460493908
-1271.51196631118
-578.12720619105
-703.307236860789
-695.547880947012
-806.303636112942
-992.719247882191
-1577.80979457076
-1276.7990917686
-1133.35050153619
-1015.83136052109
-1091.16097469926
-325.184266828445
-89.3062967785172
481.827731383756
758.06936623503
1462.54325304489
-362.627453913409
1166.81032011835
1346.66190119511
1790.82802307217
-92.1356744297674
-7.44485099262971
-116.386809427457
-2055.65648974381
-1599.80521120888
249.848159446024
270.405090644062
298.25959555948
-1101.27078838168
-1603.80693897328
-3184.51282570562
-2635.26593787165
-2795.09597221148
-1435.88815751082
-733.502330369768
500.132341153093
277.412549366622
88.4979821681124
1136.34866836574
691.474716376948
3311.52130623315
3789.15641734247
2349.71231377174
1609.59283423892
1524.08623506748
525.578599106679
-820.032245647593
-2209.63171365587
-63.4933376643434
-367.173694908439
-64.473046787619
-608.531255465273
-570.554644839602
2405.46756956952
3147.53790463869
1579.00955797557
2425.32305853719
2225.65997142011
3218.26944994018
2936.52045549225
2945.26897068366
2465.12420638767
1529.52656368485
1332.45928044951
1096.48600864503
608.531124774466
440.494134565199
-539.180064806217
162.427824919384
-670.644713499921
-732.002102330677
22.8844469340344
559.131640530699
869.38759572934
1145.31733412088
413.546603775923
1244.04619476056
890.262885212828
1001.76615279167
-1119.5107622012
-2218.61083846567
-1991.68898042436
-1232.79891829402
-1033.24094636102
-1568.39849739595
-487.595870922491
195.999371773935
409.430029350691
594.255702002582
142.240607130232
-160.745454711121
-532.092740103446
173.384377535342
74.4765223130608
-638.131385670475
-20.5056061142087
839.716008236052
-56.7631128128319
100.872346629612
532.673709570493
253.61719724768
79.833693704461
-662.050042029451
-674.409233160437
-50.2937400864168
-372.890761442713
-477.449914106101
-522.04410218535
-164.514164815448
-976.427652332539
-1048.82989759552
-340.05249903513
-285.663971011848
119.024148879999
-112.522574804815
-169.4859708444
-853.9844666296
-1387.97603144201
-1055.06066017494
-2065.4519181549
-2317.70906506924
-66.3490384071806
-38.1302765398058
474.091225330227
-163.768828397401
-14.9006305395658
-244.504622232043
-485.232877634762
61.0623260279115
-113.958698849547
-82.4382755371
-67.2569049787966
83.6662719272448
-46.3736840980353
543.163511474264
298.993884371706
-519.892209552263
-731.062102305284
-907.732013516551
-1594.83288046801
-1763.06423430211
-1547.18277672196
-1749.98591282089
-472.92541326871
-225.652486677695
-1537.32247080511
-784.252693735451
224.88715384049
-729.173265391505
-111.974437133854
54.6953389871329
52.5646315633154
301.201742543548
186.77821127068
-209.151601541656
57.9201064624471
121.52595859926
-146.931769417142
207.342314192867
-280.659742091184
48.1750645677933
-513.439663728997
629.269113820312
830.581318762532
824.235689486142
1013.06100570283
1641.70963704671
439.425452772839
690.001262630745
915.785856934865
437.903606440926
433.031619383788
100.578066537064
539.767276655795
483.954604545237
393.915658778358
361.807083882263
-745.675560522438
-553.790353024108
-1252.56330592353
-1483.57518773814
-1287.07955002645
-1641.28150814789
-1288.21512393306
-649.836359227029
-270.656268707793
-247.376241544926
113.000146443572
826.740437602486
-813.145525427744
-524.459941837343
-757.14179687203
-373.034686554724
-225.817907927075
-379.71401923926
1171.62703095516
1325.9962400702
1229.74914263791
1711.35756922118
1941.94047149276
911.682045481376
677.460759496953
908.770673018814
1051.03623966017
-71.0674807438646
-790.994328934886
-647.431333740317
-715.7337668119
-126.157660015308
-1502.06756069351
-336.930123272902
-1196.17641723678
-1118.12700690995
65.0971514357986
4.51955131800617
419.63271021964
-252.399089410013
621.981621515731
96.0434183566367
1449.12847062701
1608.50860302163
476.053381844807
632.985863030965
1231.89744830398
859.081716902391
121.115965714998
596.16785912186
-38.1850692642163
953.30972616472
206.533070519986
345.6753649486
-207.703722966489
1146.66616768337
19.7095373079324
435.618529373595
-613.218824304038
126.759868362287
-227.263407495685
406.46276214655
149.944822077915
107.713270068682
563.33431498056
436.958153389205
-370.878021475692
582.741090413624
44.8772951701591
-696.432686269708
181.738237736477
-231.680168553399
397.764091793102
539.037400737997
854.622764641707
692.153304658365
1332.73539774787
822.47837649366
538.479302051944
123.487719776663
-873.293109105961
-1134.82838178401
-861.490992206071
-82.9970356894949
-472.629941271976
64.3260303681312
-2.38273756641252
-582.118562115645
410.162933298813
551.23751078544
276.881563259701
308.055340881215
-1258.98357394871
-1588.81715939873
627.585245735497
-257.031556558067
-271.559580068398
-111.539584264656
-44.5553760138278
-813.39585681744
-339.568006843112
52.4190916819581
4.92921083058502
-277.903249026829
246.773881297126
-397.689020029954
109.777287887517
-750.285232049194
-726.611929848205
59.0358870130724
-203.163762175085
-24.5313956156564
-59.535327002292
-192.835444842788
68.7949361863988
-17.9672502996303
