-447.821930226625
-260.780696896587
571.951903459335
-420.339703817604
-92.5802537091017
-173.889135128134
909.886537354952
-594.317117801224
-521.137259528718
287.129479548517
-581.298188460457
495.968404622287
-509.589849866783
-393.864314781496
508.91882822529
557.494975608325
-310.177987461563
-119.276103375749
-22.7264374590447
839.090016740218
96.0903845701462
-218.561639351922
-28.4306818953089
335.914929774906
-34.8548375146075
504.214474639851
832.727947968214
-46.9422543152589
154.738211175244
-2.17717173014986
-85.4135955384889
632.850606428951
-450.264059557875
522.706473890572
255.774225718338
315.363918044522
195.557263113984
232.770150573441
-419.972878873341
-420.814889912317
1411.00644941589
-298.977588109291
-718.081337751776
-417.472892209038
27.2560282107845
147.948700417785
-94.6415320355233
-207.382112077998
390.458581188421
341.383354467169
-82.4732812390914
367.851898949196
324.103096126494
258.684410790766
137.395774286045
-143.507972537179
-279.959898616121
-10.8548622091757
481.535458250294
670.528424245011
554.498982470592
73.7695682186975
-53.1944690089777
159.435428042066
862.262649765939
364.345781952487
-94.3621676234479
597.60893615695
185.883747157907
599.879411274159
-168.218773835361
291.552816121665
287.797619002498
344.613584991756
910.637701038448
402.984834495385
755.02882748498
1056.98056224328
245.455297727526
739.525321668874
-1161.70903389699
145.129287480173
363.415353941484
896.017576887157
-436.8058626954
1084.29978847689
223.246685926446
558.604052011526
1127.95475918106
166.551813437325
465.152853669317
61.8644272714189
837.311860381328
711.888352943741
-127.336400397349
26.8024809141528
494.518550591275
602.916631070786
495.966875081703
244.106420853331
357.924911357691
688.575671224618
-330.33994434801
527.194463417278
172.517125403619
263.493921321248
628.605233052153
88.3376132929395
883.926494594225
569.928031489674
183.366532358886
443.231117705034
620.545030998159
364.922580129309
491.511198825905
579.860006294665
996.051140662273
428.784829375126
298.287651529799
214.845200387103
179.309434091318
868.046536904365
69.3027293566246
794.603730044438
1066.52826039159
780.952671698274
638.894116792641
339.60840972924
591.212493839614
251.353869213698
522.368318451282
1313.95066619359
1370.93335416697
418.111140390737
410.962809592346
162.761549838486
597.214652532992
152.04114838245
93.3303189689209
363.348193842451
478.403598969577
776.204540610924
1763.27463301474
731.610543476835
302.210958543646
551.896411906554
442.049772892296
-707.118917900043
-1537.10632552528
-2210
-2210
-4012
-3088
1940
3996
3256
3164
3312
2849
128
889
1462
262
1129
-16
-1040
-2078
-3394
-2245
-2435
-2062
-2703
-1831
-1258
-1326
-1218
-672
-1374
-1149
-4769
-1681
-3160
-4514
-2280
-1369
-66
-99
781
678
-907
-1587
-1901
-1685
32
-1615
-3730
-3989
-2174
-443
-407
-1976
1424
2222
1652
2380
4740
4074
5185
6857
3121
129
-2317
-2250
-835
-745
-2207
-3930
-2779
-3982
-4246
-3437
-2277
-580
234
2685
3499
3074
695
5912
3303
1370
-550
-1275
-2640
-656
-2064
230
882
5561
6041
2392
321
1253
1941
2627
975
3804
3249
3694
2538
2203
-1130
-5278
-4105
-5652
-5683
-2156
914
1210
592
902
1107
1058
-1557
-1402
-3144
-3836
-957
1118
-847
1709
960
2538
-1306
15
1122
3266
463
4096
-158
-6599
-7882
713
-899
66
361
3927
2260
-258
-774
575
-296
840
669
1395
2953
3280
2518
-1337
-1532
-217
-831
-1884
678
-1013
-3467
-2126
-796
2418
-297
-727
1427
286
404
1300
1980
-232
-1744
-2483
-725
-2739
-5725
-2517
-4684
-550
2816
1484
1712
1641
3028
1012
1136
2681
67
66
429
-1158
-760
2619
4216
2576
978
1216
-1633
-1332
-335
-428
2516
2580
2351
1045
1681
-275
-1619
-8
585
488
129
-825
1389
547
-231
68
-363
-1109
380
602
-508
-2204
-2178
727
-1759
-1352
-246
-2629
-3180
-2168
-1622
-4298
-4815
-3735
-7343
-4218
829
381
3448
3175
521
-556
-888
1710
2283
-1728
-2096
-1856
1864
-1790
4688
2873
6676
3491
1520
4131
2987
-1007
6621
7433
5751
5539
3737
1438
215
106
-210
869
-447
-63
-157
-4343
-8321
-8318
-2896
-1050
-965
-85
-3348
-2095
529
3640
2695
3590
4356
3953
2117
-602
-2770
-3430
-2475
476
2804
-1184
-7133
-8169
-6394
-7981
-4517
-4120
-3561
-203
-1792
-1830
-255
1198
878
880
2813
2826
-224
1831
2893
1990
4014
257
491
199
-1139
-2390
-2730
-2418
1617
2774
2610
2218
1040
3054
4667
3385
1914
-814
-623
1908
2752
291
-262
-2569
-2880
-1170
1067
2889
-350
-3283
-1725
808
4596
516
-27
-1581
-680
-948
-2181
-1713
-1288
-723
1476
1032
1066
51
302
1036
316
3253
3128
5146
4503
-738
3330
2983
638
-1049
37
-736
-3672
-3293
-3021
-2657
-5514
-2915
-3908
-2583
608
-2051
1281
1352
1083
2559
2781
2218
1096
1092
-595
419
-821
293
1923
1105
193
-1612
-2389
-1778
-1064
-1606
1093
-193
1340
1000
655
-2345
-174
1163
802
928
-82
681
297
-1193
692
39
-801
-431
18
-744
-1459
-1139
1243
1493
2617
1507
2590
917
403
315
-1192
-1594
-2390
-2099
-398
250
-1479
-1106
-2909
-1417
-543
1660
219
-1223
-1815
-2639
457
2179
189
2568
1475
1241
-1117
-1674
52
-1138
832
-57
1952
1565
-1060
-1008
919
1237
940
1738
634
-1189
-1878
289
745
1386
1843
2083
346
2119
1915
350
-1078
-144
-1627
-1971
-2082
-380
-707
-151
-720
1297
-2390
-328
84
-412
783
1119
331
62
1065
1705
336
449
-983
-1417
-846
-1099
1018
-404
899
1584
-1068
-914
-1910
-3342
-1094
-1585
472
2022
1757
-204
1150
-34
3977
3219
1527
1434
685
1869
3717
1778
1587
945
724
43
-257
-684
-2038
-2449
-1162
-1134
-966
-194
-726
-1988
-326
-1765
-2622
-2063
-1942
-3877
-1237
75
-1117
-2101
-3437
-4346
-3266
-3770
-1057
-53
740
3113
3974
2196
5428
4081
3571
2802
1810
605
843
677
1139
446
27
-546
-1204
-1672
-2221
-1736
-1644
-2630
-2536
96
168
-177
-981
-865
-1102
429
568
-372
-1206
492
-179
187
494
234
303
-465
1527
2180
2530
2594
2027
1414
1788
1397
539
482
-591
-1285
-877
-535
-895
-1787
-1085
-1411
-1241
-229
194
559
207
-676
-287
-1461
-590
-1688
110
-416
-2168
-2648
-2267
-2955
-2252
-520
2702
2564
1784
668
-327
-2699
-2424
310
1369
1395
327
-746
-2010
-120
347
-1058
-568
-1191
1194
-8
593
274
248
-968
-564
1021
-78
985
1477
-338
874
1346
3751
1122
680
2224
1911
-530
398
952
-1372
-665
1396
505
1096
1230
799
233
955
760
713
-845
975
777
513
453
1428
385
-2608
-1945
-3858
-2692
-6645
-7667
-4629
-4459
3911
3242
3167
473
1597
742
2383
1043
1396
-178
350
-1396
1030
806
-303
-565
-1785
-1073
907
732
29
-1626
347
1967
1125
980
1057
601
-617
-1050
1255
2593
4218
3411
-2060
-876
-436
2305
-1574
-2831
-1778
-195
1224
-815
-3477
-2599
71
1565
4511
1929
1717
2532
3533
2357
3724
3621
727
188
1805
2664
1850
4547
2460
1542
1082
1680
566
-70
-814
-2129
-3950
-3944
-2981
-1283
1715
1242
761
-278
-1705
-4967
-5940
-4051
-1769
-2666
-3420
-4826
-7962
-7963
383
2673
2332
-938
-6136
-5065
-1004
1037
3810
5079
5680
5275
1311
2835
4250
2358
2426
2457
1630
960
-1974
-2465
732
268
-962
1201
1706
169
-1284
817
332
670
98
-586
-626
551
-1214
-1180
-926
-934
-1362
-1006
-1605
-565
-1033
-1500
-144
-522
-898
-1431
-1302
-1477
-1346
-425
-842
-1864
-1572
-2000
-4862
-2602
-5224
-2646
-2472
-3116
-3121
1124
1083
1917
3166
-365
-677
-1324
-1816
233
1023
4613
704
926
2492
2051
-1718
-464
-173
2706
617
1225
3458
2421
1887
795
-877
1926
1931
1572
2742
-2027
-991
2663
17
-1094
237
-3320
-3434
4403
-166
2906
3744
5080
5678
3790
3784
3310
1642
1396
2190
3317
377
-446
-303
-3894
1912
108
1572
529
-1865
-6135
-8335
-6493
-2531
-3003
-141
-1177
-1190
679
-2825
-188
1486
716
2075
442
3232
1134
-3099
-1574
-1401
-706
-3098
-3530
-4774
-5763
-4401
-1563
-443
844
-768
-2682
-295
1708
2315
2185
4396
1248
653
4766
4382
4005
3437
2638
2102
237
952
1897
1845
2093
1889
1516
1170
2047
1334
501
-1122
-489
-701
-426
-273
-662
-545
-515
384
-391
-1043
-1692
-2063
-1468
-2690
-2575
-2063
-2139
1346
-108
-1415
-1508
-1909
-1484
-1513
-3909
-3377
341
-1725
-2652
-2237
-3322
-4831
-5989
-2107
-1621
-1338
3133
64
2102
3329
2636
1190
684
-24
-280
-2948
1175
-329
2148
9
632
2877
1226
-174
363
1652
3023
3270
1368
1801
-985
-393
-201
210
-373
695
1134
62
-1087
294
907
-119
1429
3532
3386
2111
-1834
-2551
1356
2974
2560
3649
91
-3564
-2746
-3140
55
651
-2320
-920
-14
-3870
-1622
481
2884
5770
3094
-1616
-2585
-5935
-3152
-5685
-4755
-1941
-5548
-5422
-7609
-4954
6754
7825
7163
6386
3288
3597
2631
2466
935
-140
-188
2103
141
-300
2137
-649
-922
-1329
-1049
-420
462
-1213
-2390
-4555
-3564
-535
13
-342
2199
3229
769
119
-1484
1237
-436
-484
602
-1079
-227
2938
3839
2894
3097
3821
3349
1428
-196
-2977
-440
-1585
-2726
-3412
-3968
-2545
-1611
-1682
-1083
-38
344
2220
601
868
108
2553
2001
1572
311
-830
-18
885
606
911
-538
-410
-1146
1891
1782
49
1271
1090
1548
952
1214
277
1396
82
-1373
-2509
-4282
-2128
-266
-3141
-3634
-1985
-3457
-1175
-1882
-2170
-2091
-1674
-177
-2279
-2683
265
138
1514
2648
1331
2220
970
2034
1424
1762
99
-598
-265
1170
-629
-374
1117
3766
1116
-405
-2804
-2192
1077
-1498
-746
426
1192
1432
-495
-26
-1645
-1248
-1480
-705
-96
370
1962
-122
2777
2998
2880
2273
459
-1956
-2142
427
558
1057
796
282
6
112
1413
-1454
-2861
-2402
-4910
-4073
-1159
-866
-2953
-1843
-1511
-153
1806
3528
3929
2324
2019
987
453
150
-1144
-79
-465
-10
69
1046
-380
-38
-558
-297
-693
1079
-216
1834
5745
1319
-5187
-2935
-3515
802
1251
-2094
1310
1498
-699
1029
932
1049
1876
2171
1719
1789
-189
-756
-440
-2803
-1118
59
-1209
-1498
-402
424
-1262
-2461
338
724
1756
1151
1190
-676
516
1756
-1131
-1836
-2779
1063
1162
421
276
1112
1538
2503
2525
3044
-1085
-2734
-3171
-2548
-2109
560
4384
2176
1778
842
1317
-510
1410
-1011
413
976
-1106
-796
-1171
-2284
-1636
-567
-1902
-51
554
-1920
-14
183
876
871
49
896
-742
-879
-597
149
367
937
1636
414
295
646
-900
-69
-2403
94
-2830
-1898
-1488
-1905
1012
922
1606
188
560
1356
1626
1797
1627
662
-258
860
1401
581
643
1386
-693
1111
637
1403
-1331
-1542
162
459
-103
-2418
-1510
236
-1025
656
-1580
-1080
-1342
-1112
-868
41
-1410
-1038
-2224
471
-787
-540
1099
1091
139
909
218
1374
1108
1052
580
1215
186
591
257
565
-199
-489
-125
58
-719
461
-982
-1330
-359
-125
-728
35
-523
-1521
-2224
-924
-469
1165
1570
844
-57
206
-924
-962
-1115
-865
340
1598
393
938
945
1576
1070
815
1162
621
746
405
331
12
536
1049
-444
-506
-27
-314
-602
199
-264
-948
-1859
-2010
-762
194
-1463
-270
-1341
-197
-1378
-1738
242
468
135
-122
1284
2086
1326
2060
652
1740
1391
1339
300
310
1438
-187
-176
-118
-662
-2466
-1743
-534
-601
-665
-1454
-852
263
-1427
-85
584
1525
1511
619
1474
266
98
-874
-1393
-1401
-1411
-503
211
-182
1184
-682
-374
1070
1506
876
418
-445
-858
-201
408
-113
-212
-114
237
36
-535
279
902
116
-394
-552
1567
1525
919
166
756
362
422
146
-165
-859
-933
-995
-207
-116
1902
460
694
261
-441
-1929
-1311
-2137
424
575
57
-1516
-938
-686
-2088
-102
-1317
-1031
416
491
1139
1222
2109
1613
1678
1296
1042
1288
-60
-413
-730
-604
-598
-1886
-1517
-2192
-910
-1549
