-2587.30549578267
324.250124504241
-1659.55727911869
-230.263359734666
-2660.4149281024
-1785.24719718778
-880.410365796135
-2748.93980337292
800.504274528058
669.685874257265
-1196.05646022253
-1536.98365319123
2391.33356093853
693.264380072125
-3427.51938390894
-1246.41977625513
-612.032947350643
-85.3313882290852
-1729.26061029573
-807.18986418372
-4967.31722840417
-3563.40886315886
-1069.404455306
-3886.4728610243
-3542.98689711881
2254.36092593922
-434.893646083367
770.198571448215
-983.926378633093
524.066341034025
-840.337949368782
666.940441868488
-2445.33976897636
879.040154065694
-1715.62352661063
5113.67217193087
1218.10766687766
6729.83623169099
-606.284629424031
-1225.54448844762
2409.12313301133
993.33793558995
2518.38374152946
2562.18392673585
3251.74731227082
3012.53864879813
2728.11952794554
626.176798322238
2524.22523898016
-1688.84648406328
-1357.57072380964
1394.54697611076
-738.629880050473
-1593.45970127472
-858.213578407294
2101.45352445428
3342.8531407101
3608.72348476918
709.757695560088
2775.13056350357
1061.98246706661
3531.91815229905
3682.58794943316
2180.2058873562
3589.34864921296
2665.22005757743
1444.34088764059
418.510801460452
-641.379286485348
-1076.81036029194
-553.271281414626
-1161.40541804107
-1853.88343148613
1061.31356943512
-230.943436140872
160.823556416686
187.364160012498
-1038.7635681939
-725.169755011494
-284.771939510098
-2429.21733908462
1922.89431636369
-716.089059522816
-1571.57679945511
-201.98788560736
94.6045678377608
-1774.82814216257
-3882.28759924886
-1844.01538487548
-522.494291140252
-1760.87630945835
-2090.34888641133
-326.19038301848
-3311.22667817255
-71.8428406256379
137.165295024135
-2627.67471364429
-117.105591883254
-1193.92545173157
-623.533740703505
335.409110442202
-366.851908013333
1937.36842663608
-279.415715436901
-869.022974081011
298.20615007586
-979.135625263268
-46.5070579812077
-711.823032692275
1601.34335038929
-1279.64035533736
-2038.25719528996
-194.824005556887
469.354246074516
1423.34787236217
1149.51623310558
2271.19096595819
-1233.73823466019
-1000.43864247293
154.429232242238
-614.085751187445
-79.1149512827018
-394.651235973329
-1274.95673204139
-2161.62586059134
323.656722016219
556.826754411825
-1127.01977037227
-3283.11209537395
-15.7587522792612
-2183.93367338226
1765.10099976815
-85.869838034734
-125.001092123525
-975.608444587431
-10.2851954890403
-179.086707516084
1284.06444709133
-1959.45197731037
-1880.39710983423
-1236.92029936423
-541.287723589593
-475.34598089632
-1974.08170762869
230.898209964194
-1919.07599775897
2129.62092950128
1989.81280717127
-353.254285625697
-1710.20760660985
468.889509705496
3621.48306629372
-63.1035032794189
-288.570546111868
-177.827508254638
1620.32105240344
2867.61276359601
2936.28320655048
906.396743862371
975.718104540631
-3143.63615401298
-2201.44480856234
-1306.7105361065
609.317016419458
-1089.02615827654
-2400.75295848471
1078.71569107954
-723.863494485105
-644.57566198046
-1594.75322243415
184.592880431994
3240.9446003701
1050.27391277389
3138.57950993639
2042.89920452538
-53.7231227956539
3493.67827314035
-691.274522005867
-475.553370661006
-2968.91191504009
507.121026490146
2454.4265302703
485.421773398783
-2283.15558492394
-699.547911295067
-3077.62410153845
-2409.26315885046
1205.59225767824
-429.630006717473
-2258.51022404537
148.787184133064
2683.02260910888
3083.2719873328
2804.40330361388
2000.73964037121
4698.69424848649
1655.22861582351
3397.33667217196
1103.98940022598
-1248.40197528276
-436.729943550054
-572.259980070944
109.97081834508
-3159.05479973491
842.24320653631
-457.912983991473
1448.16739485633
-996.597158242385
-216.736180672912
-201.102648069306
-714.754826192816
1277.00392862391
1105.28375170138
1254.26953843473
2451.25415350632
67.60339030711
-947.574271692286
1215.99764459513
-142.80624040079
735.152010071112
-216.678846052893
-1316.10721544579
-1457.60603368293
-1506.2234878596
-612.976352360804
-3153.48301964734
579.760128145747
-1500.25854354717
-374.863132259358
-1219.78801662269
1910.94532689151
161.129896350582
1470.49562775855
908.998882991132
213.636959399681
-617.112744281441
310.065833850767
-2391.84710454505
893.547224113386
-179.365987257328
1226.66634995613
576.488692282934
-593.436033632884
-648.974524944183
-550.389468644197
456.231139475175
-2309.48941501699
-1575.15291244168
-2609.11853871961
-1020.32088364206
-2596.03431494678
-8501.4153748017
-4651.91629172895
-5197.96127320266
-6192.97361646888
-2187.04977699037
5089.46704462338
6757.44897342673
3922.57359973635
5019.49828068653
2546.56020480961
1835.43914762686
2692.00739137268
1715.61761259961
999.975700791007
4353.56649720607
-650.747076600817
1055.31823598884
-713.454445855012
599.099206292196
-222.871593229617
-90.3299188678201
-2837.09604501899
-1124.09668969175
-1864.64012197611
2851.7679156526
-674.970530151054
-2004.67923765422
-2867.99286643663
-3012.02166534124
-942.555786708039
1609.5542921854
-560.923633150496
-2330.14686067069
-2889.01393967038
-845.321485430539
-5103.49278291585
-4489.90733573392
-225.953252824508
-708.812225957292
-1351.92876664719
739.982090498229
142.942992295928
-3266.09196736238
-1209.97846894453
1687.33992454828
129.885192732984
3092.5739415774
-67.813501393181
-1228.88509693327
1569.79873011739
2069.33033612078
4168.0066560025
5673.01990562656
-365.199499635512
4137.37692885808
274.240007951723
3109.06747648842
2380.69316183574
3275.51574077103
2784.78593150944
1551.66140511892
906.272207001927
-1805.36064736473
-739.018230600539
2779.06089568354
-413.413032520475
-1389.78755303822
-1396.41293708555
1373.77215367993
-2631.76681578457
1301.13028672973
-1510.11021595011
-2102.28905185065
-753.582321528913
-10.9248998537159
-3249.0380387094
-2422.62362602856
-746.796947640944
-23.8820204354289
-1389.17909509021
-4581.29420873748
399.969802968712
-2321.0049319792
-1075.02153558026
-2687.67976635294
-2877.48124884293
-2684.45012057049
-1594.11379720658
2481.71770988392
514.826521551271
2514.44381844773
2571.35120325587
-502.352147580495
1797.78456064174
1888.55221533516
1746.25286537829
87.3888421613533
825.545525243255
3216.33065061395
499.856877502218
994.135091349588
-2073.23802088902
-3135.20883814962
1955.99815789132
245.666068632637
1096.20686988084
1800.6911571905
855.980946402773
1073.48158831889
1099.70112878729
707.091953197456
-2107.50111525519
-702.353470063644
-1234.8390585218
1245.24089439792
-306.624088047977
678.266433077466
-632.657239703137
1825.80319973017
361.180711687966
693.514095455901
446.354856495098
-2502.81349777691
-953.672060760616
-955.356049514603
-2301.99625205184
-1732.66631307686
-1227.76230867176
-3264.64803078368
-1246.5553571171
-1988.53917749861
121.383986197124
-2940.46771137625
-3037.01962869938
1287.04488868868
-1631.0171878021
-649.806211439353
-632.229600148328
-2316.17145323667
-3949.4349029868
-5383.99947915669
-4667.79006234299
-7112.75652756451
-5176.29680913475
-1223.65832329515
-3643.43556707938
-2886.49908848251
-2864.88945929271
2656.293920496
649.994284152875
1133.93030844523
1670.58678158595
4615.54646309186
5074.81648479117
2052.84509686248
6003.26252720439
2083.45522683316
3844.74027006605
3074.71952978901
-95.9695927072282
-862.951501832782
-2681.18416670345
3830.12714947611
-1122.33061891482
1738.43665089434
5390.80583481612
1479.78939421863
3680.59165572996
4225.25836255806
2705.28630008504
2849.5524851401
-810.094899758892
-1043.64162097193
1498.68180213082
2205.43423483788
2604.30511354779
1623.80955500596
448.305583998003
6040.12893269193
1885.38014307571
2725.5336829142
408.009135874229
-342.035610014545
2866.87898122181
2904.69909881429
626.556453163149
692.837221137786
978.260313806909
-284.792947461252
1474.90943744803
2573.60541028758
-1878.15533171679
-850.125090512813
-1434.17929956731
-738.133174746964
-3159.76926410981
1484.34435223383
1524.01307503657
338.348994036921
659.653437824046
1975.98043280012
-1945.41793215555
-418.290394144009
-1455.89034082805
-2146.52786493553
-738.913319676182
-696.066048428772
-3709.57754007214
-1819.88123259819
2253.08533475977
-1676.23313633871
-1490.65751483199
-1356.02636125286
1179.76067867579
-1337.1702078586
-162.391412976181
-1848.72691110042
-944.804218712231
2.95928719378244
-1045.55777879056
2046.88345174387
-2451.80756755021
-1247.43481646517
617.933108586498
-35.112890532884
613.076819957448
-1566.16935270891
-3881.80719732202
1614.3594947367
-1212.64058590555
-51.7753847336985
-891.985530198677
880.051491291642
2866.75037192833
-977.316981330137
760.063719245051
1858.01536641676
786.917858461665
1030.75836104675
1867.22145856715
1665.11181654152
528.999080340475
654.270135219598
-1464.85193358077
-1076.65857745338
-2868.89810699139
-77.6909598723712
36.4838685132592
7.58027379500686
-3.53843371480821
-788.045605777487
-72.3224724791194
1927.27088999094
-466.481273462533
153.415954235019
646.308386045768
1228.07524080224
2753.83049152028
2035.22655214142
-536.611527255784
-1375.95799218409
252.977639047068
1072.45587312448
1833.56035478849
1264.9041721049
-346.280966260699
-546.239846326235
-96.2563356716442
-497.323794388221
1825.63503774832
636.301854497484
269.552182333583
-3172.10349621163
1439.0674444336
-2458.49549582861
3677.9799261922
109.770622240412
-4864.44502178371
-1893.82539337403
-2633.91962279279
372.953819917524
347.76715521432
567.354131782824
-2106.30105435533
1446.94832784234
-115.540309736951
404.006672239194
2535.16506925853
-405.580648730168
676.969744385465
-333.996261751583
48.4436113760621
412.110346333765
-325.017878905095
162.0455341371
-2314.72120759738
-650.998033824185
553.878499223609
-414.97788388844
-2399.84675301632
1178.74112921165
183.342995775536
301.548720118336
-1768.57322182249
1946.45331621897
-2840.0369164224
-133.604769978662
-527.706900754137
-661.497274882953
852.892965825905
1573.55110442972
234.347674827054
-2993.38849219035
-1483.88033545485
263.904185426591
1446.60286716635
1986.16072967509
-215.378485802853
685.400067803466
2743.2832696143
783.075982536279
2081.14263107672
-3165.89451171273
-995.529489187765
-2042.35707145026
-1103.93293343153
-377.518836205828
-91.3762962073783
-4071.10369630962
-2991.26903229196
-1334.30992281537
-3790.45083922549
-3106.95182666511
-1675.49676409375
-1018.37380522105
-3448.58204245606
-843.109585382746
230.477161226268
1447.56124180797
1127.28283421673
2333.2748203528
1883.32019272503
1649.85401555565
-1663.53412444369
-316.427533065267
588.652286131217
-2515.03357480904
-2587.68276713538
-2416.57610057802
-1919.08754980606
18.7084059510125
2159.02815850947
2496.65589435934
-365.379300082985
1553.37922079746
1172.93184698889
503.335539377767
1445.42445929819
2206.4384738352
2898.32976183087
684.963747881367
2321.52284866747
505.493640477733
1217.35056775075
1406.53336216399
-752.999355989043
-1008.86299894894
-2296.85518603346
-536.096095844852
-743.629273929562
-533.299536783745
-1742.90924880387
1075.3038483205
898.002996567037
862.03142663405
-915.33804809948
1738.02266201378
1556.3584101846
391.208987902213
1934.23358934275
-1047.03764300139
357.376348130614
-299.675658801779
-2253.56058142738
-39.5759949915856
-3420.77975455045
-2590.4375867227
-837.116950033896
-1561.50352407199
-349.657111893324
-3126.11763889776
-35.059151759024
-2601.85600314998
-71.2517674283856
-2372.95767419186
-527.295507738451
1761.37903236966
761.780391118364
2614.54286649474
1230.982673545
-29.5749173492718
-2241.54522095335
1017.78557548579
2757.58242538128
-432.794334879138
2589.58469037929
-755.022794110666
1204.20100708149
1889.77556929355
936.442694228134
-1044.80520375746
-581.408303176889
-969.505506487287
-2090.80116753545
1475.73717799038
1089.56315635582
-73.7906624682061
-319.017955919654
-220.679662719898
626.471542373294
-1996.95686176766
1540.99221456532
-1927.48223283305
683.649080025344
-1153.13560106705
1093.70574021159
1430.50312880458
-731.324498893387
-2434.28461044767
-2398.38184495966
-436.154476434225
-2101.32268481354
890.592453832521
-1473.53860993914
-299.921848482111
2739.66488264494
163.338194629386
180.976759772677
-688.714985077642
1074.21428410938
-253.155829011567
1281.78053979755
1896.63111930501
-53.4328204063313
-747.433564866752
-1814.14144578359
1845.05657028267
791.087369859739
497.506471277323
918.441331719386
1093.39671257524
2192.36110457089
1810.26427185784
2193.65880123723
-1232.41300117379
-1126.68892363415
-286.193995068983
-3881.50114814357
814.47592458968
-174.962020578159
-1210.5763940728
2397.9636394756
-1106.39111297316
36.5205316940782
-1533.8677302765
3653.49074045123
-272.933734633152
-156.962797910126
740.942377352935
-529.077245294059
-5185.25866402537
-7429.87858066492
-8570.00780822808
-6408.78696461481
-3559.11711338131
-1567.96055190489
1593.19848571787
-1814.121890773
6274.82430285245
5049.1910812598
3663.99746896795
4247.42368793639
1470.90563454661
3043.05382163735
-382.872655993739
-2373.73427605713
-1222.7483657042
1206.98464104367
2696.42180737994
4422.4177716966
5001.82204753428
2345.5019652834
2046.25286151019
2181.43060578968
241.14452142724
-3458.83795474746
-6322.96836378972
-9130.17471943346
-9141.11661470377
-9203.8431188181
-5699.6922790134
-1072.81953537418
3551.55551998215
1626.75451251204
1485.8427517775
3730.30921616886
2082.33000267835
6690.88141902465
4702.58397001411
5698.03438146018
6478.84603474431
5479.4155565692
4470.13853408152
5584.56521152202
358.047470508836
2444.32335908295
1867.6043507693
532.048496748768
1181.16677304382
2110.07877160757
-461.177448817519
-1178.0824128289
1486.33311266659
372.78345721172
1304.49461772396
-985.821550672929
764.270695329644
687.655444983345
-227.682944796229
416.235814300628
-656.709478118703
-940.453055341974
980.446127652804
-3311.68235922451
-4042.55454958013
-2045.022567088
-210.842131795338
-1791.71982785901
-7169.45291760551
-7143.82869723297
-4704.00142763169
-6582.83903509735
-5967.687723025
-3433.52519126332
-3346.24917092316
-2108.09485877574
-941.532746013577
2452.54109348693
-1902.53973492541
-790.739337444533
2523.01018146613
-746.398545539644
4134.19661018127
598.460743084516
3208.87458716425
3669.21181217694
3595.50240567207
1593.53244726911
1003.31122589094
3662.15944991101
1637.68463861393
3725.97898204064
1204.53809282066
-527.646897752694
3570.06096132278
2423.47654215794
-175.328394977627
2214.66528315439
1624.79470885349
-1749.26129809305
-715.953061354346
645.184117369537
-2174.27953441613
14.5877097087554
-2785.37170483487
-1665.0817229688
-3974.51988713516
7209.55357394521
4602.72415317535
2592.79313446588
-1051.69927290121
-4852.29994521606
-5203.66308280909
764.664399238606
-1609.29015919127
-3644.32215510362
-6197.54484591264
-780.69814953096
-3182.06472307081
1931.28501515212
1907.25190162563
3805.10623800294
749.469913360406
2530.59771011714
-2803.91831277435
2799.87205534366
1966.5965859435
2541.54523082928
2146.67254012271
1844.35413680049
682.165541806159
3048.74882340696
1571.63165346218
-1552.71580636208
2098.67457252425
2179.05588312528
196.12666671257
-790.161333180684
-1149.92419067439
-550.056251358193
-6976.69394835922
-2798.97675571334
-4061.34387334683
-5124.31839681572
-184.179925635524
3383.14282351027
1847.86615294554
1333.96238724721
6287.44500372149
2588.15135232512
1294.07489192348
-20.2708735683716
-1350.00100035412
1310.68408622123
204.839694296078
2378.67328507464
2689.75885898362
1562.10189533019
340.981313281458
-1593.473599487
-191.971169751105
-264.1036657077
-965.956543806036
1190.01364472961
-1924.68317567627
-1261.66001347561
-1802.98451390872
-666.098066838162
-4090.9985901587
-2642.12464982762
-2857.90219898568
-2685.78840456054
-3011.2264648183
-613.254392367772
-3166.03544214288
-1487.76515598251
1038.45893609357
-3932.52898917587
-2168.25229552547
-75.0516761529344
2070.59588866595
-1234.30103813682
-2075.99916547432
-1748.42089006658
-3239.2506435657
-888.156073700008
888.29812472375
571.817630707111
1779.45602066572
1907.23352890772
-3794.18413297353
1454.32471291088
1104.52313351477
-79.1294057606544
2225.65241444066
710.366383204964
-1793.70302628072
-3773.89723715068
-2157.88729735953
-1947.25816160428
-1955.17170117861
-1081.17230136992
-289.916292344182
1216.97519468076
810.601460809647
1066.84196383227
723.586259217323
-2309.99117017341
1446.29147358362
-802.760500705879
705.499148120915
2212.15036428694
-310.559782889306
2682.1783938909
843.076246033326
1499.70205798758
2025.70231105622
301.069030234131
-1507.76815185043
740.147864110074
-601.327351982324
2334.49348667465
1840.86175051783
1302.78485507819
1446.58691117424
272.423365939098
-83.4260008427752
-692.163352778984
-260.737126021625
-4072.25258619897
-1317.98809307314
1905.13465326204
739.230192030179
697.378853365176
-320.930269413039
1259.37560854876
1314.72703009569
-1260.67631680753
-1666.36672889767
-1409.63203620847
1961.68853284609
-1761.51161924295
-238.99929891451
1742.15063308451
-768.341018560401
-766.216436508796
-3658.9582310431
-1632.9145114073
573.504906151212
79.7628654707014
-3042.44269394544
51.299561220108
-1016.81472421348
-2563.90042795009
703.36103187538
-3614.78308980005
471.044603896027
1693.49117485661
2422.38032524807
1063.35750934019
1426.92139033472
568.853314090517
-917.278409483508
3055.7516032849
1292.86468539436
-176.329022104668
600.275828259521
146.913075720263
1225.6760126994
754.703724434051
815.750604523494
1667.25716926299
939.051219025353
505.073892788228
561.026850018275
-3070.23690717906
2025.05236382008
1060.00686536063
177.180978874936
-729.262609388739
-565.013267917966
-217.648118601962
-365.206953430955
307.743903110359
-2118.01494583045
-318.824316334643
-1721.76724844903
-1031.50224129415
812.380626367728
-288.358481822004
-933.891330188501
1124.32607251406
2222.65863073368
-1818.61077026729
417.027489603557
-446.31849518261
1131.14381982072
1969.50674393393
101.06927449592
1631.12297096735
-2205.30416095828
1696.97923757276
1281.57184971726
-510.1962138022
-1081.25743628454
-144.107770278893
-2416.17375315576
-1284.15039993308
-259.14798261039
28.4092876426773
-706.482138190379
-187.840495202982
-465.598260455265
-1845.40672004452
-1018.27632283426
-108.483883849914
312.81777736819
1681.24673356278
336.749487984856
1784.44548211253
-378.164630819284
-81.0465520105677
182.895182815823
-807.884929828247
-3739.20401000766
-4517.58911556907
-2114.93850869467
-3568.15340972352
-3701.86258991111
-2481.82843834938
1125.4673619357
483.647536009333
1684.22617941638
2952.60500916403
3630.32618170096
1503.8874179286
2433.10324887066
-849.838667228733
-1803.21248376195
-992.236101483161
-4040.10169034706
-1257.41477783541
3550.40687624485
187.437421467809
1670.6606521886
-1600.40210947191
2298.96746063745
630.606781050888
-1073.09740189708
-813.213731997279
-1961.44833290514
-523.160922508171
-1261.15865983757
-2444.93611944578
-1307.04833770097
-503.504346518111
1566.08152567679
1384.12079749848
-1916.82648299423
3806.50026804301
-48.2444970045885
2455.22164577861
4766.31823125896
1502.92207356793
3426.30219962665
2424.51646933146
1775.42287929783
-773.120111621362
824.088490440612
919.370697981262
228.5685224707
1159.34889106505
1304.78791865094
345.417124191585
-371.494055966222
-1225.07956681682
-2818.42098715218
-1008.441648454
455.648526390211
-3096.15616418478
-2662.16509973235
-5193.32637422918
-113.181546804549
1813.76722271033
223.506774783102
589.559983005254
1138.48334907915
434.574341732568
3827.28924902831
2587.57750879317
5691.40403965711
1969.62437096434
-2347.97498811806
1013.59909289422
-929.729414201267
9.8085702395299
-635.07032704684
-1004.86580936536
-510.034984506587
-2795.5454623483
-467.336622231891
3206.57867232022
1367.39756718891
-1643.56008140234
2112.50235312446
105.184279264119
1572.84855604767
-1527.10432821656
-671.74073995045
128.671862660158
-824.941853614828
-784.563728675577
1289.61537486083
1818.59784657509
-869.753015549677
139.887271822546
1895.01904741958
-3849.37254637865
1242.55208406674
-672.397755007374
-1601.83457157297
-375.717399707978
-383.954610528327
-2624.01834039393
-2443.40031219469
-3481.88407350913
-1983.77516910706
-784.257657335498
-821.650567673597
-3001.81721167422
253.332088360708
1531.87824353937
945.393065263971
2988.94247521263
1946.16337772607
2552.26108784692
1692.1958854366
1312.14466991955
-942.193160354077
-551.28786754981
-3412.85264366044
-1765.24722561073
789.767086306628
-2384.40403946484
-1945.93879731752
-1967.12677005486
214.880571416889
-1471.72271232758
-496.441154560167
1304.8305608721
-1796.38470207158
2703.40897381292
1291.17742871354
-823.122935706446
-255.277090316595
1376.63520711079
-1183.86032765649
-1028.09299877217
-806.318824136
125.210626110209
-4269.77038832937
728.42245486573
3317.79733978495
2287.34681778921
1649.23390770215
-2271.82172400136
-1696.7067900486
192.559267764406
-475.129520276673
-1749.44973155851
1185.48806926376
1961.57507961619
2523.97699663845
-446.623831799563
-238.044999000852
-716.412897020481
1238.52870437991
-1142.60152145526
-439.556428002855
-951.517147807621
2358.66875880734
1927.7959957954
-252.177536974642
1433.92686712027
-13.8045820265264
-523.191739324567
-1748.10308217414
-132.791472398292
1414.33481933669
-255.860130035783
500.025834508196
1178.87316753925
-1863.1478596451
-43.5653159396833
1439.40782171247
1226.79344720139
-1538.78734031342
51.2143463776868
-1919.84247247878
-2392.2867181553
-1322.00880079567
-1237.72695572075
-6583.39695509809
498.287818689025
-664.917600945605
-2501.20851539246
-335.68984139322
-1750.08052079075
-2449.39733617921
1044.11615294643
1756.25421452156
-997.236472562569
-3544.85815452251
-2700.07177590774
-1825.71496733806
-438.449244051111
-4005.2720462246
-1342.38358959802
1121.68089003131
2830.99709744081
1252.35153936618
-1144.43219403262
3596.95081515174
1001.44585493232
-972.97300538306
740.388957184403
1488.21953420344
2579.9670692933
-837.799896141617
1038.72848194713
6463.43464191221
1962.44043122313
1066.73568601484
-959.32147227369
-1674.03791380241
3421.49263535386
814.969079263746
127.800974601469
960.028657442194
1998.92303785719
800.4323121024
1359.61674529599
-1021.64996214098
1161.12633753279
1032.54174143573
3950.94955210115
701.1895368001
-1907.71517727988
-2130.29702176335
870.778814846098
3470.00473049187
4054.97960879714
3407.90845332037
1850.70303268738
2945.27626685307
468.15211234413
4148.01025114191
5771.79515644735
-1318.62081270522
561.078005562913
-1788.48444958137
-162.393383636981
-1521.12785083487
-3354.32935408239
1917.0996315538
1252.80701621979
136.50716939118
-594.388292439498
-1342.30186283294
-2223.14757493292
-47.186224508586
1064.86075295487
-2111.01921624078
-282.203855350767
-2390.38762362666
-3301.24357504857
-1460.01493466883
-2118.85027975806
1800.58163478141
-153.918472866168
450.495795216853
-1762.54642818671
552.585973799739
160.041817001362
149.857965664426
-4130.1455448464
-1483.73350567918
-311.070684013203
809.245701516114
572.281684638848
1637.13222532777
1776.04513996236
2810.15124574345
2934.42997818936
2644.24604244151
1243.13157868979
3705.7700193163
3429.79152309017
309.145805493892
-528.229742161714
1320.15556085578
-2842.96374125649
1633.51706623181
-3914.03690849641
-180.75457046841
511.008305327316
-574.112007040758
-27.2781437618676
-320.841681565566
847.162505540625
652.080305388092
-2178.61398829854
-1495.74635712568
-1663.4719680735
1494.74555609072
-89.9045455367975
-253.807966789079
1236.04939470545
-3112.32437768711
814.32709489127
1424.0954565843
-3366.37590772602
-2134.78415167944
1460.10320073302
2508.66628987504
-379.692151303597
-1869.34496819082
388.762763874802
2148.35845096748
3192.71323600385
-777.659529013687
-969.539753192578
-1852.35255707656
-1714.20832986655
-1212.86739391497
60.098588567764
214.645150538663
-2251.9369874924
-3778.29691158875
-2508.42565962387
-1247.21178231475
-49.5884330637568
1322.29835276403
-225.263602200943
-289.047263869071
1355.70534238663
-889.086416151216
-135.405266502967
-1110.84741308743
-98.5769115475077
-701.780461640825
-2412.06841362694
-1986.8111663321
-2162.42273453886
-209.30609636349
2686.70694332219
947.282777785247
797.229555888135
204.305319069097
-159.981385993506
579.196415535892
1742.48429705598
2776.4646442797
2442.26892600007
4868.23183733744
4347.89762747793
2612.15003141215
798.719799889174
1930.79455977488
3597.79862455263
1228.73890443025
2034.31689500175
-645.546341862777
2777.09506805981
4365.8516867958
-714.420165212546
-2824.33088015305
572.952975129735
505.778918345303
-2216.27889552259
-3703.76146162622
337.507680913775
-1030.8956807793
-1325.56492214789
-2209.70820483993
-3879.61199407562
-669.126878165868
-1867.59187427517
514.631923680312
284.309906398334
-1247.95810665026
121.113185463627
552.422237396019
2258.711907163
1042.98564540446
2402.65843097219
2245.1542351482
486.265061354381
455.326123066528
333.431299171114
2169.59176597817
-216.598241472222
1601.939770635
1376.72996710334
380.22594956049
-1384.49865161809
1166.47050616081
2531.7251312373
-35.186443919534
1415.58488663347
2620.43821459985
1589.2174081619
-159.370127835463
-4759.50764280259
-883.209397731611
-5529.30088033728
-6136.89656335281
-3628.92421434583
-3250.79784893798
2357.61337966968
2111.16709108535
531.951373653414
1669.9301379424
7612.23558819508
5579.45524644439
6735.86350717496
3412.99337685113
4279.16095310046
-1454.35676271422
1185.60120912073
305.899352017512
2791.34413271302
764.822679014233
-3682.10709460947
-4087.53907075621
2017.74793805938
-444.062636582627
-2133.06138424305
-1915.67086424559
-4033.3494851714
-7124.4282406583
-7845.82114076871
-4320.8082705336
-3795.549599297
-2236.21439010768
-4015.79171788749
-6259.08772732729
1026.20511424988
2422.15888584396
5280.24370877181
1452.74836940734
-2722.60783739104
457.621239461349
-1998.76133032471
-3377.68426033065
-5047.37840501549
-2459.08699946467
4266.49405182073
1559.2589431166
5125.98027909388
9460.92381879452
3737.45256062035
5995.28765242994
7168.19075488541
4257.17330783375
3461.66090411865
2669.15329457044
5186.00359042203
281.317142701976
2388.27039439721
2394.67195501614
5623.75479928886
57.3481259009047
-4171.60352857483
-6373.63265075645
-9714.26904840609
-7959.1504600375
-8791.85767157827
-2593.3957315973
-4733.08665734675
281.893119459904
592.86362506892
3490.8208366488
5986.85387800469
1672.26943894668
3500.92004070876
9256.17397085447
5851.58189975686
4703.54594917315
7342.2984400905
2896.82703397084
4191.54923948057
2986.29724783843
1733.35168902926
3010.68147637569
-1843.09240240137
-8493.77387403599
-2422.11887584455
-726.089021684953
645.971989524456
1662.19865896522
1534.06556861466
2550.83616148622
386.709284509267
-365.839441945262
-1316.94639747135
-137.315387768659
418.778129779248
-44.7517398892202
2039.9434940203
-1365.49873852882
-3391.41884420254
-3666.5023022264
-2156.60610738798
-1824.92067064564
-2961.59439610259
-2517.99101704033
-4865.25694154736
-3195.77447145102
-3086.48055872623
-2457.62527327404
-2221.69989715827
-1591.56330756055
-1774.19672285614
-1662.70991451
-259.840655540425
-2197.17201005601
-359.221218121061
935.188865983373
1258.88473549321
374.516623120488
754.778786596434
2069.45240142449
3313.53427638969
-1465.00409612295
1834.79305103516
2467.45722014417
4073.76951770274
3264.28806938213
1548.38805597082
2275.99640347399
732.591542582402
2169.28769213309
-417.547826169008
-1116.09185137319
-3655.36632159308
-2633.20032009659
-1862.67002273706
-4964.21619961765
449.186049878868
-1161.85748802364
-3180.95963342216
-903.304570051811
1391.09073561681
473.189831265058
1148.17720978122
257.884504047692
2845.15695819647
570.176394736848
-1011.18761764783
1039.75016186861
2022.7045691528
4013.11566307543
-1287.15078532867
-1058.54853162475
-3201.92012225969
2306.74563456777
1062.61236922124
754.479676842501
0.358990080276726
-1155.24280011968
1931.42373839701
1248.54849003898
-1215.89047904591
3095.89893668599
-807.005648215404
896.007846286276
1911.98435030445
1734.88356318537
