-174.977066355063
165.472315932263
-249.112621392552
130.548439767462
-118.632694319403
112.857913254195
308.085961284281
37.9720165190377
-243.498550936953
34.7104147170234
-114.71001622528
-138.084290309761
-310.257952293153
-197.239485968768
80.1559223383059
-28.7256883396709
-86.0485950148925
-56.4412829245158
-275.124239408753
-99.4359395862648
81.3306787936171
-12.4644274457526
-110.178421553826
-355.936771368274
16.2667535820927
-101.387310896253
-50.9995370158404
-67.7161350591418
-109.98039694597
-11.2823608317879
164.149330324165
197.91803622286
-19.1230647023149
154.621335433893
582.086730376168
-65.8641774901821
437.463301245974
389.75890123771
31.4808684431891
-103.31392408383
106.314763149558
-152.425730713914
-87.2259630697483
-111.797168253352
-238.751578913878
47.0538286558224
-259.323377409341
-101.764484119878
-151.153856520698
-144.726367716906
-90.7905464836596
-342.792800298593
75.9728761238239
-315.814057019793
-209.274524874202
175.878087430694
138.231236887044
-161.162805824953
300.126684980979
-87.5852674847713
0.826575006467798
-68.7567051985916
-239.959085522792
-130.466813855914
33.1884122666307
110.621134392342
3.60157446953131
164.058103709752
-22.6130093709846
55.4229341070328
47.3376667545716
116.99725491542
267.07367722502
522.151857933849
413.459219763164
223.440752989726
-251.090988476273
16.8932923665522
195.415294802329
13.0993069107033
-52.2149978034245
-317.015098634599
-319.746812476143
-251.84592110804
-235.970246568059
-20.6622278561487
95.5091974992564
327.185369082066
59.9649178041426
-220.304062306265
129.411692811507
-280.673145583781
105.539819724274
120.115997486967
186.400622762123
-2.94871480078896
198.739552988045
140.393048429492
-147.023597801634
-48.6838929438185
145.236075627142
8.61303420321894
465.138198185322
268.688669430456
500.355154133703
436.895525924746
369.056142369402
130.872753011187
128.969254536904
46.536162505807
-182.685955168259
-128.86113531291
49.4674777855828
90.5722133558105
-26.8173576370334
-79.885335290372
85.5446607305157
-174.638951824382
-173.567888108853
-19.7554617822735
-213.280871110695
-154.471097816465
-284.478784557865
-161.420832049313
12.9170308329402
-226.938242514962
-90.6849350197149
-144.991902173364
212.042963509946
23.4531301193137
170.979996150034
296.563539352633
122.763250441172
120.292550405108
148.774284573616
118.997806028734
179.272382118471
14.612650999253
22.4882786082153
-71.0083319797694
30.7760962960485
126.041589965967
-97.4271184728772
-102.117648691289
-157.342612015764
-354.489219909763
-160.756851166239
-161.160763715612
-188.776361544115
85.595883363113
2.15397929245222
88.7713388103977
-209.668811248602
63.7960081668928
252.821257587554
240.735934592168
23.6223338954585
40.546487676639
221.061807893023
57.9174023632104
423.809312899869
505.750752875265
195.923120610862
243.162096088046
-69.2710306213526
168.974306713005
203.378852163816
-89.0978303908912
-134.197464800362
36.4903459452135
-160.625564962547
-215.416693672571
75.1308996910707
85.0787680107227
-448.852284249805
-361.955544994443
-273.402601938586
-268.685248603029
-106.045360457782
-188.692703674346
-68.4972626901807
66.3691937071202
-168.625065888274
-52.5847220696333
-246.66518858324
-96.4971608971555
-78.4432470459883
-141.649075434141
-97.1228275366518
-186.708902695614
339.754814304731
120.766734066309
28.7946542433668
303.821399268823
160.896392997189
257.25986554642
342.173178356114
547.073345831616
531.790987046731
392.285545911952
217.058041693066
-3.45538659502838
-174.916058072348
-347.386853943745
-138.568508367542
80.3308861664697
27.2639834603863
-79.0881036570856
-255.151001776606
-252.425972366292
258.054197824474
54.5721900330521
-32.8817817142437
-240.205043760664
37.3009627976731
-210.381797643471
151.102135183414
-171.695354632313
81.4352067400486
63.7396177718381
87.8745169093368
-126.020416143965
-23.0348671505874
173.067031451645
58.2563598232351
33.7807223415628
193.858276580985
-47.1528752112935
121.412917185616
237.496791586143
75.6095075485096
-135.950884602857
191.238667065971
95.3995571755447
265.052097981542
-178.117804660314
214.970685195404
-174.664822513706
-88.2817342242183
-0.248942903029761
-96.2690773167759
-173.785141033852
0.831390147728442
-158.141695437278
389.197527392245
141.427258458297
119.108864409356
112.366462228114
239.480534735987
94.3390594992489
82.8739740379879
-225.644258004168
-19.0719277074112
130.476350981705
-108.762708063012
-4.53033830424647
6.44252595519389
-108.816316041035
91.352963542829
235.01595836498
41.4373919201437
221.724823790859
206.939814940024
100.1211549046
95.8158560158448
132.939470119394
11.3032096712979
-36.8425103179713
231.848770533341
76.944247341538
-199.673985077135
204.363333582439
-234.302453786537
73.889683737319
49.4305696898345
-52.28089028669
207.87700431401
1.22400645182236
466.327572899668
253.534403968881
90.4715178041302
157.571960213769
-89.669275400466
71.5580650591313
-75.5987730565382
197.477907517735
-353.403345822445
-42.2923292596604
-233.978859117681
24.7904728370655
-141.90717408239
-72.3640495086968
-4.54798366298468
-185.014909894433
79.9183284102068
-25.6034485877502
14.1660131220708
299.310519010837
148.242372265036
331.263878931547
386.708442519539
363.562727248447
138.768386037151
295.15439827812
96.5065687099176
56.6866789981879
22.4559698499492
71.9490803745658
114.015644475306
103.501891545973
-116.880004035035
61.2447867173286
-11.8500278268786
293.749216181467
-124.017336535297
-35.408049042222
5.69006449972117
-187.29784598031
82.4622175839596
-250.784744388694
235.155264948799
283.986567021915
126.835598090165
-189.249487456008
132.681377357714
366.580269340603
364.839726620311
115.575984427888
227.565832407892
248.58064033716
266.270048024571
-74.9617505809665
-134.67203615167
-172.781265919096
-57.4034047003436
128.089863866419
-78.4712149552509
-30.5406586497196
-275.722409373584
29.3140698648552
-350.071959278829
-444.404624062795
-350.614699869418
-278.630674440642
-386.096494879324
-329.889861207194
-63.7292199493677
-434.15290160774
-14.8111763193777
193.766450870592
18.5777348203985
-18.1156733864378
28.2635089552285
-97.6614616458802
78.9150800064685
-43.9849278840978
329.865662795309
76.2281501633156
200.963922532164
318.44497183009
618.096544510089
795.514195302291
812.695611841994
448.076405932562
-206.15986395674
-329.076431022495
-98.9782587983058
-211.207559470155
-222.74209131339
-80.5346159880613
25.7202788054164
-184.535176546687
-367.301317816277
-306.136532337849
-275.367838408224
-377.962783329294
-110.703346746355
-64.0166056740924
134.364787516596
-11.6689759642667
-13.6086938891076
-94.8307609877528
-77.2061972527078
88.6319610858323
97.8250508166719
74.691580640303
85.9245218666095
-99.671033372957
86.1372407422493
72.3007509772821
239.842005322171
191.608220591788
134.033637655134
72.4249914423051
254.88699678692
73.2891834318787
383.351867549006
-32.0528884155584
127.930690983992
-129.206796491807
-91.5763567807473
355.019559767783
114.190003422273
202.484938274227
63.7571535515883
-159.024027870681
419.816995731804
291.486823036875
232.415232412445
-71.6425042587992
127.945199516912
-46.9681714596029
106.632149661733
-46.1955021364612
46.4148580132233
-110.753278162957
163.115950980289
-153.365481396457
-151.992685406947
-170.181690039345
-83.3446276620331
-291.009135726487
-148.282796791501
-45.3193970865926
-51.4230407133873
-56.3545614751357
-167.713470747339
-233.671838929859
-174.309163251873
-195.470348423141
-75.493055274272
43.3495952136448
-219.61341367477
36.3373004304877
314.400306279294
179.367891053135
355.139086755585
268.296924785377
26.4788507654959
74.3365305313727
324.379852157972
255.878760538489
121.309072012241
-120.782446996561
-54.9270430217794
9.74607040718128
138.839075975267
120.137482501548
12.4616232932441
33.0852150155212
289.502110663091
50.1851042239571
-123.77829771755
92.8762425585218
-21.858283079042
116.485678104886
219.035781790266
258.867704744212
328.213199058955
319.467790587823
330.451402164208
-22.922422884706
124.57847801979
-171.539191630447
224.011152043525
86.6299347703226
-210.770691502063
-216.415477343906
-135.191500957261
-209.008236576834
-446.257408299243
-447.692318534928
-234.804172764641
-248.712481071066
-215.073707862861
-175.961685443781
-38.8164302544801
-107.411850092368
343.739036209712
40.5460861917739
281.386033700359
239.617550118937
353.353249769176
-258.174502989689
-17.4523107384078
-449.508440347043
-171.477061995262
-299.2728033027
-130.094856710444
90.337075729883
-85.6640431843273
-63.5306235212879
-27.4410844661835
146.207972809396
-245.433976077633
67.8333730515767
-16.5036197049935
-113.471889580367
117.279460789555
513.558426654364
45.6572400767737
167.456781929508
-251.949385178236
-240.169319943226
132.228528825048
-266.802573035864
-105.664180644168
-101.550933349037
17.2264526940804
-148.225986533478
24.3611036254303
-191.833073759183
81.5807965958826
-114.031211315215
213.402814212462
206.978449501884
366.039054339072
106.68834398617
475.680476927793
374.341700204644
214.040664015112
182.237974166255
272.671389519557
-38.7737608262129
140.32334252604
107.11959440327
93.9431705434436
-330.475663980358
-95.5475821786137
-237.451870970598
65.7135350445273
113.40659683522
35.1710445352165
47.8648125759361
185.724141590557
-57.5792398125444
42.9497279100589
118.070669767643
243.611730436159
437.246826744571
377.137691992781
318.578043788434
443.989563250347
170.58281284671
-38.7988251204775
-547.08483006195
-538.080063056458
-357.902196756815
-210.852501972515
-331.208550722659
-15.2114325186238
-100.055654545091
-208.409846663922
162.935450453656
20.7258971302193
-174.289755656433
142.664412821008
-220.720827940836
37.3206226048968
-66.5270746176737
-151.100111939182
-119.820046351969
-82.6519581366018
102.912185628819
1.4441593370332
-128.698936470117
31.0492397856321
353.764277485713
20.2625191130438
29.7578282319821
87.4026325261819
118.019427082395
8.73232469722838
203.845976955987
132.914148802025
212.418623390237
309.382385231332
117.230813976342
160.27862846224
289.642771652809
391.877185065837
476.727391296047
516.601804154987
493.160098863056
571.174598172387
-117.482639661469
107.495797274226
-185.055763137562
-40.239916881662
-200.332292429897
-27.7015544123977
-246.600028918015
-199.206435436121
-192.585385841913
-434.053863568017
-179.746736146732
-101.988195416296
-292.923462029852
-253.461253874772
-80.5498036533878
46.01420646953
-95.9349488083377
-220.35841372062
-273.759681038183
157.498122613912
-111.230796035209
148.862661623323
40.6326489711911
184.141679751646
71.5874596034522
259.925523043956
195.479399130614
240.773682482944
197.251352117106
391.53254139334
-77.9602824637942
261.393835351491
59.635797404044
234.302008166734
362.771320574719
-127.422178691594
-270.60058758027
-122.505350438476
-268.683944817355
-78.8473367686179
-268.432884712447
5.13263104200851
-18.6372085603868
224.957416726076
161.441811628782
224.658603469515
8.7895559931208
65.1757686001115
219.292965281708
-27.7413310633303
-105.599340838945
-203.41505896811
-317.705162375646
-246.780716335059
6.43623068864687
229.478054109631
-53.7061780869317
-243.015104888604
-100.972597441442
-283.682999038959
93.0943764898452
106.079634976888
-114.715478757809
-175.352535787699
168.587491611493
93.4295033781479
268.556882999506
191.153543244282
47.3268398463985
14.9800874945694
-172.236089733734
188.545733473442
-300.415575063941
-519.426885582428
-282.365037670509
-158.818592785826
-305.679394639717
-114.044820370468
-111.892852023105
166.267128371162
62.3751996046027
-75.1854202558289
109.199654214909
-192.630987896942
33.4253997524131
-246.822229676684
41.8987948616735
-253.088956999656
-151.154074219216
97.8472260509827
335.082133892169
-22.5898784547088
64.0090396670333
39.5189281228991
312.262137172898
178.373396735077
176.712725858762
375.719286964182
513.041038809462
226.69151153045
151.927978029422
172.912963351212
185.176896966543
262.134953027467
113.537313335661
64.2254102797039
119.915684638787
141.09039623934
-66.5090580266841
-63.1019810956947
-145.456497586812
95.6684059320108
31.2706131150432
-254.821619289271
-108.534913081922
108.991417761197
-206.144860774302
-194.178430700834
-64.6382439288647
54.6868529361996
-102.868268302316
-283.343412918102
-186.561715772808
-155.483784799067
-170.993255835752
-151.394309686056
-466.127204261557
-218.331218923299
-29.654699845069
527.716323674917
356.270676544206
59.4266515937319
376.423892165112
170.77292081577
425.355670971178
331.128472942196
345.832810241392
177.755226187121
216.857877359959
126.054757103714
63.9227805159663
19.0712607891141
103.217628528514
-60.0982300988456
-37.1984509737818
-327.816160469825
92.4160839251378
-144.388324359427
73.8679983501704
-155.868539434999
269.031642855158
119.474164425561
394.074706224551
65.1520505798693
70.2795363433768
9.14060338634118
60.5314167283664
66.5429225337081
-8.28248407570949
84.8209004692523
108.423826073695
67.8032436211594
51.8285203761382
159.409001085084
-18.2984758410509
-251.082932225745
-362.235101926881
-525.595245782922
-190.259732825063
-199.717379045999
-8.52307460092564
-164.415459127016
-260.079338442993
-95.5412853466082
72.2105275958902
162.367093332861
5.67686597955286
128.089125126918
-184.46810258609
89.6912497772874
175.485572908847
149.315972109284
218.796126981134
-151.25995399643
-97.5137569322361
142.959472501231
179.271059409123
664.653333337297
400.581123328294
409.247806443595
134.756307669895
165.378993196625
157.664965663649
-98.1575269917046
-103.179640985318
-25.4614648950525
-393.335043309627
-45.2404534593826
-153.009907558094
-125.768348157011
-186.710113294262
133.597037031612
334.356608072029
164.815341951984
159.921973496193
-101.087551168132
-110.293812183875
-109.399519986172
144.763314710589
-78.5954705658997
-42.0698760998779
74.1609089260412
-36.4496734356522
-48.3018271251798
179.302360865849
-62.7481628107437
14.4340250267452
-179.399961401842
-361.865409395926
-209.594106441729
-261.587552556926
-120.147567717562
-163.351321500413
-170.424612475285
-316.688660528965
-378.071142054214
-248.435061427998
-221.068611411455
82.2750180625137
89.2770176834626
15.4947459675683
294.697015028707
194.698084273342
216.896218664618
111.637143342001
226.479093082819
249.560997014321
183.829132571005
227.521718702324
234.074363321271
114.624167876592
189.806257556445
9.90085489847885
289.033786716258
-88.4618928320853
72.5712366428379
8.37075060744746
7.39388266300855
-166.007950373145
-308.782214238186
-172.652162406387
-241.944121390982
37.3668710766353
3.06320896063373
-106.478422725741
133.003224167335
241.276699244065
311.38435479255
21.2747423770521
43.2679335249488
304.215661512028
3.80024952360453
201.335387179502
115.304642742768
167.369408227305
124.23379986405
-159.259675223262
-136.414858768419
-89.2319230788724
-199.439746041188
-180.379878497884
-201.072879729967
-396.273375379989
-250.24017180366
-159.648336576929
149.691049033694
-151.833701276395
23.7890219631493
9.83532276535925
179.015280962751
-86.7964260031198
6.31611206243186
255.450340233873
17.6992774457462
125.708256174998
211.672305749234
302.236848143824
321.693484934934
210.507993886121
399.172240557731
219.600586624046
232.337949870156
307.556414817658
208.468712698359
-72.2566344090529
103.30156113492
-173.337762607254
-360.356162049076
-210.971430136203
-420.523567180048
-274.28956995205
-289.743081944293
109.915256777848
-118.134842063058
-390.044307782631
-130.667438620374
-80.6641060397089
-65.2996675110286
121.121820858752
-88.3770536997016
-19.5357519353485
-29.199196990767
178.745174156476
225.762928055535
360.568660882198
97.5432364360344
100.967729934341
-70.8705441302317
-220.762225422492
114.054276926482
-308.257694611741
-179.548907046509
-439.927123021721
-141.536846886168
-336.940217369052
18.2509435849103
-201.920078086534
77.5955153535741
-148.029279509336
0.513632353744606
-259.130342487369
113.842811935673
17.5359200922412
-209.049313373399
-86.4721420675572
-163.540914199493
241.449009326746
-58.9699451722332
-36.3330505292019
243.676153263533
257.262126501849
132.849276894799
168.281105891387
384.753951831297
326.860936382953
97.0475529892405
443.450867687939
496.521411839423
548.458672277445
150.922681864379
-79.8716750877664
-196.039734363376
-247.350303457631
-177.417718111118
-155.573144432795
-380.428242094078
-182.195663086705
-184.708848351191
-96.1124485110108
-406.234538455
-358.381383849559
-164.644927452494
-362.439469671039
-344.206658754485
-396.029471208761
-380.904360495676
-134.874803997153
112.739746883931
149.778267421669
-14.5374719398681
449.4833286117
116.781695582667
214.302351714387
58.861958672208
432.641386253811
6.31206216949663
-31.6156009571082
156.58829454464
77.7470112482512
-188.084749562236
-25.9953309613516
6.90683589121547
-224.764937916349
23.9501732742689
142.967156555951
-79.6868799830068
40.9484849637062
56.5616912962957
105.799165280065
229.218272327983
57.18582415889
-19.9856434461759
18.8322612611731
228.634952601178
-81.2005196899027
50.0652245738959
14.8906444172127
214.939222346757
146.847154883733
149.174252825996
27.1952121062774
-15.1530322219034
30.1693516139319
77.8461933623304
185.601262730803
391.329385509478
53.7011320047489
26.791167042366
152.979368801346
225.71572188715
-21.4352782979854
461.514134917541
408.36655046409
153.659757240147
30.3880661272869
-112.497229164192
109.429586281978
-235.830935679174
-56.6921638191867
-112.479087291414
107.648925122605
-17.8389500453241
96.6622066963384
-481.861373868345
216.256938973869
-298.741309142632
-7.89882889160333
-180.261688173667
-221.722858134046
-86.0606971935501
-104.308720129252
-10.2901596337682
-208.189358800851
152.133214023058
141.832115955431
-53.4539987303266
54.5821612122774
216.873504970932
-55.2957776992569
-155.28838579131
69.8753915124183
284.530185888336
169.32266732498
55.0063968425332
477.714225663996
346.195750226395
594.816268861058
211.897191549818
244.824505416609
3.60935050644998
-251.800081248006
-102.832575677391
27.548912609514
106.817588254713
-80.2125420196873
-266.133318084705
-165.09708697
116.57659486594
-5.67391415049891
114.079021411715
346.900265782649
-96.8336818000053
218.54391204442
-229.916177709695
74.3772036212903
-148.349828937985
134.432206282757
-250.617961417748
-233.294554206961
-180.21465761065
354.619946999848
-39.5907174913286
210.950076436034
-69.6825357743301
-44.8778826143484
69.3797272827776
56.4400961417597
85.4872420289586
-65.3467202399874
-96.8568307947487
-352.075150718091
-324.670410674748
-234.759568228649
-531.607176507672
-405.381235271646
-329.581231873816
-336.50520864226
-394.585482665681
-152.071431413484
161.602986111106
58.8842334679083
6.90753226185294
-141.140537337532
-33.3367847518263
-108.404821315191
-51.7461140661309
136.363168041365
565.165554600854
160.185748915193
172.776821138029
131.00973935217
-80.4725114528679
190.497564813103
84.5217899024424
102.258481433447
-98.4293907210847
54.2639046066242
294.640433427126
239.704277238489
66.6124718296138
279.399096386396
45.4670094216348
76.8029976751758
-124.921988254928
-127.038438099689
-195.789113025213
161.378858801678
-7.37570997856476
63.0524913851732
-6.53186135120411
330.143162128307
130.300842021712
552.314532972786
227.37086728467
17.8193849122425
487.871939595721
175.180795795527
64.5420885529556
404.613826279216
153.18642043407
200.297061689294
10.5515912798778
10.8535903618965
-10.4131937352971
-142.307716649848
22.3365581999866
-186.912256961962
70.5876172568767
-140.193858621804
-207.789642231495
-111.983313596161
-339.089471389962
-370.930891219609
-164.014788845517
-195.799587558561
73.0717171312176
-93.4749105039087
155.7443412071
-82.380621301005
132.547552904204
46.5373695602411
177.422375543988
112.219762136473
300.949919775073
159.035656114113
216.133837756954
138.697321817571
12.2353895807656
105.726998191508
47.5957057979642
206.366111681292
-91.8962239632398
120.520752268554
107.271939758468
49.0000468817838
93.9372108566431
188.493408170448
207.58599335221
22.3081249847249
370.153262661311
-232.684203674703
57.4219361768564
-242.395874930584
-36.7553723869753
-106.976129283688
-23.5367348338651
18.7452688387238
-95.072059407322
-7.96795497684017
-330.161636005728
-145.407191873233
-110.17751668704
91.3101645342839
72.3095128882675
-206.733935902903
-121.417486638454
-337.536055458872
115.123003708147
16.8438029872102
-250.321225520469
-303.264461570615
-51.5361732818503
-220.411746252696
-235.56390938478
40.8613575742896
-144.146883003679
-162.592032808681
-336.541415725265
-250.956790166459
-110.955858286814
225.924333708612
87.4812243698125
319.595482440862
327.715053397408
-104.81277640653
62.2190681155581
-120.827720265809
310.973469657516
57.830526840423
-154.641391378004
98.3199824887151
72.2663812040367
105.721860673835
37.1290492435863
186.373342583823
-6.34542634228724
68.0164620572309
326.681317734885
-104.409719889093
161.614106774505
60.782012258762
451.521741812262
-114.118537638675
348.09558291153
205.071876278379
-81.6467960582679
-62.4510511347807
-134.975159249463
-106.462445961281
39.466715624475
-0.174477796039184
-23.0165517788822
185.907799346143
-231.687664582825
-290.288805844467
106.539315383698
-212.373330375123
-222.622952553482
-89.6193517255934
-1.76637608752642
-234.301744412616
-9.75659001834336
111.209482199475
-146.654166116484
-163.874253410959
186.391113488524
189.164633051609
220.295634322235
269.811455257878
230.068846053613
204.82616015331
163.562704046807
283.204331150406
66.5753778606823
107.058981399196
23.1118913769836
224.669050312784
85.8282106835358
163.683154774003
145.563219896607
53.2059555457399
-109.973086247907
-93.4754289119992
-352.287006064812
-1.34107288807321
-69.0378320354447
-133.254900040321
26.6652409943163
18.1888256284711
-81.3783190741978
-192.785332478435
214.26973893272
127.484897727908
-201.379167052855
3.34106380726477
48.6235198572294
115.116512131428
29.6682093521798
62.1980659888617
519.523465960206
192.911029002368
105.574991290536
-27.5008153922589
286.874217272853
1.7401980427572
51.1449972980047
-50.9432791234273
-243.070358458184
-188.602487203576
-14.9797002091665
311.421607075971
131.311007171441
183.934064843645
174.318674706036
-55.8090461092722
382.075440197965
73.5640567259384
-85.2027041270405
-144.45817323774
-1.93325543518145
108.919624357683
187.244972451732
236.712987671305
-62.323093495246
-167.793303470868
180.900437974833
201.148955674782
381.191676223994
-226.496641238358
-42.792599796544
-2.46332044430314
-17.1985142092153
9.19210612009524
-76.978363762678
-355.480355439132
188.469583577665
-83.4315384643057
-57.6451413386115
-310.133936913192
-125.673308263141
184.766637108632
-296.04285901797
-46.0586819594217
-151.935681539154
199.603894649609
14.9212014156087
194.790971719034
59.7572647175584
40.0910662821029
-114.444332890572
93.0656408938751
25.7072372917972
117.150936064351
109.408868169745
72.0243867696182
28.1959114410413
222.938365257087
14.3633502857986
164.332439854352
-259.310117822422
98.6307581672552
-81.0599609799998
37.5659516321359
-335.692257669924
-233.031349413554
-403.804377935357
226.089422238132
-61.4317052105576
52.1576233453693
-0.492046648599768
13.5269107684748
-0.0328640188686231
5.90620900111729
-95.2756983806513
115.327299160731
-110.625832007227
453.730283534416
180.087596294841
263.351894334851
191.468311596389
191.936509398343
-72.5698906878144
-83.6879315921741
-60.3886863160377
-109.548849187008
-164.622421695
-174.72605488312
-269.295956084409
-159.465736091945
-118.269542541256
132.013698815857
167.428219559914
126.790932540777
13.480432532925
-142.869588615601
159.016970694274
-151.335726371336
115.483104568452
-358.441474281373
-220.598039788647
-61.9646291740789
-328.880554721329
160.665145251162
85.1098024202999
288.932418632293
5.73792618426435
96.6002357348959
97.5368786241613
-67.0344817608683
7.62138179414582
-275.692663639823
-195.970654071388
-196.879448541032
1.8840343078061
-124.930083615094
-128.579319939659
-41.8314412028272
-66.7789345463971
-147.695764182705
49.2192813840412
9.27022493956588
128.954464242305
311.066868572557
-36.9195370167422
309.408125590143
-48.5234480715541
322.587187485191
39.678340769267
392.730127750889
-212.308001485932
-20.2438398774805
8.39172432960304
126.312815708658
352.554562894705
58.1951892937155
295.602638383064
509.459954056588
252.644335311485
52.8124092063827
-294.957496666201
-201.131475864547
198.022830987899
534.062282994838
513.484750081737
269.753387755005
25.7633610402342
214.174527860513
30.913917070009
-87.7814892700173
-83.977332855925
-223.339898370055
-112.37963636671
-379.613950989883
-360.14443409002
-327.092670324388
-214.04101755008
-108.188882780592
-415.676978788592
-106.31271487137
70.9140789427472
-0.900878350417138
107.83757641006
-31.1301110113566
-49.6951274489562
66.878918993826
254.530814423412
12.7842066972355
126.467725619668
-39.7181989503653
-7.96539752096729
-109.344496021342
-194.092051808148
-542.172164644695
-13.6021930739837
-68.0648984235578
-55.6224279745331
-277.511013303221
-113.458091790163
-243.313078250843
27.1015356568317
-12.5271872931467
227.260862427089
59.2826736852291
46.406555226087
151.177913730745
228.340744521483
-117.430378485537
195.437377451865
159.234688123158
-52.1925563396042
94.7716975670013
341.137844080074
141.018022143291
130.540998247635
201.015160474885
51.5170842755394
-147.798739174475
226.358265033668
-117.835709751473
-76.4871124596259
225.399223914006
-55.4158573477347
368.74302589647
-80.953125294556
229.894543739323
-339.992651045785
66.9538157715092
134.22578576193
137.571655316459
102.257414633912
366.437182826999
475.875297926988
359.828040320894
219.113604248073
80.8869130759146
-130.376913350866
-309.806450714143
-129.076798534038
-191.043657777061
78.1778232206436
-20.1605550992869
-83.4058899743154
-319.500769764732
-123.888316466627
-268.956006492893
-90.7384390402021
-327.81605426709
-130.148480605414
-72.5468793139424
-289.345669724025
-199.41660846839
31.4989425424608
67.3076127286735
65.1689053236381
182.875735569339
16.3639294954844
89.9266142401521
-156.515720379258
-37.7258502764592
-101.820219001915
88.9224558516833
120.243492628551
56.5844675328884
-166.349706933167
-14.970958978726
-144.774003299899
220.781137343724
-115.489081543251
54.2607455837858
-66.9583914362977
-228.607094947075
106.732055329788
332.186955724524
53.2053375500374
100.874579304203
-66.3465517003541
5.87853792243204
396.074304178572
573.962179116974
520.148358873194
600.920487420547
397.58688229631
571.267028000581
-32.8792561162548
-113.832823883819
81.8318034467627
-61.6258934339666
-120.746512476987
-392.592792496796
-518.431350470067
-436.990619741181
-443.983337186109
-437.77165583098
-344.243878203143
-297.580908633136
-237.563751856477
-110.603392304972
-288.334041386722
-215.3737622657
80.4799076854715
-23.5793794222137
176.634921155304
274.115796398655
430.433656195502
387.323314987555
210.462786531057
291.951393035498
170.592725836316
130.480811426862
-163.796220324467
-650.728210836238
-164.608568238763
-369.849155319517
-69.6490617368644
62.2242987261123
-427.718666536909
-297.229555631337
-366.237259595266
-243.646546879881
181.97283926168
-40.4711945914891
174.032585070534
3.71494418586087
356.999478760211
445.825473605172
403.066018058998
266.046746166805
446.741693740739
177.579078355325
106.661547580344
-248.985440249996
-104.705566477165
19.9228135408977
2.96058485647952
270.131970664001
-139.334343740028
236.943962296931
115.644473043661
-250.683329827411
-228.748705085816
-92.1511913861095
-200.381665056367
-162.434737748341
-48.0984332835165
-104.085086376266
376.986847631688
-134.31541149887
133.508116325625
149.932920808477
3.07083186595423
234.001671025809
131.305221556703
69.5871189384686
113.966706581549
-86.4844148810164
