-164.841460152691
15.9890825369433
-238.543789608766
350.813602801969
-278.299426062558
136.94777314153
97.979236110939
-31.5625074897843
-13.3752905659107
113.33947446556
-201.278042923895
-73.7531081953326
-17.5873773295676
-207.121248555812
-186.869049326963
-152.213125246547
-153.399893265788
-25.2676356825608
-46.892600198232
-199.592484320503
-49.5175335675064
-248.395515704836
-311.431197232168
-265.09181834429
7.79102504549838
60.0416489358038
114.771299672616
-132.349812388708
-84.450195180118
27.7671964583719
352.016177760399
-25.2158720933254
-159.881359474129
97.5985337417368
303.206827681698
-18.3633732885572
224.746889082587
325.14671480078
271.269793464753
-77.5233580258903
-98.4701191887543
-327.905004466142
-177.235045127772
-168.50033791375
-114.739875004468
63.5765863131132
-240.837895309498
-54.3527888185211
-97.8204381817431
-141.667398852154
63.1496049305216
-455.136838775523
-11.167187892273
-160.265058813064
13.7036838695947
19.4895511844787
166.029723266498
121.522798269922
117.575139777698
-174.545016472859
-64.5698085637014
-132.580131028508
11.6258940897622
-130.821870611786
-238.67634297551
18.8743115305598
-118.980417301988
216.997732039708
51.4288316556714
157.043806514151
44.6669199065707
300.075598723693
172.836689160139
397.320490020104
157.464727833569
224.670267326001
-30.4573437903343
129.326822656569
-25.4099118304696
-151.393790209562
-187.663606971658
-257.976423919319
-192.508273284994
-249.307602250546
-344.058529027592
18.4463052243893
-5.62405582564504
238.865936818482
192.622776132123
-184.40551841117
67.8692001755239
-64.276427356187
132.709083125751
213.803384836005
133.594525456328
14.286207909478
31.9078425474869
256.321517936209
-132.775828402309
89.1142710238341
-5.06524301493776
260.161746209841
377.405434495934
145.514803824105
479.314159256487
37.4785678210652
301.268766612369
-32.7535345358937
112.466825127572
36.5462124204211
-57.3129222239398
-36.5987926468513
-142.528849771321
-107.205428360291
-97.5853013366829
-85.3928550806594
-290.429780918402
-115.835855380628
-131.57919004257
-122.127581920681
-87.6136918773218
-113.245303793451
28.7230798056615
-188.575040066498
-251.112133110101
-4.08761497028175
-210.60779772727
-216.19700734097
-39.252615288505
8.0765306698601
82.2726967958511
348.793000380002
-17.4649962937953
-117.087048062837
45.0980679792987
84.8746348567316
214.905320196473
145.238006434446
121.90206346426
70.420908828066
-35.6570749183275
-175.951658448138
-81.2847928030659
-79.4379074120446
-92.9189412870031
-157.57427737383
-256.647657147092
-55.4973992054634
-364.789686297012
-87.5925282455313
121.749484861128
52.6270452816358
2.28271950470365
-41.5873441993642
14.2159675679371
11.3202994351599
267.07079365747
183.223792259387
294.978673308087
203.186441551487
252.891179660318
272.975445960784
156.793950408335
128.438786432593
142.443462980491
114.057241518689
186.974456399562
85.4935807994067
-26.4035708379161
31.8973758064926
-168.119909318059
-58.1115682474406
192.703269903362
-32.1620853022845
-206.649690408956
-318.506668275203
-258.293296718142
-383.163552066654
-184.834505297218
-237.686382151054
-183.133647326918
-122.55687806206
-39.3685096042597
-49.7571916498126
-133.751931171043
-83.4561434023166
27.7803730747987
-44.650656766379
-68.6273434531545
-54.0813678129694
-98.5466375034642
143.559751323641
208.454232811295
218.946652511745
248.835531505397
247.773167671205
353.015308930835
467.060276752941
272.459718154937
107.212502604392
105.619096995199
-63.690333460079
-247.056708823413
-137.274379428896
-112.226104401144
-55.9704962671555
-213.044898394619
-205.486777828954
-159.037370392146
-281.782613600795
81.7268892099082
48.1068648961288
17.9469805000575
-72.6816514259391
-247.24136970234
-316.502065076878
-24.6690547982188
20.8608329518655
-7.74028504725698
-31.458986954066
-54.726274865024
-20.4985713719248
77.5263028193682
389.976623272011
94.4690469650186
170.239445435159
170.710370778909
174.40312036412
-14.1986516197534
260.215101600653
200.226345246289
-11.9582457088281
125.463151247219
37.5648884084532
117.584080971266
-3.45009582939025
108.721792351486
80.1798366585321
-179.401210505779
101.664167537245
16.0653912627509
-0.221502529296231
-186.141223432778
-65.8858963259209
400.433070822759
125.455870344519
335.190607601828
81.6355812659941
37.9618185670673
-151.506527178971
49.3298158450578
10.3520957124619
46.5346168390602
55.0060236639986
67.9509598260577
94.5500010940587
-44.9944370472333
-1.17286417985886
-172.908881422576
242.173946852075
66.6312964227756
166.788767059185
32.9317620042641
216.576879604666
-33.1037938287631
224.449124816779
19.0293301773715
82.396246919967
-7.28172588301977
-97.7821123673944
-54.6474578974163
118.687005915626
-171.836145038497
191.012570451467
115.269256493919
52.9479707902812
147.296556377307
76.2131298841253
224.513586476959
-12.4756297148699
-26.4613837007287
207.751163946408
-6.80421681882744
231.739020189028
-232.935316197154
94.4003853933983
-83.5464714912535
-82.7687383130989
-218.528215540067
-50.5736073018617
-104.12615756765
-104.097528836169
-183.057985457852
-180.439474018381
-137.786304601978
-2.7596323124996
109.568972972899
280.292592855594
147.858116163034
265.993755883685
353.99845907681
262.399812228476
99.0140297920023
163.058146950984
250.219466583138
-5.77939995127098
-26.3848126598305
-113.443870419796
76.1228235176747
-6.71509687657529
-7.33663186664821
75.3386188333517
-189.710462830541
55.8332085983349
-298.465653018175
-57.612306383558
-150.067235344968
-212.800725253759
-114.910420332259
-159.110126447143
24.94580616927
36.5834305698023
-1.99110157316765
184.570835019071
162.461431998818
219.268121323842
252.97065355285
152.570074822252
71.7568661892476
171.261767412774
126.116037277349
65.0864262872324
28.1565702678909
33.3944044710252
56.58966780088
-171.919031276913
-30.5282886106526
-158.292943646888
-177.170695061666
-74.8230128354742
-298.055775258241
-469.549454080179
-422.345497992533
-289.88757422291
-500.186165152556
-496.509430065978
-368.242255106617
-268.152023314384
96.5338708905842
111.371483253257
10.7104528965832
40.3157694592379
154.488431172966
-28.4104249171022
-19.3196766998744
130.699555669727
187.967256448905
374.131210601255
291.101766226186
218.189213492912
613.363517687902
758.717844850609
640.216915606474
436.394937642311
-57.8308161882366
-246.767707685521
-128.931602900659
-80.6818631407799
-127.690638804571
159.976098397321
4.92617338714166
-325.96001071885
-325.025466421571
-382.291163288691
-14.3298432874989
-384.358456300593
-227.109220960491
-205.428673692531
39.7797609059862
-32.4402902474086
68.8790290504667
-17.6059042485795
98.2475462457266
-95.6518932353144
9.4494724148837
113.074884394086
30.6578392212049
34.3113362813792
69.5576616119405
-46.5746700346591
226.706880237534
88.7762205920111
137.085422429467
44.3408122532111
255.575409995578
40.1017850280251
181.499574835206
-31.8928448501073
78.1912307318728
61.5990377106736
-18.4985919212619
39.3555696878788
1.4191539226833
45.0740589704214
-4.33197863408603
13.2791211495719
216.239763996897
226.902254624033
-0.290451474255214
21.5730600906134
184.511505609949
-59.8455000383205
34.6319482356833
161.213876270564
242.220283135413
148.316723591542
82.717686693331
-164.618512574491
-45.079061360809
-292.900521013266
-56.1489132352803
-422.686613755928
19.5504433936989
-22.9725285424792
-194.100759916505
-91.5792814017217
-122.587446896477
-143.035740992363
-176.614116298361
98.8660803158598
-142.690165905138
37.1139287398231
198.262567378599
74.0339833516306
237.281136660527
166.257555164283
452.873927117351
77.3384282695057
95.1664845595742
113.723483170185
172.733657823421
-91.3752502973473
94.7202218110453
120.329038536531
-29.3871079253478
-231.048449163874
-119.136506574861
153.51133598873
-5.41102768409134
2.19705020609828
7.88657719621049
240.58179072078
-141.91550458732
51.1164458203186
-15.6120469746522
297.382837934673
6.64387802552301
356.325299322269
348.339090840567
157.696662049549
102.238267750752
-34.5619857524836
158.270041318672
-159.341046996498
226.261858471918
-69.3492711832158
32.9584264211377
-225.811574429747
-103.927289700044
-259.818248991721
-110.55701160771
-376.186595872672
-256.19705226512
-51.2774751339357
61.3002799907491
52.1852208422374
173.550444797384
75.0525394757614
243.053920708141
139.082964168442
243.944761176201
140.108045401255
75.1338834245411
-11.8583437709457
-18.8326332537035
-244.444896518674
-202.595371556692
-228.607177001838
124.126981839654
195.846341199889
103.951957894248
171.816861954066
-330.465907923212
-26.2986702467084
-33.3505087345382
121.651369474314
-65.9738344148337
-52.5850115483868
-18.1288371083077
318.334188232109
9.13498807998776
-30.2119241416411
-195.211664080775
41.5899680620757
-66.7295927306652
-79.9358179201795
-245.036997425659
-126.434894547221
-50.7951029630903
-188.630034139517
-56.0791709544025
60.2211293708551
173.452901490781
-51.3011855438407
-51.0202507040246
248.066706024484
183.107864678726
66.6405533901151
256.183526823266
270.903132246157
131.064493850856
298.458106487682
173.591134570092
117.139378060204
42.6376037387275
-11.9041101588181
-81.593356244185
-278.185733125387
-135.297435213638
-224.655230211314
106.68838787067
-109.645765646468
26.4838553310903
14.9006697299876
104.569578115575
-112.310535224905
4.55591310907212
71.7678180910856
204.762177970591
223.964850143604
424.091404637897
560.217693457653
333.135512520826
53.9550443404529
-41.8327423340109
-271.335878948413
-532.311057266561
-217.106527385336
51.3172330218156
-220.749111858482
25.0570295428906
-97.5145846769726
-158.879440915741
47.1010168516329
-91.4149355355596
-107.969621032613
-109.021810231312
-168.505158782696
16.1101865467034
-65.6442875038381
-31.025624899598
-115.753223117271
-164.689746179182
73.8139064810842
70.4930573215488
-37.4396121990788
61.3908433509201
-32.1620597819792
70.1431142653516
97.205527263678
245.505044725091
251.626577021902
25.4868636378918
78.2627966011528
-12.1706457864294
340.907979425001
173.584444456131
58.1544475786173
197.797795185018
199.84389789775
351.035778789433
254.460736181837
363.586398642697
315.753991684673
361.194494414774
293.838010939117
97.4257457851488
-171.862184041037
-172.920454640795
-300.780831477158
53.9927316835551
-322.138792983198
-257.815807749607
-171.741347835371
-350.879548764623
-87.6207100788443
-178.363008456589
-386.793624811643
-237.316743519207
-316.920806026144
-119.62166128876
-344.826142579349
-187.465560847605
-330.625719494138
-30.762875100471
-51.5393796449131
128.136790447683
56.7113320312387
315.002556682447
96.0580394402529
252.04468159277
298.471137056654
181.443540352034
130.175084860261
267.10198344824
128.15709801441
193.282343255802
64.3287471468635
216.896750799264
279.486842183347
110.746401524988
-33.037773680851
-33.6297688615762
-132.651841957316
-95.1045306624988
-259.932335204956
95.2837193806128
201.874951923279
351.154750632415
218.45870382655
144.314753543733
-80.7567221961395
301.902727834614
127.000883480379
9.30773301351942
-77.2662207220323
-70.1431692971271
14.6920772311537
0.402884991450549
-76.2895787873315
51.9100180398706
-39.5373380161585
-9.55568882626309
-93.1437474944111
-53.2583308878561
-65.446558945346
25.1756950482505
127.261413734759
-303.770656084332
-7.32233265645474
122.454026649198
193.805187386559
343.813440277152
-10.8430740065933
170.127189192653
-210.805201619689
-85.6263823153
-411.285343298259
-332.617305608571
-416.23999729857
-242.338627105602
-283.78061890191
-35.630069842515
-40.2023036868405
105.802021372635
-155.976302430239
76.120082013231
-69.1621459270441
11.2726343348813
-120.336598981803
188.28928303113
-22.4978926752379
-54.3739313544077
-20.9083429540605
82.8180057217009
138.713649681414
8.67301586156887
37.0021335044246
29.0807357123112
95.9671771410357
208.510988228364
321.868316530611
252.383877938822
309.94937495827
91.8815845753847
-112.572180795388
343.6696196736
-15.3694156723392
272.73969251419
159.235305660539
87.0507109638294
42.9452645792343
144.012730639653
6.29367890623807
70.4784241097601
-36.9668105120908
-2.90618668945055
67.9445694183626
-260.114022776635
-159.633780019577
-101.549461007374
-240.775208624276
-29.2999952777435
-138.502930750006
-117.168984117874
-81.8377135502811
-279.777266708515
-172.782092433333
-186.38490600516
22.2380490981826
-158.001264421587
-530.62407441182
-172.405529440222
85.0029731896967
339.027043353236
337.073648058375
108.254500328835
307.051442763254
198.740368385553
422.511336809601
617.502111881801
391.317338472263
183.034882354634
274.791259470033
88.9894644098685
-44.4489856315326
-57.3921789146621
-56.080785029082
-95.3412924149351
-35.3166268820708
-252.251973520773
53.3413547022507
-102.841223789233
70.7089763860327
-38.3390983164114
178.578570065179
26.7903834966129
330.180167982302
108.080377355877
-82.264512533754
-6.72401517821838
74.2828746719511
-30.5848254010012
205.129557443711
-21.545131697394
211.621828290281
45.2034133744415
218.507117362017
69.6684682732099
29.1023426613276
-337.803446629828
-433.721046762721
-678.089410015836
-353.247489498693
-312.680870117563
-366.753398614911
-317.144539419867
-23.0575753870761
-53.0026500863701
-95.4478632358722
180.726943870201
-68.8574539152108
57.6453911439442
-81.4627015178325
276.873122348711
-70.7817726320473
102.045467794355
84.9934431602423
-77.777422767021
125.898744602381
354.508679002356
375.206473274153
871.294912246575
342.005544198292
261.263538475701
34.3915034111019
118.237011467646
120.779148453654
-118.964077326412
83.7888403783883
-160.461859589143
-284.503574717271
-196.650038831492
-351.628321915451
80.6781383667807
-137.324334412413
-174.791724134507
260.384006582788
-23.2223256070693
51.3265482108428
-97.0331697682048
17.6909974567073
-105.709410111971
107.137213165561
-164.73642241932
42.1846134448273
-45.646673706482
59.9263642119015
95.4070296075398
147.117506423732
181.287347697576
-10.1337121403427
-61.6534356278653
-128.274240559882
-269.873296521537
-167.550442260701
-442.850459759403
-286.47617083749
-488.724987983073
-120.549865283212
-252.886523415472
-365.039683239326
-53.7912052156604
-3.18550935234957
93.930660655526
-51.3159666674833
166.213708105501
143.385094770172
238.558649663539
-7.48110999579586
183.265538405616
93.1626290024392
96.2760641583756
283.483920165223
379.983942509493
87.0129984140381
267.817685604461
184.530794276027
101.745931877358
-84.9361684503487
-102.178317191198
-341.124349628165
-83.7575112358628
-93.4521344352913
-119.925526168035
-252.852778496731
5.08916980711209
-173.632060873731
1.93152182463381
-98.4183646291672
-63.068894439183
19.9409020397428
117.812121053948
215.490555581084
36.2662832036641
80.2966448969599
38.1141100307302
-22.3239186161484
132.012597952228
156.74602786152
-96.6832873055399
42.6011002390537
-22.2933309586756
-96.8605586562807
80.1870979415205
-142.724190299029
-194.263141200227
-210.953159860939
-151.46635467091
-224.601940310511
-177.057591891747
-111.166634415897
-115.973688974274
16.0140777695788
94.3588136184862
15.1753010230162
61.6827843167394
122.25759068856
201.492635338208
52.6848691454971
202.60794624589
415.851075035207
505.691379092536
446.205248295964
1.22240264050023
421.143538911359
473.25589475797
213.196395662482
177.975609169877
179.416002380988
-8.60788820676234
-56.8618752256661
-408.679833171638
-229.691116136356
-525.697228657522
-380.977389582404
-279.773255385584
-26.1059124198714
-59.1499799844762
-65.3342554214181
-32.5382208865004
-150.790486611295
-211.575771263467
-73.703495596595
-228.842885930503
136.07620187095
107.156436116945
129.419494997623
422.0098068793
436.341968390718
164.647321666098
189.064334828756
20.5111168987712
-75.1430211316239
74.8489228306417
-162.671407761635
-45.4852960878005
-181.388215543311
56.5275845740293
-307.670877831762
-134.118436351082
-118.429566165555
6.73707667315169
-216.918068015518
122.254180301139
-27.8777670849026
-62.4440235922446
29.0865942032454
78.2397335313748
-336.372572380649
197.712206349666
12.2988183700561
23.0940154139212
26.7699804508123
134.32454656195
98.8842638470863
284.295077917537
96.7426547687481
139.027732901596
158.791562601862
253.192303538033
372.581377061633
595.03498258573
161.377179281161
-123.103300409565
176.757012217799
-75.3950795328507
-147.689308021168
-139.682950314869
-417.963547207745
-252.218417899814
-170.167185084914
-205.022702229608
-394.293783188409
-264.119939334302
-277.339750061055
-300.278743007362
-401.570419848857
-326.806416426356
-285.706497161317
-26.7130443817925
-2.48129981222795
94.7474553859692
248.167162938135
298.21319615304
81.3506025759503
207.122130225466
231.451387002386
53.3506308117785
293.132455270024
44.7723343110122
159.378640737941
7.49273772885148
31.4116853171806
-4.94171123317016
-139.371975807495
-19.0622855130454
-127.881451864807
-65.5965070787168
-51.9078587962037
1.89741447733506
162.533707304425
47.2827284512583
45.1572225239587
0.501843584368579
-72.1573761407695
-161.234764469952
-105.662229657131
249.497563984815
-156.156169159537
17.0973577077246
105.784856659041
-99.9978248110545
162.28061267869
84.5252224395545
-18.26455767041
-27.8531830904882
-102.425723972798
70.9277774496966
31.9396489522379
86.1137297921844
119.705276773043
193.561189342133
222.412901963847
224.419680342313
-42.4509159304265
236.864555848093
237.835668055147
97.5785642728255
188.348965309249
-37.6001287563592
-152.220026957117
-207.347819470024
9.45291989437942
-67.504274368613
150.97000701409
29.450821350417
357.130727249379
-146.659881946039
169.877562466262
-243.768050029238
-145.679372319802
-239.498175776269
-268.526078125053
-71.5082519394356
-55.8677559287048
-82.2031559577933
-72.0872806068904
-119.216001406352
278.766623769974
-11.5922356015861
34.617930746848
45.4824342222717
-184.303201854375
-78.9818554316852
-9.31063932372027
3.03451440889211
230.957499612739
133.809197485931
298.668802264535
129.57417312834
461.459822644929
136.000260692494
184.409046624081
114.701529562153
1.04957540789783
-112.681457620149
-154.416320307458
-175.707809135373
-201.507695922428
-167.803084648874
-81.1902698936375
-12.0069846221407
0.939641645013953
5.86835762566952
131.143966054476
-17.3511479040758
89.0854657559034
47.2777666764272
-29.8838110800916
37.8286960632234
-20.9493531194047
-17.7758826392372
-61.1357913857123
-382.235212034615
92.2302339481904
-20.0187273107139
10.1835303235922
162.288360988199
-18.1896362325461
160.315727003708
180.255615276561
166.484955307574
21.055183548955
8.14273453988399
-276.178922897468
-151.809742911974
-452.164021945131
-427.043451208188
-76.1735516798761
-294.448910922958
-339.452087500558
-201.427956383829
-123.627106065006
34.3410612513904
121.375890644185
-95.5293849191494
-206.937589327273
35.2245954012698
20.9562451348801
36.3350584740721
268.486985733415
365.596493860747
168.08405190908
186.926878075333
183.608962455306
-175.515738252734
115.023149388048
0.867784466295801
228.727571135518
100.532554209043
-0.318120298630117
216.328236512231
242.826189535803
-36.8062137835955
-4.77751151847224
80.0446493029461
145.009021641917
-423.862248961651
197.400699518225
-111.224086643975
115.411925371578
184.062992245212
91.7469248444369
22.5757916833772
-128.036653848976
39.696877734242
424.057495547829
301.722712374234
160.688964006821
37.7724046974495
104.342142786466
12.7241559632869
126.586314327842
89.3715426145278
199.691299612874
-296.356696286203
142.846451929367
1.08195809105657
-74.2064714188383
-18.5776586782183
-63.8030249628493
23.2022878765365
-396.870190752455
-106.395407957158
-250.317426498072
101.23582948747
64.8507907382057
72.6281162262483
96.2452889377505
-65.2959316464769
-65.0713228598465
318.926993293088
-124.903252707228
131.079286152921
-25.0154895990404
211.732672118541
135.532688129683
292.267936407493
98.8767070357502
101.744803789876
41.6796101939279
83.9438218896204
-161.769953498882
-85.5876313681419
107.723603765802
-70.0274903381416
17.607865476683
297.423042923409
-89.4953019081633
209.640636986258
168.720243207397
179.91741296826
260.818811536041
45.5313678763549
-53.9693509263255
-148.834035636483
-152.162273688763
-45.472085948219
136.260254509306
-62.2405555180764
-0.452788094005996
-18.2883008513799
-10.4251636579422
-191.454734948841
-92.9200915048258
114.750813954445
108.068513647456
-66.204997633272
-142.179797284227
-8.9908122578762
-196.387174376086
62.1471194651892
-68.64772563219
-54.6857936491392
-293.274859081679
-274.593793281457
-53.9878953769854
-134.830728695026
13.6353156707127
-121.279834244089
-6.22284507493328
-248.798423435523
-165.293422858236
38.2568244885041
145.082828759658
26.1137006420564
-2.3974639423668
-13.0627754663416
-41.3311779981078
143.432036328211
30.9716819203649
197.846907829271
48.2501105666465
-124.931070289611
179.135189377374
261.985386452933
38.8868347307393
256.956151187153
290.79578289393
43.0733589199531
226.166858564703
248.545674189473
-133.78878218931
43.4539118498633
91.6306657021293
230.097278422572
77.4422700895783
105.164433127223
-11.5733057725326
17.2293601963796
-46.06302834032
9.65628517302481
-44.8208769640458
-139.227181178269
50.0074988542255
24.5351651563235
-68.567794070336
-65.115670539078
-288.909342650917
-69.4169713419228
-217.154104139478
-226.543952546408
-130.904175545021
-58.2219618279375
67.8115853113407
112.805405463316
-4.38986567917665
63.1874784883473
0.106716453270025
22.1265383044063
288.340695438152
174.187684420819
17.6525738719214
184.443690315151
219.815434884763
148.89042827957
85.075636764839
-105.968177966468
102.304058318336
-138.809292813148
31.5116665196496
-169.934102423002
-51.2176497440593
258.383808753747
-127.0385539546
62.3761291398058
4.9959809027144
-169.66210423972
-88.7114958287173
-245.111143247387
-144.12932441994
-208.581566557502
-20.4596385859849
-175.941248458585
34.1013069949861
48.5922679341354
-25.8553780578296
-36.4134964615406
202.974013147194
14.1407669188432
58.3110252526924
35.522938447446
3.48044415712288
203.167505185189
139.363273446046
-15.4063436481206
124.260995090056
195.236595005007
-22.5269114584052
-42.2065834251833
-43.163026852787
-204.129670228936
-176.513951820247
-31.3167255655428
-135.178330173296
-170.88226627388
158.986309105439
340.723495081543
214.844682248252
219.630228862783
65.6739169090366
-121.225870876451
-285.354019123185
83.9828370972356
-21.6525995955804
234.414466159407
-54.3472112793211
253.402221832591
87.0908729697395
177.285221072651
103.296695979715
160.210677054115
-218.948024713965
22.7004006071588
-78.3726752788941
-57.2192191874131
-68.4750881639255
-90.2473974430387
-367.750885571432
-201.653477342927
-88.5560886965355
-229.843758879995
-151.426063717554
1.96377031698759
198.494135073481
-348.898932324569
-100.986806456749
34.0075472093837
89.369542133106
60.8770995049393
195.174688193361
47.6092682754692
24.8448051505804
-142.780435282824
3.70704677271681
2.40623347414167
72.5936664470754
277.520278007313
58.4558429498641
140.512465206335
425.605931604993
-133.266806490509
284.415306862433
-184.188710645323
26.9619290174704
-78.638904772181
-224.130838488404
-262.554116469047
-143.301443854565
-177.821451942902
-21.4237837128286
-265.218468378123
-315.36617079065
-103.179514959965
-138.104680655289
-114.516915267287
95.4200199152682
-83.310708645226
252.595970448278
174.467574683002
222.093675955898
199.473085810949
163.868522694139
95.7246756700556
218.824208136473
-73.9580312280009
-58.2286157007037
-121.309032523786
9.32610188719138
16.3341307244417
-51.8787508198597
-207.784067847612
-58.6462074091859
-125.664302043099
59.4132971081075
223.085306570798
-93.0469608741494
120.917471164317
-84.4400064085136
131.261058557891
-90.719975228414
164.105749314175
-38.6062440882979
-33.1797316062488
-58.3795270042502
-127.748244018783
58.8209539110774
-100.676429151609
285.202441033636
205.913585750772
39.1479547368204
196.225329137005
-197.782094958335
-147.577938117904
-169.355464612923
-179.915346742207
-275.914799111916
-86.4616959114972
-90.0970436752212
-257.261034142028
-81.4249096402426
-285.598607326202
-163.749009392222
-106.973671936648
177.131571643723
265.506831666618
229.331979366645
196.967240963133
365.448536593218
252.922092781089
248.059520197911
5.09769894358462
273.583471720039
-76.3890461202213
130.832023302387
-31.9659728499145
89.3131942009805
25.1910388305178
303.245299225997
130.120880854912
449.453052833361
338.53668062145
95.3997357154875
-237.40717505126
-111.934904572168
42.5324174838587
373.190725388363
336.329493057448
154.358937478175
-202.098825796625
-49.1133105116769
-113.742504052689
-104.568246206057
-226.233409527828
-23.7944953744871
-308.8886726341
-413.004358129694
-453.954686583029
-262.303036865812
-316.112828662337
-319.701528661648
-230.751325184272
-81.6990046855062
-13.2480071383533
97.9129671566787
46.3189255708242
72.5245719246875
-26.9060685250535
-71.6829810107314
129.626606269929
90.3160013724126
52.5590478165258
58.0354270659004
89.3839083316048
-138.866677202608
-102.897565833296
-163.15408517784
-109.922143262166
-402.958845926843
-113.828031522157
-148.80865831174
-275.103176336817
-50.8651130336852
-14.4195880888258
-100.035690954817
94.384018025109
117.68111465826
122.131012888789
72.5188430527096
142.986751332155
40.5226334402334
98.7588017515668
132.370053906479
11.9511427982525
316.120269469553
167.97437799968
10.694491137916
244.100471064665
202.427200655902
227.237207843189
31.8142934194754
26.4895141207239
103.839166862655
14.2101660407672
53.6487057985814
-54.85271295387
337.30568825374
224.663898183399
308.528292535999
-301.651503327672
-167.834948102981
-160.500613697464
98.5081576638473
109.875318968287
-111.216283670662
365.738402817808
491.512248770023
365.731720777147
48.7045841496205
-11.2420668433183
-78.0167744711811
-193.520109390405
-65.831244858984
-26.0904090237177
12.0324174912589
-31.5186664268514
-261.721893255453
-86.0471220506627
-135.788496144472
-94.8816127605193
-211.39477377453
-131.789190792671
-43.3370372997316
-273.193270282458
-78.7375216601597
135.672994045287
-150.825793166629
-38.3838940818609
-122.220604219181
54.1914846631932
-135.846536966747
-24.293160114763
84.7274927308972
122.748206512273
146.638544073672
54.872089717232
351.069095606146
-16.4880145247599
-71.6530831329683
75.679748475287
-2.97536505553101
56.2269588216169
-193.69298716616
-279.494483991546
-186.016743833018
120.295418235398
-2.50265275830343
246.781319962151
86.653484066905
-53.8889743888485
-191.758997725847
298.218423343817
408.027436812609
521.672145914793
800.839234500895
216.606650684689
565.221250959186
-113.58138438387
-62.4278061658771
117.660981746945
-106.725903604938
-173.910966929061
-461.761255369165
-400.760820944696
-584.748186017119
-504.971799961623
-430.322947637433
-379.121345967304
-356.27957462928
-437.707359681467
-498.07294188577
-72.4733853167515
-354.759019705116
154.573592800972
-1.89380909953726
375.772428828629
285.119099807447
238.735523141008
521.724548743347
265.301696047501
594.875410249811
105.104204646169
22.4854705763195
-156.360572584611
-340.519659264066
-425.935550775716
-299.355574319584
-227.697551025738
-114.188646528106
-625.493496099274
-102.396416688893
-280.452748585606
-328.437570773283
13.6924536209754
-49.9617342924392
81.0600193227849
20.928463758398
383.666167503702
491.594806863018
327.183672795921
247.728916227246
281.151694353358
60.1952940639603
71.3963856078538
1.4208242428299
-237.780513024171
-195.115860076666
-127.601250053649
254.928847613368
9.61945505732622
-32.8485761672583
176.018878612727
-142.500889141522
-21.4676780407669
3.7438671399396
-170.739917297647
-21.8999536345831
-42.1480300241235
-5.72900923172699
278.371704623464
-173.257714754002
75.4596455000933
-153.178970174198
54.929354718926
34.2936628569764
-41.6052458388471
-41.3842690662798
-101.198645582968
-352.82384784639
