349
45
67
14
-34
-68
247
316
2
-37
-208
25
-76
-35
-160
-139
-393
-176
-425
-350
-300
-410
-39
236
329
480
126
82
68
5
85
90
371
324
432
461
494
395
210
226
79
-21
-1
-218
-91
-238
-393
-535
-607
-426
-49
-162
611
665
699
289
264
45
217
-18
201
-496
-606
-724
-582
-112
5
108
78
185
300
143
-203
-245
-108
14
321
83
113
269
36
190
86
33
-61
-15
3
242
110
149
148
173
94
215
-50
41
-53
193
-30
102
-143
18
65
67
252
204
110
229
176
28
-147
-181
-316
-335
-217
-450
-336
-390
-90
64
220
267
459
408
392
384
251
349
336
263
267
292
193
303
189
116
-8
36
-165
-295
-407
-483
-504
-466
-470
-319
-376
-153
-246
-162
-36
9
-84
135
70
218
173
254
302
406
403
235
137
6
139
-120
-280
-353
-727
-943
-775
-652
-548
-322
117
81
473
524
887
738
497
460
374
539
474
211
205
220
267
305
101
94
190
-44
1
74
45
88
-298
-639
-485
-596
-540
-425
-148
-10
84
106
58
-133
-111
-561
-564
-314
-172
262
332
439
518
389
426
578
335
468
375
141
-105
-107
-434
-310
-578
-442
-389
-359
-72
232
6
86
-215
-162
-82
84
80
84
373
445
420
368
239
264
4
4
99
166
117
112
224
114
10
-83
16
-39
-30
-157
-167
-194
-96
-72
-45
-35
-11
-16
-7
-25
40
-27
90
-63
58
-34
-4
-54
-42
-57
5
24
-6
-17
-309
-328
-201
-363
-276
-376
-329
-269
-179
-147
-133
98
-27
-35
-226
157
-248
193
140
364
586
450
288
336
76
82
322
-269
-87
-25
12
106
209
388
592
379
364
184
137
-38
-79
-91
-170
-186
-209
-59
8
-127
-31
-109
1
13
-21
-40
32
64
-507
-283
-909
-797
-856
-526
-450
105
380
887
689
620
489
731
583
554
392
271
106
-10
-22
-250
-155
-214
-300
-136
-181
-4
60
231
177
99
23
33
-148
-248
-487
-606
-416
-426
-74
322
120
696
461
460
606
230
168
193
123
165
-130
-149
-188
-230
-148
-235
-325
-255
-152
-141
-31
-191
50
34
194
-42
145
91
97
97
-48
-198
-308
-249
-107
-233
-407
-315
-275
-220
-95
146
128
396
435
469
412
441
397
349
178
186
-164
-50
-184
-43
82
-35
46
101
9
18
-165
-75
-215
-278
-352
-289
-324
-195
-217
-386
-342
-207
-34
142
262
494
522
610
533
499
387
296
283
108
109
-244
-389
-496
-591
-568
-507
-409
-246
-550
-543
-571
-366
-500
-448
-109
116
286
230
427
260
573
407
377
315
435
288
85
7
1
-34
313
418
473
474
323
-23
-78
-370
-177
-291
-111
-258
-187
-268
-269
-249
-253
-329
-226
-217
40
87
52
110
165
174
784
487
552
507
388
487
197
117
151
-239
-12
-164
-69
-190
-341
-329
-432
-254
-299
-111
-60
263
478
409
448
409
227
197
-23
0
-144
-233
-199
-272
-182
-342
-282
-392
-509
-501
-262
-181
160
180
1026
77
408
141
421
440
399
103
-32
-186
-147
-329
-111
-265
-43
-148
50
-189
66
-416
-260
-523
-340
-346
-79
-42
204
-98
194
-28
265
207
62
0
172
169
221
307
522
536
517
412
476
312
270
10
-46
-269
-358
-446
-605
-558
-731
-775
-512
-410
-299
-162
-253
6
136
153
216
195
49
240
23
110
215
196
238
223
134
173
118
99
50
77
118
88
161
66
63
-9
106
38
18
-26
12
-74
-31
-19
-19
-36
-48
-94
-169
-87
-237
-468
-421
-371
-326
-208
-348
-370
-257
-123
-209
142
160
566
475
461
521
557
531
485
348
366
355
289
186
94
75
41
-129
-100
-182
-15
62
10
-11
111
55
0
-124
-53
-253
-276
-186
-334
-492
-438
-312
-411
-372
-242
117
302
289
373
368
329
428
298
271
63
10
-69
-156
-254
-209
-180
-144
-253
-338
-366
-546
-189
-3
-5
134
255
291
455
473
168
208
-514
-740
-904
-685
-269
291
125
183
160
237
186
-142
27
260
293
533
211
47
188
-10
243
160
193
117
424
240
349
106
90
-196
-104
99
252
226
268
177
25
-132
-311
-294
-371
-199
-294
-456
-898
-1013
-729
-546
-307
404
282
519
666
439
317
148
162
241
274
99
166
134
20
119
36
60
-297
-267
-454
-275
-170
-50
135
102
60
400
429
277
294
275
281
212
152
132
30
-168
-150
-326
-239
-429
-361
-186
-261
-435
-579
-450
-352
-198
-24
-91
231
199
261
367
362
300
286
288
118
230
72
205
51
54
166
96
175
148
140
-103
22
-111
-371
-484
-531
-618
-408
-260
-136
-52
230
33
72
-87
-39
-27
53
-2
241
45
333
117
-25
-102
136
121
-86
-142
-197
-134
-174
137
105
26
-379
-474
-168
-197
218
41
162
339
317
458
250
342
109
-16
-214
-10
-104
-13
117
196
127
60
86
168
118
140
169
73
105
81
154
46
-2
-13
-94
-75
-77
-87
-179
-246
-296
-216
-149
-280
94
-160
-82
-87
-125
-319
-468
-405
-311
-117
-93
80
244
552
563
574
460
208
184
76
66
183
104
74
-16
-57
53
78
2
55
-91
135
196
152
103
187
-41
-14
-172
-30
-164
-236
-354
-308
-286
-216
-46
171
109
169
25
59
155
268
217
212
-19
91
-42
-137
-115
-226
-163
-43
-179
-27
-28
-20
-51
20
132
101
83
-73
-8
-104
5
-36
76
-242
-500
-374
-298
-275
-8
-132
100
41
139
221
293
203
317
238
286
272
116
69
104
48
-64
-54
-154
74
57
27
94
-37
-31
-73
-180
-217
-329
22
-72
21
-50
-7
-46
35
89
197
-2
-50
-171
-237
-320
-307
-340
-295
-234
20
71
353
262
497
468
337
260
262
-30
-146
-67
-222
-226
14
314
346
596
490
313
283
356
122
134
-18
-99
-16
-166
-183
-114
-162
109
108
153
-45
-281
-400
-530
-561
-509
-299
-224
35
39
449
162
284
173
122
140
262
235
234
20
105
-34
45
-77
10
7
72
16
86
-11
135
-136
71
6
-23
-173
-255
-249
-211
-273
-304
-272
-414
-328
-306
-197
-73
50
94
301
218
300
140
89
195
105
276
32
221
-29
-182
49
-174
150
73
151
108
86
91
-119
-86
40
6
-37
316
44
181
312
313
254
253
246
167
-87
30
-205
-83
-2
-19
-18
118
2
-1
-109
-100
-181
-149
-202
-106
-199
-126
-170
-200
-183
-99
-194
-191
-569
-489
-513
-410
-4
188
396
587
490
676
508
493
355
235
117
210
-84
-78
-173
-256
-304
-156
-189
-85
-62
37
-5
-28
-48
157
288
388
219
146
-42
-56
-109
-167
-252
-254
-191
-84
-42
-65
-119
111
85
205
133
158
210
102
118
215
67
129
16
119
-129
50
49
-126
243
-121
-236
-224
-199
-89
-93
-260
-219
1
2
14
-61
-20
-173
-100
-489
-418
-215
-359
-85
165
471
557
664
734
636
471
320
350
87
-74
-128
-379
-244
-387
-309
-328
-143
-108
-85
-112
-188
-191
-116
-120
-54
-77
-42
-102
-83
-11
-63
78
45
113
-63
137
127
-92
23
-35
192
280
147
145
-127
-222
-246
34
-173
85
351
115
232
387
298
154
47
-22
-157
-188
-83
-192
18
-2
-22
1
211
334
70
270
-208
-270
-271
-338
-410
-352
-376
-526
-469
-638
-567
-500
-78
174
661
620
997
685
629
420
326
516
666
93
261
-47
-6
84
-340
-149
-611
-359
-347
-188
-127
-105
152
6
140
185
393
319
176
-19
-322
-451
-115
-61
-70
-54
478
417
201
546
407
292
427
205
149
148
-24
92
114
37
-154
-259
-269
-382
-132
-232
-35
-119
28
-54
-14.5239244018944
28.27605547572
46.9071240228031
23.3417118643839
-80.7211515727128
33.8893018094458
36.6643862787182
-13.4763802921059
59.1502086296121
-5.20778521142122
123.470804719103
-34.4182303752698
60.1433874779181
155.060643320875
44.934246392068
12.2793549648741
-27.7102334069262
96.6839720133925
116.624564186048
10.3781924304069
35.4014967058532
7.37042113338248
47.091950155807
12.0784582982441
-43.5162117119077
12.2632992560802
34.6383694647649
98.9613877919459
3.38335708060261
61.5363679938821
63.8588685604815
30.7578290432439
13.2991438928751
58.7973587830339
-5.81016958027253
-24.1545163573824
31.6578270095145
82.1497932961758
33.9875388800495
114.106636834678
-41.3823763905437
38.3634288585072
5.62784076584349
-95.3832605691934
-21.9489080456543
37.1651689570367
40.4624379550466
74.4856710050045
77.9410339774395
120.568231773644
-38.0715829503414
-6.83609425079538
-12.2672143300818
79.0932282027355
16.1758941025345
-55.9757724652385
-13.5982940830641
-69.4063742366591
65.2713084035953
4.82717808422427
-101.951517360028
12.5221837836911
69.9751026664048
25.9744698294571
-18.0425012447946
27.2362795958188
-29.5687957552113
80.9012225983707
-17.8963209945729
40.0114572760652
-36.7024698192117
85.1788045266874
-23.0569846029661
-15.9353699744846
29.1456769698083
56.8399917226454
82.9934838232672
97.8595215487634
52.9994514102629
51.2514927562721
8.76463689890507
18.990513431324
4.37451329125686
16.5225809813333
15.6614164531866
1.47283614164589
60.3415474460077
103.001023311269
13.0436382086659
38.9403961301752
68.2437676683658
7.22037088147784
30.7412723245476
12.7261200014067
25.3406428516627
-5.59684974639276
73.9761312659338
-2.01505906567974
127.477973794326
13.2501871285145
49.1562417438744
-40.8909705838343
-41.0847341543541
44.4204346024049
1.2859099251087
-69.3652415496603
37.4824935992498
-17.3834684462739
-17.7954301856981
44.8909954666294
-17.3772882068673
5.09807991247301
19.0741306166942
-48.8904324805034
-3.05884606451595
17.9902008189648
40.6128593642671
-21.7016647536601
-40.5846863218281
-5.88463173941868
48.6047323097362
-59.105161798105
42.0468137072555
33.4595632805756
57.2744541563139
51.9933038359598
-94.3302569030846
21.150114274863
28.1531648866662
-25.2843170460273
-30.8584006469348
-35.7306026390366
77.9049031956257
54.7407308177135
71.3738044013552
-6.67058852353923
-157.977811953987
16.9829701116256
43.1003159492536
22.2426468241387
-12.7682022647217
24.754907969589
19.6661787350018
-52.8108364225688
29.090554008471
14.0186988618967
-134.587133140789
-173.95464791861
-279.014890355945
-383
