-603
-72
-242
-132
-194
-72
-171
-65
-114
6
183
378
438
309
284
233
264
226
257
247
-11
276
233
196
182
189
202
209
261
290
57
443
430
460
422
434
424
440
419
464
199
536
448
370
-230
408
-234
430
-209
413
-559
466
-220
387
-298
258
-338
206
-395
203
-632
261
-381
227
-327
245
-349
229
-282
282
31
126
474
-149
-172
-170
-206
-192
-227
-204
-593
-234
-239
-197
-211
-227
-250
-260
-253
-230
-634
-271
-267
-185
-215
-180
-173
-167
-235
-207
11
317
318
246
304
311
318
370
468
511
240
655
607
544
518
442
399
302
231
126
-214
144
19
-16
63
58
101
118
205
208
-18
318
389
-134
-183
-94
-154
-80
-224
-155
-462
-151
-172
-126
-178
-128
-220
-177
-275
-247
252
-346
-362
-345
-376
-302
-362
-282
-306
-308
-27
320
295
-334
251
-260
349
-186
427
-102
144
-98
452
-132
425
-146
391
-140
407
-169
35
-158
392
-204
356
-212
354
-210
334
-213
111
429
442
52
-265
-43
-280
-132
-262
-18
-603
399
-200
-139
-171
-74
-158
-169
-245
-232
-613
332
-324
-298
-304
-292
-320
-307
-319
-338
-79
197
221
-407
-405
-374
-373
-363
-381
-329
-569
342
-250
-200
-135
-90
-110
-44
-61
-91
-486
393
-218
-244
-314
-261
-252
-244
-296
-248
48
375
344
-238
-191
-185
-145
-150
-106
-152
-415
388
-194
-224
-221
-246
-210
-202
-186
-171
-480
480
-139
-158
-139
-169
-189
-178
-189
-193
103
411
419
-239
224
-267
238
-283
256
-282
-67
319
304
-225
285
-235
287
-203
324
-176
78
486
463
-74
446
-153
327
-212
252
-282
-51
280
273
-396
115
-385
152
-338
246
-248
25
412
388
-105
465
-48
438
-36
454
-31
170
531
496
-52
423
-125
341
-166
279
-191
42
405
398
-195
158
-205
161
-201
172
-174
-168
364
219
-141
243
-110
212
-139
177
-198
-205
285
90
-227
127
-246
87
-237
42
-238
8
107
395
-160
-247
-189
-281
-222
-334
-242
-667
252
-333
-219
-212
-63
-69
50
9
70
-433
425
-189
-117
-238
-133
-204
-166
-306
-188
-13
374
318
-146
-329
-132
-323
-85
-320
-95
-583
417
-248
20
-203
29
-188
88
-146
100
-512
531
-112
131
-148
206
-125
104
-203
66
52
305
269
-142
-253
-98
-310
2
-146
-46
-556
300
-275
67
-140
173
-217
226
-282
67
-654
262
-369
173
-345
143
-329
225
-292
278
74
444
449
356
-154
410
-161
411
-138
357
-536
501
-177
315
-249
311
-265
297
-258
323
-600
411
-247
308
-344
181
-362
190
-396
212
2
311
275
156
-337
192
-325
241
-281
227
-688
304
-338
167
-303
209
-248
308
-158
385
-503
487
-91
400
-155
330
-212
271
-221
288
99
411
429
378
-189
293
-227
470
-155
521
-488
532
-118
524
-170
441
-196
410
-235
467
-559
467
-202
436
-230
385
-283
342
-302
281
-31
12
269
148
-469
146
-444
105
-441
218
-764
236
-350
285
-327
241
-350
227
-319
276
-611
379
-200
434
-135
489
-120
507
-90
519
216
502
529
502
-214
429
-238
376
-261
327
-649
264
-301
381
-197
471
-131
496
-118
515
-448
434
-174
413
-176
423
-167
480
-153
442
121
385
456
373
-245
382
-298
271
-370
201
-748
186
-440
208
-391
266
-330
289
-366
275
-682
322
-338
306
-300
402
-269
441
-215
430
39
384
426
459
-196
507
-188
448
-202
434
-535
422
234
417
-235
431
-267
390
-340
250
-708
248
-380
240
-329
288
-390
219
-396
175
-107
-125
261
228
-404
195
-291
267
-277
275
-552
401
-135
488
-60
551
-71
559
-122
469
-513
406
-195
469
-172
456
-141
537
-110
511
234
490
491
481
-140
486
-205
422
-239
419
-590
307
-336
316
-405
235
-410
202
-470
157
-724
273
-319
367
-203
443
-191
429
-157
414
102
112
484
412
-207
380
-191
443
-191
470
-474
458
-196
421
-184
350
-318
277
-303
344
-579
361
-217
421
-245
319
-265
319
-296
349
69
19
295
251
-348
263
-333
328
-268
380
-536
430
-218
361
-221
383
-261
340
-270
345
-654
375
-223
425
-206
438
-184
425
-199
488
97
93
329
338
-261
334
-243
418
-194
380
-556
367
-217
339
-258
279
-274
330
-227
405
-474
488
-77
501
15
579
38
562
83
611
272
179
496
375
-282
261
-280
270
-370
171
-700
172
-451
122
-370
224
-338
270
-232
376
-617
341
-282
284
-329
290
-277
357
-271
394
129
60
329
344
361
405
301
362
301
308
-64
307
288
359
309
443
403
471
377
454
71
433
332
373
321
387
253
445
413
424
102
98
410
390
-135
443
-90
459
-92
362
-538
346
-259
237
-260
308
-263
302
-12
-559
301
-221
339
-219
402
-197
420
-163
405
73
-1
385
377
-287
364
-274
335
-311
300
-639
334
-293
394
-206
435
-213
427
-232
376
-622
354
-275
356
-313
375
-222
390
-269
395
63
349
352
302
-232
331
-267
317
-241
314
-630
306
-213
385
-225
392
-197
344
-271
302
-544
293
-251
371
-132
364
-180
385
-146
324
69
88
466
307
-207
329
-179
290
-246
249
-628
286
-284
233
-276
176
-293
183
-304
133
-685
245
-314
159
-283
247
-210
294
-173
397
162
115
466
478
-214
422
-258
394
-277
355
-647
335
-306
364
-276
350
-304
365
-287
310
-690
307
-311
358
-284
386
-238
408
-250
353
60
3
371
326
281
334
225
261
214
214
-143
325
284
334
310
366
319
313
297
391
-25
387
359
464
398
483
418
469
365
442
161
147
500
-231
-191
-264
-216
-288
-215
-286
-558
205
-272
-334
-304
-362
-642
-383
-317
-345
-655
184
-241
-239
-204
-235
-186
-256
-240
-256
74
98
416
379
-255
317
-284
303
-269
303
-692
306
-329
299
-355
288
-322
324
-288
390
-572
402
-187
487
-153
425
-208
408
-228
343
65
72
377
283
-319
248
-323
314
-316
298
-657
319
-293
289
-304
282
-294
374
-226
396
-548
441
-207
393
-207
376
-200
455
-155
470
153
208
443
333
-96
352
-120
354
-118
273
-494
259
-159
257
-159
331
-117
363
-80
342
-377
393
-34
362
-52
330
-288
390
-17
400
111
198
362
232
-218
287
-191
303
-170
299
-506
335
-185
257
-201
257
-153
276
-197
247
-496
299
-237
236
-216
163
-211
290
-178
311
116
64
389
277
-225
315
-164
262
-229
211
-545
261
-276
191
-283
219
-286
191
-264
181
-561
330
-205
288
-193
289
-173
256
-188
261
80
207
424
270
-319
241
-346
237
-302
275
-572
398
-239
344
-270
261
-266
265
-265
343
-532
413
-191
408
-179
397
-184
333
-212
383
147
147
462
352
-231
297
-250
304
-234
340
-532
354
-174
390
-199
356
-195
372
-200
392
-462
429
-133
414
-148
333
-196
314
-239
285
84
9
307
195
176
211
201
310
275
299
-62
355
315
318
256
346
286
380
342
450
86
471
421
491
400
452
362
430
428
468
125
168
423
-279
197
-300
256
-293
210
-338
-197
72
157
-350
113
-355
142
-382
137
-404
-196
-15
80
-410
108
-362
156
-319
193
-250
115
97
386
381
-232
383
-213
458
-183
391
-512
482
-119
484
-102
516
-52
590
-53
595
-317
561
-100
510
-128
413
-191
419
-232
363
48
48
198
71
-475
87
-426
105
-442
64
-743
-395
-395
141
-346
220
-297
207
-304
191
-607
153
-293
226
-247
264
-225
311
-166
310
172
192
438
430
-212
422
-214
395
-228
376
-549
391
-190
436
-198
421
-216
388
-263
324
-626
291
-302
289
-306
328
-281
340
-314
276
4
15
379
311
-260
302
-279
286
-282
279
-635
400
-238
368
-255
446
-243
328
-268
376
-576
395
-254
433
-225
422
-249
419
-267
351
35
63
407
327
-281
238
-279
266
-264
293
-519
366
-215
330
-191
309
-190
310
-176
361
-469
-87.4002882397326
-81.04916247312
-0.331814210625699
-59.2098439392802
-1.23903090897622
-84.6742193742655
-12.4097589978123
68.6688580666952
-77.307179815433
3.1131753395704
17.7134009783667
-58.3690562539899
-52.8614977199664
-13.6668511242459
15.5446152162555
35.8522132855053
32.4752291271581
-78.8747872656859
26.0279233831344
-38.1829854588155
18.6465416996164
-61.2125458654065
-48.3907520998104
-19.4896749500071
65.0261028082406
-52.2925502313295
-26.7501562646064
-5.68225619786962
-76.2281035890219
-24.9456031144569
-46.670027667934
-2.98067471011155
15.8163406067193
-107.005620831899
51.5380220488891
-28.2166312412272
-44.4271362032995
-39.9625768102792
-61.5803530344817
8.00362179226727
-18.1359467031672
13.8351502575503
-67.6565062634131
-32.4674377752637
15.7079963652622
-28.7442453458182
-2.48190121667627
-15.3601035572052
-11.4424945774281
14.7256549555999
41.1407360620078
-56.8557416371481
-39.9999039262241
-44.3245816886297
-24.9719839293604
1.02918593490151
62.1005502539982
-32.1605089366103
98.6206102442717
-15.2197488463915
3.30020932280141
-73.9692625350013
-0.410522403321319
24.6880804252205
-2.02483236309696
-112.272171002893
-17.7108394106598
38.7819865795613
47.4806266634122
0.934916961686383
10.4865406886669
6.81554896434382
-73.5451598387624
77.7843473269611
32.7450604207096
119.291006920493
11.2534048906277
-1.03048497904955
-29.4512897154226
41.5686782578974
3.61838119193953
7.73213041854546
2.12934409169028
22.6160355206971
65.1098634423596
-49.8177681516562
-6.72740150382586
120.392541623575
71.6762036523254
6.68965247663841
16.7344769182399
64.5812906950123
77.1234161754803
22.1704141696262
15.6678342769326
2.21345210356672
-100.890257289567
-222.609582914889
-311.438412290833
-436
