-99.424102733304
400.555408992776
-157.179918578717
406.373316149191
-73.8649892499234
-106.716764287299
-235.772927978847
335.165686667491
-134.544333515222
275.917214638711
-172.794498306901
168.435183959183
-250.459149784271
275.463647887465
-372.32621006852
-305.828163225755
-202.612427950015
372.314624207296
-280.304651140056
296.720551244734
-459.238148096518
150.541309103489
-259.821681697961
151.948660304175
-147.357354192043
-73.0695165931278
-40.8451006057833
415.988729572241
-156.952771625337
335.838012709767
-7.57550710498265
344.559549332059
-79.5417483834306
170.603581175875
-50.9269635401414
105.441713733001
-350.259417859045
577.905460179545
-151.333606060734
585.289380253416
-185.894422794551
540.296162735659
-66.9452990259236
660.207787211535
-4.41382123116289
131.319211407624
176.140834483605
740.053424961636
-298.580681164266
-393.066670109075
-190.690852660555
-98.1725128318358
-257.817359427288
-376.325997861222
-259.938228739575
-581.837806963293
-275.020376078961
-309.184120745323
-230.599621812647
-431.582306190827
-396.213736418567
-103.437523931205
-472.080606492054
-267.609128289942
-492.257862047823
-88.2846554373506
-823.367219452222
-5.98440662700415
-380.913665978711
-400.557583549323
-162.440822545598
-274.785343480295
-71.6926229096744
-348.747838866345
-170.924693299406
44.6722535102584
82.1139675575372
362.537041846141
466.915055303072
450.236135726819
429.385149476976
558.178641758628
236.979603142258
220.04017435881
505.223519869325
102.28875315092
403.647847249661
382.914370143199
241.663889099727
375.29120151081
515.560208947297
609.359841942811
414.126789726994
299.298784081641
467.490248194127
27.1246422282099
488.060157232466
653.841377132836
400.981630513979
476.794239097177
499.291791101811
231.633593490746
472.030402633944
484.513978445743
446.751426754429
280.792246873458
237.561455302279
472.15802032609
-243.177019726512
233.282713105481
-283.912569683469
503.374629872867
-168.304949445409
344.713029264338
-331.742440640562
32.0146944680214
-109.654360786305
336.490099390058
-219.329434212729
107.318519610236
-302.070315821385
99.8297014758328
-166.907457822868
470.133081867397
-145.218950959314
-139.393199115612
-323.787601538756
259.85578796348
-284.350416354002
264.762781139715
-304.373689905951
347.290423186239
-376.380932375498
418.787924120518
-265.283069597326
-271.186799082058
-136.613852706895
240.496405852785
-367.015946940041
462.062113939715
-341.620174741478
355.149262299397
-388.528160329803
422.134654101445
-276.365186985398
-49.8419312857957
-91.5316195971029
339.092350670925
-71.0122721508137
466.88465367052
-101.848258596599
586.058959998508
49.1486549557416
396.497072495858
49.9976415466871
-198.331900808942
-133.739878132396
468.217359115894
-376.561373096438
213.521599120445
-270.615411915893
385.513680132546
-93.4484231900499
228.435998285583
-314.675846087908
-46.336411898308
-41.9438439708665
343.869645789992
293.988585466042
212.727644988981
258.154756627545
563.521729435878
357.672046377064
293.833961951563
399.282914333919
-83.9073495956665
293.012968052508
455.701450383917
524.238298052352
567.230420646537
540.619099987898
528.827740455433
522.04605038614
393.236487427669
435.518531832204
-40.8551437307189
301.598082451514
380.610449856297
286.124335636614
430.57447958463
563.391143240398
619.702151060049
348.78168453287
180.56328636697
372.781444099508
-98.2921257486978
-100.985082059796
580.335085744357
-325.046749001944
230.560065745019
-405.671448511749
238.21478310467
-368.4893377247
345.539958675072
-310.369144556137
242.016609141412
-66.8691856891605
315.354046228585
-192.773960923656
418.611035731456
-115.895564199339
337.658091631839
-209.126530652113
311.123772835842
5.04183820045901
118.304724374815
-218.82500163612
206.174180793572
-252.602843601519
229.095201949753
-205.079311288516
171.567965480296
-388.961934013412
655.446296047591
-345.42488110306
17.57146357
40.1965216816373
415.026052642416
-249.162815716374
-144.01287705064
-276.907380605142
-123.310688928055
-489.782681277742
-495.441691693564
-179.004541549362
-894.500481021413
-276.343482191993
-345.392172826439
-156.719873355441
3.48427578888936
-176.986424912408
-287.703651022659
-329.808184669271
-594.276848365694
-219.550624009904
-98.0134315377685
-243.941820228782
326.904659949259
-521.278360060306
-257.187704860929
-123.205760590834
-405.81415919218
-425.390960516104
-203.519919238691
-19.9298470292485
158.687233526606
359.0112200262
-303.096584262779
364.528878144172
-479.35540511604
121.264896696754
-300.379009124514
211.376328049889
-218.834709399541
-264.080934186341
-413.286970284654
345.108012892624
-224.934665000967
174.987020963949
-405.134665131235
304.695195263119
-240.326965898962
254.311155669662
-143.763250075023
207.234577286145
-207.179223814177
239.693883309106
-18.533377671662
192.658834794125
-189.606917147169
114.161642418286
-208.667490991654
101.165966528627
-132.504527583476
318.310126135547
214.300721813147
550.300180655073
-416.654679463773
199.490682323904
-287.672092086154
281.589002921591
-350.006064683801
255.979569027553
-265.775814129675
-40.9416771354466
-215.703727845803
360.440102784851
-380.028217620729
362.342661770195
-353.477927193854
203.454802062391
-188.796830297167
443.275768043639
-372.245386092813
40.6792521395112
-67.7273142678104
460.871623756829
-124.362439372509
256.67238800338
-234.949935776475
355.160352809971
-304.794094982951
274.097450345895
-119.268032647538
14.4163984142449
77.3407737467878
522.495696120204
234.185254932841
-109.780175734337
399.243635889427
-243.593554640622
331.666353274475
-81.2784593838196
354.995859262249
-569.649134540858
528.354163539879
-268.166977084176
342.652203074222
-370.678060097154
548.687718167918
-320.168995464475
472.555014245238
-234.390353083457
529.380094187941
59.735788558728
262.760121130721
-211.098592712953
548.620292819556
-300.968015795245
498.161556953748
-463.352788211031
420.58356510522
-351.870016893363
425.911567116489
162.100253463445
128.156919866863
261.551239909122
-123.5672124566
125.067276789885
-151.76226484671
428.5057353251
-35.7763630124444
192.660269269518
-41.1081245550815
35.2704430940151
-7.44282290261856
164.217374258616
48.1618411365533
212.168324865979
-26.0215965445932
271.040367048378
54.6390158218135
414.470961727003
-68.5371069981535
183.912093293889
-501.303927177839
301.85752330392
-196.381596931761
382.446280763371
-287.024952078352
177.349742789402
-215.123365317013
462.902942368809
-177.080122806859
-215.086107346953
130.189537033124
328.341207408406
-388.872165790769
4.10314009988599
-218.56578408593
-336.632899406044
-450.708510128697
-377.036654994857
-464.120003236373
-601.579398732653
-231.948221069269
-324.749806723322
-291.451441045313
-4.7253629271014
-271.834641807183
-313.071858618002
-287.471832103041
-263.072642426885
-91.6719184844212
-150.903908741516
-127.956274287981
-414.526246006244
-42.1336824155674
-42.4416292609874
-136.962942812624
-232.667595343329
-116.643781145749
-143.416465154882
-100.784030021183
10.3326165916584
-35.2461924799748
241.130643540161
-347.647390522779
-344.7413313523
-435.017667109885
-317.966356136037
-218.692474217443
-490.553595296376
-435.961232146937
-525.818119285331
-305.601558312142
-375.818950670289
-322.736089340742
-94.8663577416364
-237.605093141029
-277.122261920353
-189.142389347854
-285.821617564225
-69.105415305239
-145.925027834769
-169.22918793653
-258.004415128909
-457.558206480572
-215.03361392752
-366.976763796223
-265.117393731971
-150.610429805037
-362.18903225574
-127.040789554522
76.1410913357183
47.1872554359342
355.313365449373
33.8040301916807
107.054348675499
-59.8786591273092
326.075576700924
155.370592399745
207.418269098193
5.15150038549554
130.805638714098
75.4045103263758
518.819400212332
8.97291989049647
350.067290112418
40.0436035283787
142.507582367926
-114.637023169529
202.280655167504
14.6566551671716
-36.9937768086164
-27.428024027312
373.308930486469
-119.09874539496
119.344958793689
-3.74527183765802
255.495574002304
161.837594856884
64.6302509634103
86.7212639284479
68.0994010733855
-156.732623304197
322.932699679972
362.289352984285
-453.924975003589
527.293149150958
-193.583685306721
404.649386691553
-76.0517325056784
325.744199898453
-756.026595537956
458.048929600348
-430.252667133752
198.068724685904
-339.817962213651
677.458136790232
-355.115880333925
222.430206728383
-307.475644413424
381.666826144699
63.2672506315222
483.899088727438
-253.665033698834
224.583059578436
-159.871496225739
389.823364690501
-233.608318156364
305.275669982747
151.133729155394
173.288513382076
377.215107238522
-477.7130927169
374.099012466438
-211.573960693132
398.815779420488
-355.480482599833
508.51730594921
-158.316775680798
-204.078739732709
-114.200387091389
513.258233314859
-266.312811035852
471.857126771354
-218.03568781663
400.343070457275
-64.8522860105109
409.958646533766
-129.979129106304
-121.477340202553
-87.8751283867969
528.464773780839
-316.941185425797
469.265996274683
-131.886996168377
367.896680570316
-344.484674708483
443.430523192338
-213.634941829568
158.457108239029
32.9219722022964
346.657296152632
203.816643682006
-361.876612743837
426.469261238369
-208.144390673177
271.99123831105
-355.0904519584
296.705821549742
-732.220928328817
309.73591822327
-598.618771761627
238.096954149173
-492.117022361521
220.93683766912
-315.068848712176
265.922176486879
-498.909489011848
351.459925259594
-772.189688391196
331.123585979531
-551.35140052155
295.978431814588
-469.958957128442
315.846842042068
-280.881216076373
298.417484255846
-216.204314051448
514.28080308104
70.8829149107925
101.800136276619
323.219281113448
231.76861584424
-347.189210921063
276.126095349139
-82.8935548702569
369.972329520063
-218.30578577317
429.002114934801
-503.248299897407
1.11064876392974
-137.061727327695
621.580315208938
-75.4398995822093
319.223141132071
-309.875860139983
295.32553149209
-338.490523982364
-57.9625373863393
-643.868349668717
241.848564865615
-373.369495447786
361.729231529758
-312.499420378576
154.622867731309
-379.936393644233
256.732012990115
-205.327040950112
354.656466962652
-86.802713443985
48.2124500213128
369.165757629946
-269.920160964203
300.8179318046
-358.107036184196
249.223999167748
-130.341228810029
521.495918056592
7.16091741355746
146.471544741289
-89.4292656966534
319.893181191838
63.2573456046393
352.233436076554
-168.789601544508
352.084809678244
-103.258500425949
699.483760976969
-82.0063352669499
309.367814942597
-27.4111032189105
465.744921611198
-126.112792245585
415.394523312566
-176.401592341506
420.942092682686
-80.2875082516892
599.781004346204
-28.6704635642782
-217.852969308176
194.555550682134
405.268677215438
-330.357509302315
-95.8896951479595
-552.292357991429
-81.7871949450869
-322.631830862554
-369.712782159426
-496.899715429467
-484.877699291886
-252.870348945185
-271.531683328705
-381.015500669545
-505.183364457684
-277.788277432389
-312.657832990837
-360.826204910823
-246.723789475833
-467.656742960282
-72.4205683935298
-144.894712176782
-84.8754441115653
-241.019518206919
-67.5952354276604
-224.378147532706
-328.239583412212
-108.332962579313
-216.925784879739
-206.090974255484
155.261246299937
228.538337896558
461.582316893625
538.093569969566
81.1279072007758
366.178669036395
198.71890346375
523.964216478723
303.676544564108
500.533690212952
-45.6215369197595
503.044734831165
-15.0678233269248
382.206706483903
465.836574832244
219.713666559902
272.953512403755
479.098383392157
98.6311742264131
220.363012418147
-181.679046347923
12.3161271721914
268.681401202036
321.83919658134
191.276031898968
268.06452398205
160.936114027411
348.400736515108
118.326993247737
521.62372710129
8.86629274630337
232.374095009431
518.010788998059
-199.644123991141
208.344484413712
-313.456660250853
206.225978874225
-266.086638533454
29.8052955955106
-233.988800591095
-98.4329363518845
-221.721901335905
113.100366520072
-234.223660049467
-43.6614903470508
-393.650098069632
-8.61008232298744
-305.802950585281
4.79594935091988
-245.032721010588
-379.803641203103
-223.786636132798
56.7360937272173
-177.476640767461
78.3813297762077
-191.625834438208
114.098354468751
-349.677769339562
129.508160884582
-400.387143016178
-490.600420155057
78.8990477216615
312.868632166351
385.24414088225
-387.037355243305
367.836012721888
-339.511673818421
416.201809178006
-448.44257023697
456.088738548937
-414.729393629636
449.216315066582
-149.904934437382
487.801996335518
-118.039374724111
560.728285124353
-106.507801424978
611.488412565732
-213.717708574549
517.299838248024
-316.730121253303
471.806757535262
-169.601223259577
350.620402474314
-200.886593938612
257.239984838482
-379.531744754395
410.000547728534
-232.334382701245
252.554218560872
-639.70326271862
53.6678843506853
167.306351851746
211.50981077502
-482.522699540047
191.910583415322
-6.78689346073298
294.045893542599
-220.928966755457
370.596159138205
-497.060679463564
399.561729547602
-479.741177873338
363.513533743175
-122.463342824344
392.832579540675
-161.322066071897
467.528101901258
-311.666899776158
305.484948886299
-626.577559148895
471.383774006938
-365.646390202994
408.868310970596
-233.710686596186
428.732321242341
-461.348819686548
409.742077741065
-99.9846567566223
441.440343065256
-526.241100174534
-96.7414578774636
393.379365070216
-271.105526672215
-413.030214909755
-330.353994780342
-349.663766377666
-500.646582293729
-350.466208941292
-390.036049597749
-604.852423806055
-240.923347635956
-170.449824287298
-333.736942109785
-209.233240931591
-334.192841848913
-330.917622004436
-59.6939653508318
-239.701077788559
-72.6551159758937
-645.839047771105
-285.168879983253
-226.895969999354
-238.716676496698
-103.433480898523
-121.446335359009
-309.357725487422
-245.268991920832
-208.123043697902
-181.744334980115
200.571382554042
77.5921468642901
392.686322561549
-251.539557723863
-64.4184648655759
-241.388730069541
-209.167013737454
-352.84152993403
-330.657972210687
-141.992971233787
-682.711305820132
-339.366747953131
-397.09308477263
-423.608478052788
-330.237815755844
-328.643201624825
-232.189972067461
-366.061236067866
-323.24747297881
-173.631035297704
-502.548176687829
-83.6694858310966
-171.334251117597
-130.722964860816
-141.349290149237
-18.3344006481803
54.0273206532869
-66.5396749847021
29.5073210778464
-192.151819263284
-315.109024582624
33.3615515407817
338.891614294279
-198.399102263874
-73.9075659024019
-349.837124224558
-209.816308695066
-281.194292551515
-346.484864996818
-254.218025612391
-653.826918076992
-272.629204152842
-236.280522123813
-242.129585953951
-150.804379974181
-453.101021009817
-273.945569542472
-254.437934830337
-294.452843927851
-374.015291026527
-666.172322886197
-155.787300560737
-450.172808100794
-417.778446934782
-198.953948367325
-224.601802372003
-451.411185877702
-593.032265524132
-347.79784087198
-403.674662092499
-835.852409152069
42.6206112877337
247.145887425351
-72.9659959677021
381.550099892847
107.04357617273
328.716958817124
244.738842752986
298.930847893887
222.413115892629
254.012399426675
6.65576307318315
360.344416049375
125.062410149454
590.363681193557
354.275206037483
393.419423340383
245.72761375155
323.726715406553
138.665921518955
74.9818954028065
501.400857781102
379.143751121117
209.858122333956
303.466622023611
408.713263401535
526.484999334873
354.365513651256
166.88133300864
452.028495046286
371.176777161045
224.274554632272
447.225239583401
477.036555938803
283.040580640535
491.230838309603
36.1296533307009
282.576719103805
92.9587726011277
251.570397360498
-421.206964091642
472.251222364644
300.820715553484
515.892302780555
280.09468401114
402.072279974075
191.506112685121
300.117578610209
-25.5751733440405
388.749152480924
-584.074026994824
489.731608612333
-180.59036551805
364.300217934939
-74.9626240343902
276.69754807891
-136.654085227308
181.228988093781
-133.271751758673
373.747504021784
-497.988164246358
43.8854746221592
373.635477627298
180.000766544292
-149.157821873479
174.163782724719
-80.3153790701509
399.651111073751
-108.909793819625
350.891046097201
-402.268663099045
306.195470667372
-261.608377767557
305.785782066761
19.6859084032123
462.614908698875
94.6807276786166
360.548215084327
66.7303314869826
322.579004586296
-407.895776203224
477.327520587004
-66.7111098481657
413.51300845358
-76.2338942235097
432.17135649115
-155.418685790404
659.909546174823
-312.646260998989
279.475460355406
-504.220602303517
108.766564199043
428.903193931496
299.42546273548
67.7470308858495
318.342991451657
215.076954650632
410.153389703249
96.2511949810718
389.355141002726
-308.690758834462
290.146197791291
167.418084396601
549.224616024037
275.033710795767
212.940484174111
59.3969160162768
577.125048918408
283.002266629931
423.885880750754
19.2783039030767
-119.886387400412
291.389229674001
441.952144598716
466.785257738495
461.066931963578
321.929704894144
452.181956854316
299.010463890684
236.779420304841
-31.6014305213582
62.9154653177693
532.306424920971
333.657063746732
-279.986126490703
279.157735379361
-148.952006011625
410.004939269193
-237.279592432433
381.008716494872
-545.324871850113
300.96674710202
-304.522077143961
332.206522970628
-199.046435952239
445.471841584009
-80.1656382794761
517.882607762084
-81.4686587651212
458.721487460728
-447.898571295623
438.189738632018
357.569997589714
242.996933666424
-115.491404784252
326.527938331901
-432.077422252811
542.409296560897
-85.7156070982241
467.802521359495
-458.662891566991
60.5047628971537
351.676932453732
379.349333540715
61.35236693908
256.784444921439
101.058289437406
403.07691850934
123.084880919031
494.632275360066
-284.132073966283
204.032546864388
117.983490697923
432.390607296088
43.8741492795326
85.1137922412588
73.4388489060774
261.384359166484
-119.563063167269
-48.3493096510038
-297.582409777366
363.373136096294
116.062812457328
334.772029053441
142.40547497842
315.212829137385
136.498719279987
343.281215892568
118.08210236836
360.417557808655
-422.935649587916
113.102286564339
386.986066832836
193.718374867636
-200.136921496342
321.594691207403
-137.617468372079
34.6210371190215
6.96739075909895
657.285258421124
-453.552794292498
388.935998039359
-17.3993807150602
259.645370979393
-160.903390306783
296.373449504773
-46.4172526110494
209.255748723767
-90.3357469118982
451.330423686674
-438.901767323539
406.314791301141
70.440534932339
387.850483031517
-29.681367528596
444.252790815699
-136.660464203272
339.594597016172
-82.6741322249146
267.400895743552
-430.516750872856
38.8169063011964
119.570490072436
-256.318673698692
197.481994811962
-78.6458522481075
202.984171397845
-415.308023152344
132.181883721728
-257.662530803582
-222.057400802163
-292.026087407948
19.6343670101262
-319.444429106848
125.270707782884
-196.793252795354
93.0553951616989
-247.487475396264
126.459083296167
-319.533194803568
-62.989734129556
-66.8054432476895
90.824822996606
-300.113192267681
85.9592953474277
-127.77784289363
267.19075949569
-68.6802811062047
145.908060654731
-259.000850826819
-356.9692479282
-18.5864195974468
423.352633169209
429.776563726132
65.4764933546475
319.155750621487
41.0071293917946
444.376716804863
31.8811972318305
368.1102038721
-222.146024937799
469.336910659062
193.065941997746
264.073981739123
-57.8988998529394
284.153211376995
87.6432606689567
231.062692611102
224.270073890764
331.895883606227
-313.175425205275
297.813502241985
247.042752212684
374.023398785609
339.331894342715
310.954731924905
53.05766157789
189.074474277187
109.598674875225
1.63526451126432
-340.445930025513
-97.4468565942214
450.84994442455
84.4113347342178
-408.209598806528
225.980979886647
-250.299996781442
452.717837540412
-35.9583753867066
391.793338629219
-645.591744176542
299.79523962911
-232.230351583674
560.939598324986
-252.421904339066
376.836965652083
-86.2972554930969
614.772220939999
-119.895782028
607.794790542668
-422.211662809391
-4.72848150679147
-95.3594819682704
264.079084607654
-317.340986461501
396.589293771421
-194.994565416942
446.064941922122
-380.5395877285
326.048971270395
-598.130050242136
210.30815846653
557.252261926688
-222.050572048212
-98.5278753222709
-318.30545704091
-181.461825250874
-319.697171890843
-247.302007069044
-325.332636017349
-521.279311208855
-713.742842945266
-218.403071149222
-104.366254255085
-89.6707497906375
-217.0276381391
-98.8134243694703
-132.757398666459
-107.562450672634
-13.7964781504713
-467.014493471104
-250.188395688575
-119.874584758413
-130.923483301273
76.1782435857423
-99.1955819751625
-242.049893396589
-250.420209497914
-69.3980660668071
-169.154048485688
-510.081259222492
-31.2479222746606
363.244790007413
-414.835522646909
-417.508549444526
-406.429953467377
-416.234586223653
-440.472089152358
-289.155699901913
-635.191844385048
-524.046827930851
-378.210379825967
-266.971570433658
-187.905162583391
-157.417032903826
-350.061651540443
-320.002872839832
-379.032835484636
-208.562963030221
-65.9559313936323
-334.231941691797
-130.057687926563
-126.481863645815
-200.629305517537
-39.5426025149265
-41.4622966536117
-252.786615178307
-123.653339228477
22.9190105356041
-70.6004144581516
-348.942119268637
325.502749718586
717.449940911831
-153.33253287233
-247.556692914837
-189.937880265941
-279.13633355055
-372.399330196514
-422.393926022149
-436.035025727948
-784.348872424954
-570.637359847493
-339.222896348681
-513.879098438414
-410.230721249439
-229.312165813743
-265.665843087354
-359.818137106492
-501.029170903552
-220.598229555979
-635.632575914071
-461.128301024402
-310.969220914357
-446.285467669992
-195.022571568194
-218.81075455101
-347.770954256471
-175.69672745949
-341.228072458805
-203.04210942608
-420.465784710799
77.508613900739
549.454255891997
-254.454499265781
-226.977369521452
271.699276809545
-382.869997089699
185.354813525517
-388.976293376618
180.274613421143
-543.460313328959
313.310011547526
-322.27517412611
106.642357921282
-248.608168495381
292.138960041077
-294.794607894557
309.969611092892
-104.336414197162
203.036046568795
-553.993659710884
-149.396335028469
-271.017159907785
517.47234715928
-188.229612865488
368.19333391034
-258.292055123292
509.879269820302
-152.278177027148
478.904020324099
-210.479258857288
275.871307217836
378.026925275859
-231.694400353199
-221.593406602657
-66.2867401900242
-14.4616832251935
-158.463224428413
-343.587713302416
-322.696891112825
-549.008626700555
-204.322836070106
-70.796832486419
-153.06176643626
-217.783890709589
-220.459658441812
124.016932954007
-79.1648798088387
-413.337884999128
-264.956935396865
-318.068678451559
-336.828571908744
-220.4433761914
-154.754073176935
-172.169185551713
-99.0366586170142
-100.274471807686
-330.604977398576
-281.505901474771
-666.503767431628
-501.811963385114
41.9202870674218
265.163480602186
148.46161495887
-345.134685907294
209.111125649556
-354.165434632347
231.340415793509
-297.598026775781
388.095508763453
-486.571572716494
602.517002054746
-253.686545067978
519.792871476589
11.9046557506038
503.021310859206
-149.648593754628
637.781273719784
-42.6922360773226
448.187524840289
-454.466760484569
562.560217966206
-249.746581626928
446.316747278263
-167.298423495171
299.768904956199
-510.036395759152
200.363844677067
-276.092535172554
449.862522747811
-665.449649397085
-134.690103663276
182.938916008102
90.9571174952497
-359.638299980554
122.257303035866
-402.297901455025
57.4528347060975
-511.555668859464
215.365470517631
-523.524945271727
171.303382822986
-347.017413677986
182.113979851531
-284.548495946902
417.417415424121
-295.139073272889
443.1296440013
-273.385400848675
416.374275043386
-604.813351877952
457.915383993971
-285.93374960823
490.444979771792
-472.131067131938
341.614245104164
-159.340177991761
624.829705949624
-285.155769707853
393.132090038385
-514.857234966781
83.2711395030563
-15.5965517899547
345.108367657373
279.85652738317
351.444662231363
270.877356468596
176.145204631084
262.599350713009
320.154457079945
-229.091237304378
424.20924510729
277.857233310644
266.354649162677
369.756537336402
414.53249500827
190.961112904054
192.161322142432
252.924032911626
203.450905759046
-73.3932167682258
506.58173611776
328.998453646694
314.382313908797
306.369076081305
388.82627713762
257.822671112088
148.141204641558
165.955363951602
306.566228702046
-237.508399080458
159.960753663629
368.142225383323
-190.08934455255
252.823434145515
-309.053634209428
220.660967707427
-78.5349146416164
173.876437385304
-106.82620596178
-132.079785810787
-36.5373184689486
106.355407818537
-210.671948701246
150.391652054591
-448.927491713014
193.526335008377
-169.794542846135
207.627177416933
-313.285641914027
-213.226629440265
-325.670818876585
257.657887134592
-90.2720183006167
172.859232469737
-324.758004835841
313.291999773036
-158.774821058589
544.195408100517
-194.022272665764
-121.215888573367
95.1709883657196
361.457793385365
413.990641078609
501.517712054905
348.737423091052
501.771825985812
287.851533164618
431.906850571678
396.542769572424
-145.765066163568
75.4255014373233
333.100332506558
102.63332728233
270.215143571997
343.652746721987
451.182373064269
288.032322300612
308.308660698299
343.03139227949
258.178597728421
258.775846942768
375.899422761245
266.402162867454
431.680237209838
337.3552274941
376.088845553334
501.314041013087
728.794222057594
368.270597058997
101.694851066827
245.745165666868
471.428271256758
428.174672039155
-432.958499634562
415.711740925945
-434.926037556289
517.227766775268
-203.707063950812
385.769786544258
-528.033621487312
2.4984738171881
-150.425221989706
484.164024223861
-238.376394740257
411.618790575713
-110.088321192056
377.699739283754
-322.415256499974
502.409481873533
-680.727380423108
230.087744689353
-347.276138721362
168.538227667509
-373.970724417419
140.284889990952
-294.049468706535
449.756953565112
-412.871971633856
360.192119111558
-607.025205800134
-1.50241959879502
316.613585999417
-166.43615895259
136.601387281175
-204.891815929329
161.940998408324
-407.973397337662
-308.842026328269
-351.259038313486
-130.372061056464
-286.900119913401
13.6797977900868
-357.596037579345
66.4860597139833
-139.793560097759
164.982361760095
-252.530182673937
356.902596113336
-259.959176026147
-217.144457712143
-417.998889847356
179.764745966489
-199.134583279327
139.914541888537
-184.92197189697
311.102628895249
-135.577044432498
253.137943854882
-367.793810274296
-82.1450367559783
-104.980568901326
432.04072519815
-183.642293065037
-429.31420883371
-187.327308935422
-168.390093744663
-188.737902686714
-442.852210267837
-171.188823506355
-806.168983069428
-388.892336860261
-221.959551446753
-199.760677053821
-448.922818303564
-403.525245738661
-339.068475361909
-291.900346288701
-542.651906561261
-334.30242868503
-175.697248861268
-536.449400125428
-396.722710141067
-161.26025726355
-281.899732729779
-250.005151741793
-433.004689466784
-153.511196574526
-397.586757349046
113.846985028556
40.2260256045425
264.936709967536
188.277562146541
57.2647510165698
-188.374862058484
-181.202853050216
-206.19732928969
-228.611651473626
-187.527035558676
-367.957261495121
-687.070628897918
-428.986807873185
-402.473280697875
-318.12708642199
-310.176764267591
-220.891523018955
-412.926861943799
-365.738239880232
-484.019801281108
-342.458960706039
-627.929781205215
-518.92722348806
-825.195969042265
-357.594628088533
-191.013712285495
-214.142604345301
-205.384946024011
-167.211533695317
-168.730378740426
-242.026455047688
-575.55868564497
214.754720594001
237.549383061317
114.500792131373
-269.045616562871
322.873764645123
-189.506902348725
408.019061761373
-481.080641175712
290.916900056604
-520.214538177513
164.732315120878
-305.579830918695
209.666038534537
-533.841406345486
149.508119667698
-439.231057405688
283.761566461015
-369.032580407984
186.488764180087
-632.505601683697
72.1709218338292
-96.0383072539621
348.8749233656
-280.528732093013
331.512919395159
-299.979163610179
563.779414554215
