1568.31833738839
1188.10569964765
-1059.7847941653
-1982.63153526959
461.27748985368
-477.230738069615
-902.637714974791
-60.5913949917965
-1852.91188447333
-2493.66867044068
-2320.15867574488
-1525.12940763058
-3127.66889714773
-1809.9604785378
-944.662712466989
-1337.78572095739
-1990.71980419191
-1344.00745781056
-135.602078001946
524.263851381251
298.32984181684
936.078253997527
203.808235096527
433.407523433167
2652.14709067927
94.0329487997604
-503.587362324619
-2206.46629623892
-753.161648974865
-3030.888666063
-2702.28216362192
-4461.50165468783
-4102.64066195254
-1631.74112541912
-3033.8521839041
-2527.68280270892
-2112.05960060377
-2703.69733373211
-2512.6902921779
-346.116803272974
270.214988273674
1117.50023881369
2125.91232340357
1042.13960057974
-493.562468779596
3061.1370208422
2057.24875995587
1903.75000129521
2892.82311073834
2575.86289591319
2540.19248520472
1263.32387648635
2301.32594132721
565.629167827358
-2077.52378348997
-2024.58902903779
-602.647794458179
-2600.90662743392
-3428.46228095277
-2155.15622701865
-2202.52305928372
-2497.41526749403
-2628.98214396703
1480.87837008945
375.535115818146
142.149788459988
1804.03047606542
1734.20719634548
504.810756193888
2762.41737027754
3503.05414547842
2919.66943585006
744.218170231926
3001.44646671075
3347.79771059369
732.061548549988
1993.96890734362
2278.30190772619
2096.63102575688
1114.17566323729
-803.991574707819
-1026.45065337369
-173.071748416978
1605.41347632862
568.913528612383
2818.28070791701
2146.67889327245
1658.88484247848
-1195.84291281317
-264.691020614933
-2872.86178626958
-688.229170353664
-3188.30100332615
-4110.06225147387
127.306741342156
3243.48448336161
414.280132232651
-806.242799841404
-2215.63788037308
-2227.76347586154
-1947.93655515045
-3498.85118734283
-3041.07769880416
-43.2648048048116
-124.899038311174
-828.947231394963
2910.71077734734
2845.92125688869
2817.33776366804
4502.96773392047
4735.09114291278
3477.63762417379
3579.72755211036
1099.57190099417
1425.38785902052
487.524141591756
-2095.11392794964
637.386117551648
712.293062391634
-189.153362098969
281.718643606032
1112.99744655763
-763.095813169966
-1404.17184255349
-3550.70738595971
-3534.52330512543
-1295.13004312683
-3374.18512112618
87.4676338072506
4764.45463308669
3847.51225103127
1550.42447938836
4020.44602347885
4408.18679127948
488.610991531899
306.311559961596
-1640.5408206118
-1286.69163507166
-961.028045997564
-7962.68083974452
-4200.61997730674
-3223.32524327442
-33.1083978549404
-776.561666925735
-3591.6474709587
-3149.74533806408
-2899.60497803884
2392.94956464264
-697.18920005761
-6786.59294490518
988.53549236708
-613.336535139611
-3253.66626494884
-1775.54789108057
-1225.61994622367
-2867.29447517932
124.377544723988
2998.53847600749
3218.77823514542
1911.59187464002
4027.96315615897
-1618.36149151456
2294.74705035934
666.406794531714
-4540.24825494361
-2724.2282939359
-2414.84851573179
3630.3826766317
149.265341678103
-2429.35560656719
1741.66265837721
4870.11958029742
454.57509483893
428.570943793952
-1439.29198409928
539.517509903553
3319.72804960008
3683.38902962925
-13.6613483655526
508.883389680913
6306.10888414253
2891.9527792622
265.192399446934
405.033748790937
2197.36675868329
482.264560830127
2267.69692067147
2216.59874621615
2598.11689003084
2766.49919649777
894.375360867637
-85.0358734193883
1871.66176252252
1485.7220836709
1446.68581168437
804.20604166752
541.151508788374
1986.32985907111
1671.85649819931
411.591582485663
2411.38716520454
3311.29771203534
514.678348437757
-2924.73742321068
-2402.3515983723
-4082.36668716794
-2419.43891156817
-6292.22128691562
-9132.07591052376
-4245.16109891907
-4538.56199003826
-4343.05602874059
-1518.38176371487
-541.087163398581
995.392496038091
-1695.91377648886
-2997.20140288033
-1082.1085132783
-363.497842313455
-3567.23429454444
-1327.51072285037
1412.97673120561
2938.34335486305
569.130552156154
2602.87584470359
436.817992269611
1252.8133103376
5562.44965896325
5200.01746757453
3385.83476211513
2755.88919698828
1151.5011212678
1903.06448541675
2979.35432736304
4875.13581574559
4104.99357492832
4347.32285457998
2275.39562654328
3781.52945388557
2526.69226340341
2032.6421678263
-289.03262388335
1723.37758773284
-3181.27410270032
-1224.22831371078
-2392.14721237172
-714.559866057262
252.580209404224
769.941078552302
-545.080212667048
-819.146151948296
-3591.91490363845
-5384.68189800697
-7434.14983834364
-8385.83603261537
-7458.98096431513
-3680.95568961214
-1455.54792063784
-4847.80027686007
-4604.2305874101
-2343.69633242914
-143.164772290404
3230.93769545
1611.49298515196
2687.90592980103
4680.14999663788
2874.91545289052
1978.27951006466
-4089.63310064418
-8496.31614037387
-2210.41341717912
-44.4963598813931
5998.72939360068
3005.12705303041
-788.633614824688
-1074.50316088321
1135.33526432555
5412.07173891227
2514.79732598985
-4764.62170396341
878.172675425627
6251.17331925582
10032.3735938794
9822.64703775348
5342.23409840104
2095.9743951211
-1067.75072426826
-1189.85903298325
-517.488291812337
-209.954951203881
870.581778195413
1184.04138810871
-1156.42427797451
-3133.28537847661
-5727.62096867392
-6754.83867231478
-7787.96257800669
-7218.78838338409
-2750.19855428861
-3994.40537031745
-5939.07062430744
5470.83633342199
3410.80320714969
4751.94365537017
6869.83960138059
4192.99105787756
2995.81810496362
3631.58900067629
3919.50843189231
3239.8074583586
5211.68295132236
6412.44585322089
6489.60320684826
3867.80814608125
3703.74197832694
695.972768713166
-2645.92720624763
-495.135633124346
-2624.90614024606
-2517.23917060617
-4336.11108533511
-2156.49944210367
-336.416658628731
627.998266666902
-3197.52588600369
-3649.14839901561
-2060.73156646858
-4175.75640153817
-3159.15946107364
-8524.6096371567
-5463.67939289553
-6308.8680034392
-829.262775256837
-1497.22448234799
-3954.34703386452
-5978.97774148559
-4189.58637426412
210.480703221398
1241.59158433078
5187.48732640828
4858.30042823502
5777.94860907134
9289.14061649702
7262.64395299724
3857.24429384799
2890.6941794013
2416.13838157213
3203.82467885694
1571.7156612686
465.767653982063
389.383480379321
121.656658253579
1294.02066146775
-1199.58968741411
149.03382812232
-304.451625948714
-1616.76917070778
-2555.90007953518
-1404.87191605789
-2692.17476438351
-1290.36127486047
-1615.45539555847
1379.13170995811
-283.202387241767
-2176.54005451385
-2197.79121347314
-2929.4849209224
-5374.43289643375
-3894.16659863367
-4457.65982758927
-7132.35554659545
-5336.84277976472
-442.193903448652
-1029.63790097762
3318.07559008467
2714.53318041178
3025.0991231661
1014.46328967705
-2048.01994122233
-4229.92523202692
-2769.48775849558
-1172.76110427325
-838.33063027148
-2946.87075663414
-3202.42443514442
-6332.32415642151
-5404.3275076409
-3627.22358843825
-1663.69535222819
4335.34958369399
3552.0132513289
7399.69620986266
5072.99576957635
1494.14293941512
4033.15788378413
5682.93075006295
4039.70924917306
1046.79028989524
2582.41555665444
2035.78643229128
5232.88985561107
2160.37570086444
5122.53825508975
-14.0098224546065
1841.35597255525
-1435.0632701094
1940.767750966
2016.54031125269
1669.55319935463
2750.08819261039
4045.4446832967
3255.5438498149
1557.13502786909
-520.647308203486
-947.19717961298
2276.43609475842
1930.84738410188
-1737.46540278648
-2395.23308871884
225.514757238044
1529.60122981991
-3705.40496906871
-2662.2976931921
-2673.65702759531
-4548.4482442511
-904.287366635676
2026.83106828172
994.455034938348
2475.49290709908
-364.905330479007
-2417.82902941221
1155.28860600441
864.073449695558
1874.52293163644
2348.2677828079
-2458.9076673587
-2322.78504354028
-85.40680132608
-729.183890487999
-2470.21131326764
-2691.39659128506
-2728.39229255369
638.022720020901
2272.42716702451
3088.27075005353
3089.34232371131
4019.78012006956
3500.05183821925
2821.13075393357
2309.07452382339
1061.86889614971
-398.531075194965
256.240772642407
457.49813987804
-234.074829792208
542.59645639432
-1103.61995140341
-3106.6718342653
-2418.183380045
-3330.17461969603
-2107.29804545093
-2994.71059451518
-1569.02083021245
-2053.83386777141
-4037.11865274988
-2165.43683562644
-5101.36378654942
-4005.10911042073
-4949.61552537626
-2091.52998724202
-901.101531524693
-5113.25059552133
-1167.58556821074
-3575.26575574709
-2732.36306351107
-3235.15042272392
1848.57019830651
607.176140044039
-249.575373720343
1466.68166524079
917.474005743932
1070.15848517731
2109.87837125093
2005.34570216914
1022.53384382511
332.283632912463
1251.57118458821
-386.602138406617
2645.4893017495
3026.61941603412
3158.29028713177
-1358.32286860765
2783.93577033298
1984.80997482691
1312.95343826193
2006.37779893104
2559.6007618012
-1852.79863519923
-2321.19262180203
-2409.02504032981
-2252.54164017177
169.105091045893
6847.35241219827
2027.67669311971
1461.44179307064
-11.256776230644
874.828012274489
427.025766622492
3683.16005132917
854.23136810123
2625.48451839322
2931.0323961667
847.5559335728
-326.094980526596
249.873327511369
312.559399857879
1469.08714440573
3288.03263952285
2766.28366632221
3610.41172463881
2866.196880594
1693.99885788559
-698.013771692377
-1429.40927427625
769.242454688055
456.570808184333
461.094550850241
-106.006691760055
-2393.58353608685
-1362.21703567651
-919.868588738533
-3290.06029436412
-2533.89351011832
-3008.6971409485
-3683.68327004551
-3235.88923603675
-4206.5504309936
-2698.33870315226
-264.099206236616
-753.305917651798
-165.58670753486
136.501567447371
-20.1907654029368
699.08555940463
-1670.0056790625
-1583.25881169917
1970.32346378059
683.709543478217
4.98358099437644
699.233564510321
174.793484554456
1464.74428092772
2831.07912997957
4087.95607571922
5044.54768565586
442.214456730727
-1249.28567105309
1965.13368231566
2207.92298424489
1393.43686444106
813.150383589768
2124.14063973277
1640.66276415816
1355.41017112821
2073.59651621477
1537.79973720137
287.751663671408
1048.3453296952
158.222042275085
-3035.57744604038
-962.946002504735
-1084.83747716383
-168.778747005709
-1325.50753340906
-1052.14819721409
-975.690637715505
-1887.50220946088
-1231.83938592747
402.086758533552
244.538518185839
-1568.80714776936
-1800.25033600086
-2419.26381009762
156.794762921924
-344.652532070344
-64.411989347552
-785.961343565294
-1701.11722828842
-1291.00788795387
-1140.08550249548
-162.551911966555
-1177.44394511135
-1275.36714742954
-304.224228558341
1156.69076957617
137.21742059738
-412.232789488953
-604.307077428904
322.430181978577
487.622188329724
-35.0594886614916
1121.10903068262
1599.13129148013
-897.652183844424
-734.929578122957
-315.464269834956
303.200155189549
-781.246078889845
-1059.45879910655
-1977.77807914284
872.757247312901
-90.5946376919273
-50.3358343466892
-499.940207323071
-1274.69217723528
-725.185366861139
-51.1116526110378
1301.15776143484
536.234812557029
671.116674555388
920.099629485965
1066.82182865803
-393.690601042207
-558.801339387082
158.842752463975
839.190526362483
-493.300392154497
-936.001166683114
3.34781183519368
-42.2049444676665
603.611399596293
1023.50782021156
2350.07734675789
259.620919251386
-1190.35700684061
973.820365893717
1296.61288628696
1020.29767900635
-269.075057634374
-96.8898975071701
111.274362681976
566.30914680251
1165.01390132573
844.132471824896
218.871397023719
556.974147218003
-423.205014141163
-423.58710803729
-469.65560969009
10.9128402180839
-111.790842720981
-920.502945191919
-588.063735031183
-2818.35116970211
-2188.39303146614
-3984.9295296506
-4432.821775375
-2160.25560122481
-830.1053156636
1080.81734746937
844.559141692862
-1581.06600617953
-702.195502757566
508.952985683359
1878.42666048254
2046.68671486078
-212.508523829847
-5504.56169180412
-3386.55651427657
-698.931153324214
2598.77545247466
1594.55671185236
3390.59324054798
3498.38060330022
1950.794261436
844.303347178393
2682.68114894586
2123.36411853031
-1136.61111976467
597.167717487716
2556.63472938603
1328.10907755734
1974.90402715179
1611.18477099595
2919.71268629093
2095.57591792528
785.190054499299
-540.766198344034
-493.287439501547
-82.0543059976624
-2087.58670779322
334.274359188315
180.970436769049
696.086461730338
-14.0455519975794
-386.268041186784
-811.874595569902
-2370.32879009399
-5759.84179188632
1968.70195844404
1278.44817098976
-2576.77295266055
119.106192089174
2029.70380874892
620.002900803801
1325.59572029475
768.778866142388
1132.81143509838
1718.92991938092
3486.02728614183
1139.13770851293
879.562311890986
1786.69044293947
-429.691445863238
865.21409947353
1862.1422349297
811.042578555757
-691.682227481787
436.114425948251
266.377414438235
-1068.89890069224
-4522.49151184373
-4122.89004373922
-156.331309329839
-300.56773558502
562.353730362017
3014.14885173865
3183.12661220166
1042.58733776872
1617.20960593268
1937.22721920518
775.00211843657
754.481918262913
1194.73157277595
-1818.0907745998
4497.83859639527
6436.20283072075
3213.24728762751
465.433048229345
169.999610203037
-49.2070098268272
-103.441678770987
-2902.24924833842
-3052.02346323333
-5200.72727953221
-3630.29786675562
-2558.85325098486
-4513.67994220537
-4882.48724907698
-3177.88339236852
-2920.6178229987
-2326.60114733248
282.627801794292
-711.074394323388
-2348.79015184148
1603.15725752645
2151.82238359611
1888.81236865593
571.971327134831
2210.16841608396
14.156613387989
530.227660106414
245.328746786165
234.312103709457
939.702720350992
504.06173058678
69.1320432055974
786.188337311718
110.14204189632
30.9837444318403
241.413766312614
770.095549806124
1258.34500067355
-13.5265602095147
-87.7030051744391
765.887132693028
2044.38692311422
-1292.37094528628
-609.723591098207
1827.91460517641
993.601420378546
-390.387083317046
-687.729527124024
-336.32290081068
-986.88510794444
-531.44485071558
-113.374536043406
291.794188926791
1098.5402776342
-1724.10054256638
-1600.68063248537
-1982.39534948468
-1967.88169799473
-1200.44068810761
-845.90301188249
-2262.1128025362
-2176.88673450394
-1052.4518109528
-5.65559076113641
-747.149500851947
-3543.29975865116
-2185.91312399049
-3420.99656398277
-2450.29713958401
-2333.1256312447
1330.1209973535
1002.77558489798
1407.1699910532
1299.02242918417
3000.5337803165
2287.93321148919
1428.79916022971
651.547713039069
1058.82835850418
3199.84201064784
1318.98537702688
612.487862275424
707.361647355127
792.063964068883
-332.737706647163
-657.19227901887
-312.056854235786
-210.058374589299
-932.192022685791
1684.41214282975
602.538785366925
-406.36531815413
-621.296852204284
-1329.55272714403
-500.471772180802
-529.942802578282
-323.0504664182
-1827.01812195611
-3616.28674083925
-2852.05884373089
-3154.55318380824
335.463833213071
2419.62747629301
29.8110512494625
1635.2535094611
2882.71282460622
2405.56639927369
1556.1158593684
2694.11717147913
2415.67753029857
835.404435995677
1331.60648804212
2264.02962616074
-53.3543497635612
269.313410742713
345.121757020207
1327.05601651914
-2571.69643176077
-1880.89891498637
-1851.52965369246
1036.1653412409
-1012.01290376343
-1542.87433478552
-3193.59093230268
-2095.74117628691
-325.708581049877
-1128.92843455135
-215.139102551991
619.342806646065
230.78963483831
269.308248131565
98.7339447120382
1200.39740339348
-939.65557095385
-1042.84023815165
-1708.53476714575
-2445.88461633289
-123.943056260479
1155.72153585278
220.898660335448
-633.261517354826
4697.84312642333
2119.40441146406
548.905917844818
1743.808337267
2549.99442060014
3278.47710276366
-56.0821841280033
-263.399283803353
-1469.0572161139
-1008.78590007408
2224.08683043346
2518.12600297751
809.547477009021
2040.41610078301
657.391483917795
-898.225837707383
-1840.26273984941
-1611.3740238124
182.341343980624
-1183.72618872387
-2080.01466570602
108.199570846174
-1498.92593947387
-420.907795376271
-2500.11185465699
-205.813454569311
-2379.56579198368
-3505.96102895239
-3976.77610736672
-1047.73711018504
-1072.10913045256
-1824.72771122868
-2283.81919547911
-1300.91922937891
-2069.92900865814
-132.244798389029
5.36452209826666
-587.835840502978
1974.43222069441
1838.8510575417
4681.36055164077
3788.72995883153
2538.82655909197
2607.36334358423
1740.61956723221
1469.35600893844
13.3194993610874
-3187.86220323685
-3150.94383513291
-1216.6461294483
-656.909675986666
2638.15772951024
5141.07605133038
2189.14975379879
2500.79487415057
1208.16699241357
2019.10636649729
922.876006226837
-466.157720362877
-1614.50386511175
-1788.00784414621
1081.87023312618
-509.229902068106
1156.83676896029
861.814162986105
-786.423471110475
831.815631276763
-956.304742522069
114.749157129831
-527.009582675682
-1292.73185805492
-1401.25198172019
-1410.86268471037
-1563.97621343968
203.875176069605
-594.979452374218
-307.118674996761
-338.076638492195
-846.758944581743
1667.6447865726
-858.413335711664
462.942827117178
621.761306039996
-475.084111298221
1851.08390148933
735.594565500188
1408.92516744626
-457.863580709701
-26.0815790718099
33.9716310174153
-858.028693162107
-2593.05751305068
-2528.05553691579
-889.144540660663
-253.411456931698
885.832508966814
639.154087150842
-383.92365185602
153.680527594335
-283.526254881112
719.294131469791
-1339.63028633636
-282.593654474132
6.58492206358878
333.438920114619
997.944414712515
-394.306652573502
982.303534253101
-190.010779546316
-334.025108830028
387.572920081602
-772.574656203178
-508.094446312535
1204.29431249387
-1069.7688106108
-231.872163786684
-324.623208525589
604.572212950791
-188.748953596426
10.7564151330097
901.185838827615
-974.899930497403
-1477.99604709134
-1718.99251030791
-2292.41359396182
-1670.43441000758
-1074.80620838676
1254.5278579086
1982.7295035543
987.832063312174
1361.03925277128
824.003509035392
-32.4862014054172
1052.92340736045
-74.2660295378947
-723.254185541411
-1384.16173736619
-1971.94565473114
-2324.53639199629
-1387.34641910077
-1347.96587464013
-1046.21092591427
-2113.10639967445
-848.23236376619
-1079.04631489625
-974.834707729218
568.134540256872
-643.907799048235
-465.798219184228
-463.227447362719
-542.32629821024
603.816059481081
1314.39860407805
786.891759537594
783.848867878809
2845.45849720202
-1245.1988969145
2188.83557969863
-1507.73134173407
1544.22753152179
2058.20221032769
-1841.26050114756
-2350.98157494118
299.46206062789
434.636311429294
-538.385924608618
551.416884414965
1322.86965374849
662.974681106869
1560.66306760976
964.391381287936
-11.4926614920773
1693.50728820813
439.441114125218
941.245024322645
601.434667216427
-896.624485575711
-698.670929754329
-2536.30695726948
-1128.46857419044
-118.194865403226
2286.49845158474
1250.19684382382
660.714462432002
-2269.26841231671
-1861.05741664108
-2376.778882918
-3796.42461218046
-6207.55565172125
-5083.55258573605
-2618.21949866973
-2672.37319872145
1881.06746744797
3286.69537537616
3436.00764339438
1604.56188100992
4109.30258867478
2542.68497220977
1041.53654400579
-2594.34317076886
-3610.32846210863
-3286.58016088591
-446.572202792411
-2017.91517104437
-2947.22105211362
4074.6132008205
-931.391117608404
2347.22888441221
1936.78056589145
-136.775265379931
1705.74791562834
3751.22092877896
2402.92730706828
-611.263460834385
1697.08511449093
3238.59925823937
973.66932354067
1470.40328698701
4977.118900898
4275.15880905606
5086.81447385871
3881.03262334589
2784.38211093017
1834.21538249573
-1781.08263553384
-6133.66496831823
-8911.95778392966
-3714.46530014926
-3849.00982922598
-3860.50551987268
-6292.89174226588
899.000818466076
836.230893852292
-147.21049293387
629.533483814996
932.118899768497
1100.04380625062
-2444.39619946432
-3295.17161846733
-713.485272828809
-1366.81235392603
3014.21071162043
1416.5108895143
2530.69551770883
1626.25875348264
5743.10048643669
-649.083315636388
-352.227861098723
-2151.88741726093
-373.990131214133
1038.40600034918
-1348.27441515585
-2590.70015026506
-2925.97927928941
-1037.24410532152
-453.414573303967
-1170.82636813081
-1680.11642211891
939.905716334932
3042.82757528066
332.819882306673
1996.68642439034
-2744.93378511787
-6549.65673566065
-3552.42348211436
-576.754424865176
-17.1277806297561
367.121801760652
-285.890536632622
-921.070523175531
425.009276394291
-264.330474870555
3546.07045088233
2248.76802482763
722.970184906021
1036.3275665629
-689.750247040639
405.85828171088
4335.01054391748
2028.07234315968
2390.67405210693
6125.80876806231
4223.9844574318
895.977298725665
428.61767712595
785.975209920746
-2103.22876287229
-6628.33173018794
-7830.78600367596
-5825.82111983872
-3972.98191497823
-1431.62738639087
-616.73008840213
-1397.35626534913
-1758.28813209082
-408.729589646342
434.076293375526
3882.41112850601
2257.28400532327
1776.34437616616
-643.306915183986
1776.39848709833
1108.2205856763
777.03910014941
1836.09457574483
1635.60818072754
1197.52070436453
-1518.36794408759
-1155.48793320712
22.6581432613377
1211.39226295357
910.085031051934
246.657732463048
282.072150440378
-402.609232434049
-63.0063323032308
-686.928899106403
-2748.08971769666
-3832.03961026748
-2750.10523352134
-1169.95619003621
1494.86215306087
2232.24333934426
-138.319790778448
-719.236421770905
305.007892533689
117.858470664548
-1179.565268706
600.732332053073
952.385471494977
748.458824015317
1012.10930535831
-868.967727320083
304.54495621541
1703.21314973953
-923.8968729965
1326.20836670214
456.747386844811
1586.82982896965
607.810952426339
1340.34727522625
664.919390938845
637.201382294866
-1805.97860801299
-1559.50997195146
-409.407109360258
-251.366987818082
2180.96395400294
629.895606076078
-599.68002220367
84.6956816572753
14.0152078254619
653.750156893119
1791.61455553627
141.102248354823
-465.880223553226
-514.763756370767
1384.10129905285
125.577436205479
572.439960931649
250.527394071102
-522.404378375114
-131.709833816885
-1858.26218330615
-2860.36350829603
-1349.4825979592
-1899.69356748618
-1376.26129754104
-778.245635480485
-3119.77008034718
-2031.21665170722
-1242.94599228028
-162.735560579162
900.142947655073
1276.49053996417
2006.09200082931
1778.12952872724
615.616755438478
2107.97829461097
2299.66421811507
1141.74054654134
1877.94846190065
729.551150957722
1012.66249141087
1619.92353277893
34.3988629302155
-1652.09914644398
-1395.85799481945
-573.509117932016
-1779.56933685234
-1039.58488652902
-367.148764554795
753.296654182427
1816.94670552421
1555.74824070485
1329.72633538166
-72.2012604632939
362.954515758953
757.262007104216
1981.62674636115
485.637788877061
372.185409708986
606.554695131278
1831.1034998126
1800.16359926088
-222.61770528654
259.393858176431
-276.970160459845
-379.332364304095
-1889.02915405043
-3081.01272426959
-2768.3955790997
-1652.63220668706
-2105.18298873707
-926.089998928483
-2031.25111863544
-1981.44471684228
-288.886674999886
1727.71740142851
1317.49721267753
1676.50953327267
1583.84419310329
1309.06585760968
1992.30381597554
969.275475937022
1163.20297959065
817.970431978739
1205.83629745083
2543.78865915264
642.409699746695
1082.63655973785
1607.31992575375
-212.709292091993
-520.449615242928
-649.226019612434
1585.83025017682
-332.960821781378
288.318132760354
1528.49442306671
98.7928106398778
-810.14719811806
-2633.76498723856
-3276.92831777088
-4809.7087510608
-5764.1779490102
-2109.16438189815
1228.00742534176
1592.70686055708
735.464862441556
1192.53962464727
93.0815981400149
970.768997391497
1191.09900466499
-195.866660305131
-1896.24245652675
-673.178796458733
-300.407960970717
575.097957939842
489.215485034376
893.943338966504
432.108405418514
502.245236349818
-608.038620435434
2466.41299441497
1263.3849731615
1249.85429083794
-990.191254207565
1036.8350279811
-524.739097496818
275.471370685369
1702.49109788364
1604.25705346447
255.501575296377
-954.423569843144
384.771092265625
53.9831762259957
1018.52130697912
549.410495498635
1098.41775333726
518.479585922535
491.328781193052
1463.91075119291
-992.302520905651
-530.236269800372
-45.1235151149851
-1383.58477449376
295.78664581001
-693.298093572074
-1663.89165715013
-1525.56680126031
-1396.26397419342
-740.531060494196
-3147.80176338625
-445.441730218795
-1447.83598901379
-1533.97800626276
-1556.90373191847
11.8641665483301
347.382971257941
-365.702550779088
-1685.87285224405
-7.78888776899061
2880.48125274413
1780.46268353336
1175.88238943629
-370.349147785219
-1769.98493069149
204.692115608839
1083.55963440111
2639.44204030885
3021.23802975926
2087.91719207579
711.262605074158
-170.905033088361
-811.93083885317
-3149.08778257779
-781.342180350695
-1524.0770831754
649.807049194173
1394.51079854032
682.715083455513
304.66951210933
-924.072575352131
729.37700569716
2535.13145718051
2198.92243597321
409.815221069364
423.311752659587
-452.895510137206
2355.0597356147
3987.70178693005
2608.4670332182
2661.84650719567
1940.6742334458
823.550400059008
2495.2880675451
1967.66206549674
1085.25796683426
963.000494537516
571.542771775707
648.728842968873
-1515.05571869001
-1884.44524496724
-2307.51727709503
-856.451637318092
529.670589918636
-1297.28973786864
262.265595769699
-1717.14909513851
455.121970623948
527.617768409236
-36.7003111343445
435.463453496806
186.050587572738
-472.904602184792
919.260699400713
-5.65452452556061
443.429960996445
127.710817640065
114.239613859312
-875.283748819122
-1381.87416988716
-3096.34330223189
-400.623673034275
113.124499555631
-121.310676495487
1704.94345658838
-1450.02317582989
-3111.84137787278
-3293.96946914125
-6224.60749452744
-4490.67907822783
-1104.00487063553
-1496.2542012756
-3288.49166625467
-4321.78677279957
-3316.02500017635
-1215.0739476995
1191.60835212556
1104.41428644897
531.862166303046
-28.6002607642218
-3116.55622906964
611.913359347209
-1227.85706738835
40.6247382904161
1973.57999141731
3398.03957310369
3241.69757009734
1945.24248966761
2802.35527862496
926.75504311005
2349.9701380232
1062.09313040697
963.126798156546
433.661288612572
-1346.24841265239
350.287236344197
-607.420029967758
284.263417661783
1331.77725355484
382.266968326109
1500.66529519643
-881.03105637611
-2934.57804880998
1551.91361415285
-2781.18190740546
-1181.52954092785
-929.028821755366
2599.88201578731
-1177.82131257424
-5293.65856431468
-3373.73837427747
-2415.18573812619
-867.24485414957
-318.603919489148
3119.4063319144
2743.08580503629
-137.621663059461
-1734.21354200509
-4400.86141287424
-4336.43220509926
1164.55724008543
3485.98512905138
4221.64779804209
5639.24082017821
5967.85267881245
4717.90489999245
1658.80336335491
1210.19358513403
1218.84652294443
-3577.80848898968
-1972.87178251957
-2191.59918400187
-934.47833858553
-2640.66778488294
-1841.72637981443
-2272.47477429434
-1148.49808170831
1013.39224905484
-1244.27303619097
-2425.0695875305
-3490.82111237695
742.838090505783
1307.30501827114
2205.21788983075
3209.60516301281
3102.26980706206
3851.01849157293
3600.50125606669
5242.73326960175
5690.88648196925
3132.60330341357
1888.72489059333
3371.32405081616
2577.31218498184
2936.90463206882
974.35370333703
-526.356729533122
-2912.43745170892
-4317.24797951168
-4147.42365602762
-3701.90811009205
-1557.20570771837
-1549.43092009233
-772.512444349803
1258.62724680601
333.977461550921
-70.1633575047648
-237.326202639496
-603.546693059431
-1442.82941682026
-3845.62865199015
-6300.32238750015
-8657.32501342774
-6220.18434489554
-3444.02761255065
-1819.06601139518
-764.342741051776
-1563.67759552904
2914.15925065345
2452.49081996955
5329.54533200301
5383.44537636408
4842.65233735138
5359.89935030495
4289.5997652397
2876.57694543859
1668.43093359203
2324.04862742926
646.025945487995
1291.9044864555
457.774853151726
-1401.20887140903
1063.24869605287
-870.46638330159
-1404.94430667095
223.577103886652
-1534.14325053958
-1735.85039811077
-1245.41798721166
-1507.24391258455
-1758.58219150522
-1417.15911225021
-2385.86632110727
-2816.67991252564
-2694.13670658312
-4652.38612210357
-609.431444575474
-1257.06429009451
-907.717040714481
-2317.27478823574
-218.887522507881
-1936.34864735147
-1008.81700692188
-1582.24091031835
-357.430268338734
-2671.71424952643
-4691.08723467252
-2332.49754749669
1435.29168373095
3177.02655683696
3530.37654277862
1513.41914455514
