-98.1170198965065
369.754631196072
-177.625271678041
319.099990831788
-362.375403034519
181.768047874631
149.748372661091
503.237709238969
-124.002906381845
131.042762335286
-104.388847442567
-28.6749699160838
-327.015692467071
98.8644713196437
-452.061312066262
96.4520616936514
-295.151776064861
277.823216664695
-340.689761592148
303.725645686278
-340.554395401794
336.153690167857
-186.132144898332
136.019758229622
-280.422936338363
-83.947885027866
-537.301790760391
344.142897580299
-210.370216595256
599.28258499054
-365.466265654172
446.418153456667
-173.798981936394
435.156797168127
-265.965238441252
91.6691339802004
-235.943505514714
504.717949502739
-64.5912800671476
712.702798711593
-307.799662050037
580.599164900011
177.568780857538
508.313546456023
162.892067700137
457.481960687252
160.339333600958
470.729079678693
-252.788050908061
-207.734369585852
-283.367917892464
-358.29162316457
-256.182686233734
-367.90127667377
-497.173636677248
-703.900322592925
-449.689661891437
-345.434739907207
-128.051986995553
-305.630296353449
-183.35937354332
-599.712445361481
-563.093035035125
-213.551725733574
-311.621692562605
-19.6370303490226
-721.390170840869
-472.545480118803
-167.678389845224
-198.357549693486
-299.242087577005
-459.822415033817
-300.535574809215
-398.943428965005
-217.663609575629
315.933317403304
11.8368954780482
493.489416096829
448.894793683142
341.547652137207
319.011332630333
647.123038604135
270.926481900202
212.854540897602
274.238194740872
-120.016001833943
330.582081534946
455.34584370257
343.979107420227
207.961386663548
362.257721994957
268.603750159811
316.094872820273
447.319177967632
337.497092762452
-100.498167596221
625.149432928097
306.256845238586
619.546658725082
335.963380592442
398.845899142901
496.414575471159
86.4119493641403
229.773430500301
579.121012877103
147.898163618045
233.130508807012
381.578772894726
-124.86052920922
362.47070219564
-289.476221648934
263.246354308563
-122.790584041414
304.4181290485
-305.704314185125
-330.445011122684
-100.477382770256
554.984455733314
-280.745311991006
248.363224038576
-222.816559210327
338.778812718669
-429.120117052974
130.290910232005
-366.156635576283
-132.392739744512
-507.83534719489
454.857168899893
-162.65930951344
272.670728953962
-332.672608371781
131.032996547103
-211.944790759756
244.240198392974
-390.207067054906
11.9047453333895
26.3852804306654
491.788658341654
-294.384215589365
333.755843780277
-221.080733239543
277.148414718404
-310.715788375784
333.493935437341
-373.883790116075
223.900127267261
-159.384115076946
684.337058974154
-243.016635892145
556.505341474644
-272.257435099393
504.957822285339
-64.6077816213188
341.775143293715
-27.2821259017673
-71.1039659441655
-106.767388796298
609.194772204772
-298.625816059679
549.717673122482
-307.146384817652
441.973494126328
-505.353620688664
163.940778448688
-545.989033315218
-239.214869366283
79.1465821339735
424.485723505575
556.614488805677
438.392493711713
147.117418429334
61.3261645064474
303.849848105629
163.555397793546
199.951179741839
51.7046693894726
110.035128124869
279.816179743886
204.465715365964
424.21129402039
347.23454333505
477.796659719467
588.649669609255
469.453356059712
476.406681568736
78.2136930256087
260.72641370381
432.887727131463
300.000524821758
160.282348935726
446.020598699936
431.144189021662
330.317602922983
277.101823051213
316.690157312847
21.0375847182857
166.279227615371
379.765494328229
-142.202269507961
398.562622020871
-182.851414462397
439.94111734402
-554.662658685433
389.078592395644
-365.725946456656
-17.2082859369238
-180.288122418363
532.960375493672
-274.15999521476
517.430565222357
-4.50913649861894
229.016189296534
-29.8559345167896
523.858351815311
-67.1596375540891
-170.933614666293
-442.490448878779
506.529990770204
-260.085375735559
463.791934317743
-67.6680092768815
101.119202203861
-401.722700664422
320.284304950686
-136.811597318654
61.9962779792655
82.6331054827606
353.414321314655
-203.152063566646
-414.105263111529
-330.330610572878
-141.09125868066
-497.025663782123
-384.755045464838
-193.895906084915
-338.802506585844
-317.829431370706
-464.827754762129
-337.045663476385
-82.6525493195621
-145.409201602334
-446.632226382226
3.88521862053719
-301.588834106429
-297.347493696267
-138.402949063145
-177.420313782883
128.994954267588
-418.748632155293
-1.54868305453368
-290.308250247271
-439.018450903649
-299.953706161277
-584.370013655937
149.03667755523
45.0763850790674
444.758524097458
-148.885590416941
348.611735296264
-101.385548899624
367.137010288801
-310.070965971716
215.086290969422
-311.839035407771
-143.733819305388
-745.308335186726
257.218180317725
-355.508535598486
224.243384484435
-274.665735726572
145.96669456498
-232.975045592051
-203.417745302528
-65.3646181865676
-163.642715184104
-131.885130086128
501.55907848861
-208.773681341429
423.823199117911
-331.250736921004
209.741546842649
-141.026595568215
196.010736914107
-280.150500071437
-131.785322550087
79.0361472394343
365.49911145525
-302.796946625526
250.355124873051
-138.267517514323
211.188811907312
-471.699810075021
189.044412469264
-462.421091824976
-241.448759706353
-128.55382902313
-294.907285260898
-389.26266582397
242.732781007233
-252.594094461611
342.464071832158
-286.097728395818
70.2881440961781
-222.13294690063
-14.5735766669049
57.4651634166073
89.8793036949591
-148.850488143895
399.765760831172
-410.183205638303
249.231584328173
-326.086248047363
433.381128652866
-308.395792701311
312.491517543187
-2.74018297746686
412.189381688031
390.341814477045
-208.737443863303
395.236923269367
-165.762628704498
506.713952443437
37.0720127286718
519.573779175563
-577.308182209406
575.040074892997
-91.150636240229
597.769241024085
-80.3583643744024
203.800484005982
62.9144418287819
293.207980016627
-519.693119560337
399.329829355483
-115.373786726428
768.393021079758
-333.63643688058
452.659940115081
-352.668471356415
422.698132164194
-500.030731316694
139.721076110738
-394.837808286806
673.236990358597
100.873790515065
-261.203866652686
431.897361167299
105.166120263552
158.008641861902
74.2548031208746
137.666370502339
56.3037828560796
411.838851722705
-201.924014252914
-141.789843309751
-10.6406639221705
475.625566633838
-64.4714161490215
443.839211663026
-118.658337485459
298.273006369996
6.74026247591274
490.855404132558
-198.001565646416
-293.495660507462
-606.492508642451
223.693358686864
-183.562376966315
116.429912897449
-70.2501602723301
204.448358401342
-278.365985939249
323.864925764643
-488.544485967747
-227.329247252098
137.907464692173
163.321545481544
-177.223269568313
-70.1424986900115
-42.2521817016736
-297.771524812401
-23.2429158394434
-211.306192046407
-300.449260649464
-605.101564960449
-366.571341378691
-695.132403619894
-301.429229790782
-302.630325587135
-304.711641256372
-127.45314905017
-414.40062760947
-220.053485008768
-157.237764498476
134.943948825634
-45.9801979959219
-53.491322061483
-197.446421557322
-299.743088293559
-250.963750057251
-230.21405076233
-361.616865055473
-168.280045035234
-119.274819444838
-99.1979020858221
99.2217589710792
687.61566054056
-212.264061222751
-575.260971142009
-393.199018821188
-303.010274958473
-271.359556603514
-476.169730731655
-351.59277231431
-693.951136650442
-377.758752235777
-126.743894848729
-480.128573678449
-314.561581248834
-534.606001438275
-545.588504314441
-356.018720457735
-286.637895954997
-230.917227357081
3.9639448276273
-230.923449776993
-81.8667293898069
-178.764217695516
-149.535780777987
-2.04604252477577
-116.057808134727
-111.315912080141
-290.853989710965
-188.305968955949
112.826533379121
340.709033394204
333.84011986893
-15.9263554686081
384.208041209063
-84.9708366783814
332.229595228082
-35.0696107100869
62.7241127591622
-139.184024776347
-77.0473395631286
-435.551286914189
222.976341426246
59.0765675192253
337.532342067579
94.2095919706379
435.480273020428
-57.3167723875247
2.14223596695496
-300.992040794775
-30.1727635364129
-281.8058235019
339.49264993207
-242.047986610349
333.876138994606
308.425097876464
478.837107603863
-139.990919152074
129.430181654871
220.897666356804
299.883856370718
72.057797438081
165.054666968447
295.242885178368
-260.339292601092
25.3029371544175
-156.535087795135
557.97451802268
-301.513354207682
495.970632249636
-832.780021184854
195.969445871854
-250.453630230988
155.179430198844
36.9392562353451
344.438108248115
-454.67788544583
356.599642588369
-198.959818138607
555.825791569471
-197.317945284894
314.089046310876
-376.992218250785
205.361653010121
-462.720770911187
257.089411633076
-664.346244328472
268.64351562667
81.7128999993786
342.679876203171
340.211335045694
-374.443868891405
337.904204987358
-126.078758289183
439.142420064818
-49.1391625030868
304.735281233708
-55.8550847181586
-152.420420818364
-143.523535497519
541.534253910057
-197.526699836025
465.722128625352
-402.548951185115
553.646648302462
13.2976663046714
440.706934627911
-310.613072107713
40.3829522774248
-213.479984139599
413.214545094683
-111.555829015835
357.919224432038
-557.192057409542
304.406642237543
-266.315046381295
346.58811878547
-419.023798947256
-84.2227778156569
308.205996894869
281.374674649966
159.593984844764
-571.644324536598
141.29826160243
-650.336502355888
251.451720826875
-196.070779705227
240.489116434316
-995.892280693103
422.996136422172
-424.45970179391
363.414137650777
-674.416377660821
241.904660477192
-349.268073780995
47.7600490351095
-633.022591007279
492.970247390207
-741.944393910456
533.196796086402
-509.878160285926
500.716032867054
-197.960663972687
306.999856158506
-186.658221274054
254.009319526041
-274.368002263467
212.651700896102
132.435302456073
306.028077352501
179.752339662505
486.994311398671
55.3433489432195
520.053035762323
-187.256502171244
446.50953705388
-115.174466794755
366.523750069919
-679.142953657057
-70.6471845514401
-265.006712443008
635.066449704118
2.67023138064815
133.323332020329
-373.982870080776
316.252379416543
-361.610940618217
151.840989448306
-624.638261752585
94.1187630969245
-436.446094494221
240.090471573976
-279.178744793029
227.601138375317
-72.5873644041647
306.78032496661
-397.541098296671
126.752230111233
109.250154588034
156.635971156133
207.379489864055
-111.321784980795
420.985512412279
-393.60462487575
309.359323153223
-93.0624409624776
351.5349066243
-139.217353887703
154.467728221045
-136.347888557818
803.73031005239
-178.177504483427
444.821025511311
-299.963455226293
179.501859005077
-180.397274429273
252.863380687515
35.0285398816126
449.059217175787
-18.3898712244313
612.557974901488
-200.627131746766
357.498925079427
-142.422899158952
372.854101874709
-118.912550817635
693.310243471812
-171.628936810048
56.5288843776845
166.482963688835
523.15782009507
100.960787218754
115.552305196611
-326.704896819819
-341.993837132498
-178.368939478879
-208.701581362781
-261.704808366165
-302.625574582404
-550.375153999703
66.8580190391795
-563.223020801093
-25.4596181709381
-288.640191623822
61.5659431578311
-393.659702267527
-395.89273755482
-249.60611770354
-74.2322107306853
-237.038461091205
-82.6917818479907
-104.662989968343
-259.905383987858
-372.992776037066
-329.396810859478
-131.729750821679
-426.108842788383
-81.2232285991244
83.1745542399826
211.690817122277
483.765902262465
711.395481055734
116.683226109344
149.467443179951
124.720299500046
252.542702548048
111.644797853655
583.418256836618
196.476699349342
275.562193156806
158.930747304349
494.303672286199
158.513056078934
131.735064231801
-24.4261591263078
361.513988525176
407.932214491077
393.184317699442
-327.203503397137
35.4636450695634
178.458120862033
247.213612362739
219.116388701925
158.080137820846
444.495813167664
390.38777998601
232.851444926447
332.744126732937
-35.5284643797596
124.317524051132
472.607386560268
-307.577292583048
160.850150491736
-134.2385199417
-41.6493721863816
108.392572069211
60.1744813723399
-460.468747584513
-212.099783545083
-517.235498760844
8.47796765526717
-460.59246439862
-15.3036903630165
-262.227839322451
242.206389010964
-402.028885154259
-54.9756767378281
-188.577049997343
-311.520193069525
9.7383244380058
97.853507562244
-360.915724826849
-164.394833414972
-345.56063749571
25.1903970948609
-253.504343164242
49.9863380170235
-490.126951847622
-468.030615453015
326.366025794493
157.497584748233
354.915122773976
-32.1204655830796
334.30519248048
-583.530197741909
441.352308697114
-168.119421841869
615.653493941575
-532.962604683114
369.336070582786
-327.45422902922
576.805494516783
-260.988200740409
445.717701846747
-567.017521177478
275.082082880079
-68.2278155930574
685.809744045977
-475.935305085484
270.646342079351
-77.603667531429
220.455191643981
-267.272269042174
224.409259735624
-380.706357113524
550.007972423921
-62.0169720122035
147.193033321016
-533.823133869575
-69.7719384042545
398.023138898326
51.2137979241922
-482.979817415818
294.872168331528
-569.990499880023
116.30550184655
-62.2402480935274
161.06687597285
-713.026748550304
391.765930865052
-401.893678861446
224.515372893782
-225.960086913095
577.239587719241
-250.996613341933
319.747601325059
-141.108464976177
551.162620389122
-470.564614613438
647.759956091382
-173.565616002218
348.875785546151
-88.8137162149901
321.448046389382
3.84916388312931
570.549067275423
-255.713203353985
418.921495003035
-754.668849984091
32.5377862874307
274.800220910736
-139.095901163711
-223.452885960459
-140.888003553016
-175.734533860474
-397.277584375615
-521.424236962853
-432.758200910457
-719.465906753744
-339.132089014894
-438.282247438526
-129.336656314035
-274.665724453019
-143.261856940503
-303.629319325267
-192.935820930641
-268.511469613112
-135.012999225068
-883.285483825598
-222.928630838241
-369.261525889556
-108.956419235613
199.360947209045
-609.33917422139
-147.914845657967
-120.147039164052
-211.045477832213
-51.498564982927
169.26906984232
302.337259938071
520.426190601455
-329.083260113814
-146.776944067582
-262.376800518941
-232.948414514768
-102.155965530238
-537.182148684017
-238.432343544521
-463.15372802162
-477.667277572796
-260.012683689348
-294.746340549628
23.020618632833
-451.058452278632
-372.277762822169
65.8132466367879
-241.457086372754
-239.444329986007
-644.196268017316
-376.007013104796
-390.604294083964
207.128061890146
144.22173721252
-338.220180919273
-233.264902693268
-210.29840823001
-369.163058704302
-64.3107788041243
-429.207344307887
243.037199848909
-59.9021133879764
-102.50523545915
-347.422955017432
-295.398247911696
-96.2574876442334
-286.761215401386
-267.410329465925
-113.18647716646
-529.179571284977
-292.996871022425
-240.020619367765
-268.485382567812
-224.685350063458
-354.884498262849
-215.386622732622
-446.501147323247
-343.922966607898
-229.226742950897
-774.316609495702
-458.064809930723
-171.593044975602
-453.628047171519
-574.911952868726
-519.443402616286
-463.923758909251
-520.025231335001
-131.926089204239
-554.201874837073
-545.83450843174
-150.478236588262
320.166475918418
-183.421754778026
154.120287403902
233.34042461483
134.440597319209
391.026243953629
199.279683155061
253.386571342467
28.3138620222611
140.309840719541
212.747680654502
238.1260267169
265.738572031965
299.519627618942
282.542523020305
508.155075709374
275.135315924848
322.087499942648
144.73643220826
388.28484273298
408.212030527012
267.161712282341
224.408985824437
11.4668977302287
266.225570460976
242.827690667017
193.923018200392
662.408076767748
168.240596089148
16.8013552054056
482.319415777013
382.789910893682
-10.0292536983541
433.263809631867
261.22498594889
335.833811220854
53.6377633031726
233.724172500711
-138.319118182288
408.433110419705
110.738864990552
441.697327723794
157.593658172279
413.669181352294
171.571830273538
340.698760351482
3.54194651412573
216.940738974601
-635.010732947136
387.186856845223
-210.999688878032
190.60197223671
-184.079013492032
265.210415982033
-57.0408375705454
311.469403344756
-126.380399842314
340.093636777269
-652.981009184758
-63.5377044705652
388.215234625666
215.22162221871
-212.325280252534
29.8908669356258
-36.2464160700215
15.7245352734526
-67.1929396044995
206.238250634794
-215.577376540185
401.104702350703
26.7372918797874
209.043235940993
242.570644957293
421.190863009276
-265.015680288384
306.484302140753
8.11453864938773
518.311708510145
-379.227497323405
396.402169006386
-83.7219585201565
430.885355346194
-102.630069899545
493.907603510273
-270.840745874253
594.648467196767
-91.7921099402295
343.120191198027
-670.997780455896
148.210294587602
392.246366249648
500.403263795695
-197.40252451163
355.694429881118
69.3461106410642
444.066549862306
172.198875368898
406.680822109664
-31.1982611949308
335.920186097337
322.008935230276
250.609346981745
298.125544993974
121.289878973131
122.995043237881
592.962181162522
5.36670159145683
455.679374826926
225.153335185627
85.0960078945656
148.353235698816
263.003818361235
549.550049128312
611.395804850458
273.822544052785
228.284378917739
385.149849023822
473.716691023388
-80.8289058284487
3.12664563781014
372.469803870198
181.902465200811
-134.829689178838
493.945848203659
-388.447002908717
378.94260278466
-255.990966258156
165.836166547013
-399.338153313077
253.410110303818
-393.906325885433
349.958403608497
-147.823850981192
382.52489569627
-285.922192372029
436.313420977015
-48.2741380284384
631.693954107287
-527.456846561429
443.260379878186
582.830061551982
128.78763884238
92.1710913492162
82.6046820929038
-224.686148016195
615.077046343711
-207.340348462607
393.394922408814
-738.069844726988
69.2293432013486
477.265461860297
375.540024211656
-50.1997279389631
-28.6629183691927
125.976291090569
309.547644117872
310.114257123078
69.2245189828335
-615.603541566717
199.286173101469
-15.1881908824602
203.281079332785
216.02510900843
395.773855243059
-76.1470064645927
292.795137784829
203.693426394891
280.558617051651
-263.30430378131
102.426486735792
186.754179794374
-35.5458963756065
247.57161337649
215.485577639247
-59.5725311434271
88.578092970167
-375.803072167655
-6.67714404111962
-569.306784619348
465.336163124057
647.135525235576
390.143087941586
-121.586831369562
314.642017865709
-484.240893927044
363.487959347991
-197.309959346875
458.222339277887
-326.214530125553
621.444031882837
-85.5860262662889
726.207530437962
-159.244370740737
240.633459531603
-231.783339367128
327.071935953428
-255.778419771799
423.067063282004
-499.527390574761
444.152748564617
-162.901663694034
438.437369725748
-29.0947212650068
509.504029522991
62.2271127345496
516.927767082323
6.97652166316303
371.285276369851
-191.178081650173
202.614115452112
99.6454923792974
-72.2141912901314
-4.91209557054222
-75.0425161191175
348.761080413535
-164.551512213977
126.676775461491
-96.072393256486
-167.854669792551
-385.119721037293
188.104613946403
26.5465836824796
21.3161146240488
-14.5243099865154
-10.4272542003937
-18.030338178029
-76.2971458484508
-381.364850202463
-361.450405820396
-77.9382446300287
140.293444427881
-466.904884121733
196.261340394552
-292.828528935593
-125.392204775681
-144.570274591647
-86.125632458518
-159.623137885348
-247.266278167187
126.378774276592
318.303024304678
376.064403553357
360.057147678001
225.879834472918
-157.522489680702
516.191771709318
87.1539348239334
299.477606226434
-77.0815153259562
317.400081793412
265.380869431117
270.663136697095
23.5218871204205
449.483925998233
60.1728500606793
254.319064342004
26.404834243641
515.779501417651
-150.575680113892
145.878771538478
311.072970898096
655.719118622452
-33.281697869143
351.331968591076
-128.54544940645
187.126550078693
-71.8348959924859
529.418413299774
-15.6264221100714
245.188991824719
650.922126858155
156.060411137437
-251.525725421917
392.186786524685
-138.80729584284
335.395429666792
-186.708841463865
428.537090463903
-632.772962538052
197.143468023475
53.4306671772668
102.212912197356
-178.715760225631
217.110869314625
-298.761032455545
302.09236013568
-364.401042397309
365.657247963617
-709.49259417401
356.244123224779
-41.5378357990019
262.052744676252
-182.285844396446
317.300758925958
-264.730484113463
600.014517752677
-355.894976542648
298.715934972426
-303.087205389428
-95.4307602239553
762.502500316521
-184.391572673073
50.7097396893473
-131.168923733939
-381.824513520682
-414.197512208358
14.1604631444393
-234.521166502856
-700.088115205877
-710.829738806838
-257.245251634394
-320.96092919457
-30.1473468814462
-94.7053330707649
-196.058259129357
22.4785784806105
-120.73492027673
-139.873242627859
-365.425642087071
-274.471685705496
-11.5221282281884
-108.10568045974
-136.099376514855
-123.914225094651
-213.646427923116
-210.551135259446
-313.269893948962
-255.504533316958
-469.7432299557
60.7580241231569
504.919016194012
-339.654247758041
-531.874100886653
-751.916353595129
-452.900224541511
-371.152998206917
-467.859656583192
-184.075237922955
-788.890641002429
-278.022469887411
0.486532656144391
-345.498602690945
-134.954201534558
-55.3441130619888
-264.238808658219
-260.624473743333
-0.560459521054355
-73.6885576211074
-321.828100977947
-284.770459206737
-181.128452093361
-254.82885965239
-90.6072658002982
-23.5135853025433
-453.05432943883
-166.105934268421
-19.9804997190677
9.75333028621671
-400.657591264791
156.439235989453
803.434982407531
-228.814298846371
-140.165207764774
-103.709540453033
-189.565625519386
-313.478231202396
-727.52434929688
-394.282044269041
-599.043220445357
-642.559625841664
-494.901418238183
-286.539421791756
-439.398290683062
-138.994399668538
-428.97518356886
-207.694260448496
-436.470243352937
-349.981131628292
-906.182958508227
-293.233910770459
-73.7024288943311
-124.730655842626
-406.243744807558
-143.011295069255
-217.201239952554
-155.401083999944
-113.021354896371
-376.482264584118
-520.169055783506
86.2242767045857
509.73699726358
-385.175574347898
-396.917520241787
192.826660063871
-436.657796930609
129.418567997599
-333.333355375875
234.328081515711
-826.342295406271
365.031594594985
-566.234410467154
77.0545759196828
-53.8301354625091
1.71648329329031
-356.677264954628
39.51092859844
-362.917409844589
168.27756235824
-700.774138912319
-21.1291067677821
-251.891030057026
392.073400816358
-96.0096909924668
368.125988286574
-244.250243382184
288.93106638103
-99.6892667627141
333.506585822318
-322.689114442087
25.8150574044589
454.049279068414
-69.5361793516601
-102.977845817224
-147.894564759945
-168.467892640034
107.452693939141
-229.357169395044
-305.560016953492
-492.558295315514
-260.298760125121
-116.089536971465
-247.405790910446
-384.688345702697
-231.483865416372
-291.96773807225
30.5474986243472
-39.1196160000954
-191.73263144138
-361.983297584358
-431.370957847605
-31.4140797720997
-271.865883664233
-285.476651978522
-159.762882924378
-110.558338890287
-35.1240132324411
-400.04755087491
-280.517804162549
-536.97314710654
-136.681036933743
253.537399272835
184.60038277918
-338.737267726367
373.965527430413
-579.299247465606
132.27441961461
-238.812620397244
366.061974967924
-566.417703559455
629.562215842238
-171.965652896387
606.800426151098
-128.716210344805
664.327808262958
40.1821515977498
531.701523023093
-123.610254897912
395.92629976615
-570.75301871783
576.755908683208
-139.315058409147
223.233199285889
-194.693227241995
310.818284032801
-444.773670970586
250.219660149229
-513.833170330594
392.798304434819
-561.861394730131
-4.5233478878306
791.929943639711
409.375570606546
-339.002744693047
150.619235126537
-365.80061916347
223.302010075979
-727.39257872298
268.225729083365
-678.702704480691
196.509583397617
-198.986261139473
306.370019255815
-461.17455181954
276.397529510888
0.262499190610242
213.032562774641
-332.052748018235
517.289917062969
-170.452140268288
372.890818066918
-389.740427143592
259.155333750496
-172.544269551863
259.116800107857
-268.394972790591
343.605583073909
-27.0136245407227
494.055224834927
-560.818091321161
-77.0133340279698
-47.9465877809774
508.048112645201
327.528331275247
126.003846239468
74.8473497023698
16.7791985505563
340.553317600445
150.104026045678
63.6982665444969
202.512532264447
378.630113482364
267.126972550987
508.095433137045
473.235289954888
197.059925148369
235.749941874726
173.434489577825
351.259913284488
-362.559732308238
354.680103399138
230.139690752953
1.62817465220365
245.583064574375
531.314093054362
117.969714142839
364.408696533318
-158.349173780103
167.001221080695
-382.178965667372
-27.8179558750296
463.571353305771
-332.219578778208
318.26379497848
-235.033197432816
-83.4395123878945
-210.072783351074
164.820473205034
46.0990758741136
-172.967353311474
-325.58043570008
-87.0023249489014
-260.894655517023
100.339536205131
-352.550925422964
333.973472200487
-133.130553517561
85.3386395740946
-248.69551411972
80.8775039951816
-231.50645214937
282.970593610081
-188.294057914685
80.8308018201772
-301.804462763022
459.065933515798
-148.279195304031
279.434583505748
-395.473877341681
132.85778909705
91.0420214769924
225.225568119131
594.930942375426
639.81063843666
213.877017568283
526.693802993158
286.912076722306
408.996679280072
218.86002069663
-164.980749244521
209.063986667753
438.734604635568
527.452822599717
610.667286456786
169.114235729085
325.138731329411
103.049516389007
498.713726567301
201.284625463074
-145.685545845238
426.61314314778
385.938205548754
630.795585055746
291.774605208223
194.311484235264
350.547026245411
363.34852177376
489.621312252287
125.918842643715
85.50565793787
-7.6698662917203
548.733036649554
351.246510432785
-474.272183803404
376.673073390199
-353.187107958722
391.948156145472
-453.326738329783
146.855193495605
-560.90289372871
139.642861507582
-248.799622647531
737.972216006891
-276.504029654569
509.435130246038
-222.215004449668
273.932089499068
-218.843057748121
236.664747568538
-847.611804050736
300.266234353296
-376.032186454642
110.862759420161
-453.22819594271
305.033228353484
-195.226502358991
430.920685244561
-509.465968205257
258.670654567687
-803.85558943449
-5.96642463660046
366.347735061736
-140.043390330998
336.160142011934
-198.475717734793
183.696613200853
-573.616282428372
-221.153389628746
-112.274256494658
-265.881292390349
-422.864606363458
132.118597935504
-235.440386696886
256.043368180356
-326.316583014979
145.059421840451
83.994867178731
139.814468895054
-156.092613323851
-372.545078874891
-346.464685995344
243.371625195214
-150.137317976034
268.361466238212
-426.984447010568
86.49827335315
-204.747424685082
20.3063015516009
-42.2225405700971
-206.274903184964
45.4969691774656
208.376032057381
-97.539126027183
-246.211186213667
-50.3198268498406
-216.614084028296
-226.039612739735
-382.653331983367
-218.173969813961
-363.514765791719
-395.671123298516
-355.372892052983
-43.8065905177008
-471.616167510135
-249.197537208203
-602.352390675441
-438.321201993941
-435.768793194711
11.5425963544007
-95.5332551360537
-574.524632481437
-450.157958579171
-137.232109656592
-310.471404464921
-241.176153368673
4.25851341853166
-104.305904060837
-458.956243512935
-39.8623419921425
122.237933019953
275.457782710947
96.9855515651093
-124.242764035693
-165.86801207857
-51.8009209159888
-493.487807360387
-230.242807944567
-339.792320013049
-218.993180361379
-698.878419323682
-550.099457215791
-105.028668821567
-318.135920990231
-432.057687389837
-169.039164592448
-147.876243361827
-320.647321910014
-208.976483351821
-185.061246694017
-524.649874608167
-478.704524722791
-471.125595719029
-511.259366255487
-184.790350078762
-319.892015446729
-165.702844739632
-75.2459097420666
-169.587665561461
-163.348850733794
-361.734531152599
-182.880935231513
343.608679597114
470.034261730906
-379.073899944337
517.196951151862
-400.112513446625
324.548806379795
-424.486453574044
522.129612635205
-677.655375840124
288.767996610436
-239.279724789472
327.399014140567
-305.144208863238
363.65432449602
-392.598115662546
-52.3325536014769
-316.937625664902
368.269873787166
-498.651030223282
99.8220145362982
-187.272329591312
487.09883649657
-2.57659697350488
330.782804301955
118.346679651529
436.357542996565
