605.658535757237
1495.49979696367
195.417193860192
-638.929728685539
31.263218408063
-300.996430727448
-182.557769722627
-842.128482681193
858.01474137309
374.717368615132
892.000567000769
-690.525952180528
-35.1859891780725
-1297.15997023381
-669.439133042083
621.287085324307
-314.767666542542
1266.25675439665
-614.737682946777
-801.751617631499
35.0504703114539
9.94455764955739
-106.502575507813
-135.921937366187
-37.8344475671891
1303.76949165624
-700.450105186788
1315.66783398162
349.284974526652
1475.42843323964
-157.707003057131
970.634922283944
1685.92008088875
-304.607051720816
-137.258806358217
-149.545274236852
1074.18752146772
134.075543421682
-316.810645394738
-279.306291606961
204.138321993185
477.354066454189
-413.337982374453
1689.6254422632
2212.39933666474
-152.590496285454
-1020.80490093593
37.1653973952668
93.1153488502307
-364.838086275788
-828.630394799031
-626.86396526077
-1012.50427384173
1383.74875819528
225.213443088807
-543.778907146092
-556.660882848278
455.233035253353
-17.1823695693615
-2439.95961195548
-95.996523426719
1324.48076609865
-795.116208500079
133.373143835223
634.86831401798
669.616824043788
308.971713528961
-160.471579179452
1223.06545483898
1442.61512988776
1527.94874269454
-1480.67980653167
872.975809553864
766.944642388736
846.357225352576
-1135.39782584595
-928.281148125729
463.681326849582
1104.34855389958
-76.4357787753344
-555.444628755458
915.288477833789
-108.22649543563
-470.076456532253
615.887328696374
412.927533527238
-916.06445068179
-1411.47790060099
258.083457810385
526.704950344354
518.608269091007
700.874803846924
-430.670861754133
8.72723091999609
69.0294513359638
-1331.75172888603
287.420607045253
82.6054348942535
-1207.93507687709
-119.537866922444
306.950318917459
1129.86793208108
189.53261994765
554.656294778974
1694.12197712431
333.755103443026
685.643951232277
1685.29471288654
1539.04188210681
-283.006806423071
780.466302741751
80.2561544833975
-413.75123206592
-883.495035853455
745.822129561346
-614.887616316115
-1101.43834350389
-1011.15342460297
-434.180512580098
-1545.73101397662
-1487.95078888029
1052.48966585233
-751.280378452258
-1268.14382230864
1054.05992796094
-245.090199182065
-1611.81769345387
273.532528517584
-2809.11792477329
-1728.26823829305
-2883.57652790237
-2580.13727552872
-1108.31490147306
-1517.90950000999
-1872.77500885522
-2259.10743927811
-499.25450393306
-2025.72248174664
-1291.27673524711
-1265.38779112316
609.406359822378
2284.96913612908
958.044067833594
290.812657664348
591.768559659582
914.169044524858
825.198525132857
983.902968872945
762.721060982319
295.085392597257
1113.19629534006
1807.49308996894
616.927752092884
2658.1262704818
-352.634018064766
2878.39478486563
799.110973754197
1252.47559226548
1785.56003881113
1820.89009576063
724.754901709471
1196.82939020291
95.4310539838349
-119.976509387707
1709.55383772112
-15.1231308093039
1622.93522445823
2074.73673080584
2227.70481738527
787.834339604925
136.926533553573
600.044306020429
1347.10376890322
1273.39560423724
-358.186219831387
-772.964762678197
1056.42099229939
354.220045312288
-570.688080242047
-1727.77371763389
90.082984114675
-14.1713616742774
-145.002900361948
-610.360134363037
-80.1576944988551
-719.595772286047
-896.987750311575
314.192087555178
749.539297589149
-430.657981233711
-2139.74562587347
-660.656165992277
1541.75191112733
-1799.79157807532
1377.9460754161
535.058592643818
1339.92067119706
-535.921274527107
1209.45173224863
844.76858902906
-2024.93593616483
-697.501679657673
-270.703594854321
357.625646653487
-773.137296353883
-703.725282331629
-1116.31812505621
-1430.54118805871
513.981136141587
-656.792004416741
560.394169901105
-2063.7038584878
-1051.50505535729
-1212.82222550668
-23.8226490360095
689.225920346649
-291.99597858845
-717.394962135294
-163.436997908688
164.467516307958
53.2709401516713
263.362952271894
1279.17358654645
-694.237495662776
1189.23964008749
-1849.75556844091
-859.290046148536
-916.403016578747
-3734.88171397593
-1898.46335755645
-1894.90684304137
-1616.77692997985
-2139.98645594129
-1526.11071511429
-2484.68592134119
-1359.5202556438
-857.753710037878
1840.00808930933
-263.131772676253
1680.45834600312
1213.21761883933
1632.42078869616
1009.22135899181
2428.17012801523
1108.38505925387
1781.2038664243
1340.45403418005
2026.27890279789
566.973334573007
1197.99637070763
834.012817109361
23.3896150267331
1544.08734053104
-664.697754696768
1109.7826068247
805.337742048806
407.113376453519
408.557233118641
1228.09153254504
2510.51408499087
1483.74189938678
1535.9200717852
523.383669671804
1197.08236535295
1975.46084403723
1054.64802177813
3524.62058767997
1979.85565592135
491.522608507716
1776.45907890535
1100.66698946554
-45.4934141721853
1256.161246366
-1660.88953499479
1186.34408011904
27.8289801129983
728.026003926943
2180.2852736761
-334.131146147696
329.036481241846
-292.18487428044
306.570633482251
-1528.16748821897
1046.15209193611
368.863286837149
-859.042290709208
1178.53520310845
131.608017817321
-122.60070618321
48.6164306588908
-476.031942496026
401.582165644374
928.85837776992
1272.00503504934
762.069135952231
500.264572561926
602.385842729259
-431.328163320715
882.340835278896
-2443.15450726576
352.595326556737
-1089.07076201753
401.793141874301
-1896.84487938448
505.793631869749
817.89316244033
310.212368477842
-470.956489157972
746.626832692779
-654.000059914108
-992.611670219485
-1148.10689933958
-1184.76019696315
-1088.60590224736
-1042.47659809205
-708.922108884236
267.905937269352
1036.83780852775
1273.97988579926
-1189.57296044839
-1588.93252538127
1071.44951831657
820.119437306604
1435.11852642468
2096.37169535856
958.050170996305
1854.97293326999
1591.32680466914
1170.69160885943
2250.97445187171
1961.13159916828
1468.30863072736
7.00716657273139
254.460141399802
191.574373194392
-253.216950096234
-1221.90281236692
-1163.38356625631
308.893193034427
-986.459139100015
-111.890338027873
-567.888142223208
-1242.89413534927
736.959997543848
-898.24723897918
-254.229025851923
254.697404392386
10.99755888661
83.5111131426911
-1012.2615034046
-28.316170449787
390.504169113155
117.162092545809
1262.43086466837
1746.48392177765
-1064.43873106914
-2311.60320783111
-619.157905113772
-1216.61171079611
-319.476449439333
-782.658140407091
-411.575378665101
1730.98731376555
-1430.8554026869
14.1670990082642
1579.93346113849
760.939063830928
-792.180965215258
610.636943433261
467.45505310334
-742.523513471477
-348.025008132776
741.620923495789
186.844313033743
1274.49401731448
1674.72309180089
251.172823840056
1009.22553003446
-170.923865492584
-334.175635686886
-940.392341421168
-995.778411557579
1201.82575547279
-180.132621273908
492.630902076811
869.821173306573
-132.74312960717
-1506.13736186638
-177.539900151174
-1053.92563040644
-744.021589363243
274.048968388464
1203.38245654166
271.206835161314
194.050609676291
-581.212155246278
1089.53857695465
330.581438215149
187.22877212464
676.185265784408
-45.2675493913924
2621.19045834007
1511.58957242448
-1668.85937699412
-1000.19596054039
-316.975062173524
40.9353012944106
1033.51836956819
1115.87086264884
925.836794948526
488.806848266606
26.918869522821
-188.941415799637
-1423.58180416559
-286.913791698412
-1781.00677473814
-378.140174444063
-1137.70964683565
-1659.76540432136
-363.776476944551
-954.858757132276
-232.013202263875
607.181267175783
-126.119277424685
1086.08197629876
1144.89672031382
-1442.3755596642
-903.288773317069
-714.873029814381
-188.560112589219
1968.83509368242
-370.035854266747
-458.522189406768
985.903926169511
-1159.02547241918
-483.668424177052
2139.9566376956
1191.09092125168
1089.39916896926
1139.07364489086
1136.40075284201
-238.794117613537
-524.424813953028
534.621381178773
2138.03003865901
1962.87284657463
-25.0671388715076
-1043.74400683562
-1413.97522055147
-701.093120358443
47.0255248351389
-365.547937389686
-486.47255090008
221.789856659543
506.22895261883
-460.569231583821
318.855854747957
-596.049326981656
198.551242767639
-1464.76779561209
1232.66240098863
1000.43804756832
1390.14362801046
2064.0099580395
1693.77250964794
881.269766999096
-119.855034174405
-316.310879477297
718.200495733827
261.391547079629
646.654707967828
476.766964329739
-463.423364290031
-1419.52778010321
-2035.15737929226
-2323.35040104271
-916.094228332709
-1027.5091654943
-1787.01249251142
-4570.07939969491
-3421.63729604885
-4323.29221629132
-2033.25130148693
-949.564474847293
-1726.07472860154
-1916.9441070177
-1252.38266688527
-682.121111094047
-482.716669518202
-445.410847838023
-671.086142747015
1606.31604390699
615.895683817149
-439.144692003632
2526.3693655537
2095.52805544869
3025.29204146228
1175.52246113534
3031.45898057068
3704.04554665506
2952.16214126292
2535.2447440659
2191.10706889248
1756.18231777489
2227.61609487068
2119.51082152352
1766.35317453369
2266.79686315219
1990.03965768397
1018.20026572441
2332.9525532427
1145.13462224179
370.837350373739
704.046967868282
-293.722079374341
-1784.43593308028
129.771204895284
-802.391412182302
2548.65970608032
51.7112570036068
1603.60349560971
966.440739141898
948.665551406695
567.020426001246
1743.23415747389
-721.627456753364
565.337986025764
399.521774759504
1720.97180184549
423.340437432272
1209.84893137987
-124.221827979726
143.942171752352
-1377.90367929405
-265.612021207847
-16.6008992778893
66.6193304251158
-1108.62843045465
-1512.39463877411
-2043.34250024816
1070.21345085308
304.087757609807
-1515.93641626928
-626.419423653267
-15.251827739532
-1613.00636003267
-1247.26391160544
752.598360120391
-2673.71097130654
-1544.88912147985
-755.388772980612
-1244.39049980359
-968.653948776197
-1077.17486829067
2.64697346380024
-367.798483589083
-180.191482409993
248.450898672737
-210.636982256337
360.64308255125
-1230.29753468649
367.301195711906
118.480306675063
58.0764396748934
-582.947809435642
-1299.56116807022
-990.881993000886
-1355.50227991668
-272.951193074231
-192.034289277058
-2471.26355514562
-7.09131054091949
-1513.0504472698
257.378428330002
-1236.34346164622
-1169.1679498089
-561.484132822283
219.958550723233
6.43709976435372
-135.964777993541
30.5229235080362
-261.562947238967
431.029727102212
-1025.73452043563
-140.93032581144
1397.49672132393
126.20402118446
939.878877146868
-1404.14107425754
-474.240675007038
-408.130603873947
11.0191843302866
60.3899280577258
1665.24380179678
-994.026405193938
-1031.59251873464
773.931470211032
1032.26520335612
-850.173150605263
-432.018722186153
1808.57471352847
304.693676194646
-2393.28626042795
780.022800461881
-310.594945127234
-298.677799989622
-675.729404748461
-435.084421363115
-2517.03197278008
306.039164389765
-581.584543468614
-573.726567278958
-1782.4748070074
-468.632374771532
103.103872944897
777.862973592252
325.274021794487
-975.386978105107
81.2238454893059
450.459422905455
1009.59127958297
1141.9246316424
1238.7143494089
-300.427072986687
-39.1661722261063
-1149.92337142246
589.565729230566
47.8613725844715
-106.122439018963
504.689591957953
-116.061642670297
541.782483500896
-1380.80454734746
-3.78096679806114
-1001.33726853215
-578.068480437477
-792.356204115201
271.727917486545
-174.870460868059
442.344175182481
516.839278113026
75.0178213302877
653.73503770544
-740.931669356257
-552.903384981363
-2201.15393258872
355.744735540258
183.768748905382
-1160.44799558949
-1122.05694839197
527.876793304259
-29.3641566288966
123.711423048088
527.844377824752
890.349894391912
1093.63521404441
202.996758947115
-1546.73166543406
1022.10935615706
-167.379240956603
1445.44765053725
1001.32436732789
-761.567599567047
-828.664142337315
-81.2399582305593
1137.13496049746
1837.6363757899
380.414852293403
-1168.44381037646
952.503212675184
-546.022338216077
-688.19399921732
-202.818081759334
350.515688743997
1162.74998619858
-2274.41972824539
4.15506591733686
1465.86005561112
-267.309495929798
998.306451186569
623.506944320129
408.727823582057
-316.51680072205
-312.467211740661
590.817257013496
-81.4742915499791
422.415469790237
-1545.27611590251
2836.64384974777
362.030088604689
1352.05873298577
1672.47107136222
964.9664940914
-2273.49033571531
1029.98427157964
740.973993326995
369.81201484596
-547.244140989889
-377.970999632666
-569.022470479958
-626.475729697176
689.396607753475
-1166.08905634084
-229.51459037498
-611.576831073277
-2130.01693240432
1002.80130101732
-660.374061398233
1977.42900522627
738.471868441608
-244.747000095407
138.386206063558
-859.088440611635
64.2108442579703
127.393790740186
-206.058038211146
744.148932306693
-508.940871533974
-400.961978830293
-168.527900812712
-1842.84891134247
-660.047232324281
82.2206516139833
-753.7525548334
-163.448295254443
-1284.88868210442
-734.393034128181
86.9784266963686
906.093264907912
1428.00382664044
-375.181151833302
898.54602027369
654.63484965391
605.421807384479
2182.40720491179
1319.41424879951
1724.89323692927
1188.0832732522
1163.27501674812
788.76595596605
-1081.87197476685
-405.630151870664
-793.932793965284
-991.384770582445
-567.379466915199
-2129.87783350445
-531.840027749504
-672.164781851953
-2289.95656514033
-1683.9420950214
-2617.25062428404
-1930.59482210453
27.4217648333417
-2883.63232450233
-2364.26144860929
-3240.93339306927
-1856.09895988603
-2251.97554133325
-2147.24572402968
-1646.9460848363
-585.788273678893
-1450.92616954421
-1624.43202917359
-3217.48528788747
-2873.93018848823
-1067.52104484285
-197.357073267591
379.168540097587
237.847325786375
901.61241111534
2083.77920913657
1043.62899768107
-1229.3291835856
-726.14322737127
-3546.29900945284
2576.9795236682
1297.26203951361
3658.84378057993
2544.71792901039
1816.9683885751
827.187183242774
1781.97881105058
887.114583826094
2674.2335451577
2858.07109084927
1422.4813268533
-348.199578276352
495.964294478847
2855.40764564623
1866.3549960988
2124.57430030436
1325.08398750439
-361.777449320524
261.657924140267
1488.96759117346
-2244.05732341053
154.490284184844
134.080040322138
-466.918346160032
-109.325877402724
-1120.41787946003
-3233.07469125016
-2717.93525213856
1667.55326570121
2506.45462316679
-617.622286179471
1190.00944861826
2021.22826703888
343.1460347451
2546.32790728398
453.984651087165
2699.26305450205
124.370664757905
1925.86179604377
-1577.03934030374
-1607.11163395592
1150.7444311443
-220.443317778206
1316.78037249649
671.525717159672
1379.59400931836
735.925688306069
299.727637033627
-349.283548507939
1561.06306148803
982.208741557636
959.089477269063
1014.95687416829
-363.820146934848
121.04047331032
-1275.07309430023
-896.633968575603
-67.6741625084778
-2095.49976989547
1137.93496396261
643.593960293561
491.432456552528
-120.48843595428
1527.49770662153
-696.1880620168
212.277462263798
756.450078353818
962.836883862941
377.517534813512
591.294984107053
-866.942409184875
33.7037123072776
24.6186937887853
-956.615435516352
-2306.58966049736
-843.662318105393
-1307.98165826394
-1541.71201629003
-1389.54765297098
-1385.41436906554
-1399.54935069931
-1167.393952432
-177.403987700101
-677.982017552135
-429.685929879813
1582.12868936319
666.237187290428
711.999500099581
-1144.92351137788
303.424319911372
-1672.31656076665
-378.873187201826
1150.13945066041
-829.115385211636
-465.571290807311
458.772070779998
-2212.9082267705
-1997.72158664078
-193.078636141389
-3114.2415205467
-1554.15463846001
-1413.37863496632
-2253.52301362564
484.522602026915
-779.539893730869
-1036.56806410237
1270.40734178133
-1120.54046425683
323.063984400912
724.850303930859
-1253.14868499303
860.597698645082
-179.169313110663
-1937.4085100349
-708.846833190122
-2693.37007753453
-2333.95958347518
-2562.45225729944
-3723.66705723586
-4385.489256754
-3404.32780026672
-2964.11222623217
-671.578596750715
455.869439027696
1336.46304926678
959.510023074228
1161.82558728791
1919.48204197404
3935.11213637592
1919.84012628784
870.336409236795
2206.55971076717
1517.68754584852
2459.73491836392
2986.37251675912
2060.78831267023
1879.34520381796
2021.77233757098
2203.17587793552
2832.15095451101
2266.58176923719
1549.97884568888
766.222827312789
1708.60730789511
2637.86251004518
320.581360551552
1642.54270048992
-715.478240712791
37.2648750207452
2165.12051804121
1227.02744717549
2027.66735438007
422.163020341837
3243.12116136262
-580.447069340997
1331.63825125666
206.867007249049
849.4292475628
1758.4291847936
384.228194574882
938.633807016454
924.150866690393
-105.921761172923
-112.188755796174
1300.64841418645
-28.801544297329
-1666.41873827583
-1505.81360113775
-667.858200647893
-762.110501800061
272.636605863957
-578.13496994913
858.745611324252
-1748.43435087161
-2137.75144836032
-517.04948753045
-1379.00301579762
-879.537188487721
-2208.51155952356
-229.582692839724
-1887.65897513677
-593.997768650832
-123.469019383929
243.654044882492
-851.857290610959
562.184872557421
302.465285411984
-1083.23096181354
-1803.58968204898
-2206.52844012821
-1471.11115193025
-2028.69327937016
-1478.82540850514
1428.51045077589
-2447.63390289874
-982.783471919457
-206.406710286998
-603.869596970297
-46.888810335347
-1519.96881916628
657.008611186271
-497.941957322491
-928.927375451069
-1257.63134768744
38.5158157412928
-1305.33035478018
-682.803436278371
807.982687123225
1094.74998181018
-898.808489628237
-1029.39138593081
378.59117564218
1793.9352409833
364.054588661397
-695.818175678986
-1283.37405610789
-2346.21266549621
-1894.13157263618
28.3561968455712
1478.26897882958
545.016331958494
-41.5407904659515
1286.11344429233
-41.6532600494906
-492.072443284539
526.545786237114
505.97602406893
1338.87376274323
-422.412214272389
98.6692467106292
861.284229910911
-125.886078348398
-1525.68605230259
134.338135358886
1182.29350346316
1552.50671466475
-110.151117026176
-1924.87066954653
-847.372765991354
640.609361763704
-2399.40191844618
-1506.91332637735
575.539974475647
764.538425469023
1667.13921404892
787.200676344961
-77.7784016274322
962.604737165066
154.932209827607
367.754527898664
349.765120921804
389.394517366893
-1334.31759330056
-2670.31988833453
-1340.30750443812
-2099.20285024849
-1121.74845498687
-1409.28972500278
-2265.99757787565
-3832.92462631624
-1027.48526620851
-2441.39909761715
-1957.61098855799
-3542.84243958324
-2214.62957645143
-732.14500081146
-7.70757700665206
-199.284294383999
969.543036386595
-438.525453368144
726.487062406323
232.440874855778
1425.05210241539
1244.41143175897
1488.09095421366
2494.07530869449
1624.22425684795
2813.87542381004
896.363038250795
3050.80709377422
3116.25762566799
-758.867716684102
-994.118962864803
-1416.30962354007
-28.2799731465212
480.541992138
-473.935465403088
1193.46483925673
1612.85217958223
128.185424148295
-800.294096407246
-1700.01922959357
-1205.27291722972
-1707.68656773367
-2672.31004421947
-2827.76510801563
-869.530083968623
-2222.23019849351
356.682018772582
728.48608170072
-101.935788652773
-2326.80885088414
-199.11236916725
-3467.0850000391
178.052596282824
2001.80206389659
23.7981978723975
1114.77567413251
-445.269848076897
2885.97076242889
2987.91389816013
444.678211774399
2155.15100043117
1494.34994736332
2656.71224510192
2206.91259374878
-872.562677795398
-1272.8059061336
2891.17149975256
3138.60644846427
-135.214845682026
1670.36263961193
-1938.79293963947
1809.6274670228
318.758329121743
-1705.59094097502
-42.1709384730661
-2771.97808380845
-16.5444005492443
94.2711591469314
-2831.7686593812
-2452.0417095386
-1934.75325717998
611.906187668376
-22.9420890395755
227.483020084972
-942.892558200416
151.395855667839
-300.370541967358
-2041.69004386219
215.329050022129
-718.569478188757
230.353146648221
177.067971320159
-2060.11092792867
-122.116791618601
1174.45765255994
484.711494510582
-242.497759382062
-2480.66403128131
-2234.14463642541
-1888.08242656073
-1222.44046780763
-430.490456684863
-871.050466764599
-1498.70893693516
-1546.15078848822
-1978.07263006921
-2573.93427366823
-526.181858076498
767.967498738377
966.563466496373
2090.16006616362
1970.98067209622
1594.52054669234
-451.85448575906
1132.0163660735
-225.233284978797
-2677.97721374482
2395.73494554165
-213.356373452926
458.192658687026
-705.958231099207
2438.29405388966
-1855.95195471781
-467.110259738246
-226.58574421352
2417.19859424588
645.816831229086
-2543.88774273952
-1076.31512634622
452.621441754507
-640.811369641989
830.555775799469
-1412.90362041372
-736.988522780459
3277.97971901633
683.215813886794
-34.1487798214287
-664.875339685045
-208.106680239608
718.069923194229
-3326.04838440757
-4279.02760495569
120.286230692423
-3504.50976070968
-774.995152871691
1827.02928417176
963.254626353659
-3803.73910592402
68.0675166109428
4016.13629551198
198.296634487237
-550.713445206433
-742.542372369583
2719.93225987968
2244.80168599746
4673.93853918093
3304.70480008248
3141.19850901655
5077.21604732836
4332.0450032909
2908.89352602782
3448.20679408956
1731.1587068166
1451.16595356934
3034.01407643278
2216.37422375564
2598.65405297943
1358.52546011755
927.801161626371
-2471.4738833742
-800.454705055805
-2403.63935292365
-217.992896678101
-1766.29623968745
-2197.43638903079
-643.671134724587
-8372.39555234859
-244.892398175825
-2055.75687981511
-1660.55053637272
-3176.48067509799
-1706.17593294611
-1974.21958054027
-2648.37491383629
-578.395597102437
-29.7568226398487
553.794599396154
-4081.89188944066
-1518.85779221599
-871.371857094137
3085.06961825038
-3552.79206749167
-5984.60930136339
-2804.43452332744
-2648.62279912245
2662.13416258526
-3761.57707338719
-545.459233988045
-1001.83836255889
4486.86419883752
1819.76453873528
3696.84535504412
1065.76622649108
3448.998288638
3765.37951474599
318.904183669107
2481.48254595032
650.395904494911
3866.41900465842
-1612.37506621776
-662.42139675946
-564.317235938719
-52.3237020576406
-2494.05526557269
-2667.46403146616
1019.59750931959
1044.32717397772
624.163785574432
199.699537169039
-4528.76763418047
-1974.34579492893
5255.99097302082
-2031.0841761417
-792.771327222498
-2448.17247396001
-4208.07448898673
-1759.87491136721
47.8887526559963
1156.58167378598
-2585.86310626412
1839.79807668514
344.713073581193
14.0914429437671
2014.93678134969
4507.8464788415
-87.6121605557438
1229.05571653954
-2877.95163347578
-348.019698467796
832.166873378975
1101.48009714488
3556.16676191861
90.2951732262997
-2341.86172148931
667.079944754686
565.8948160927
415.610187005881
-380.094345047511
582.587496259645
-2702.08986690706
-3091.26377593501
-2660.94359673402
-1540.15592040785
-2145.63285949614
-2259.3146879877
-2431.37205365138
145.766803680494
-2632.07310942463
-436.147798345617
410.672088100841
3258.15033941453
5225.79137197701
5734.89463114784
4308.13925695483
3445.33390713504
5592.84420307318
1043.54912912925
4569.78329591012
1215.86889155357
2623.0383314573
-111.303734822288
461.059733022061
2827.02952407191
-457.372677221868
-151.406834866912
770.159733777889
1485.3945485939
4188.77714926463
-1798.28408256409
-1167.84566192302
1343.8889414794
-1782.17265197219
1104.18859159988
1045.62326591013
717.778093618361
-1019.20674666786
-160.080720878901
-3855.0400207845
-72.8308332901732
-1642.9327085619
-3661.17812041631
-4446.20676179407
-1490.8099867479
-256.847361359121
-1305.97246924456
130.222434306898
2345.30880227878
-433.473964388705
-1891.7200951148
-1708.71188553173
-1789.70213291119
-3576.62710557053
-2732.43363830939
-3441.55229029046
-1965.40919933395
-971.122795075959
1955.49453773901
326.120226541713
1305.75030850925
-275.500291863145
812.405204385314
-752.942777812869
-1899.20176000693
-2131.43632886694
-2889.45201999885
-5416.57318349004
-410.849730267712
-1390.22668602297
-1058.55222698056
1212.54574583486
2849.62078248598
1103.76207059448
-1157.68987446073
-127.46743088157
2378.24521622013
-1324.81694962539
410.525457791976
-1835.00588160493
-1042.04864869462
-536.553887684302
1270.01399105748
2021.97984114281
4080.273696322
-1477.85801393669
971.450924138167
373.696057448493
415.285662371429
120.276091981555
-2203.17345378271
-1366.49216359043
-666.045225677855
-1608.32891899328
-3166.86226251224
1568.50673527719
-2211.50460537589
-959.196903984166
975.032914572244
982.084886799835
2016.24442272544
1774.00772707954
2222.2158941263
-550.04682563816
3783.33169946596
-1150.84070083574
931.918072341531
1009.54000595448
654.489493848196
529.092195344135
-115.725252113494
1688.01041008263
681.087279540211
-1187.36628432089
479.278513702778
-1804.78055336883
-573.312363424751
-519.877372262806
292.637725587324
-1922.41583532182
777.805637516177
-194.944175302506
-1453.74024374758
-1987.05957801647
-1076.47658852212
-1573.99402333014
-583.182368456499
-391.847388138115
500.29225772814
-995.568020471174
699.440342638559
75.1814971668333
-1608.21801564428
-199.368413304699
-231.537553619527
-512.458290797885
885.791141645469
860.673411369168
569.58031111177
-2850.13562967346
3249.63620310283
-969.939164280919
174.837335739082
-2446.46738455048
670.674833416398
842.534267483138
1663.92921279785
1004.03373680476
-519.251284879173
-1501.48947436192
-275.449230098367
3102.76587511033
1430.15491344098
1406.35741163931
-747.112080266646
97.8694349039657
-2179.5719620619
-2477.11135423949
1166.58187007854
1379.70064540421
-347.38725562853
214.220160684719
-417.094105422618
-937.924286945467
-2146.89732724681
83.665186777906
-791.135105650963
516.166082756836
475.702029075296
-245.499415148948
-4037.8878232051
-1237.2737449741
-250.550028952678
-755.626376424232
-1343.65924651268
1332.03650964225
-2394.83651473939
-1340.97589924317
2898.95168110423
1149.2036655388
629.251305650699
550.173331770597
1489.45211993772
2499.30877831612
2632.20403673016
2520.96397989696
1682.9908174107
2530.35102637126
1050.64852186877
-111.193525592423
-646.750839276546
-199.020956270225
2873.80366269192
2086.99870677145
-1115.62374924554
-781.553062526169
-1706.61928395325
-4229.53988443881
-2401.30098248652
1494.807233231
-774.973670362262
1617.08875431894
370.858628910815
-1419.90193135868
196.680923837921
-1297.50447151948
366.415783037014
1088.74373851928
608.637544890344
-1119.44195412419
22.0726971700565
-1189.51010187415
5.28732108752989
2232.89338153017
1488.12638158092
960.243788702168
-324.804044610375
3315.8684803544
1641.81353949612
1527.75408299004
3340.68387325308
1696.51207367693
1557.9673497573
360.425632057019
-1056.78076692137
322.383935930661
-726.953403807933
1535.42452926688
-919.789697260441
816.124185303051
1008.10503379092
-264.190636393031
-587.206688098379
-807.726020016528
152.081638292074
-1421.77106879585
763.17751663282
532.566100958318
-1743.22847448469
1117.43352029336
2441.67807653224
1587.47655738239
-286.4788394055
-394.986979964793
1365.63798320515
1268.49260675276
-736.998420476809
566.235990260029
917.053805656735
-1636.38515392009
628.381840908977
621.831335001591
259.254673076564
1128.89105658723
684.561131193695
1160.26043458677
-1367.17024564634
86.1510399345375
9.07706874116104
-642.065917603112
1406.89115791855
-1396.72434409427
-376.852078952619
306.056960834623
61.0420810391577
1082.40404365636
-465.973118946482
2496.09315530743
35.8448887077879
-997.074167033608
-2130.06565462601
992.068353006719
-363.766268845815
-903.351920387093
1472.77414486699
-404.847254669902
-59.359920285107
-782.348968706725
1434.00728384928
-226.759931683606
70.6659167018174
-424.822424654283
-848.502074181898
914.091597990729
-780.728626689874
-1837.09491007191
-544.129208020433
-1428.43723476619
-1953.43926164711
-289.1687173457
243.242146095897
-1795.37990065555
463.456116343375
-600.117768689887
-1444.60053780332
-2179.77516809444
-1876.84720660114
-1669.10581650748
-1797.68721901404
-1255.85638683871
527.342355648298
-587.338894036006
2559.56483155931
1074.65505123198
248.822289141114
1263.74495565697
1190.14560887687
2502.37643063849
1058.03324789609
1318.91007457243
1830.88003614658
1542.22433808595
402.299685244927
1324.46582384329
-1106.55826276527
-42.5932493022153
-632.590354851616
-1629.13935199872
581.152316147706
974.907354742792
-20.0251453142107
-538.59429789059
657.264513909133
-1694.21786174984
-165.034634270257
