1330
-10
-32
936
642
8
-125
-449
-165
-808
349
155
403
455
897
-218
655
54
628
154
-443
-520
-397
-1336
842
77
911
403
760
416
566
653
-46
234
-124
-404
82
-341
-417
-735
-1198
-1402
-1976
-918
163
372
173
191
-597
-680
-1447
-945
-1036
-552
-462
-645
-519
-265
-879
-488
-502
-1034
-96
-378
376
529
574
-138
1019
831
528
689
356
247
525
246
382
216
874
-329
1430
117
1657
1724
1320
858
282
-491
-1468
-3786
-3927
-4016
-2632
2423
2747
2181
-227
-1353
-1373
-1699
-1543
1068
1799
2369
1367
1407
1379
1309
2810
2994
2600
2286
569
468
1199
1812
2019
2236
1815
1146
408
74
-478
-1160
-1966
-1923
-1811
-1424
-1458
-1354
-811
-329
488
248
651
-83
-368
-708
-1203
-780
-1011
-1628
-1482
-1534
-1178
-1240
-1785
-873
-250
-253
-1781
-604
-398
-144
-665
-693
163
711
1167
387
-408
-80
1188
373
557
1342
1350
2397
1347
1216
432
196
493
125
-416
-1082
-1225
-347
-212
140
-526
-9
149
747
834
1321
616
-483
-1620
-1060
-1727
-1808
-588
-1800
-1166
-2415
-3950
-1481
979
1728
1626
1891
2275
2039
1860
1419
1243
1214
1137
1254
34
396
240
-262
-30
-445
-556
-464
-696
-509
-652
-223
685
485
738
566
426
482
78
-84
-303
-203
-323
-324
-348
-403
-630
-420
-439
18
-681
-64
-438
-277
-486
-641
-741
-506
-556
-313
-1014
-1375
-1182
-641
-300
765
1290
1075
373
523
1049
249
1040
576
-206
194
625
1276
953
1564
279
305
633
1002
545
-552
-686
-268
-738
-493
339
-325
-1171
-3421
-841
775
217
-534
-1404
-1728
-2357
-2692
-4454
-6190
-5597
-2942
1019
1398
3392
2173
3074
1395
382
2589
440
1174
1266
2506
4544
4150
2882
2343
-54
-1867
-1174
-1027
-2555
-1729
-1951
-585
-1590
-1158
-312
865
179
365
1206
382
2396
373
381
801
1577
1083
1346
1779
1008
1134
1989
2833
2528
1326
1690
901
1658
924
1031
1023
1074
324
223
105
-164
-51
210
-142
186
-693
-809
-516
-483
-1587
-4394
-8290
-8263
-4755
-7940
-7769
-7053
-2130
-2800
-418
1732
704
-198
-1516
234
2805
5256
3215
1393
3080
-149
1485
6526
5575
5088
3124
4084
2861
2525
3406
2754
2835
1466
316
387
1220
-412
-992
-471
-26
-565
-1682
-2724
-3703
161
-1530
-1019
83
264
1082
882
1630
406
911
1359
276
650
646
254
1340
1194
-535
-1011
-644
-2915
-5651
-2754
-1257
-898
721
-42
-1105
-1772
662
207
832
103
-338
-71
-530
-337
-220
140
822
-266
-228
-940
97
563
-504
-1005
-1021
-1262
-153
-805
-1999
-1065
-798
562
1256
491
0
-718
1111
-50
-1925
-1635
-3248
-1582
27
1360
1757
3183
3375
2770
2718
2346
1109
1303
534
379
-118
-867
-1342
-1546
-2325
-3101
-3397
-5136
-4386
-308
375
2474
1294
1885
791
1310
1649
2065
1060
634
506
-139
926
1437
1004
214
-143
-194
-551
-242
-380
-753
-1662
-3442
-2339
-4631
-6223
-5803
-3320
3432
3435
2985
3342
3696
3457
2508
2405
1810
2092
1395
632
1257
123
464
152
959
242
73
187
15
-432
1013
423
725
34
-1379
-623
425
663
-602
-266
-708
-50
-857
-1188
-433
-3014
-4479
-5221
-4355
-4102
-3032
1073
1965
605
3564
4608
4139
2236
-284
-606
140
1762
1420
829
174
1299
1426
1898
1755
1394
681
1241
-195
23
-298
-487
-1280
-836
-75
-1681
-1083
-3135
-4237
515
-2095
-3898
-4633
-2103
463
-1973
-1279
5512
600
1413
-484
-889
-373
-386
-2542
-1113
-953
1217
2238
2298
1328
-286
855
192
2148
716
1601
1770
2326
3937
3270
3143
2047
1867
2430
2238
62
-18
-460
439
387
-1208
-3675
749
2210
4208
4154
3466
2262
990
462
286
-580
-737
-279
-333
-1152
-2303
-2242
-7943
-5713
14
1354
1559
122
-134
322
-856
-1985
-2740
-1963
-1371
-1794
-2530
-4376
83
216
-315
-3316
-769
-1310
487
1209
738
-3073
1548
-2682
-4635
1799
429
-1068
-724
-1259
2818
2852
2510
3925
1136
-207
-662
-1606
-593
-2190
520
339
5357
2039
2849
1762
2264
4734
6674
4736
3828
1742
828
424
-719
-1926
-2285
-860
-2261
-1059
-118
-3235
-3209
-3944
-2917
-4720
-5549
-5987
-3179
-839
-4176
-4111
1040
1756
146
-580
558
2258
1687
3882
5463
6417
2283
767
1399
534
-1336
-188
-2074
2312
4857
573
-277
-834
275
1240
829
223
-870
1402
2249
1301
-1684
-795
-1899
1552
-58
859
2379
4129
1284
6034
3296
1780
977
1227
84
802
-349
-1678
-2355
-4999
-8343
-8340
-4904
-502
-6314
-4716
-3280
-5167
-5680
-7581
-7392
-3163
4074
2006
-126
734
3827
3946
1446
1133
65
2047
5300
4773
4360
5993
3570
2353
1442
1994
3538
3831
4333
3959
1340
1328
1348
1253
283
-912
353
-58
-1076
-595
2894
2234
1493
1161
629
-887
-2254
-3415
-1113
-195
874
991
-1542
-53
930
-153
-5371
-8321
-8291
-8220
-3926
-233
-558
-239
-1393
-2198
1930
5519
3021
863
70
-3086
-7062
1449
1875
1246
-1484
-1107
1923
393
2162
-835
1618
888
-367
-285
-3778
-3019
1543
3824
2680
4036
2941
2559
3467
1777
2121
1120
685
57
977
1096
983
-17
259
-298
31
-281
-1550
986
66
889
719
500
1648
1236
1249
-94
-534
-416
-386
-1435
-809
247
-1887
136
-1976
-2208
-4110
-3093
-3092
-1318
-2531
-4507
-2791
-1480
59
-2003
-2039
332
-525
-1465
1477
229
1667
-129
842
1310
697
-859
1968
-716
1299
621
617
1470
1405
2421
2225
3070
3049
2654
261
680
-1044
-390
1403
-173
172
-445
-566
-643
438
957
471
-192
337
99
-1112
-2330
-1977
-1391
1150
373
1384
1709
-1682
-3838
-2784
-1562
120
1259
1262
644
1051
1053
1125
547
-259
688
-153
91
-789
339
1083
1097
1247
1001
684
-427
-710
-1287
-2134
-1057
-1124
-814
-2062
-932
-2189
-2287
-1544
-1036
-993
-776
-204
388
1960
1666
607
1215
1620
-774
-3170
-1928
486
74
1861
-3589
-2117
-420
-2580
1491
2428
3034
3999
2483
3289
1147
1214
-1854
-3273
-4890
-2733
-1758
1061
2674
1763
2432
277
21
396
-322
-3627
97
-1362
-1163
441
-86
-2016
-36
699
4174
1771
2494
4391
3088
3798
2796
2246
1889
2033
1922
1543
-350
-1353
-2277
-2152
50
247
-1350
-4406
-6720
-5746
-5597
-8030
-7844
-7670
-6335
-6661
-5291
-3151
-948
157
66
5519
6536
8598
7814
4942
6771
5187
4143
3354
1662
2906
-483
2622
1912
2484
2537
1539
-342
17
19
2678
3816
3611
3708
1504
2953
4092
1283
-6013
-6956
-8035
-6477
-6833
-6992
-3507
-2863
-1834
-1038
3421
3889
4452
4215
3061
2928
3332
2643
1998
626
-889
-1495
-4010
-3376
-4367
-5512
-6936
-5766
-3650
-1603
-2690
-1372
849
2171
392
-754
-136
-911
-494
-193
1268
-342
-1
347
1849
2928
3202
1910
3008
1747
662
2813
2213
3028
3237
1130
2483
3487
2709
-1003
-3035
-4991
-1066
-154
-4098
-2303
-973
-410
-523
4674
1462
1451
1511
1161
3060
3010
3780
3786
2664
3039
2360
566
291
-4250
-3648
-7080
-4675
-2037
-1333
684
2089
1452
733
1348
1479
208
366
739
-270
-1432
-6249
-6349
-850
-1994
-1890
-3229
3623
3969
3379
1954
-144
-838
-875
-1128
-230
196
-2164
-3901
-904
-1525
-1314
-378
113
362
1410
-329
-436
-2093
-1353
-312
436
429
1291
1335
1620
915
-1457
-2176
-2304
-2013
-470
2073
-1291
-3653
-1533
-1106
-1740
-356
-2653
-274
1225
129
588
2317
912
2899
938
-360
1132
5106
4402
5309
4445
4358
4358
3579
107
-638
691
1322
1628
922
-124
-1258
-1222
-3640
-5931
-7326
-8271
-5215
-612
-608
-1692
-2188
218
867
1450
-974
-679
286
466
1085
1156
1601
867
1675
1241
-1815
-348
1788
-278
296
-2984
1620
-373
1843
-123
-569
1985
2970
2729
779
934
2744
1985
1953
1909
1307
1219
506
735
1159
536
1333
-477
-1950
-2145
-42
329
-478
121
4
-300
-2736
-2713
-672
-871
817
873
162
2576
1971
1660
2377
2102
918
597
403
402
490
-2758
-2743
-2499
-2384
-1911
-3760
-5438
-4152
-3468
160
1670
2156
3626
1259
-110
-943
-545
149
-357
-86
259
17
636
-570
174
-11
-1244
513
298
778
1419
1270
442
-207
-790
-304
-629
270
93
251
380
119
28
-861
1090
715
646
-701
-876
-7
-1782
-1708
-671
101
-244
529
-506
-347
3
164
352
267
489
882
1179
766
73
-512
-281
-495
-166
60
1201
234
-35
-506
-24
-842
-946
-87
793
-163.804652952008
-56.9309822582156
31.3913339166739
-187.826475950982
-2.83797301375975
-195.723770390866
-114.039141167723
7.72808985333346
-4.50144551352364
-303.878842219166
-92.3158305406844
-45.6137654186391
25.877234057723
-283.262717002643
10.930138269254
54.4760194452795
107.729866887855
-17.6867805208198
56.9304506238916
-11.2031733839664
-48.7138887082344
139.202927256753
-83.9861644614856
-165.804722073654
85.4904582610484
-67.5209320160029
-1.52257576964938
-86.6364447495444
-182.702309038098
91.7244160101543
67.380776874671
-46.0319247816137
-73.1122259859549
-190.454296977123
-103.032436533345
184.05652710553
-201.478773601504
-69.2378393029791
49.9810323230794
-263.321337141573
-45.6549801478861
93.881598081156
-87.6846839398796
17.5534175385583
-23.0485000204878
-70.223387492579
-242.139625504273
4.43305073503258
-87.799465305176
-166.3236157258
-47.7356269154678
249.240304335538
-13.4310615601406
136.619853049302
110.782748538063
115.027356878547
252.321015766494
-224.070127660522
-69.9861385889903
8.60220204122245
-65.678197165306
-88.8130192850521
-172.407107478284
-242.135358262553
-73.2249800042205
-151.769966566662
74.4300508720936
-135.862261532591
-21.2074455321036
65.3209149562466
-10.0259158250462
102.68479302818
12.2851336768323
-63.3858862968008
46.1116500891026
-29.6722731650808
130.34118525828
-89.1287641203449
-238.25765396496
10.1641874513676
160.493846684705
88.3601419078069
42.8488945190006
187.944402837155
50.2701645436188
47.0131013049582
76.7098926409878
301.918060246115
131.887723359574
-60.1275575126919
54.9039268418646
3.30394828377732
140.516422232699
78.8271569424346
-138.515652446102
135.430307919744
79.1400608973317
-185.917834415376
4.58764896372225
346.544008609469
173.525642315231
171.518897302427
47.883269496986
10.1300555493145
74.963006471746
277.64295892773
62.2304578534562
114.253226239823
-67.7212224236529
56.6037630724848
-28.1547457907443
128.236403760559
88.1256083200107
-75.3032394127352
219.791600460111
253.557794098181
-4.02947320641636
2.04427369585207
123.970549095033
242.682393980618
75.2433278135718
-8.4922537844396
94.3990971588064
204.033476937105
10.0717721198485
125.032670335357
166.066346231675
364.75378086871
-62.2316041611805
141.006052087165
-42.7672213568902
318.863689703761
161.15936685912
92.0429849537981
143.745980269883
227.954311259034
-23.2586560965194
107.981939862396
34.5381469149241
-59.7248219938147
70.1115317338534
44.2066829546768
19.6986705092155
42.8954604577677
98.4409346541603
-3.41712981745179
47.8397567545474
38.6368354367119
138.61996564175
80
