-63.7521387767806
190.250288462926
162.968397223144
-104.237914687832
-198.602648715466
78.3829761361914
54.3393294665791
-27.363589830346
56.3672591772197
434.120284640199
-250.249439692933
223.666472430666
-76.5924441607319
-130.382773396448
-228.984981820097
434.535092089286
244.924071331168
101.867834429755
94.9323456791192
41.4250585384887
-140.883181753578
-8.24063931585115
185.810659796214
228.756855071004
28.5693367136353
2.77383755694929
273.270709008892
86.8596144730343
58.2211374816778
-137.00511367728
502.669671411502
-86.7043385601453
29.6139099760693
133.371933667066
-31.6665272587832
-130.754241941351
283.365924260793
306.089316805082
-99.014055059033
-119.183086694086
64.6601867925967
87.0550621404968
332.994551645835
3.95625963674568
83.0471654378455
-19.1253344167479
155.109969740411
-45.3301395852655
-161.241214388856
1.67947339356979
4.50547758360968
95.2516171124926
78.2990211688468
166.788154742544
-173.212833247273
20.81037259172
183.005572080642
-121.031514471202
-147.7410657395
-196.288694250921
423.106234117576
9.12316348911222
-62.0629682152711
161.23362812644
-165.872334083348
4.07244582840873
-43.6425136745741
-10.842703565083
-26.7005725339222
71.8959848559463
-96.3715510107971
-287.36250715783
-188.882161220404
-37.847734118579
-98.4433165894279
354.412641190383
80.5484831360058
307.628994059783
119.372796998696
7.30040690347942
164.40421183466
-182.738497231545
73.8000586305124
96.8412577321231
-97.6616597175667
-203.668289548019
-161.893138779727
-260.217386157062
-135.291006274131
-297.782063270742
-64.7971012463137
129.138719769641
218.475267335979
85.5339497446885
-2.92966650231564
-158.64570399763
264.175004265167
62.4835596909193
132.794744751773
-72.5638194762123
-100.558093907986
126.05618645287
-246.02365428117
-262.556901667119
78.292943202753
85.7246263774283
39.5507240020832
36.3079917209736
-38.4701166999432
207.512935183654
465.589957119903
118.011847340425
-173.439459207417
203.936397528753
79.2856494125358
93.4860460367796
168.234426433419
-216.869593131298
-86.246911683214
274.060074062214
138.377791961474
-170.348453708964
-5.7349768844215
428.434604295447
2.59034618582492
-324.569474852754
115.255554924444
110.03034752875
-28.6872713673217
153.077780571361
194.671929815849
-109.175338424344
33.8318463393151
-31.7268422856115
-43.5006706738332
18.0379651722481
47.7571809134026
-48.2310819133596
-64.1273823697498
162.890015204875
-156.014424040416
-92.0284868305313
107.173828674087
-67.5773456408945
-217.343837265729
-178.472964337952
-192.204891195364
-98.3394625230808
-280.142689634483
-331
-331
-189
-636
-428
-368
-654
-726
-893
-1411
-527
865
465
206
-195
229
-1282
-165
898
1310
830
1179
841
-195
754
1715
1408
887
233
706
30
-383
-821
168
1806
-701
-1101
-2448
-2570
-667
826
-146
1280
2388
3250
1276
124
661
377
1139
810
852
297
250
-345
16
1105
1408
925
482
-686
-671
-794
-781
-110
-1271
-1320
-911
-2751
-1381
-889
-351
857
-651
-2307
-846
493
1088
611
587
296
873
1290
516
-116
160
-312
-181
162
865
378
261
294
-197
1049
1641
-842
-1173
-1350
68
-1525
-1237
-822
-370
1980
3059
1074
1348
139
70
1053
717
980
563
1137
211
87
197
683
-1246
-1484
269
-660
-1556
-1496
-1537
-2993
-2237
-1568
-2402
-1551
-2919
-2333
-3229
-1006
1052
536
590
1223
2579
1675
2411
1514
493
49
1140
-1123
-420
-463
521
-263
89
622
1499
1925
1730
660
677
746
33
-242
1382
3063
1513
681
-1007
-1096
-773
-536
-1503
-1388
-1463
-941
-389
2195
2189
1022
1257
1764
97
78
23
240
-132
-260
-829
-265
737
-831
-930
-322
-943
-383
-288
-667
-1369
-509
155
471
192
10
384
1213
1858
802
341
-38
-57
-118
110
-268
-398
311
-97
352
275
604
339
473
-49
63
71
-18
-50
-276
-422
-348
-320
22
252
194
-25
129
441
-29
-59
-40
-493
-183
-543
-510
-474
-1247
-1206
-801
-221
-727
-354
-26
-850
-219
-133
956
771
1032
-1338
-2119
-2143
-2705
-709
-1642
-6651
-4280
-1675
2155
2454
2295
861
-1391
-3236
1114
832
859
949
-707
545
418
797
2186
1458
4626
3918
2022
4003
3678
3698
2289
1263
1153
698
727
-621
-581
-1593
-1691
-1656
-3075
-2900
-3321
-3141
-2515
-4729
-5428
-5663
-2828
-3067
-160
1435
1488
524
872
1395
1971
4161
5320
4332
2790
2876
2583
3127
2372
1984
887
-230
-455
-1338
-1254
-2101
-1270
238
782
1177
944
617
12
327
-730
-344
-474
-1201
-952
-1093
-832
-420
632
187
-724
482
354
331
-8
288
-1006
210
-266
610
37
154
352
582
477
661
-458
-788
-139
15
-656
-1228
476
136
-476
438
713
218
-304
-1346
-2286
-4538
-4658
-4841
-1988
-2687
-2209
-791
535
365
829
1625
1854
3191
2773
2431
2152
1983
2132
2707
1613
2198
2071
2266
2015
-188
-1304
-2435
-70
-2254
-126
-730
311
1425
406
2302
2060
1010
1130
900
690
768
104
222
-417
-1028
-1126
-1405
-589
-407
-319
84
-1148
-1254
-431
-930
-1212
-684
5
-823
-75
-320
-291
-1116
-583
-1175
-1084
-1605
-813
-594
-658
-107
-315
-22
-74
147
1059
1287
1164
1143
122
760
289
1638
1585
1318
652
46
290
161
589
-5
-835
-397
-414
-1720
-921
-1318
-1768
-2611
-2465
-477
-1942
-866
-1181
109
-351
1222
-846
-349
-1262
-646
-1970
-1171
574
0
1154
1724
2192
1469
1753
-927
-821
-562
-152
-164
-1058
-31
160
541
998
1102
29
1299
72
-237
931
-216
1629
1218
-453
577
1050
1767
2387
2307
2612
1444
1858
904
-2046
-2019
-2374
-1206
-1806
-1242
1115
-226
643
87
333
-158
-63
1125
-630
105
-1938
-1168
-930
-74
1258
1120
-158
1442
1285
2390
2434
2314
1529
-448
-1316
-4984
-4523
-2814
-893
-1362
-364
-1355
799
-194
546
444
569
1587
1883
1558
1362
280
-454
158
422
-369
-1163
-1306
-2109
-1819
-1902
-1515
-753
-486
-441
-579
-2269
-1678
673
1736
2044
1245
657
957
-224
-1070
-50
-1462
-795
791
1427
1275
885
1123
1064
1491
1332
3089
2654
1908
322
-337
90
-198
296
763
1907
1588
1186
282
296
-326
-986
-1126
-1330
-1412
-768
-785
-768
-585
-1010
-898
-716
-591
-505
-644
-1704
-1403
-460
-1698
-1314
-592
-1038
-174
-694
-117
-473
328
886
762
1156
625
-121
-600
40
-425
-800
-593
-430
-143
-666
462
178
200
-54
218
428
558
-94
678
265
892
893
691
1447
400
-5
497
-413
400
842
-25
283
1003
542
424
32
540
-466
-373
148
128
-211
308
-937
-290
-739
-704
357
-751
424
74
-414
-79
-187
100
782
-63
543
961
543
1223
97
524
-841
-845
-968
-143
-308
-1016
-888
-1110
-1024
-313
-1626
-1138
-968
-280
-106
-667
-122
169
980
432
-105
25
17
-602
-339
-674
614
905
25
917
0
524
857
695
858
118
138
310
-196
1306
144
285
-549
165
-164
184
638
687
-197
659
-216
132
1087
-105
-181
86
-382
-96
-173
461
38
-789
975
-281
-668
-15
-544
-643
-312
-230
-518
199
-190
633
-124
-796
720
591
626
277
301
253
1325
541
923
58
132
-508
-65
-208
672
850
-57
91
-574
215
230
-107
-710
-918
-1045
-1057
-1053
-547
-491
13
-231
-929
29
139
-541
-214
-518
-554
184
-244
-490
271
386
1050
1393
332
1009
1010
349
-59
595
491
302
-377
-939
-1676
-1278
-1567
-734
-1446
641
1355
887
778
1445
1962
1311
1518
745
646
690
384
-158
-562
-1142
-425
-248
817
1531
1248
778
722
168
-182
-1070
-1165
-1302
-455
-365
-992
-429
-1059
121
-1789
-1346
-1862
-1153
-1843
-957
-438
-542
-1124
-205
-998
-334
-487
-653
-517
-715
-105
-909
-688
-874
2096
1348
-48
738
1170
1886
397
-543
-953
-1342
-998
-1171
-107
-874
-130
-1555
832
731
2101
601
2771
2229
959
523
1232
2151
779
2231
810
1264
-377
192
34
-176
569
-1275
-1001
467
-450
717
-270
182
-530
338
966
718
935
722
953
498
-841
-958
-1142
-41
47
-48
493
-301
-191
7
-295
-620
-1273
-628
-455
-122
-390
-1033
-617
-262
110
-442
-232
-224
-159
-141
109
691
108
-222
441
-485
-3
-411
2
-395
-490
525
1135
1063
1227
1036
-314
-860
-1470
-1098
-105
-742
-486
-1079
-1050
-491
-985
-260
259
948
234
-852
-258
-585
-565
-1764
-2770
-1357
-341
-1028
-672
-1328
-1272
-26
-1113
-4590
-804
-560
776
616
1817
2393
3346
3031
2019
2106
1522
1634
2006
2513
2668
2747
3399
2566
1809
1163
749
2133
220
-143
177
1142
1209
1538
1223
-30
-169
-681
138
-674
-701
-85
-1611
-2251
-2054
-3736
-4419
-4144
-3690
-1691
-802
-1068
-1230
-172
-847
99
-121
35
328
818
1513
1254
866
1063
1150
632
1280
1518
66
-365
20
-239
-1084
-1380
-2123
-2009
133
220
-109
-192
449
-33
358
-1594
-1205
-590
-749
-1209
-1429
-526
769
939
-270
146
240
-302
-570
-182
-543
1487
1116
178
1475
728
1992
-843
229
299
777
381
1838
1072
865
2081
2142
1705
287
2172
835
1943
10
1401
2133
574
13
-698
-756
-64
-285
443
509
1507
1664
1556
933
144
-348
-233
-1090
-1736
-1853
-1833
-2142
-1141
-2441
-1986
-1251
-1303
-2080
-2330
-5074
-8024
-197
5640
4323
3624
2984
1193
-715
-884
-632
-757
-430
939
1030
-3156
-1380
1977
3657
2897
3032
1833
860
1047
-88
-1058
115
-57
240
292
-331
-577
-507
-1422
-1247
-646
-633
500
-1323
539
-552
-463
-346
-526
-627
-1842
-1822
-1878
-1051
-130
-933
-688
-539
-312
-343
-341
-975
320
654
-722
-520
-621
-799
-546
-2101
398
-1669
817
184
-1273
635
305
-796
1270
-1495
667
3073
1924
1492
2232
1947
2125
2164
772
212
-1519
-978
739
1763
2100
2426
2753
2604
2308
707
-75
-451
-357
-1067
-1857
-1322
-734
-604
699
309
-307
-926
-1157
-2125
-1827
376
477
-1230
-82
-2679
-956
-268
1311
-347
-793
1089
1468
859
1108
490
1411
1105
999
1769
552
1690
-132
-1858
-3132
-1687
-1072
-1302
1626
1435
681
470
-1186
-72
547
1395
1438
1477
722
-1
431
820
472
-797
-2022
-868
-941
-1337
3
61
-1117
-2884
-1510
-981
-438
513
947
-36
56
659
900
1160
1545
2541
1608
1465
615
1088
698
1428
533
136
115
495
497
-175
-280
-591
-359
-1481
-1465
-2322
-2652
-2025
-917
194
-1009
-322
-407
1272
7
-40
-659
-73
90
-79
488
598
115
-393
-342
-997
-1054
108
840
498
307
-386
87
-315
-700
-314
-74
339
-249
82
-261
-409
572
188
-1096
-1524
-301
210
558
-255
-1083
217
402
868
170
472
17
443
249
1121
-78
746
59
1040
406
65
-892
-136
-465
107
194
-22
277
-140
1030
411
858
591
1175
480
67
-287
-706
-276
-1189
-899
-878
-1521
-1064
-99
-932
-453
340
74
34
-658
-110
301
218
328
400
509
592
276
-319
282
-1163
803
-181
-1000
-96
54
383
229
262
552
-305
-265
551
313
654
186
-555
-621
-576
-279
-22
-550
-550
-395
-30
-240
-326
-26
-1353
-505
-581
2158
2441
2037
1876
1142
1141
1139
758
854
477
373
248
-259
-198
-306
-180
-572
-360
402
67
-758
-906
-726
-696
-461
-40
227
207
-64
322
-182
-437
509
-314
-383
-72
255
326
340
232
877
98
-202
83
1021
479
-199
-1067
-556
-268
-1228
-1076
-658
-229
-466
-714
-282
-723
731
-383
856
853
912
140
414
102
459
-447
-13
-230
-14
-1
143
35
156
489
80
329
222
-46
452
401
-441
-924
-602
-751
-1048
-1045
-603
-712
237
162
-412
-1035
-464
54
569
936
418
1266
368
754
803
-208
-1793
-586
-1807
-3242
