-249
432
-188
441
-195
486
-216
445
-251
413
-256
370
189
333
-360
272
-368
268
-350
281
-311
355
43
412
351
-281
90
-248
112
-242
116
-225
134
-209
187
-146
186
-159
183
-154
147
-212
64
-294
-9
-337
-61
-377
-75
-361
-81
-356
-56
332
223
-329
-254
-226
-160
-116
-83
-93
-115
-113
-109
-168
-177
-219
-228
-278
-322
-372
-597
-358
-364
-399
-357
-367
-338
-349
-255
-242
63
445
383
-222
-193
-221
-194
-248
-214
-272
-260
-335
-313
-370
-309
-362
-334
-370
-276
-284
-223
-208
-156
-171
-121
-151
-102
-121
-47
-83
224
545
485
473
-71
489
-127
414
-167
424
-163
427
-149
364
-222
304
-271
300
-275
278
-234
362
-154
448
-123
492
-70
478
-123
373
-3
372
295
-302
-358
-355
-426
-384
-442
-443
-481
-402
-410
-362
-377
-314
-244
-175
-179
-180
-178
-173
-169
-155
-153
-180
-242
-304
-316
-364
-36
-48
264
-279
-344
-435
-322
-266
-336
-280
-346
-241
-296
-246
-312
-233
-286
-208
-264
-177
300
-132
-168
-54
-124
-27
-123
-46
-142
-97
137
485
290
314
-338
223
-405
193
-378
196
-394
278
-264
400
-173
460
-100
529
-113
523
-87
518
-156
383
-213
308
-323
213
-346
232
-68
289
108
-403
-408
-414
-379
-374
-358
-346
-314
-254
-197
-188
-157
-153
-91
-96
-79
-115
-116
422
-146
-205
-178
-246
-212
-254
-230
-311
-31
348
106
-309
105
-256
171
-210
217
-155
-13
-80
315
-92
319
-95
316
-95
324
-46
284
-43
343
-68
288
-143
213
-218
114
-324
-88
214
-450
-302
-489
-349
-440
-198
-360
-228
-626
-205
-139
-48
-124
-162
-136
-76
-158
-193
-178
-225
-168
-227
-198
-247
-206
-318
-260
-350
-50
292
-245
-318
-67
-288
-104
-291
-64
-300
-134
-217
-76
-215
26
-122
41
-82
-51
-90
-30
-144
-151
-224
-302
-363
-382
-402
-451
-427
-181
189
-452
-311
-461
-217
-331
-58
-249
-34
-266
-3
-194
48
-220
8
-169
78
-123
180
-328
199
-16
269
-8
283
-3
265
-45
246
164
478
-82
438
-14
369
-53
279
-171
156
-281
99
-239
29
-292
70
-137
243
93
328
64
380
162
355
300
370
194
375
276
372
88
431
-75
345
191
374
301
465
478
525
335
562
539
530
483
469
403
384
295
301
230
309
291
334
300
375
370
380
343
368
11
405
-59
44
-268
41
-202
117
-199
193
-251
153
-179
148
-216
202
-215
141
-184
223
-275
177
-163
266
-188
297
-226
188
-270
232
-8
48
239
-306
-265
-330
-234
-268
-228
-324
-526
-314
-280
-324
-276
-296
-245
-271
-227
-234
-361
-209
-195
-211
-228
-277
-244
-255
129
118
549
424
-51
-156
-103
-238
-187
-316
-243
-745
-270
-400
-305
-385
-222
-264
-110
-188
-89
-513
-130
-303
-162
-284
-151
-198
-75
-165
-7
181
571
533
-66
539
-83
565
-190
406
-254
349
-294
324
-412
200
-466
222
-455
198
-507
94
-499
171
-463
251
-385
296
-340
333
-312
59
317
201
59
-253
-22
-256
-23
-195
89
-446
192
-2
326
103
373
119
407
155
494
-131
482
168
459
-28
405
96
345
64
322
-27
336
323
87
-244
141
-118
272
-83
325
-446
240
-157
251
-149
288
-202
161
-234
203
-638
271
-278
178
-278
297
-180
293
-145
402
167
509
505
438
-154
408
-218
315
-267
298
-695
254
-352
219
-348
250
-286
352
-241
372
-547
423
-178
394
-171
434
-190
385
-206
377
35
342
319
-304
-335
-288
-310
-264
-262
-203
-570
-180
-240
-144
-186
-138
-206
-160
-218
-187
-578
-226
-305
-254
-308
-286
-322
-251
-288
-267
34
357
409
-232
265
-179
246
-221
146
-260
-229
-284
74
-276
194
-195
243
-155
259
-180
-142
-266
50
-433
-79
-444
-55
-383
108
-204
198
490
419
385
-262
405
-178
517
-124
498
-539
459
-205
395
-301
307
-355
322
-324
338
-649
391
-235
447
-204
415
-295
330
-323
326
-4
361
388
60
-219
190
-174
138
-188
177
346
237
-144
195
-144
225
-176
268
-187
189
-548
251
-186
260
-218
194
-225
240
-240
336
53
78
349
-403
-389
-493
-452
-513
-448
-472
-740
-398
-340
-348
-272
-286
-241
-278
-214
-247
-615
-346
-357
-387
-368
-408
-408
-442
-439
-438
-51
327
394
458
-24
593
47
635
108
617
-283
568
-2
484
-105
423
-157
394
-206
333
-600
280
-307
191
-382
130
-392
132
-354
226
-9
346
328
306
-298
346
-253
438
-185
474
-445
496
-152
488
-121
441
-204
381
-244
342
-640
291
-315
325
-292
338
-232
408
-216
362
103
402
385
370
-194
363
-207
322
-252
322
-516
337
-184
387
-176
356
-233
378
-221
376
-512
406
-179
452
-67
503
-108
428
-146
402
56
435
419
-138
309
-152
321
-94
380
-57
83
-68
407
-105
340
-176
322
-222
237
-197
-22
-166
275
-179
344
-144
377
-93
393
-68
120
376
395
-162
-147
-115
-96
-104
-103
-114
-485
-103
-165
-146
-191
-182
-211
-153
-151
-138
-483
-174
-246
-242
-354
-316
-385
-288
-365
-296
-77
296
248
135
-442
104
-467
106
-406
156
-689
358
-227
406
-152
469
-71
509
-65
458
-382
570
-32
506
-46
481
-88
445
-104
418
219
517
432
-253
-273
-371
-374
-439
-414
-457
-746
-462
-423
-434
-370
-377
-280
-311
-216
-258
-528
422
-145
-129
-58
-125
-57
-120
-99
-167
156
442
472
-234
333
-269
320
-312
230
-312
-28
-266
294
-244
328
-249
332
-255
322
-281
-35
-256
274
-290
244
-288
271
-282
248
-271
31
399
333
-45
-329
53
-277
25
-307
35
-637
49
-353
-50
-414
-46
-382
-29
-438
-80
-683
45
-340
175
-255
201
-152
337
-92
452
226
187
531
-90
442
-175
391
-206
371
-221
43
-201
304
-317
201
-353
187
-350
264
-227
64
-145
457
-76
490
-78
478
-74
469
-83
179
539
547
-95
-124
-166
-180
-192
-220
-247
-585
-252
-242
-241
-207
-207
-189
-179
-196
-250
-565
-202
-217
-223
-215
-239
-222
-261
-302
-326
-74
212
109
-524
-546
-501
-438
-405
-339
-304
-586
-215
-144
-157
-136
-156
-155
-170
-182
-162
-484
-157
-131
-151
-92
-121
-74
-139
-129
-156
123
466
478
-223
-202
-239
-240
-268
-304
-356
-738
-352
-377
-392
-389
-358
-367
-394
-446
-442
-783
-412
-453
-400
-355
-276
-246
-165
-116
-62
225
626
541
-133
-115
-128
-102
-110
-71
-77
-351
344
-64
-113
-97
-169
-118
-192
-162
-237
-540
129
-228
-308
-256
-328
-252
-319
-239
-324
-35
286
286
-359
-380
-375
-437
-391
-400
-376
-585
-284
-282
-238
-201
-133
-99
-124
-133
-96
-373
-117
-164
-203
-250
-280
-343
-288
-260
-255
49
411
297
-267
263
-207
375
-158
377
-134
145
-142
350
-188
293
-198
293
-200
302
-145
61
-70
448
-78
442
-81
454
-109
417
-108
156
485
473
-182
316
-236
167
-365
80
-454
-274
-20
5
-432
79
-348
189
-305
229
-237
27
236
295
-188
261
-191
269
-212
281
-196
75
458
384
375
-92
428
-100
401
-142
333
-426
302
-219
281
-178
326
-118
413
-88
481
-330
494
-18
485
-66
414
-85
398
-154
334
-16
365
278
-295
-338
-301
-350
-295
-280
-226
-499
-227
-186
-174
-237
-219
-275
-258
-299
-235
-476
-242
-226
-199
-184
-187
-241
-268
-313
-292
-16
-55
368
-245
-293
-204
-220
-174
-210
-119
-410
-57
-155
-83
-187
-150
-282
-247
-338
-285
-620
-250
-355
-254
-317
-199
-253
-124
-192
-80
112
482
420
-161
-184
-131
-172
-103
-154
-126
-475
-61
-298
-306
-376
-354
-426
-364
-396
-283
-563
-126
-126
-40
-38
-56
-127
-140
-182
-172
92
476
410
303
-340
256
-387
192
-427
268
-651
350
-275
383
-233
384
-265
285
-363
195
-684
184
-421
237
-361
283
-297
364
-215
415
159
446
484
422
-150
443
-110
448
-100
487
-376
513
-114
366
-287
206
-470
66
-470
135
-660
245
-215
467
-143
429
-116
500
-82
523
174
509
464
-57
-236
-74
-246
-34
-204
-436
-27
-200
-28
-172
27
-134
45
-123
44
-458
-4
-271
-141
-359
-228
-370
-151
-306
-88
48
388
374
-308
-248
-290
-247
-282
-244
-293
-551
-292
-246
-267
-221
-273
-254
-294
-283
-295
-512
-339
-272
-283
-200
-234
-188
-244
-242
-211
72
390
387
335
-313
241
-378
251
-306
353
-533
474
-169
466
-192
451
-164
424
-226
396
-583
407
-260
324
-274
313
-292
317
-279
354
78
394
363
-159
-211
-148
-195
-102
-197
-115
-450
-86
-236
-166
-266
-170
-284
-240
-305
-182
