-133.71867418263
-3298.2427821686
-5935.82856186623
-9083.4449362741
-7463.22307695633
-6781.91794493234
-2829.23027553351
-77.135678038004
1561.02022843957
3604.63137916535
4085.81728677838
-818.641685123144
-1038.11664951615
433.654157203191
-2203.16279790692
2176.30219144665
5949.80132110103
2371.60469698046
7075.78810697093
7975.4609683064
11894.7767454382
6147.47903771957
4564.1645482184
6092.97519454655
3161.56129110427
2851.33524566601
2278.56111091611
499.575366681654
-511.605791822756
-2446.15511288367
-957.181649598572
-2727.22126604004
-886.858154198419
1294.69329596232
2755.27093995396
-2415.90592119552
-3030.36725556541
-7217.5025707593
-7906.56816699096
-4243.43446325683
3576.34535558716
732.250294948127
2714.98467307827
1557.87051961989
2306.10817427298
-1525.25847997001
2594.03716380809
-394.834840147504
1286.87903584191
5600.06046195858
5543.0928129261
9318.25509442208
5126.73775779345
742.205226692931
-437.811358119719
-993.972702923787
3021.61214199261
1173.59708969514
-3015.39385732048
-5316.40917318897
-4500.17283357617
-3584.6728919182
-6703.87342501516
-6188.87922681689
-5514.20342957305
-5964.28222000805
-4992.41368222974
-4502.46071390704
-952.39962063798
-3273.22531901076
-1715.3657008994
-1945.65073003667
-3332.98785312359
-4426.92158251978
741.094933170443
-343.631010303826
925.02546536793
1337.71695611508
-82.1162323224062
-418.278618675695
2433.11604806164
2304.66514099833
1263.65633217309
1789.27464079471
2635.71753872855
5699.57641437429
7102.35042883006
3604.569069171
4356.46344765639
889.734094143162
-1027.67664317897
5258.2709122923
2424.80323209872
6533.77607566835
6767.62136437458
3452.98165707122
3559.1708066357
4481.87977585595
-4689.94635746526
-7221.99370897102
-3273.66771157969
-7184.23545213433
-5339.83127780648
-7289.40159373056
-9516.10251900049
-5487.95990073463
-896.115619922332
-1428.07607177981
2975.8425415361
-4567.56214690852
-1545.40427693683
-1768.52131876812
1426.47686727296
845.466746980672
1777.70056142597
-3983.49337779127
-1570.45203176422
2297.70436158975
3539.46163707821
-180.23968903624
-159.186700728349
4877.27579373534
-3175.34307995153
630.219608082843
-320.440774365927
-1400.4509299756
-0.646406457651509
2566.75239386227
2815.28916408397
898.980904907171
3872.04971025896
1898.63899080434
3267.59871137846
3265.67663675927
402.393397588063
815.676460591064
1346.18376829154
2578.59177023483
2900.77421047165
-1859.74662737654
-1648.31419165675
2392.76102200261
3343.51198600508
3834.55841675037
614.273153194716
441.412743965198
1559.15908826095
-838.674223585366
1509.9112693725
2981.49389147413
2835.20465541016
2978.48556360604
-2218.72567663424
-2945.77150182502
-9206.81382851763
-8208.43784170899
-7703.09094834129
-8866.90360322094
-6856.3616122689
-3102.89544110304
-2559.10434113449
-242.866033206087
4044.52367734165
829.948205048166
2612.92532122857
4892.56908130462
6006.25747574202
3911.40609896836
2693.974311643
3169.37338443178
2815.19314640604
2085.39620699234
-605.580157778562
-1525.22421374648
3465.05691842639
-2317.71984595793
851.606529243703
-2594.23683747115
-2133.11147039652
-503.804570228765
590.37515436041
-1214.10453277608
845.844641540596
77.1276026692356
2514.57642656295
564.702082573779
-1504.58341523943
222.48027901184
-2020.66041009466
414.482867543294
-2580.24242065262
-1936.33083039048
-5221.20011156057
-7488.34379949739
145.025038691628
990.895354289644
-3486.11899810146
2816.69047669987
212.242184375012
-9.60986518584815
-3117.94043396317
-3923.61335821022
-3957.1549349898
-1219.73874577882
2792.04057345366
35.7513234158093
-134.722725360374
1653.07507516276
914.845253178543
4456.11661366109
2269.44243425455
-2680.72195399756
680.20274883886
2833.23788450924
1153.37314074035
-1812.46954639329
490.955646466678
709.976063273973
1539.88245889856
191.372121244512
1264.15814430784
2961.98659507133
3540.10996196357
-341.617290671057
-1828.43810078698
-1340.77219688763
-4823.9815737293
3325.0640101743
5287.74891618827
-3259.15316787047
-815.254394374233
-5500.31543745965
987.047143717087
4951.08256228477
7217.34236207151
6986.40440959225
1940.38985924772
5476.46191894175
4485.76529289367
438.79725289917
1547.81510912464
239.827052239267
4094.43510564917
-841.253163044914
-3372.45821463611
1235.31356509706
-3015.72530785063
-6536.87422201427
-7113.69904176014
-9076.12387458014
-7834.87799565363
-7026.68226993802
-6539.80290084077
-3903.81964940388
-583.397847847462
829.929332603456
-1603.04588179862
2259.47260278163
-879.313642819423
1105.05209593349
-1159.03011527534
-982.073155045932
2612.87002728168
3842.31788908859
3329.44816397999
5024.80574539082
2173.37560048094
-1292.05120013532
1619.24263014186
-659.490878401582
1163.30107704467
419.010590323745
-2682.95414738159
-2101.99620279212
-3422.25375483269
-4804.03318174234
-5488.81909112815
-2390.96351541417
3077.15662880084
4659.59791227696
1734.62281600834
2965.502878568
2765.71585100691
673.531038363397
-2463.60353956916
-2967.76697296485
3689.83597485409
7195.55359765143
10557.3283685334
6774.82643347893
3099.36571392048
5915.80708404594
1934.30485040758
560.742360240651
2225.69189224036
2097.99612836897
190.32134253484
-1758.09499912735
-5438.58719277855
-2664.82374321421
-3504.29561408473
-3417.09546459476
-3027.79233435784
-3186.01116641804
-1364.17038545153
-1119.29986068466
204.249700051867
2159.03346085709
1443.12227473082
-1150.26326502211
-374.947572942623
-1230.53957979717
-607.323116472027
-3336.67337330603
-3629.02827154296
-4075.06146443753
-4748.29834414348
-4358.14380771937
-1487.48641568711
-1299.88425829215
-330.145091248491
238.693859662329
1935.39009937097
1787.74796808434
1141.98050111125
1785.2391215741
2189.23214481438
3455.63238856065
2798.19498322865
416.360969218901
4264.99171906674
481.669355971608
-4275.96522919757
-3195.94206405224
-1976.94043521729
-192.45851488716
2562.24866150266
-747.182837351496
332.455639556045
-723.430305818716
5067.44326728446
4915.96855247442
3.63689382330085
3398.77471958223
1343.07056929557
1538.82043590609
-3130.23236306578
-1285.42755907841
-1022.02691724938
-3279.28547818856
-8276.71337674828
-6239.14385746752
-440.27449774509
-3643.41693492539
-3594.12811367656
-1300.30527562144
-3174.38279710416
-1341.33195569635
735.046804662505
-224.198312908503
96.1008238129236
1850.83897976526
1818.29593119524
4164.32893756348
3095.26567483894
838.771876888678
1909.26809224928
2501.92568782016
1105.7734885196
-2551.4684128861
2568.04342717166
1182.8420810757
-1069.17806039363
1166.04027381715
-1843.56441911646
-756.546372662837
891.793983916419
2463.69788664191
2198.93148161531
801.418004927307
-2897.35931715949
-1902.60889235596
940.931985262847
3365.06999172862
3313.08929665542
1120.66903331904
5615.08800180133
1582.91438255457
-1401.01524932107
-102.214264753045
646.65965084509
-3961.00409403191
-476.874343478586
-2848.16421361128
-2869.83928959844
-263.604045635265
1527.33901772486
1009.69467562558
427.592735533329
1828.72017949098
810.114813484848
642.009420123212
-1182.173809111
-2314.16589565274
1872.14337488633
1870.29371377463
-514.071476936826
-441.245088784488
2565.38213718826
2536.22095026248
6501.93981784065
2409.89097637194
-3739.7248833479
-1425.82542826736
3338.46539605339
2475.23360130868
-1430.17843428938
-5039.06989556547
-5411.08137826097
-632.124671642954
2033.17297273656
-2304.56053669965
-747.461623802879
-2288.44305928852
-3432.74217667639
-302.892438274215
846.499674770206
5329.442502171
3889.28776257055
781.047656042503
285.247890109222
1452.60731871129
1938.9132247671
-968.87908518616
492.990037275523
6292.33248145176
3016.05489439661
1740.72686858698
2805.06525929416
5408.96933364055
2949.86881341029
4932.05321486463
3421.26267821403
2916.35722232487
-858.107054719857
-5159.5934194356
-7521.69947645222
-1564.78510688423
-8263.66596141097
-8215.3364524866
-5514.11568036946
-6694.81092478464
-8834.70942129333
-2254.84788117325
-1000.88138273833
-314.03930385708
1771.24964881741
-2471.42223407962
142.602224321193
6191.43504775598
6824.71717562942
3650.6592063821
3627.3143389571
3597.2672756431
243.6802108676
4708.13301068179
-3714.31691640679
481.453945583171
75.5144380332763
2793.14112697174
2682.7337512861
6157.569837495
6145.56000211434
3453.38532375343
5641.442716688
2216.7281763787
1950.20907000534
2087.96942874753
706.293244656221
2571.34396925111
1182.44627558789
-451.50988620165
-2109.60870706254
-2252.57155008378
-189.718832133927
774.526781051728
-1837.31381851019
-206.106706313321
-4942.24611784665
-3812.9184881907
-6634.16639405671
-2071.86045965842
-7049.3889849989
-5227.0846852727
-4611.92560170605
-3502.60017737152
-4015.66788556545
-1775.26063679049
-2032.71308644599
967.00374345066
-2658.59590285229
-942.392253409696
1152.30192204217
-1905.38079757968
-4457.65880619517
1801.35317008231
2893.93750950674
1676.30716018071
-613.94226390968
-436.241381476668
3105.0999323995
1691.63337295161
-1141.75369822275
1094.64416058163
1218.11040137035
1783.66491417933
-4295.94714016179
-5342.59631135726
-1072.43045739361
-61.2479767965017
-60.8705045005472
464.320919380654
1808.13219639515
-358.553594196548
-1821.98664419153
-291.31501672756
-1955.04826746954
-1257.50639711208
6627.61581088935
2546.12313941869
1262.54424158911
2874.39465795098
1348.68814487427
1331.70352249581
4161.42840775172
3673.777880307
4216.50606121346
2793.87447497769
2142.54679281735
-250.19050543899
349.086498643753
1498.49477464081
-1133.01713126008
-3232.38758267766
-2735.1746746495
727.743446491425
2315.01330070083
1676.81650408546
-278.608046742291
-529.055191716458
-898.616676070433
-468.312632828482
600.410205145449
163.410768187284
-1308.22278950981
3659.23747186369
-1337.4842684701
3011.00374726821
2613.87750834662
-110.824989660446
1605.8043123443
1033.02961719839
3235.9660324961
509.601201563202
-1053.40840393518
2232.96043039852
167.67812126308
-6002.37835715941
-4393.98511374251
-4363.95572620755
-2180.39896015232
-2779.45697065061
-1477.51171318243
2618.39542644646
2265.43894708516
1733.03114989861
3775.30583762585
2855.48997492488
1553.02507152238
2695.21571575024
1232.80137251088
-2243.35971900324
1231.37531891409
-2758.78905761681
-2140.93424386106
-2119.93978741681
-799.264617904223
-904.719878845184
-660.46517039431
-2216.56128574623
1238.86584450844
954.929752397937
1811.83333870292
735.477113593083
-1024.35427900696
0.389633544568937
1920.50572036762
1547.76097843418
1938.008351061
-2370.03717581506
-416.221296610105
605.353790015151
1116.65414757681
-108.01662757072
216.9430941771
1061.05424650269
-1051.28024817236
206.617736180345
-160.860429241167
-2351.96409025861
-4050.77594191805
-4026.78014348714
-2998.30249877854
-1676.88272933437
-1743.3683033513
-5119.1727857905
-4299.51635297243
805.625045253426
1780.33090822305
705.902778064682
2719.93563758835
2315.10488381213
2474.62747563437
-619.044087491816
1875.17732063064
1107.46691754899
918.11862648469
-2801.80382871986
-5673.36866167192
-6528.18219322719
-2294.31951270793
-377.848279389616
-3628.35076706159
-1800.180841696
-103.790703038257
-1957.83920311453
-2690.52335856185
-294.4526190944
-64.5372813655576
3595.81514009857
2340.32401495674
1969.17180000016
-1348.8114045169
320.792807630863
3697.00352902768
3658.33836558481
1801.86863217695
-5304.0313050008
2230.94623595998
3692.29523087754
2168.25639852468
1544.52077202409
-156.945818414476
1019.05768742733
4629.90115062257
2581.78839142174
5115.09424316088
1274.09195592914
-848.914386355793
-2765.45340110122
-6747.1137312941
-5200.78846811066
-3426.02314597196
337.669860871477
2145.20984365951
1649.24157275628
1689.75531168461
637.785151877666
1025.40342223058
-1468.70192399435
358.095558481533
2617.98257428284
1144.59381513992
4108.4481510476
1214.84921810999
314.233078338702
-147.342773672333
2952.87416302706
3858.41366862447
3251.12340943672
3085.0527502269
1712.49758326953
590.43420459912
-1434.77495004819
-2910.15615281141
-1721.07617603764
-5549.56715344302
-7056.30153974245
-5153.35457259889
-3333.93907045553
-6348.5764053136
-1288.37224562494
-404.177617154489
-180.709337271002
2477.4891124482
3424.62699405956
2712.56257584308
-185.853548122819
629.828429359421
1095.8371943898
-2535.28898848588
-1769.68416890472
-1044.29844541578
-409.14853155382
-1292.63900668501
-498.669467264623
-2913.56163162872
-1975.25369578007
426.343762020347
2349.41088830299
-1912.13246152679
-457.964656501728
823.850507019915
1234.9434334925
1855.51649737711
-1353.95128667246
1261.64356264163
2271.99295953331
2863.94767912426
917.957589595086
568.329867635349
2931.30880419484
2050.03542425879
-71.0270996089459
-932.031375896442
911.6221389477
2046.02110372144
354.818187982319
832.982734729153
2989.47746407907
2157.83878307827
25.6591673031171
363.079701022058
1924.95338705716
-695.165045777456
2095.96128768257
1986.96303894233
3921.14880901514
617.033560725629
1769.23980526681
1131.74400253112
1835.82469655506
-734.080102291544
-836.76161750634
-584.862761641796
-1201.7391242166
-699.11283048371
-2434.27838100367
-400.328527218399
-3380.86733649508
-2535.63284073106
-3554.20624914368
-1542.03452683989
-1366.83021901131
-1441.20465209578
742.937000954864
-2170.20562775539
-3608.31239436307
-2092.70515478595
-3792.99997740516
-3334.38214252784
-2745.551173618
-474.692129340119
-768.201740112561
-1321.24121425127
2017.94566575419
2830.15663520073
-996.881691888917
-769.844851263494
1769.43445128686
1859.6068609532
2707.82488958412
945.056726367031
970.150782940632
-3526.83169441927
2041.66004702689
5336.32508770879
3234.84733456398
2066.930582728
1824.87801911955
-1886.24803279323
-1823.83258850028
-557.883085846758
-409.014459775377
1113.75758966987
3374.95764449282
-264.822537621651
1186.54618322587
1003.44739657301
477.283588685092
-4278.22280470465
-1892.84166256691
638.274996428415
-2861.47228948116
-5070.148544523
-5893.56984993739
-6368.62515919409
-6814.06695204526
-8393.40328346733
-7750.73344069467
-7301.06083699048
-2901.89509359093
-4110.33638180376
-2587.56553354981
678.353301265509
-398.228425360601
102.083464403083
-194.784715334756
2569.42185702959
3010.69608056743
2917.09667526946
7517.8195329205
6116.43472149518
2640.25541325815
6369.11832774683
7537.73738360581
5967.81070931407
4844.66793230942
503.657019403393
2133.11888556654
2881.29791134501
3935.6317751868
4006.04133986471
8543.7921528531
1208.54993886159
1808.12915178864
-1546.10291651837
3128.21955381709
899.277317511309
720.879249017931
-731.693114673428
1312.58533993782
-485.005243075475
-3389.73331933514
-6920.29586016606
-3902.82504079957
-2392.91687687313
-2778.76364077
-7594.3487222869
-490.45618201554
-2941.38404696275
-1597.63691177127
-2305.34102016066
-2510.13186550517
-2317.61168118014
-5013.44664719342
-3619.56453056906
650.099526075855
-1786.34193394838
-1630.30975007142
3145.56600086012
4859.35526066443
6459.30169781968
5621.4358188643
5369.73542008413
1841.91100767301
-2324.26765523264
-2807.880466938
-2538.50301331688
-3062.99908968215
-1217.87090606587
-1726.95486134465
-2225.02108700916
-1383.520483049
-1084.17863548667
2204.67770905292
3857.59703411894
443.488321479271
2670.68888162213
3783.30866060994
4935.20781836596
5048.61453547553
3888.59368752972
2650.47420236229
-880.735033151138
-168.077267924502
-965.405013368498
-1205.71320055286
1144.57950307348
-151.242600455965
-1169.0167615282
527.26554974319
1700.60607448701
1723.18952298849
-4057.68406795491
-3348.68825342797
-3245.94445387828
-103.040699368814
864.833741542922
-904.722901518178
304.446904879428
593.637798604752
268.249353162682
-1742.86591884923
-565.59117258093
-1690.54149225402
-2749.9562589719
-1756.35117390685
-4067.70610461693
-1569.97195720748
-1378.29674863555
1017.49011136082
1662.04916877634
580.186832324256
-2499.21466121327
-3802.2661306962
91.3177445266444
-1032.47370713006
1202.41896768523
-1184.06790167942
-3274.9133936625
-2252.10388185506
-807.033988289293
3045.70757558532
655.823202860396
4692.3062022459
7918.48797792013
4201.66807770237
2813.63344598516
4616.72497746507
1905.57907039825
2135.94914965786
1000.08346595423
-2806.5731547979
-1213.25910640908
-2546.0907689238
2888.11152290765
-962.505776341409
3531.84065740827
3467.02699750502
175.515162921415
-2268.57465099249
-1310.79081655842
-692.050715422349
-20.1454109816097
234.601823355289
31.4341228950484
897.446278735856
1375.72160721144
-1549.71677485797
-3437.0515871586
-7079.00217156857
-8120.6826737231
-8120.26541868827
-7909.99520441808
-7643.92795673978
-5043.8690154793
3326.57485841716
2223.64024870894
122.85896852846
2297.59406172578
5935.33799444379
1887.98153293531
4458.80857044131
3050.31827469744
3546.74652528389
1360.14631408415
-1508.28352259638
1377.93463099761
2308.65868524621
3125.15500725805
1803.22437158797
580.458923545588
2954.01778352159
-2066.86789000772
-4856.98268330648
-3620.10083787302
-5865.44191174438
-2803.79888784515
-4170.0057139421
3558.34393986034
4152.66466126994
-1248.58916709387
521.142135380703
-2578.13308503427
-539.585408824026
-395.004708782874
-702.218233750085
226.718905338908
5042.34358499355
701.940963452567
4440.195443969
3634.53631344797
5124.96223646393
4060.78017408302
2131.27365059627
-3176.48719659858
-308.383111865844
3448.5664638557
4354.4853905398
1699.6460165724
1763.68915307015
2713.39985691241
1877.81761012357
-1159.96173220117
-1636.15384867125
272.051136007013
-3191.58710533249
-4059.57879814074
-995.951909326427
-6188.8840093744
-6217.67522385325
-6427.04807297832
-3270.15070979047
-5144.00747768232
-3503.41884401047
-1427.1857744668
-3416.69781404941
733.343321336566
5550.33288530533
2263.90522226589
1753.48284265755
3223.81567979729
4997.25896712048
4529.3477997778
3217.96254170075
1213.61826143873
4609.41316063934
3169.68830908694
7204.30851428295
3517.43685704863
3786.52429079356
3796.76286416668
3972.31195862451
2454.87516003728
2402.4703576794
726.463148787952
1573.90211317021
487.516778219101
-3591.90015140614
-3308.52062544487
-3183.20354941715
-548.546468327782
-1103.18017578083
-3104.26102278372
-2951.58544372129
-2089.23541192917
-2462.99484293384
-1519.13564198216
-3908.71389367165
-3378.21627922438
-5417.78245535759
-751.918388265684
934.485545030481
620.960752371249
1358.66159703888
-1060.24673156635
-1357.0384454761
56.819192739571
-1174.61564630245
-2974.90828139212
-3563.20760223799
-1060.31833603374
-2525.71254026162
-3052.16104839307
1203.983415102
-1005.24695571675
1712.29941234765
5383.8780204136
4184.44945342965
4715.78776481149
3719.51895517864
1943.67433958616
2927.57390027249
542.962509305388
-29.2492428274811
-424.283565155484
2152.49718245767
287.842935560143
276.512852236324
2570.87125924805
-1297.02179463105
-301.364869592875
-1697.68647433015
-1113.44327756642
-3043.79967049048
-81.6511915453685
-25.1429747458058
-3356.89672371229
-4080.51938507259
-1482.87061886731
-2426.63459998111
107.017822286444
-2287.97824129674
-2467.90577347665
-2048.70290178873
-1732.19220548643
-3170.38832030269
-3036.59618431518
-2067.80807140091
-1840.66766104568
-4190.10102268006
-4067.57368730345
-1665.92984862044
2286.18931674477
-2947.89032739713
-1027.60502212056
848.951880496865
2903.759267781
-2526.34100362168
5017.53820512314
5112.36724690829
3075.16922530284
4184.09653021196
1863.80387578828
4276.93961282852
2682.49463145548
3167.9415294551
-696.35623524435
1512.0258924883
2555.32444823367
618.172065032887
1602.47509066339
2034.82038735143
3068.17791884557
1821.08184521759
198.935735554187
-1231.58855971153
1410.66673420495
-1277.60015212274
-1446.53588807076
-1412.96714386469
-2966.69326501424
-4671.58704699686
-1201.96908705746
1158.8518777269
-1476.01635841895
348.034475998965
2320.24497861553
1919.44696524875
2100.19127235601
2529.00860620779
1100.95907585118
7603.49324418923
4564.83287588419
4391.8040028098
3874.4468533907
5803.07455939603
3124.78788887695
1333.68958638926
2438.06494478135
-441.921758009802
-1493.13229641343
-2303.25129188087
-1390.42432900434
-4370.36514874064
-4773.84240823395
-3383.43264765599
-4170.7930975141
-2180.99962325048
-5622.97490872157
-5158.22442265447
-807.398893966156
-1063.794668836
-2645.44281708901
-282.166135531566
-4288.09250346412
-2602.79312108995
-2741.70629386115
1359.44679729034
380.940448086388
4609.28547830727
2041.10543415477
3585.63162270664
3907.83054328448
2655.92929101868
4643.36482400888
3264.06513359047
5233.28721683499
2074.60781123211
-359.315569073067
-2978.45296448485
-2870.29595321672
-1960.21819010846
-3589.12096974444
-1791.84146744188
-3151.67360688982
-1907.6201617386
-1056.38187652844
-221.596193489314
-740.960174124367
447.911800491508
93.3284248182936
62.9626126265993
1.66409954587823
56.3917423246106
-2078.78829026066
-1410.65579940689
-210.679402419321
2046.37575920472
4615.4118471078
2853.59139945975
2780.96087690654
2141.92723790223
-950.23538761419
1739.63209987707
3134.47772878536
735.054600763005
-887.481775681156
2148.00586079066
-1026.97230374092
-1166.5541892746
619.162912061209
-801.364446972409
-1894.48652964752
-157.170637680672
1039.4758267158
-763.210854430403
441.621865662093
1535.06074782161
2024.55040336372
2493.67309741023
485.512053593886
-2561.07928750047
832.178447563873
-1573.12276210508
-2644.54194957889
-1456.37860595438
-2227.67502212665
-7176.21099584958
-1061.26459839564
-2032.25685346083
-6518.23319002297
-3953.60940505641
-5507.96543029886
-5613.76188524713
-6171.25689485674
-4785.65375900923
-6839.99882949942
-7803.14898580418
-4836.33823416949
-791.248013722689
-250.912414461125
2913.87940534874
3882.27118482855
4141.91852823484
4529.75390166685
4082.77456775308
7028.97689866901
2294.16105135098
6568.9553649117
3256.88937215001
3248.38429943378
4686.3127518447
2817.70289459435
1638.03504842931
-580.818163285882
855.9480318433
1584.19046880264
-121.64066632935
-575.252156375171
988.390123360223
-95.7492945836278
2474.16470578431
4412.12399911006
4877.45176662382
948.273492481291
3289.61304378958
1107.32093739548
2639.40797174698
1944.28255612233
3649.74675886431
3768.70020990237
-2016.45455462039
1401.23093467561
813.625667552996
-484.16884778212
789.33892673632
-830.251385665383
-1902.34508652387
1350.3404148116
-606.803753834882
-2246.95929715752
438.330139298217
308.35038411882
1333.42752413113
2869.59408655095
2584.19753494359
2047.92807862046
473.613280619212
-186.069965081893
3835.08242126925
-793.718441709276
-911.24694740755
-1259.10233926349
-3260.10438453431
-2536.4076908539
-1789.44426361538
-4102.86334104559
-4350.72562866505
-1528.95110969068
-2085.06775675247
-2544.35829697788
-2092.71461401126
36.225382117694
-1564.52388625473
260.452130533229
1110.28220988992
-292.454337983276
1104.06443494026
-913.092227298816
-1745.44910598276
-2529.13728993187
298.518787498935
689.974017575038
-1780.63765777885
-1176.80645598499
1120.93046125539
1995.45055035271
-1253.98834129841
-1307.8163125849
643.459106670655
455.816310055477
1336.59217051486
3809.23588310497
1961.41840003153
-1395.78471597983
-1752.99009610163
3527.9536115968
2710.36001779538
-4033.69174167138
-3851.5441800396
-1535.56006331165
-2733.04530704431
-4173.1161470219
1827.11725731643
2285.03551955837
-496.65501492301
1256.97944993825
3567.46170238663
2649.72817802683
1872.50671568048
101.004153414031
2374.23058215074
773.876644833869
-848.493370761107
-1300.07162963371
-5735.0643035275
2927.66090245471
3047.2321675359
3199.29033277966
747.227690392833
-213.238911394733
-4726.21713787975
-21.3950130921907
289.54101289594
1023.13477682139
488.902237179097
3213.0238044271
2897.36117040276
-1734.28400249123
3203.27965406668
2870.01374204155
424.205175093529
-1869.15799277692
-2430.62996455909
2102.48638538718
874.523050917506
3063.81278542193
2683.22147203499
366.037823410966
-2644.57489395748
-2644.20834742906
-2045.37915194038
-6331.1374276301
-1752.08619791058
-659.207896536298
-4451.7875723996
-2378.69020400128
-5143.30031375405
-4349.75350356835
1930.75944810329
-2741.42180764246
1286.00346396547
1838.46870004072
1329.68915395873
-3884.51620174853
2696.75494774671
7360.117019088
4775.72129413537
4206.27325869328
3801.22450653789
1993.94337720048
1555.09064535476
-3607.45593588793
-6046.63492971119
-3790.31443846057
-6493.21293745602
-1635.65155703163
921.26404555206
4261.06988230972
1603.41821036473
95.8225634205062
1042.40950167277
1407.96892097253
450.598643710987
1460.21529889898
-220.139176488736
1757.25536580206
-1768.6577878932
-1491.91091282603
-1804.85404563756
2270.05818966676
4755.6576981652
4236.13335435186
873.688880458453
611.163548118052
-535.973456955432
-1067.52975723382
-7409.12415782042
-3082.63768904181
-4999.49473633852
-6329.91070729978
1194.13592409281
-2450.13952327537
-1294.26564801702
572.641696732272
1154.05910287386
6103.75227203178
4765.45611960686
6656.84881465271
3820.41582908973
767.672854003503
-61.0854524951301
-10317.4996553368
-5054.66159378
-7.86138785056551
1147.69375638314
4474.99602928681
5641.14110727136
3571.29268095472
3751.8362175873
4389.94109983708
1525.0039646504
203.639457817085
3397.87101358042
-950.26369250758
1868.53718621628
-61.3527636060999
-3441.14044492123
1650.99560862819
-260.662041112477
591.227018758716
2855.53121934493
2232.37606954509
4395.81206569652
4431.46854232536
1202.04904833345
2836.01363000363
-368.931212047834
1542.17083439656
-145.387939044821
1113.54381150483
-1882.69036236428
-853.773734556788
-3811.86644077698
51.4727461637458
-3085.69260196623
-5755.37047623985
-6797.25419434709
-5603.44515471638
-5870.2161132712
-3580.66728016229
-8088.27237500223
-8649.15890774179
-7810.37824858951
-6784.23226422145
-5368.73729907503
-7467.80912452669
-2772.49390969218
2834.39085497656
7214.783238631
1691.24902738746
-5015.0225557822
7087.68134451993
4938.48291605814
4435.83262212613
-612.632410280337
-7455.95485677509
4359.19001533177
4881.09014238566
3580.01058809982
5177.33303027518
2034.95557570366
2988.51237447989
5223.26075390876
5894.70124666026
5049.16613737562
4018.90247094935
4083.10725688035
4403.89588959905
4734.39673953975
3731.60940916716
1823.0731317155
2992.69909605351
-1789.43572858091
-2913.80090730001
-186.584051111688
-3999.00137741845
-2273.73678013035
-1666.11325463461
-4210.60255951431
-2827.5867705605
1267.80032566832
4124.10664245633
4158.73791611874
2703.13527924163
2661.97673652503
4066.7487449729
1772.50224154638
489.643155581661
3012.06759598967
-126.982019981929
1096.73900823171
199.789542633342
-2104.01510447894
-2050.81320552924
-2159.6600581256
-2872.23007492422
-3039.67924324729
-2101.32344612262
-1729.88176701274
-2038.75607538309
10.5536582695756
-1050.03554340258
-2259.85129132795
-415.356793776616
704.270899267112
-2255.22970452327
-4479.614308843
-2733.61429939467
-3273.89700171299
-4936.65455076577
-1699.00030789184
-3599.38203080395
343.391583495973
524.35466682959
274.971495900915
1205.91702196305
760.910030176718
-2154.37671940501
-1116.99201261335
-3361.12575853722
-399.304570336704
-632.787641588608
-5299.71186418159
-4306.78783559198
-2821.74994014996
-989.455142545473
-439.549830079631
-3335.08640248603
1963.44641510499
1274.43926608001
931.220304348195
3104.04517951157
3819.06049139247
4152.59187103547
5883.71716481723
4635.84011854175
5160.26437600454
460.771543966277
-1836.85668249681
-1899.11277264355
-1020.45008199176
-458.635024270369
-2453.59122883235
-4079.52166534062
-3804.06231265235
-3029.61331736299
-3823.6033895013
-4985.75775781193
-3711.74131237209
1465.00374415622
1325.62229576923
4390.52409234719
3658.91183941058
3097.38087097086
1624.49153917946
8535.19094752422
2564.8946665003
-218.669106778466
-143.500428078365
-2036.98851201642
-2722.98565835086
-679.408954160435
-3056.44165138958
635.523659744466
2006.21308179725
6077.21158314604
4350.63231229483
1137.42729391856
-278.253312245846
-426.236448052347
2895.01310366145
1749.77264010235
2405.75035952429
3357.85998107392
3799.54472036218
1937.70532349405
5313.53374766978
