9
-10
-54
-67
38
-6
-79
-109
-104
-21
-139
-84
-79
36
27
-106
-38
68
-128
35
-71
59
102
-104
-6
88
-123
-80
-136
70
17
-66
-15
77
-116
7
-43
-21
-114
5
-30
-18
-99
73
-54
-106
2
-18
48
-8
24
151
25
-8
-34
17
75
17
51
88
4
-7
70
2
-25
36
28
36
49
0
101
106
-42
121
-18
92
-38
7
73
-16
-2
110
-110
-5
-21
60
32
-50
36
72
26
-28
-79
122
-143
57
-52
40
-60
-91
-8
102
-21
65
25
9
-105
21
-79
-52
49
-88
16
74
-26
74
-60
115
54
61
4
95
53
90
34
96
0
43
-35
68
-37
18
14
-35
33
-19
70
113
-19
-2
-76
73
40
-46
57
-60
14
19
127
49
-13
2
46
25
13
-98
-86
-112
-36
-42
-147
104
-105
38
-10
-80
216
29
49
154
-175
48
-128
-51
9
-96
56
6
-93
-32
-33
58
58
-3
-46
145
9
-46
15
15
170
18
-4
106
-35
64
40
76
240
33
132
196
132
122
45
163
64
114
28
-51
-32
-125
82
-9
-46
44
-69
16
-40
-111
-46
38
-66
-108
-42
160
-56
34
-8
200
74
106
115
119
98
129
127
201
20
-5
-76
-29
-58
-283
-217
-198
-261
-279
-253
-106
-70
-29
-77
-91
-42
-108
-52
-63
103
121
41
117
106
136
184
193
182
91
122
127
126
234
-48
277
173
46
70
-112
86
1
-251
8
-126
-104
-184
-52
47
-71
12
-23
16
-14
-27
58
52
170
146
-32
165
-15
125
36
11
-17
-9
113
139
103
169
72
217
76
205
112
133
1
-78
6
57
-101
-84
-100
-31
-126
-173
-153
-76
-190
-186
-29
-78
-121
-97
-127
41
-72
-61
36
53
126
-40
120
-13
-18
79
168
-63
148
-23
161
-67
25
-15
21
-53
83
-90
94
-164
-70
-62
34
-25
-92
-75
10
49
90
-135
-15
-83
-8
-153
130
138
39
-13
-42
171
-11
-58
119
86
137
-4
12
113
-50
0
87
-52
1
-123
139
66
41
-19
68
99
81
-45
139
106
25
21
173
-17
71
113
-57
214
12
-49
110
-56
13
-99
81
31
-115
-1
47
23
-94
-156
118
1
-1
-27
75
21
-33
84
48
-25
-19
-97
0
98
-92
-84
82
30
-37
-38
-25
-26
-22
-37
14
-14
-107
-133
-44
187
-47
84
77
43
55
45
-7
-6
88
-49
43
85
21
-71
7
-36
138
-75
25
142
-10
34
30
2
157
78
105
163
52
155
-44
36
-21
48
103
86
24
102
41
-2
-84
68
45
140
28
117
13
-11
32
59
82
200
-14
54
116
-26
-42
-169
109
9
21
-8
36
34
-19
-81
120
-73
46
-38
140
-62
-102
31
-9
76
-28
-81
-69
-134
143
-113
-43
73
-120
36
-27
-8
108
-173
-19
23
-35
-44
-69
-112
-4
3
57
-12
-84
-128
135
19
-115
-126
-27
21
-69
-34
120
8
17
-250
61
76
8
-41
105
168
111
23
225
-18
20
-38
-8
84
50
92
104
42
13
-121
3
53
160
40
104
154
-78
24
78
-2
114
13
146
102
-104
-25
-11
180
3
-91
52
1
-5
-63
140
184
-122
-8
-5
133
1
-22
47
110
57
82
135
146
74
118
35
36
114
-137
24
3
50
-46
-95
21
-26
-19
-22
-147
87
-27
0
-9
-50
-28
-4
-10
39
2
-98
-69
31
-66
-6
-31
28
36
-7
-11
-42
-95
84
-160
106
9
21
-22
32
-8
-128
-22
-89
-67
-14
-25
-142
-70
-48
117
34
4
-36
11
-63
-136
-46
-141
-49
8
-36
78
-26
205
25
-41
113
32
155
135
156
48
121
87
165
166
206
4
27
76
97
-57
46
-18
3
-19
-48
-83
-14
-24
38
30
-261
-30
-125
14
-141
-264
-126
154
-89
74
152
182
-335
-192
205
148
320
-194
63
-10
11
18
8
51
142
14
172
-42
82
-61
190
175
118
161
-36
-7
-61
-17
64
24
127
68
48
-12
77
21
106
205
260
2
153
32
11
40
133
231
-4
-24
156
-30
146
-81
161
9
50
-131
-99
-59
49
-31
-28
48
92
-107
-2
-88
-131
24
-22
59
39
-68
25
-96
-8
-100
121
80
14
77
-23
-68
-9
-16
114
95
75
94
58
34
-41
100
110
23
75
-19
-17
-30
-27
26
10
153
52
-25
-46
-103
64
44
56
87
-52
89
68
-8
18
-29
178
128
46
90
16
-3
-57
105
104
23
32
-6
-30
7
-52
70
48
68
68
-108
20
-150
-42
-18
66
108
-90
45
-28
-72
-83
85
123
22
-26
147
53
122
-7
39
61
20
97
-1
115
-7
-52
10
27
116
15
-31
-69
-68
-7
-16
58
69
-10
24
-19
35
-15
97
130
47
73
83
66
85
73
216
141
183
28
100
83
-122
34
59
-5
108
-95
50
116
-12
-6
81
66
89
-53
61
-39
-27
-19
108
54
5
14
-58
23
-61
-60
39
76
34
23
-15
120
-64
107
-1
60
91
37
84
147
-21
16
-91
29
118
58
109
-30
-13
-4
78
107
14
48
11
-18
33
-133
114
8
56
112
-12
-14
-24
-57
152
24
75
5
26
3
-137
73
48
118
-28
-1
-31
-57
-82
43
3
213
-18
102
43
113
12
-27
147
-69
80
81
-12
34
-54
46
60
-29
50
21
115
-117
-17
-72
-43
109
104
-71
26
-115
-48
-12
122
-68
89
-68
-64
-94
-67
-140
-12
-130
66
71
162
-61
-89
-77
176
47
-17
48
100
-9
-90
-29
-1
42
56
85
-21
-48
-34
82
23
-78
-89
-52
8
-28
92
-36
90
-33
147
227
70
62
-116
8
71
131
216
-19
-58
16
-44
-32
-19
141
64
131
69
42
92
37
144
-26
108
71
20
81
-70
109
26
-46
56
11
63
46
40
74
-19
78
26
68
7
38
6
-32
54
-79
-35
98
-7
114
-73
-41
60
-176
157
100
38
101
-32
16
74
-173
87
67
159
-8
-161
108
33
-89
8
69
11
-126
-124
-64
66
-152
-45
123
-25
59
40
-85
43
-168
97
30
-21
-105
-117
64
6
-58
29
-89
11
-151
-83
-26
-24
-121
-18
11
-32
-39
-114
-61
64
-119
2
13
-61
-2
-48
40
8
-166
60
10
-115
10
22
24
-77
-32
34
-12
-37
31
30
-47
59
-15
40
96
56
20
29
53
181
20
132
74
60
103
-8
34
83
-23
2
49
51
150
-72
-61
-39
-64
16
17
-27
-32
-44
20
58
-22
-87
91
29
19
-14
-32
-29
-13
28
34
26
-32
-117
-41
-45
-9
74
51
11
19
-27
-21
-47
-55
69
54
54
78
-92
89
-20
-29
109
-27
7
7
2
-4
-27
-84
-11
-42
-9
41
-169
-86
-144
-2
14
-13
-45
-64
-124
-26
96
106
73
126
48
126
116
77
76
27
190
-8
26
76
-62
118
-45
128
33
65
33
109
-61
2
-11
92
76
250
-20
81
98
-69
40
22
141
92
12
51
-118
68
-52
-13
64
-7
27
15
-133
198
-33
107
110
125
-4
39
79
100
32
107
21
76
127
-50
-50
-40
85
-107
89
126
20
-108
-266
36
-153
-29
83
-25
30
-12
-18
166
59
120
-3
52
175
-74
184
-7
50
46
109
44
-94
59
-240
129
222
-87
60
307
-87
149
105
106
94
48
309
183
149
58
-49
200
83
289
157
236
192
66
187
207
110
243
57
150
-3
126
7
34
63
109
194
87
-145
110
51
28
-99
112
-21
-160
-20
-2
-205
-200
-71
118
50
69
-83
52
-280
-86
-77
-89
21
-42
-120
56
-93
-1
-182
-42
32
81
-70
-14
-86
-1
-47
-38
-19
6
-143
-126
-114
-10
-55
25
-66
7
-65
-88
-86
-162
-63
-79
-80
-18
-252
-98
-239
15
-114
106
39
119
-39
-73
-50
65
104
74
181
154
87
93
170
81
189
116
206
256
34
115
46
150
130
78
181
143
-12
82
-70
47
-70
46
131
117
3
17
71
-56
-51
147
37
126
-35
44
41
4
-85
-11
84
163
-44
-175
60
90
-30
-69
-1
17
6
108
66
-23
-154
24
144
91
-164
-69
-77
24
119
44
90
3
-70
-88
-36
21
77
-103
44
-23
-121
-101
-159
-128
-46
19
-60
-44
-66
-179
19
76
5
35
0
160
93
-78
