46.1787915109622
44.5592054397789
-3.42352665922944
21.2344917405693
-27.6678752030348
-154.484762918979
-14.1133283700148
24.5254657249126
34.1729662096359
-49.6971291366504
-79.595220876365
-167.316727071241
5.604679540054
19.7234535379815
135.512910442387
-86.0937302341084
12.4363440246169
16.0825007420304
95.3034342628812
-84.4929670912778
101.773296663593
31.1409975644198
-13.6778996391458
-104.491997298207
-27.9145230377296
29.5450011325171
-108.293163864182
-83.3988255002512
13.878340854972
-125.622226531489
-84.5061495087681
-1.86785265795779
116.225519244786
-68.3860826215303
-38.2406414690154
-57.6113993468228
1.24141414720376
-58.4746758879956
36.9478933394354
1.72107388930838
-122.423295154717
-102.07477045155
13.1939663677731
-0.406634469102007
-12.3062450713
-9.27968663163623
74.9569230109358
-111.78020198243
54.9657038515102
-62.2521990607553
-35.3619707900535
-71.9887919980754
-2.44120733328168
-82.7454350329321
-59.86449812065
-101.876956393549
0.200334276181709
-84.6667212057613
-79.2900127854664
-152.912219574942
-96.9192529447214
-50.0074019271076
-6.47072680990801
-139.992866315961
38.750223933692
-92.6115029375132
73.52100675191
-33.3788729196844
-15.4708122121545
-65.1125284454969
-12.6181990188549
70.5013770733241
-69.7507605064459
-33.9798368468216
-158.769823288327
-141.848800170211
-92.2699044493365
-27.7049856645927
3.0355886289537
-39.1658987565822
75.6680705412782
-37.0065527446174
-69.735901555537
-14.2414208847838
-29.3779476093511
-79.9613313179566
65.8326868739082
-72.4570797045322
-109.318379916412
-66.0505308281538
-105.464424968182
-67.943223689998
-80.6149296746886
66.0799930389689
-81.9623998138585
-103.523145850671
-0.296369689686637
21.7828733819054
-170.816393453906
-91.0834263705213
-48.5311536694229
50.4444484820931
-87.4729849349206
-160.147652426363
-106.778246482074
-89.5738266366318
-195.51118388038
-64.9163942012401
28.734877487016
-103.675631259103
46.0824205056901
-92.2667139925338
-96.498115489369
-26.6152036622553
-21.1343253127247
-102.597809623027
-29.7340878881386
-1.14979458380199
-125.655358442289
-174.752559156182
-72.0298104495145
-11.2782753073745
-109.713688536179
-47.9690964707253
-147.90419978678
10.0340630515123
66.6076383360472
-76.7427691143513
-72.2933382886094
-166.591106871066
-116.456653947859
-10.7836274124387
-30.0441446626449
15.5222618058317
-162.324582165531
-152.460948611421
-181.035245311824
-96.8523855186972
-41.6404485830004
-115.247890596804
-87.3118814777265
-40.2446046128962
-71.5481550051399
79.1008604500658
19.8793762256589
-126.204683973175
37.2006073290291
64.5697162730764
186.173550685812
271
271
-266
-244
-133
-138
-31
-142
-512
-451
-599
-696
-738
-301
117
229
77
295
93
70
227
97
156
225
352
417
297
201
323
288
299
18
56
-47
-144
-90
-13
-13
36
95
172
-49
-89
-142
-259
-203
-213
-327
-545
-623
-573
-618
-487
-473
-575
-542
-554
-594
-782
-889
-998
-796
-485
-319
-116
308
913
864
1186
868
833
837
920
942
885
1217
884
885
903
824
961
894
792
544
546
668
502
310
-131
34
-209
-333
-313
-541
-738
-526
-699
-195
-422
-424
-548
-522
-216
-174
-24
287
-55
-158
84
114
173
116
-67
-108
-198
-167
-137
-101
-24
62
-294
-219
-4
-81
-91
10
-39
-148
-37
-116
-36
-59
-130
-14
28
-52
-186
43
240
35
-171
-138
-413
-393
-443
-194
-246
-144
80
-236
22
22
-45
30
74
-121
-5
53
30
171
128
233
243
230
342
357
245
389
384
281
230
198
-6
327
248
-43
-139
-16
-22
83
-152
-238
-199
-146
-160
-154
-237
-337
-383
-546
-548
-446
-366
-306
-179
-217
-415
-293
-250
-65
-21
-1
-308
-183
-103
-55
-51
-141
-231
-430
-479
-342
-391
-483
-49
-357
-54
383
348
425
740
795
870
837
645
404
582
375
223
532
624
174
515
13
339
23
632
459
659
501
60
429
478
475
105
-62
-567
-21
-507
-938
-506
-258
-198
-128
-147
-140
35
195
277
18
195
116
28
112
192
88
115
-99
-64
-148
-182
-239
-269
-314
-388
-369
-405
-411
-366
-335
-251
-124
-75
-75
-45
-87
-116
-198
-127
-95
-21
-30
9
93
113
90
107
105
96
79
37
-3
-11
-5
9
-45
-55
-113
-149
-222
-278
-377
-400
-463
-277
-201
-266
-244
-106
-206
-246
-237
37
157
245
249
142
20
121
109
222
289
70
-47
103
210
105
138
136
76
98
-47
-110
-95
61
3
135
325
271
157
-102
-17
46
215
240
183
-2
153
-206
-39
86
-112
-113
212
228
291
40
221
-75
46
360
310
436
559
304
577
307
226
66
-138
-123
-138
-144
-116
-290
-91
-62
101
-74
-152
-220
-373
-489
-492
-513
-442
-405
-309
-434
-296
-279
-263
-320
-175
-187
-341
-330
-56
-4
-110
113
401
-199
398
88
208
667
777
557
723
710
520
430
145
160
93
-40
73
-250
-11
91
-226
-110
-141
-233
-491
-451
-412
-373
86
-231
-85
-71
-938
169
-229
-218
-30
-205
291
82
-49
-109
466
255
-48
253
-379
423
207
174
282
413
312
585
313
377
394
330
384
389
355
340
231
166
180
70
-75
-173
-196
-210
-142
-172
-175
-157
-174
-144
-173
-168
-125
-116
-61
-64
-14
10
30
-40
-41
-54
-8
-20
34
-13
-25
-13
65
25
74
-10
-29
-110
-75
-106
-152
-266
-334
-409
-349
-336
-342
-191
-175
-102
73
156
231
240
293
208
167
92
60
-6
-3
12
7
20
92
40
85
38
41
-40
-39
-50
-22
-85
-52
-51
-62
-70
-7
-57
11
14
13
-36
-15
-61
-43
-92
-71
-121
-39
1
12
-20
-35
6
-20
-65
-119
-144
-138
-65
-8
-22
69
85
186
207
233
166
198
187
127
43
38
114
122
116
78
-3
-60
-20
-33
-48
-134
-190
-311
-377
-347
-407
-189
52
279
69
130
2
-43
-86
-138
-135
-39
-91
-24
-38
194
147
208
121
192
125
207
376
269
228
134
265
274
149
508
255
338
331
178
153
193
89
143
162
119
87
-45
-121
-160
-296
-417
-320
-291
-250
-261
-175
-325
-308
-169
-150
-253
-302
-174
-152
-288
-382
-102
77
96
214
290
151
69
38
91
-17
70
12
-10
-178
-213
-244
-233
-394
-233
-59
86
238
109
48
-62
-76
22
757
944
561
411
571
1616
1087
977
1757
645
-566
872
485
272
-243
286
-560
-1090
-708
-590
-583
-357
-657
-678
-656
-854
-935
-435
-834
-344
-589
-315
-258
-58
-92
-149
-87
-57
-197
-257
-82
-69
-52
250
119
481
393
455
455
700
363
104
336
154
83
464
465
538
894
827
982
793
636
381
-123
-339
-124
-273
51
98
-77
-113
-253
-311
-294
-389
-379
-374
-254
-275
-453
-149
-280
-226
-222
-159
-322
-165
-228
-83
14
127
66
158
169
162
2
117
-93
71
37
14
-35
-111
-162
-161
-321
-243
-317
-318
-314
-298
-418
-378
-410
-389
-288
-243
-193
16
85
147
155
151
176
206
217
214
229
86
73
-149
-227
-90
-84
-205
-206
-173
-95
22
183
24
68
183
244
712
415
584
529
487
530
479
321
237
110
113
130
-100
-9
-132
-233
51
-196
-42
139
-5
163
385
-50
188
39
-85
94
35
-176
175
-41
-116
82
-193
-119
-125
-165
-130
-290
-245
-229
-99
-46
-111
-62
20
7
48
46
128
54
101
13
56
6
-45
-133
-104
-50
-78
-85
-27
-56
-64
-169
-137
-228
-204
-157
-165
-152
-150
-99
-81
-10
2
-16
-23
6
5
21
-17
-203
-201
-117
-138
1
-200
-91
25
91
212
149
34
356
44
-77
162
244
312
196
137
169
25
21
34
-134
-22
-30
-31
-56
73
-1
11
162
165
236
124
122
77
-21
-73
-106
-29
53
38
-10
-40
-5
-19
-79
-138
-77
-72
4
-29
-74
-50
1
-107
-272
-132
-96
43
219
274
193
183
209
228
238
230
170
229
125
57
-99
-177
-182
-58
-104
43
-2
-9
-133
-129
-11
-50
103
31
-39
-30
-199
-387
-416
-586
-500
-705
-491
-314
-287
-308
-78
110
192
-75
128
-435
130
415
265
577
462
440
596
905
924
802
867
308
490
713
1
163
215
124
-207
-149
-512
-121
-392
-386
-188
-847
-1026
-803
-1001
-1179
-1087
-1042
-535
-342
-475
-43
380
927
745
552
685
921
590
623
1009
164
381
281
179
808
576
184
499
149
294
79
428
578
736
11
38
575
1029
995
983
695
19
-74
-555
-370
-298
-341
-248
-246
-244
-248
-292
-257
-200
-230
-230
-366
-426
-477
-493
-539
-521
-490
-514
-474
-435
-413
-339
-305
-153
-153
-100
-205
-176
-222
-213
-199
-189
-254
-164
-104
-101
-104
-40
-19
3
28
53
38
-3
-10
-39
-122
-71
-106
-55
-83
-120
-130
-84
-34
-45
-6
4
150
70
60
-108
-76
46
13
22
6
71
148
102
-34
-27
-36
-63
102
-40
109
51
-139
131
246
237
196
88
181
69
85
256
0
14
12
4
54
114
35
126
131
14
56
66
112
72
6
-126
-186
-117
-155
-175
-287
-250
-229
-155
-129
-791
-690
-314
-496
-310
-18
234
255
449
315
367
312
358
352
248
179
422
849
623
461
430
173
462
597
371
-12
674
231
153
155
-19
56
-57
-175
-141
-137
-123
-196
-154
-166
-281
-350
-363
-403
-349
-446
-571
-705
-588
-265
-35
-41
-185
-498
-253
-309
-63
-183
73
-134
-133
48
-2
64
-150
-11
179
240
479
394
280
339
401
512
397
333
225
106
104
-29
-274
-339
-304
-159
-141
-82
96
164
111
-128
-40
30
423
396
482
578
655
808
730
823
623
554
444
282
-14
-165
-270
-240
-366
-523
-430
-381
-385
-383
-461
-478
-492
-591
-661
-614
-714
-742
-884
-695
-232
-138
-308
-371
-9
371
481
639
726
789
621
503
305
71
60
-103
-113
-39
-98
-56
-694
-695
-1095
-851
-870
-1406
-1287
-1159
-1350
-1358
-1023
-231
-27
964
995
1419
1515
1848
1645
1699
1737
1657
1324
1093
310
801
135
-344
-113
54
179
129
-1424
-197
-37
219
674
349
-249
342
263
-5
295
353
209
51
-417
-63
-448
-660
-2
474
351
1049
-44
271
-184
-1086
-362
585
-307
-911
-397
-348
-291
-236
-1045
-597
-230
-318
-371
294
98
151
261
-257
-82
192
302
269
806
16
-278
-569
-1202
-1424
-1465
-1760
-1496
-2197
-1742
-619
515
1088
791
1813
1522
1677
1383
621
1513
768
913
177
-429
-1291
-328
598
188
-516
338
784
941
507
198
452
648
860
819
856
658
460
378
107
-29
-295
-492
-170
120
187
230
154
-53
-184
-720
-1262
-1502
-1396
-1266
-908
-708
-430
-554
-543
-446
-252
215
423
413
478
730
791
992
965
565
746
764
139
442
172
-255
-410
-853
-1000
-757
-791
-833
-1272
-1946
-2117
-1766
-1268
-1342
-324
34
558
309
223
191
185
194
-231
256
346
358
848
1163
981
1182
1868
1469
1153
1357
378
339
328
82
-154
-63
95
-522
-582
-1315
-1949
-2021
-182
1073
817
475
16
328
221
-191
372
855
814
951
327
395
134
-260
-49
-285
76
-26
-36
-202
-208
-194
-268
-491
32
-164
-101
-2
209
119
-78
-127
-460
157
-25
-386
-279
-637
-1141
-954
-957
-682
