-616
-588
144
18
-5
202
-95
-164
408
-105
-116
-34
603
-94
262
528
491
-102
-281
-77
-339
-31
329
162
56
10
302
-396
57
-279
406
-480
277
123
329
-59
580
-27
-96
-129
496
86
-269
-391
133
-295
-466
554
384
-179
292
210
269
-728
-176
-120
128
-170
360
-137
-195
-317
421
440
-405
-568
317
309
163
183
-20
-423
-167
-160
358
-35
-188
330
222
-469
-10
-378
283
205
277
193
164
-298
-433
-615
339
-78
117
426
410
-182
-62
160
410
-485
-304
492
283
-198
-30
283
601
-453
-645
562
312
-67
-105
556
501
-313
-478
566
322
59
38
569
556
-307
-73
338
-89
-55
-247
-307
291
506
0
85
548
292
-353
-230
100
-103
243
-126
-533
-96
371
-29
21
52
473
-301
-452
-87
382
16
-150
-636
71
144
138
-226
-89
-32
526
-70
-176
-87
424
530
217
-360
189
327
656
142
-60
165
407
365
440
-265
361
265
696
136
-138
-264
120
237
306
-344
-205
58
474
-20
4
-632
-72
403
358
-190
-589
-194
142
232
-91
-719
-165
-311
344
-50
-238
141
81
-31
-9
114
306
19
36
-10
396
186
199
-162
133
54
378
-33
-53
-15
353
361
-139
-300
79
124
250
-218
48
160
421
157
-68
-110
51
116
182
-594
316
15
215
-216
-293
-172
104
67
4
-233
69
-146
381
-118
-90
-56
66
82
-158
-172
193
12
298
-149
-6
32
145
132
-27
-241
220
58
200
-122
-159
13
-23
7
1
-265
379
-201
123
-194
262
367
-52
-451
-80
88
374
-250
-365
-140
176
30
-62
-293
40
-15
223
-186
173
-93
259
-2
-143
-58
-20
121
11
-231
79
65
201
-32
25
54
204
201
172
-128
524
-46
226
-78
132
197
47
-271
-193
-149
261
-117
-292
-377
-52
49
-193
-438
149
-70
88
-204
275
54
306
-110
22
235
146
-313
-88
-217
289
-272
-448
-219
-94
20
-102
67
137
-42
39
-56
361
25
252
-45
164
166
74
-367
-103
-214
290
-245
-41
-116
180
-52
245
208
193
3
77
-1
228
-37
-5
-148
-5
178
-152
-338
33
-144
9
-2
306
123
229
64
148
393
0
-149
-73
-84
183
-91
17
-12
-121
98
-95
-31
-24
-81
194
-77
-24
-19
-23
310
29
-15
-102
-39
196
-81
187
-57
188
-74
204
-24
43
51
185
37
301
-23
235
4
105
91
14
-28
132
-186
315
-180
71
-195
-35
3
-23
-112
47
-211
69
-214
17
-174
-63
-43
-55
-74
81
-5
174
-20
267
-55
215
-94
25
3
69
-31
175
-109
114
-79
124
7
-46
0
122
-136
248
-118
89
-124
40
8
-66
-168
64
-117
166
-135
39
-98
96
50
-59
-199
57
-72
212
-82
7
-75
86
27
44
-29
158
-28
184
-88
144
-80
119
21
-113
-98
126
-153
55
-157
-44
-40
116
-99
7
-61
193
-28
133
35
98
-89
214
-151
11
-128
-28
-76
90
-19
50
-63
50
-18
27
-113
60
-109
120
-12
-20
-114
39
-118
92
-125
6
-82
11
33
40
-124
45
-57
133
-86
-5
-112
132
-11
69
-98
72
-42
74
-162
68
-115
149
-61
87
-7
81
-96
38
-139
243
-105
62
-47
99
-76
7
110
-59
-109
102
-123
-20
-116
59
-113
-72
-102
-264
-20
-74
-169
-67
-138
18
-138
-34
-192
-101
-36
-26
-4
-101
-122
-133
-148
32
-106
110
-4
155
-123
-12
60
58
-79
93
-34
5
-135
277
-46
81
-91
153
-92
75
59
38
-118
61
0
113
-75
203
-98
39
-136
94
19
124
4
39
-140
68
-37
137
-141
102
-213
145
-140
178
-98
40
92
125
-88
-59
-125
90
-123
157
-11
110
-100
162
-154
124
-53
58
62
-185
-177
-111
-135
-219
-15
-259
-203
76
-37
-131
-43
-87
-78
-6
-76
-276
58
-190
-88
-34
-132
-116
-26
-52
-214
146
-26
120
-92
22
-72
14
-120
-56
-3
-83
-4
28
-18
-14
-52
-87
23
51
-204
121
-52
-58
-102
8
-57
-84
-125
-41
17
-73
116
132
-61
51
-30
76
-71
38
-109
24
-121
222
-101
124
-126
165
-127
95
-170
-62
-134
107
38
52
24
116
-52
89
-9
-7
3
113
-143
-25
-124
-16
-73
16
-113
-130
-132
-131
-128
-30
-159
-77
-79
-62
-74
-239
-132
-207
-52
-51
3
-101
-81
-56
-92
-31
21
113
-133
110
-122
150
-43
178
-70
27
-86
113
-106
21
-79
75
-44
49
-46
-34
-32
133
7
122
-111
137
-38
169
-90
76
78
144
-86
40
-94
48
-69
38
-95
-2
-75
110
-24
134
-116
61
-158
96
-206
43
32
72
-34
34
-47
19
-37
-66
0
-2
5
217
-205
172
-38
8
-180
224
-155
30
-35
155
38
20
-18
72
30
6
-87
153
-90
129
-91
-85
-224
71
-84
-48
269
26
164
-111
-7
107
-49
34
20
-27
-74
-333
-141
90
-99
-72
-3
-76
-125
-165
-32
-103
-90
-34
-62
-118
-85
-45
-160
-153
48
57
55
84
-27
20
-183
188
-35
141
-141
60
-131
71
6
128
-117
46
-66
173
4
77
-170
112
-193
53
-50
215
-23
94
-21
6
-13
221
-96
69
-123
53
-27
168
-23
-20
-136
188
-30
196
-7
177
-21
77
-61
-2
-6
45
-117
96
-94
125
-163
153
-47
77
52
74
-83
-38
-116
-50
-102
-51
-19
-225
14
-130
-139
-90
-177
33
-85
-78
-88
-136
18
-135
59
-165
-172
-72
-84
-22
-63
123
88
41
-110
108
-56
-28
-135
106
-77
63
-42
19
-155
5
14
86
-59
-25
23
69
-121
84
-184
11
-20
36
-64
-39
-63
64
72
200
92
67
165
84
155
88
157
-55
49
153
76
112
140
91
193
99
133
-41
12
220
121
80
6
53
132
61
212
36
66
123
-47
49
-15
-68
-87
-101
-23
-156
47
-111
-39
-56
18
52
-25
-82
-30
-187
49
-36
44
-115
-36
-74
-35
-16
-1
-71
-14
70
-36
-149
-194
-113
-83
0
-85
-145
-73
-169
-138
-74
-32
-147
-116
-84
-146
-129
-26
-16
-71
-120
-116
-81
-29
-158
-119
4
62
198
91
-28
94
-51
137
14
89
-82
45
-4
106
32
121
-157
-15
-61
221
-214
188
-58
32
10
235
26
65
-83
130
24
70
60
-102
71
-127
139
-114
134
-72
-42
-36
-11
-7
88
-95
145
-100
127
-75
-6
-33
40
136
-53
119
-36
193
-43
13
24
75
-20
18
-124
66
-70
96
-137
-143
-11
75
-20
4
-121
44
-87
93
-115
-116
34
19
34
-42
-95
93
-4
123
14
39
-20
149
96
-16
202
-13
85
56
56
-38
117
117
231
1
152
7
100
-16
168
-13
28
-7
225
2
225
165
281
321
126
-31
141
173
-186
-48
-166
-121
-186
-174
-34
-200
-167
-126
-56
-38
-17
-27
-69
-4
-33
-36
-14
-99
-52
-45
-140
-108
-21
-97
-51
2
42
147
-38
108
-102
154
-17
88
-80
9
-86
153
-113
86
-83
66
-88
35
-110
27
-37
153
-94
171
28
77
-101
138
-32
52
-10
167
-50
96
-119
205
-140
39
-104
-12
-101
43
-78
39
-38.776006247251
23.5082803349631
9.2094967319883
14.2686743384735
62.9000678843629
3.65044448297117
-43.3400107888638
117.835224290452
18.4884076973606
-59.1410750021697
19.3220972583191
-19.0852157158001
-29.3245546946914
-31.1853870580961
-0.818688711782298
-19.7865594579177
19.2224379735033
70.3920390822366
-65.9707553124959
-69.7462471543046
20.1580611883222
14.8040191048314
47.9425528022045
64.3460778372767
38.9038827139765
-82.0149391427568
-6.55885884047401
41.3264865331667
-16.6827772549717
-34.01418476584
39.6019418807934
10.8803567265416
-14.9312288895092
18.9438524887103
95.2879813468696
-23.7321995784873
-45.3386116242709
-20.0640937561535
29.0128777506009
65.50567000831
-8.82673756347862
66.9380088326149
-13.3974783681802
-90.4408792812763
57.9240149315164
-12.3866897459912
65.3353881281903
28.7241143267284
2.85267005678495
64.41613415986
37.9159318444806
-61.6861348666689
-1.90840725895109
44.0344484213489
-47.7061305610219
28.2405589759714
81.5283337178837
27.9608076230426
18.1545871231573
43.7480742497987
110.965972078798
51.0150911553756
-25.9268752603573
-67.5753862733556
77.8034274838695
37.2382938402725
57.4496627048529
63.2083242694892
-7.92366247254777
28.4214323539415
56.873285754069
52.9762722674463
-26.1401733560439
-14.1210935647474
107.318265724586
-32.7852423409782
58.0678773875107
24.4627183177491
10.5153037709763
103.853351495191
94.4907487490898
-4.95944812846483
41.2179002018183
-10.3000025445721
43.618570795677
-6.10271238630611
35.9823473886683
19.8763351576263
-9.10593530745583
26.6204159094878
78.8914324901194
125.485160763615
78.1459089318078
28.7208640072628
120.130033991308
59.4694236889843
12.7267008026325
45.3013695597686
-13.6958566397636
46.2385525251409
56.9949546300835
54.5470148645335
0.134875015416273
89.247204474406
85.6128546397358
115.684978013816
110.670807765027
11.7470826871735
9.44092526527393
134.248762365832
48.0677078247709
88.8416090078551
94.4351794638254
79.3988614522082
100.422504652792
1.41333147660939
46.7691871488201
6.31145308888305
69.5176684672358
69.1170372512072
23.9559537235038
20.4916032250789
41.4422722709729
99.6258799751341
51.3395693591345
120.174050901007
107.141024347943
46.258155939092
150.8715461872
66.4138810537561
34.9800745174838
103.840043919411
0.458408766653497
101.121210990856
107.274922175037
36.9039180614178
177.085568160651
89.5218091691546
111.302515731366
59.5677775939082
108.890729741006
122.161784487744
84.5232110828073
81.4098986081971
32.9617195529431
105.080983178477
83.642206151327
56.2434730389638
82.1409934622347
79
