7.6430478569826
13.4623355967194
16.7250014188619
8.70450818298008
24.6484455845501
7.75922079275441
6.57492539195398
2.36966115043211
12.080550752905
-10.5874211909528
18.9188344480328
-2.47506338693606
-13.7723821625774
0.83895162676325
-27.9047195219491
5.02323711524149
-4.12127973646791
21.2274776650073
5.26988919257665
11.5532745334107
-1.63842626445888
3.9806361307221
11.8658031339881
-1.253017170151
15.7808914080362
-0.233251605259316
1.07304921947321
6.78458033179982
-13.3019207912366
14.1051086839034
-0.787880142900112
-5.50589874808059
2.82046255984605
-28.7687457731416
4.95458114319314
17.0264967798793
12.6736800071289
17.8843901445165
5.30168942019789
-2.20420960180239
-0.0871604699663011
-7.39445606099582
-1.99147370789374
14.116416437533
22.4977866674152
14.2545478482881
-15.4709517773694
6.50252227786897
22.8973724736432
-14.9991165037036
21.2513807463786
-5.76219542601283
16.4864653264976
6.01745914243619
-4.32712728506244
-13.4056261664995
-0.974990868410206
21.4015352313298
21.983524912532
-12.3430653422818
-0.0493635621434568
21.7990038708413
12.1206560885021
12.0279122133254
-3.55212128228781
14.0493041559525
1.40482582384682
-16.5125985700092
1.45186216792404
7.64560505081231
-24.4649673098636
-1.69360657906878
14.6212162326062
-2.07643022572083
5.5251875374856
-2.03616171787546
0.268277588247293
17.9068472529748
-3.74235245333395
-15.726257226187
-9.10747197629192
-4.92001193268171
9.44696547517002
2.22217639826218
-1.60736986113707
-0.249385625965606
-2.27209663189336
-6.04209627560348
-10.4547843115588
-11.4924662677407
-25.7006529510406
-2.87384447921992
10.7460628503186
19.5996508895161
14.4911012462253
-14.2608312323779
-8.28253623877416
13.9146548738686
0.769137766996955
21.498439545462
-13.4151501159287
-1.56229782043245
5.15244986477145
11.7201768154907
-9.71416354482511
4.73832408530985
32.5383030625399
16.9906515295538
7.0564852314441
4.15569721387751
3.03882510448466
20.1930839062981
13.6570141127095
14.8026289856079
-1.34294626921036
14.2138017977057
-9.81151080789971
3.12053968373053
8.6246989409545
4.881563252413
-7.31986961905393
2.81052663312999
18.6104554280678
-8.74359629813213
-5.19573351285373
-12.302932854236
14.2940948684602
2.52137297572899
14.6348855843066
10.3965424730165
-6.76822951578025
15.5872243406579
9.89847697978321
19.1273464156067
-1.65177440497158
23.4981577439266
0.638261361424307
4.38272154391552
2.68088408758416
20.1961534044457
20.5400821328704
2.2152512258369
8.34890860292884
-5.74898606337669
-6.13965656984031
11.5230753555094
8.85384881423211
35.8846896257781
33.1768393891971
35
35
-84
71
-35
57
-154
55
-83
48
-55
48
-97
20
61
4
-34
-85
80
4
-64
35
-60
37
-85
22
-188
-13
105
72
-46
69
-12
27
-70
14
-170
69
-1
59
-66
126
-115
45
14
49
-16
-13
2
-2
-138
-22
-189
79
-26
92
-101
-32
56
79
-30
102
-16
139
-62
92
-218
148
92
106
-62
113
-47
116
83
104
2
-25
63
104
-65
84
4
76
-64
76
-140
3
47
111
-50
106
-30
98
-54
99
-168
114
112
87
-53
127
-52
59
-41
29
24
-34
87
47
-45
50
-55
37
-94
3
-178
-62
96
-16
-75
39
-64
55
-55
40
-117
79
106
1
-66
-6
-95
52
78
-1
-5
-64
128
55
-81
69
-62
48
-85
28
-166
-50
-169
-18
-144
-56
10
86
0
52
-148
-2
-18
79
-21
86
21
80
-46
54
6
-53
173
85
-16
63
-16
83
-127
70
-185
99
153
60
-38
49
-27
40
-176
38
-187
55
71
50
0
47
15
61
-118
18
-48
-91
99
61
-41
37
-45
36
-26
40
-175
70
79
74
-75
57
-82
41
-74
25
-121
-13
109
34
-56
46
1
76
-24
22
-68
-94
69
71
-93
22
-121
8
-82
21
-184
-87
95
74
-34
36
13
69
-22
56
-163
-50
5
-74
-97
-18
-105
98
74
65
5
-34
33
19
-10
54
-54
31
-17
43
-175
-29
-35
14
-86
26
-43
48
-101
38
-189
-68
-87
-5
-110
14
-85
45
-80
48
13
-61
135
25
-21
38
-97
32
-68
36
-140
24
107
-18
-76
29
-99
-24
-110
-5
-182
-5
-63
49
-63
33
-64
58
-58
42
-185
-68
147
47
-29
55
-94
60
-21
60
-230
35
122
50
-27
35
-70
54
-85
9
-149
54
100
83
-41
31
-65
51
-74
20
-81
-79
26
-133
-135
-31
-227
51
-29
67
-156
-34
76
78
-17
78
-8
87
-45
57
-192
49
-54
23
-92
50
-143
25
-91
26
-184
-9
133
63
-39
65
-21
93
-8
62
-107
-30
153
45
-44
43
-41
33
-68
27
-113
-125
133
53
24
86
-71
43
-75
9
-225
-49
100
88
-49
97
-52
37
-50
24
-167
-39
92
98
-78
57
-68
49
-5
29
-181
-70
140
19
0
57
-71
31
-30
45
-159
-23
152
80
-79
38
-60
83
-81
-18
-184
-59
2
-60
-144
-23
-159
114
-24
30
-165
-79
-138
64
-82
46
-68
13
-79
51
-158
-97
119
55
-8
42
-23
22
-81
53
-202
-117
88
20
-58
32
-1
2
-79
8
-163
-64
95
80
-55
68
-40
45
-42
29
-183
-109
90
-6
-79
23
-14
29
-64
4
-189
-92
67
41
-19
54
-32
23
-13
56
-166
-72
-57
26
20
53
-16
64
32
68
-138
-66
134
32
-23
53
-30
-7
2
60
-117
-54
139
65
-9
67
-35
42
9
41
-134
-64
-6
-57
-152
-56
-134
52
15
66
-159
7
52
93
-52
71
-7
100
-57
53
-119
-21
126
65
-73
50
-40
55
-55
70
-148
66
119
68
-16
82
-34
48
-71
85
-152
-51
93
92
-30
34
-90
7
-47
32
-193
-92
78
39
-64
55
-110
1
-90
8
-155
34
12
42
-141
48
-22
24
-70
16
-213
-61
99
27
-64
51
-105
48
-40
78
-176
-64
82
5
-97
-13
-98
1
-55
32
-141
-77
17
35
-117
26
-64
39
-64
42
-204
-101
-42
-132
-194
-75
-146
24
-30
55
-86
-13
24
98
18
116
-15
55
-43
87
-180
-48
94
54
-106
33
-69
23
-169
79
-141
34
-67
35
-68
64
-82
44
-90
46
-154
69
-133
39
-30
26
-54
56
-47
27
-211
-83
75
62
-34
50
-70
79
-13
85
-150
53
33
55
-56
26
-50
24
-82
53
-143
-53
-75
66
-113
41
-68
38
-140
50
-148
-39
146
74
-40
61
-28
63
-51
32
-233
67
-29
53
-73
82
-37
69
-72
39
-184
-69
-83
-74
-146
-57
-152
43
-87
36
-179
-56
-21
78
4
94
-67
75
-16
82
-141
128
-52
78
-8
89
2
63
-74
24
-180
-56
92
40
-69
-1
-46
7
-56
-15
-163
-103
87
39
-43
27
-77
36
-23
48
-206
-53
-42
58
-54
21
-36
32
-43
72
-181
-58
-60
55
-81
30
-48
33
-94
28
-157
-83
70
-1
-61
17
-105
-1
-70
33
-176
57
-72
85
-42
45
-61
75
-9
35
-189
-85
110
4
-49
13
-29
-24
-68
22
-152
-125
9
-22
-83
-59
-102
124
13
104
-81
-24
-108
76
21
60
-7
40
55
91
-62
76
-52
49
2
76
-10
59
-71
6
-196
-86
-6
57
-1
73
-86
39
-61
24
-220
-70
-71
65
-21
69
-64
41
6
88
-197
-95
111
21
-52
56
-13
85
-93
-7
-138
-105
114
10
-72
44
-12
60
-129
25
-160
72
-41
66
-84
18
-18
62
-69
37
-162
-99
-82
18
-39
61
-39
30
-52
20
-258
-156
112
59
-54
42
-59
22
-105
56
-244
-25
-106
-12
-134
-39
-54
66
-20
45
-205
-64
20
37
-23
69
-31
90
0
58
-170
-17
144
69
-50
79
-46
55
-92
35
-179
43
-100
48
-124
84
-48
69
-14
77
-190
-42
-85
-6
-49
28
-55
73
-56
64
-202
-112
-87
43
-79
59
-56
82
-55
30
-149
58
-94
55
-44
13
-72
71
-28
80
-143
-47
37
62
-40
51
-100
33
-85
52
-139
-41
130
37
-101
26
-43
49
-18
55
-177
-44
-57
69
-21
55
-55
47
-123
4
-240
-116
-36
-29
-129
-17
-155
133
9
99
-111
-6
72
107
-8
107
-13
80
-60
87
-156
-56
142
81
17
98
1
62
-39
46
-141
-53
68
25
-58
45
-77
64
-71
71
-199
-12
130
92
-72
29
-39
-3
-60
59
-200
-71
144
80
-68
50
-13
63
-89
54
-170
69
99
57
-58
20
-121
20
-57
38
-169
-43
104
30
-83
5
-102
12
-9
79
-157
-72
73
62
-98
5
-34
75
-111
36
-195
57
136
41
-85
29
-90
42
-64
-27
-131
-103
27
-81
-77
-34
-156
57
-33
82
-107
-9
41
86
-59
54
28
60
47
65
-122
-13
82
62
27
74
50
40
-14
16
-226
-92
136
42
-19
123
-21
0
-39
70
-204
31
106
29
-58
37
-60
9
-106
-9
-177
-87
148
51
-19
28
-38
83
-50
39
-203
-94
104
-1
-59
37
-25
50
-39
4
-186
74
139
52
-76
9
-66
45
-63
58
-152
-102
96
18
-13
62
-58
45
-48
51
-156
-129
62
41
-11
25
-117
2
-17
46
-212
-76
16
-118
-174
-94
-146
88
-41
70
-165
-47
18
70
-42
77
-31
67
-32
99
-123
-43
128
22
-36
21
-38
50
-50
72
-187
-39
94
89
-23
14
-78
88
-99
26
-154
-17
-84
41
-37
77
-64
67
-79
7
-118
15
-89
65
-49
66
-83
7
-62
46
-144
-70
-170
11
-68
56
-66
4
-60
-12
-202
-49
113
72
-106
7
-54
27
-52
117
-239
29
-6
10
-108
44
-67
33
-90
37
-203
30
147
63
-44
33
-121
33
-54
88
-167
30
-151
-17
-172
-86
-69
91
1
186
-145
91
-192
57
-36
70
15
104
-46
123
-149
18
128
86
6
80
-89
28
-11
145
-164
121
0
90
2
90
-23
42
-45
130
-139
-7
-88
56
-25
100
-34
29
-86
107
-137
-20
-43
66
-54
45
-44
88
-20
104
-201
77
42
42
-49
18
-47
58
-43
83
-169
-56
113
48
-95
28
-35
50
-62
80
-181
94
100
7
-10
72
-64
56
-37
144
-139
-36
117
174
-56
35
-58
48
-21
144
-202
-13
-27
-57
-157
-84
-101
86
47
140
-117
41
-61
79
4
85
52
19
-27
154
-48
6
132
132
93
59
75
47
68
176
-35
11
92
79
127
43
35
47
80
120
-46
124
-6
84
72
23
18
43
137
144
-18
4
74
33
82
33
142
53
108
76
25
34
-17
52
76
32
145
73
128
95
-17
-89
124
77
124
-6
74
29
88
134
19
-17
-26
61
124
48
63
-15
62
113
46
31
-68
26
51
58
138
10
68
119
14
-2
-229
-49
29
-38
-5
89
156
137
15
45
53
103
60
127
142
50
183
151
47
19
143
88
158
62
129
35
120
127
-7
35
63
82
114
-5
115
88
90
121
22
30
144
35
127
47
81
25
93
106
-24
-92
-39
93
47
