-11.8773105024712
18.3669586056781
32.0216569436945
76.9730938942774
71.6827938615537
10.9789486527518
98.1065099257827
11.183172983012
54.5338700783832
29.9133505773764
18.8227231588351
144.092655166565
59.1553041776722
180.796524975509
138.152559795868
64.5751305325909
-87.1540892260873
109.580398438449
110.831318415713
106.37603392732
21.9058301463644
92.4249006280637
-43.3457458530538
85.7640412152051
127.617782090288
-11.7898220489275
54.4195866632068
-5.03277207500227
19.4112515141625
142.629038063131
16.3770060900092
79.4677653622464
3.91011858583428
78.9606557921421
45.4249546892697
-40.2366213164464
20.3016110856981
-41.6743550303248
85.4142089077563
-14.9049981792107
97.855423649353
51.5468924683944
106.001850956616
95.287450147727
129.38300525097
46.8586411827358
106.792890122624
-233.551967294988
-100.751435756941
82.9051856408164
-55.3621100565149
-9.78052916133209
99.4725102866098
145.750457884662
171.059451122655
124.042944919455
12.6661670249967
62.7017261267922
204.104159850376
31.1943855042647
198.912414859574
117.955330519966
66.1709240805836
204.362748897479
120.881197168414
31.1266680627451
-56.2715413416955
55.6770874951487
96.5176699281392
162.661543119008
20.0677388409814
143.200256792826
5.46640148714894
117.238457705146
97.2890884759032
-33.6378575618861
35.3145090759565
37.5880231750142
139.043934944593
147.254675006759
-14.1031815365384
125.99563244268
62.5943170616236
39.2408418999255
78.9319202726795
12.6129312566841
51.9975603690208
149.829285714106
40.7617215132977
130.328899388062
62.3293189663203
97.1400417255839
20.7758783296649
89.2974023041915
91.4166235891131
89.6456937312306
-92.5869876549809
-55.6657634685153
63.6846484144149
93.6115975398275
71.8369687537781
30.237520616492
83.1039267705467
63.641788977566
96.956792951702
-29.8458734584757
-168.597226951635
-92.3297947360314
49.4241249695783
-25.8479180889307
-70.9231463447913
102.888303497125
-62.0967220011929
139.194118525959
81.6205034661107
4.25682322502125
59.5636991492489
-59.4470947937475
8.23000698650367
202.929884423205
81.9446104472011
156.340671798197
85.7804537287522
136.162040696041
27.9134337145683
59.0104960587089
49.2076468881121
60.033867896011
-3.58569407361763
57.6642769517599
57.1151371275201
101.366130410001
68.6681589483259
88.1292853810901
21.5340938627597
103.421136785597
-37.7436342972
128.923975942589
30.5665990267159
48.5510037893535
19.623159558842
114.046734931072
114.201245981627
99.801295817852
102.442689384712
21.0344049559999
-113.808250774461
-80.1570730924084
82.8427967919021
8.10942580547042
-79.605594298709
22.0695308742906
66.4230685898304
50.4953592081461
156.90336553628
-58.4172650582516
21.8038881959557
-155.562974848828
-38.4492571480051
172.437790343394
32.9422078366002
198.802664762182
168.11102636286
115.524254633975
41.2455068313563
15.1429865547104
8.10071590511443
186.404690351485
34.2872585353096
89.2861607651626
64.7421246086509
169.429784384651
39.6335777575444
78.1841525989159
101.993011575405
105.569878680495
-0.679294951493077
209.485893262015
7.50697596956512
-7.70988907599086
-34.5026535339737
99.3225988429882
-31.276208434768
96.611092516581
-9.19134858963504
67.6297997887914
-70.9290714341219
199.782265673086
74.2102351797362
26.4930158534304
66.6290257639581
22.2176411847643
35.7291601503304
122.534131785635
31.7364825636816
98.3127242721423
43.8958521930749
138.790414325784
32.5801708835271
16.2209026296328
127.899252673059
142.659779776287
106.037640184147
139.828930186485
38.5016200454536
-6.56584654742071
-183.029506891264
167.997203422706
38.6953104744003
47.128762992287
-6.95054984270047
139.96911557766
-2.11401423876072
98.9642251335332
-144.342061457167
19.7201099646483
-10.2674317282341
189.585311057453
68.4998919278078
173.37445151074
9.9475846375747
67.6182817875704
76.7414772749295
61.4123814133397
-34.10114383176
0.486870876573902
-7.75292952180875
80.0140008625197
15.3860462907322
57.9701590814576
5.32638051969705
90.2059047154203
-28.654238996775
113.193988704195
-39.5589952667903
-45.4701047727855
-133.317924221046
80.9631046420991
-27.1325742081853
55.0560614980422
7.20057047655877
113.984214606008
18.8556522622505
-7.52627991137265
-43.9823697528972
59.0088314216646
-89.0101355854965
-44.6891656994692
-11.5523698603265
25.8414996269755
-74.5680662847226
166.628806601599
73.0219119700515
68.7921069691962
33.534719135726
42.3512715168354
-42.9467968150719
-24.4045372876825
75.4540213445878
80.341298213196
62.3195494677363
57.8866308537163
152.192424462187
127.851571902067
121.920505305337
1.58014549113141
-21.9184336131124
43.5684822441278
-110.382081151359
91.9030356665331
53.2614376391566
109.775234028714
70.7452430074593
107.891065454598
-30.3092973499686
19.565473279718
234.246732464021
186.400839970026
108.317099816295
141.401314240126
30.8113272137424
222.054957901126
48.3292953222206
126.077792304362
4.10906876913775
-10.797584018447
-63.1139022727283
131.505860915075
22.05873997528
120.010441112878
-82.9119190027305
62.1786893473937
-38.9651468405793
98.3622386305649
-21.70548590916
-64.5196174799969
-123.310990406127
26.9852376625875
-2.05322058278445
92.2259654481623
100.571777732395
61.2600581666638
80.4824971882414
161.722365705842
-42.266810678619
74.5625468409032
-8.15073887738141
32.3368680647458
-1.36959183191043
112.796774515057
16.2148771129403
14.2358705354817
7.20548253012782
121.650931795074
18.5747447037361
-65.2939360370817
-54.1853849259316
-121.480180782615
-30.3702410291718
119.10047532383
51.6898810835076
149.522668755543
57.4368745744228
97.3897847185107
122.592493697769
60.7462073915054
-54.6080768613684
-156.26571790825
-9.30538276639349
126.447898719408
77.1635747934474
141.701433169908
61.5270574046702
174.878853636893
66.8077913605893
44.8350042307055
-30.9194637373672
143.142682928466
22.2720192354292
167.551175696062
22.6867213854429
101.932932080094
65.6852673851761
123.175238413579
48.1860301239429
19.7547722640777
-51.2567020292924
29.2763036945734
-33.3862400052275
-19.3280508790799
21.1362190729792
121.487063431079
8.86077982671967
195.675795545782
122.073480095675
-117.322865359737
-16.9666038144048
-9.96005101394042
69.7593927943303
271.251815867325
70.3808813925551
131.603911282845
4.18781169493765
223.834180975694
97.5458166478557
-56.9816091819528
-115.44568322244
107.59172393024
14.8612142105013
91.01583581342
77.8408836581854
52.9326144548618
58.4842353998386
148.521821694405
-65.5233365209717
-20.9696699054946
-62.6597411918629
150.839731650355
-1.21146628758333
187.263119216594
76.808666283337
149.375524743344
11.0169836035774
90.3712458249136
10.5487675550511
-31.534605441882
-189.027527845659
72.4086940297854
81.393651971573
34.6956129211838
-2.61910654331405
50.9789082396044
-11.3889880223839
90.1520517809228
-14.2482398331079
-42.5019821165734
-32.0886864783385
-13.4716321740744
-8.5832055485498
37.6239847023524
-13.3776258988252
163.598457704853
41.5438609767242
127.502271889646
89.818316705455
-16.5499540011901
80.1294496949404
-83.8495552270727
54.986374071586
96.7465928297759
97.9908812411453
188.856935898485
97.3354167504598
94.9804013502403
12.6859132199504
49.2365159586114
-168.869463735977
43.2505048473491
75.1525792187583
144.929118144561
120.776634053304
77.4003282161504
19.858807672197
102.779261473831
71.0906192053313
-83.2136400472495
-70.6785649612028
140.700675072491
3.45995627725228
68.940135208213
16.3603831656136
-24.9590771717055
-42.7611014395668
-53.373560886174
98.1248838977051
-93.0184134359
-47.1574996322831
93.6654108038618
172.401226798315
118.242216005739
-9.38036500772446
172.897704673846
-53.0173899606751
72.3797750765878
34.8712633144786
-56.6205280715837
-79.8347404913498
-68.1167792562539
-26.5710522260528
-11.4287409766018
-78.6642960224375
56.2771084049031
0.403284054925493
99.4561281874851
77.8070513914583
-41.09937134539
-23.3454506494819
60.4792781085839
61.2524329540748
124.906308225073
74.6118110336598
82.5896811197889
89.3930477484467
306.376038142878
-49.5181750562542
87.6968341552109
-113.164570093393
85.1416358516733
104.204181995948
187.880286170682
144.44275982071
119.592010496866
91.7523700912256
52.2023256559359
109.101560126428
-50.9481152096199
-180.744242338241
147.436148788424
27.4889073877403
100.449226239878
18.4785873810978
154.091795583634
49.0121858758105
25.0892680793794
80.6754099098461
201.153851399932
14.8452628912377
110.657126346369
36.442298943104
79.995288739753
129.973035454394
38.1359697164218
-56.197069373788
216.79084297466
132.866870276494
46.1546320381043
-127.461701609851
63.9025743594369
57.7060916641491
38.3466734179659
68.6122421833805
67.9659262492667
-53.1991202387768
125.065967589654
76.2578143524311
-61.1575173863348
-29.5203946560494
-59.8461717217749
41.1196994694997
102.717777116428
88.9002575280675
55.5881696510776
79.4029558445499
70.4417561799759
39.0270610029479
-134.181314714422
45.4845004680063
247.412224995217
-23.6370310483781
65.0749029936337
115.394737498543
85.2505606597787
-78.5734424498323
70.9643365585078
20.9925498952846
43.0674269336343
-157.841939116849
-28.7988549110415
-32.1417392481821
179.652185404858
103.790275726153
6.2551811231707
17.8503214819612
50.4167137689616
-8.33573400124853
42.9954541907052
-148.589413202285
62.1969038176585
78.4275024528757
147.660481492455
4.17205992957015
193.753394927834
71.1619518455101
34.5817055052447
12.5539400945683
-18.6005271595693
-52.7040908734497
-114.232868245679
-92.0342343198876
50.0751993571067
-30.3960188364301
147.410245994338
146.661665943467
131.245637312548
112.662712825064
-16.5523182622226
-32.055576871606
146.076173019376
98.0731460092567
145.917256978166
104.968157748898
155.360897995775
160.719138697881
180.466062952957
87.6487854323198
20.0397923857888
-83.5898000674675
184.54918130005
76.099586538195
11.8798637892306
84.3643272436286
110.845776865368
-22.1242750841682
65.1533979299972
19.7033563678801
79.517238720672
-92.3540830304739
117.958587807862
98.8346313607771
86.2981821676732
61.9657664063183
100.297162317777
-70.3301424026102
92.9741666553849
-18.8520443630995
-27.0917789997096
-29.9390385161327
155.792765749417
-25.5962858813452
90.8051334675667
52.5529857527245
74.6277363850193
33.6194424129384
64.463590098748
74.102403764633
-45.8034934207694
-7.92528521834927
148.645237734261
31.0463231811113
215.439810585399
165.394009004622
36.5474909302962
114.675239930286
175.629510115786
120.290739199501
-81.7730531752425
-63.1622106783711
179.302106503927
35.4024047256789
119.119310356048
65.9765709555285
40.645114259967
39.0405099048935
127.834052835763
66.3615607160742
39.9378742217743
-117.438948838618
49.842171568659
133.362861942644
-2.30205884470431
90.9237198388383
80.4200981030881
-2.96922698190317
261.492538451453
50.3548076291967
22.006781628185
-95.070372042561
57.2879800387287
64.419180365465
-43.9979298360031
-118.934330959621
22.727925005594
51.3637741786296
18.502342595983
33.87980932276
-85.2716615693839
38.7154937368775
240.034319663823
53.851728685823
92.6279187022093
-57.5011844619074
182.716653822548
88.0933711771647
1.8947242718472
114.860720155624
-76.5602898702697
-76.1529297821552
6.91688939327749
-72.159062019599
100.733089937349
-144.893178844909
-36.4583824230379
145.795129532552
127.317224060794
44.0816704237424
98.6401410481825
-2.33585538678409
-8.98362262719909
141.037377677553
16.8095596361248
100.962613506662
99.2032084000677
11.9989072329221
113.092247227965
82.5339827594903
69.7326881822845
42.2651665041905
123.539783218286
60.1229639413946
110.972087703849
30.7487294026858
100.46981225699
75.7535859086021
213.786024776758
33.770292792006
-43.5708838788507
104.933409696095
-117.333831222371
58.3008882431627
140.754578248647
34.4867857799859
122.141110876312
-20.0912623049602
-24.6000125445814
98.4524391009454
-114.629095497999
-119.851622279756
179.123355080348
1.64447857380238
13.4825230044166
177.464690172099
58.9637556729488
63.8207806237952
159.000339918724
60.8411859074113
-107.784905542571
29.715873584184
196.992589907564
-50.9936062579055
183.047798316317
112.28662487593
-58.2686994854876
2.37730850671603
98.7935481812477
-21.3713606603984
17.7357299608638
-1.01125775933463
-33.9740424787989
66.9464333616532
87.2589387014832
82.7464648921142
41.2818170430198
114.268917154572
127.31200034096
62.5492361283595
31.9674540715361
-101.520794351701
-65.8249121564432
113.386452840089
153.218270330004
34.3395869900719
135.666404420073
23.351299035225
100.050435481689
18.7536306425274
29.0401742705656
86.7406859144053
-12.1878855124237
160.185838137499
38.2725839543098
10.1785864951415
97.9183196259724
37.3123149763827
246.845753773967
-15.2028248432052
-76.4103129118749
11.8745636772441
-56.1279469467244
-16.4656357863632
117.457164299201
-62.1091275443766
91.2099157384677
31.4987182427959
8.67709781776344
49.8594425530565
-24.3503941120213
-91.9738976368146
41.4645721801218
-117.203866996703
-29.1184145917871
-104.167184658854
-22.3727178631724
99.4404201257357
59.5442323860402
140.351316226482
-70.3874570280067
-112.692059153005
-151.475956122627
41.4051984470123
93.3487685825373
130.514899214289
121.054921044868
37.3229602102419
119.507354604798
58.7559184822354
70.9878888080818
-195.765752542435
237.979926476408
91.8833333367686
98.1868485086038
169.607174936698
76.9566658108186
2.51041995507794
140.399092816421
66.8905192004927
-86.3379004092298
-211.216728501005
44.7496354356621
107.96579553298
144.486095000269
143.595752271443
99.4188353466208
-9.59894117427258
126.446150989258
72.513028744427
-58.983533940423
66.7513903007903
-42.2901241404777
115.046768859381
80.5927418794903
-5.49228511476501
191.981557940881
-88.2115080706644
180.977850268838
-15.2447016944384
-91.9752740494522
44.9503038658546
175.721109244083
8.55602976132538
65.9257072286024
-13.4041747969428
204.23507747597
62.4829520712712
110.184724663047
11.4072355826856
-80.5429410864654
-36.6813633906544
-52.3483422029555
-20.3696009311981
127.071837112865
90.5474754692577
61.2787637120266
40.3320653480628
159.281920962958
46.3290476297703
-24.319248207049
58.0711473634834
97.499464857339
-97.2918868844014
206.693618048588
-34.6895817684876
49.5677384840665
135.330627928583
99.8322198961183
19.0778118368442
-43.3997117715193
-124.85444223466
131.774206250374
9.78521617594404
138.53745842044
128.409729972564
-11.7457228013211
61.850634567373
79.1442819430826
-17.5995968249883
103.616741951819
-133.405840164191
108.686078509937
19.7822817641571
141.387140107539
-3.23525648364377
69.0890481271137
219.932977984047
100.928313426785
-21.3672479470722
102.30771328379
-20.4907699892757
-35.0288587418216
-60.5906466604154
25.7789502508099
14.5476624681248
-31.5533092512489
171.649538146189
46.0611046683285
-65.859463352585
175.569242263162
-64.7395177339011
28.6483603596924
111.581719505869
14.9588077905355
148.482879118488
98.3538602676599
177.185336099735
95.1590903737109
32.3057190728875
106.152853831474
-41.5327595432978
73.133967608439
96.1111135987916
147.942226092996
38.2848681246976
63.278477276431
79.0828734246841
87.2903354834681
51.7817428785676
39.3711053170278
-23.3526280399013
37.8035250932765
96.1486913518596
36.2468294728896
106.186677176707
104.695653801505
35.360388738296
174.087102753543
-44.979980809367
69.3375146460758
105.115544420927
-60.3909189890078
49.0156408295699
111.818536813093
59.2268008832305
53.593979448088
142.568969860755
43.5506956007343
-99.3309078169546
80.6819797079762
-33.7247173690037
-165.198736175765
120.247191370043
143.119540930447
76.7245260439099
131.907684450308
34.4351058005305
66.575818572536
-100.950496181378
-49.1670409116795
21.8355100570944
-109.723708430362
70.3873235558752
121.968352683377
30.2049990655532
45.401616876232
33.7736244754756
139.564773922855
-84.58688215961
69.9138034510634
41.6994167719163
-74.4227815672015
-54.5812590624395
76.9235740200806
-10.2906935210121
-25.6513265837206
149.629405460694
130.657122052754
-118.127594593295
68.0859111853499
-118.27936552858
-57.6088620700347
-45.6220121012639
219.537706033385
63.6484098028844
83.562904701002
139.326389236215
30.7011262779775
108.853569452575
93.169264147521
45.2138746953859
67.2553173620102
-35.9686443145815
167.783047421835
-82.9772760500163
-7.85386554365636
119.034964338875
76.9697524828103
48.6888087363629
18.592471319628
-54.5041602081609
-45.4800621916087
-274.685535446719
186.100222494713
24.312753372691
-0.600833467276246
82.7307311058864
185.245218366414
78.3578997268355
-51.4266150403175
102.329273255691
-208.176979487589
4.95418718990924
231.064139142034
0.457123332697643
73.2930580763268
-43.7790237003988
42.6995352515722
171.389597114067
-162.168018918345
-34.9914885316528
34.0342719059984
-151.309153918451
87.1713105209459
-44.2659708228484
154.55267914782
-138.100168823463
136.028738678526
37.0433332362423
-62.9142426394956
35.759687921049
65.0399443227813
-113.234786127215
32.5542683688471
9.44309064579727
183.679560255263
-119.680281115684
178.943827370602
176.526772088014
-158.199410300984
39.0095982163713
92.1786240952203
191.058001084788
-20.714409956946
37.4939838682212
119.311431466557
-82.9540161152111
204.627104225004
65.1199832135782
47.8368739759398
110.030079972974
173.808255565647
68.6001152126874
-6.17268768674719
64.4047504135335
134.343578339751
3.37062094922872
48.4262897233543
130.714562612975
99.8164090190572
-232.604528485843
52.5112567238728
79.4600250738104
-92.8448167959842
-45.2416447808694
243.156824773843
54.1698267317447
-70.0414196165639
287.6865466561
-7.32989179951449
-63.6809492952388
43.6530736506173
44.5898584263477
217.280077205841
-205.68185280688
102.138818117592
124.339038880496
-169.233871315573
163.832757796493
-101.821205712771
-36.6773170291242
-41.6777508911083
-31.3230948694928
170.461413394802
-191.649099211278
198.573129058745
-54.4962519892919
83.1806682060639
-108.512076696157
10.0882180316022
110.863675174658
-319.646672538777
44.8854450917103
74.2814602128971
-87.6225132872998
-69.0139178621535
5.85780323760471
275.35893925134
-8.37129077442679
27.8048975763183
56.2593205351605
-323.839464004568
-210.208314634371
52.6823793298897
-38.3988542522085
-119.899808979798
152.625727882325
186.128823983468
89.1623752732843
-80.6726591252119
18.6278519701011
77.9729992220164
-203.992745617391
257.297653059178
-34.7255033436889
-55.6657890643783
11.1941783742017
152.373670506445
189.579057905146
-230.641711237587
163.790633603657
219.761824154755
-116.042636687248
155.853154196729
141.754931340287
202.383457447459
-282.204870700766
231.256096583317
222.832442978252
-79.0428987863122
36.2848423696917
43.1590670481372
35.8955701001528
-119.655761973313
215.596394122179
226.134744533818
-271.729804486607
201.009389952017
221.828136274042
5.27428814746301
-265.799157836382
230.474732316581
118.811079541455
-103.03223068555
62.8940301071573
290.872850282842
-22.8035692586444
-49.8049110675313
164.078590207657
85.5850728325334
-192.794970998783
179.567590503534
-77.5543586472721
98.4083116879673
-187.944496660981
154.989570585288
-21.5580074241894
-14.8172671513698
299.969546394865
16.6558051785777
-56.2844986670701
-168.406007232247
-7.71088220364055
188.578398925365
-291.416524894952
246.169147771784
-60.4582101333702
59.8209710968194
-38.0819709169265
46.5793625213239
-36.5567071262271
-72.8794094025656
71.5735405129962
53.5355209419597
-148.017123770771
53.2099023107696
64.7681791989334
147.442185846154
-102.516129334065
108.687168964452
51.0439153446232
-119.791094033137
-38.9654475012023
128.213915072091
68.4724246895541
-80.3614290790367
79.5036154953508
74.5088927184658
48.1571440706479
-215.558564282257
96.468712940763
-46.0234216220463
-262.439312112949
202.553203767257
-23.6521967644723
46.0113341664522
-44.7487601997149
37.4344789919433
29.9350040087013
-187.734894134472
83.2011235378165
-224.946799200619
-238.433983344878
-283.17748911528
148.062550083914
-7.13529604243848
-227.913949670527
68.9698092593568
162.020981556779
-4.9648094347336
-125.428456333844
-13.5062056020165
13.9842777116137
26.6392516987388
-64.1641528238001
212.169101889812
75.4758167978327
22.0897426564837
295.434715585095
74.6222774484008
-36.5545448649938
-14.4372491193641
127.187036398794
177.501792931866
-238.384773932296
183.439399603409
-101.520479640661
161.686366129819
92.957458689027
-29.7308105953649
-21.0487918970488
33.4144164208056
-114.990454439702
242.193422247883
-35.5297115455851
-52.2450751644659
-116.785675714418
72.4776342249103
3.29330626713228
-115.900479523575
257.415239994909
73.2458937198635
-62.1543825259272
10.2624913289398
4.95059494577703
158.598038841096
-165.200091796342
83.8629749513306
144.69897459218
-80.4017023675826
-155.707354286372
303.623133719957
-90.4944983018275
42.4578973144259
-124.163291368693
195.756820280912
-48.1880570436364
185.570057966059
87.7583661809341
63.2673754993526
32.2251571323348
25.9037623553222
8.91789943203442
200.777544988014
52.8865758336251
101.855387304818
106.970605201039
44.0748276010598
103.734579778616
56.3578713798396
78.7810259058156
-88.1459798234463
-165.695446798753
213.170130701979
-144.561981192309
81.5562773760544
-211.107000482573
133.715339453528
-2.87014651163889
-150.433273099356
-118.78527170815
5.55429177113287
-177.569898993171
44.569961753208
14.8773903072037
-6.42890947645471
84.9696597651979
148.081724123804
88.2583855028983
-79.7868212236494
-108.556237303081
215.927021750163
16.1879210270229
-42.5226080512409
-204.514134760166
181.012690415347
-121.501010533656
94.1280771934793
-26.768039667138
-140.519098241306
-71.0331090134661
-178.325382639303
-63.9900630960627
-113.903437179458
-135.032549537492
-2.57378771386703
-45.2619030269011
10.5261414401028
60.6130298524897
69.2228353990971
24.7742370429184
-238.413355970647
-150.013989817762
188.377136280313
14.4312935116128
28.8943776936791
43.5786135935827
148.001783639916
106.204331481686
-137.441324462501
61.0311370653822
21.6865750755062
-46.6095422116162
287.236157368604
11.1871425385632
129.079715255042
6.24641859193459
236.490266537028
45.7924117833378
57.8747959957981
-66.1760953042941
138.073992797743
-126.397567430117
53.9589259434251
93.2728477416408
215.320070527461
81.5062190028865
77.3395147139815
215.657455005729
-85.8813789081051
45.9927554715663
149.097770189736
133.335612872747
-5.64844941218696
-4.42030792394499
-3.21917096061432
-33.7708630237158
36.7059672022445
107.426007788222
4.22954250992523
-157.726735863442
-177.023684095542
109.791891518754
109.829692462106
-53.9758593529048
87.2983452985292
146.656657756158
64.1709468400658
-7.50081190442779
35.2314600662552
19.2028513280803
-175.104529432901
50.7541906382971
155.702699516641
107.365388617973
76.0982010469407
41.1112205107946
235.013262910362
86.6636895986561
111.060503463344
74.5942982079047
-0.562052816615669
54.9222748194901
177.60545268534
181.24704012406
98.9964457216404
-37.8426758622448
76.0642230154508
-32.0153765599397
-3.91541322057225
74.6103243131206
69.0197752666636
213.611193935229
-51.7075786798623
86.563779590251
130.973374257808
102.033900524633
94.6573079850926
141.375654143545
15.3028871895071
-98.1632189273179
123.027545772568
113.694391004679
184.074016745473
-15.4913662525168
132.942336387262
55.52613049579
169.132830166532
142.668796623329
26.834649818539
43.1680017301964
-182.873452848022
-17.6278148053363
-126.477255572469
-81.4180883537069
-81.6860071239032
-37.1720418886928
-3.29361011676653
116.162112522339
-43.6676925790787
-59.0843507306551
-171.770337581635
20.6815059565649
81.3459447553436
199.549396978224
213.776868565109
126.226445410351
161.734519472859
186.100046899816
13.4558516434021
-58.4093040410375
107.839151564703
20.6483818013756
49.2558907477054
-83.342475186363
120.496257691858
32.1352747148972
46.1315875555406
43.0834214038686
-23.8078697889795
58.8090984051794
-117.247534137749
94.6765091305137
69.0298496858424
50.5147881612959
91.7249403996668
-0.162516483670984
43.8495473264069
-1.61136143406804
-120.884377028237
-76.576342812349
45.526879654931
-87.4815153245142
131.346928365585
-104.687673422165
17.5582183293685
-12.731023136549
-170.406010877592
197.483436909083
-38.0676869834169
-102.591965399997
152.234706579949
29.8713294782633
-127.556092142402
62.1860663988653
-66.352696368193
78.8796573598081
-142.49482504529
-15.5484597820227
-152.382882059448
-167.720049961644
-94.6016050358134
-12.8597098166781
-50.4120126408415
-170.646203198941
-194.490695760783
24.1856608296914
-71.7055952778154
11.3510060091065
-221.314700843983
-25.2009218303379
-13.1509541912447
-81.9329563217373
-71.4583801619653
-167.993364865283
-146.666092485812
-108.887523836778
-175.747894023409
94.7383876599768
-339.183704587339
-63.3129715580507
117.422162826598
-160.198642340098
-187.972058412908
-57.2909441548264
-170.519021245192
-121.569219470041
-36.3561186441153
68.7727408475351
-240.754831606556
-134.003090835207
-175.237671134882
111.769517996013
-133.370977463671
-75.1250930310336
-189.264871286644
25.428175648844
-283.425333117931
-11.2857054031163
-288.971410013004
-277.275180810724
-145.637990390482
-28.6150843927417
-110.562070761123
-151.005822992244
-279.298299489089
44.6584575939339
-133.739885184856
106.416980291338
-216.204302006449
50.3937657962817
-139.856386049757
-9.41777953827819
8.16089548417082
83.7297141164691
-190.350037566083
25.5033722835236
-69.410480100167
171.115502705674
-359.981313765085
66.2742315685865
43.0904358427344
-33.5688588784334
-49.8726075174208
-11.7988197318626
-91.8385146109086
-131.628835052713
-52.2812442175152
129.351933381864
-242.315503875817
-139.471073809513
-6.68927310950125
-138.457558980698
-122.590587801483
-159.918004538202
-55.5852520365743
-45.3563356068543
-194.846911899478
9.44584134602923
-257.191003484327
-33.3053047033943
59.3047939775681
10.8904625147306
-112.317441906453
-72.3494159922558
-199.050470825833
64.5565035123472
-129.838581669352
25.1902215685644
-306.867856049063
46.9461762781568
110.969941785498
107.352246617227
-220.895787493879
-12.0877675318189
-75.0181504088793
-149.433835674783
-170.827137021598
-16.2963615851137
-271.001813297065
24.0115361034033
173.262210775777
-54.9487907667245
-174.506753953697
-48.3228819482154
-141.208825981681
-141.653906282388
-149.984154193053
143.614811166514
-185.895901418127
-150.977753075172
56.9090442594518
-95.3160103937129
-102.756821609834
-139.974880560466
-70.4837777156183
52.0930339260952
-169.227456655036
-81.7430466470827
-182.526796465458
-32.1584086954444
-48.8198358224273
-69.0731213803414
-44.1092200224652
-68.5805664535313
-146.623415250363
-92.0458830407046
-119.146542787891
-32.2163830972682
-281.575178840473
-125.882112071034
-107.229113496221
-72.9118694236811
-182.988726761935
-135.882109746862
-136.364539972179
-50.2720677748876
-159.64593941024
-56.2349628463816
-289.280508889605
-182.131398891695
-55.7299797598505
-139.34518375414
-153.120051459825
-26.8477665533667
-289.574372064521
-68.0975094474625
-53.5199496417238
236.109460687822
-271.646969235438
94.0716651798212
-101.363864919505
37.2816673298312
-34.1387239760914
-11.2001227239978
-108.740459854231
-84.4510047671389
-101.458363118644
210.55033435664
-213.873409414239
-51.9283094879562
86.5083509394932
147.174522710807
-110.25633597921
-121.170260011027
-75.3145792659007
-44.6518499947273
-228.235332069206
24.9959223460661
-149.867754160944
-72.3519784943082
-15.5851883245676
-119.403470051602
-133.573194476805
-186.787851425033
-49.8431442299188
-28.3009901000207
-55.222696917826
-10.3108900524235
-199.092720135873
-70.296557412231
37.3090666810407
-25.4631319705686
-164.405889620444
-22.042679393724
-131.681619127435
-97.959477139398
-154.535025234866
87.8849702419038
-302.044623872307
12.4260210520212
-82.1182971629139
-77.6144755473142
-95.335694178162
