-194
-480
-978
-1685
-290
435
2267
2045
1358
-94
-1359
-976
-378
416
796
575
170
-1589
-318
-2641
1597
1480
1517
1501
2018
895
194
-1660
-802
-1276
647
1166
1516
-995
-893
-1221
-511
-918
-267
150
337
1703
1372
2183
1254
2055
1754
1162
816
17
-488
-604
232
-436
445
-742
-75
-505
-141
-438
46
130
739
1991
865
921
424
308
100
-152
-165
-1125
-1099
-1043
-1038
-1058
-363
-294
-1066
-157
-595
549
288
758
316
459
170
61
371
-357
336
-151
-295
245
-344
27
-1148
-1123
-1433
-1058
-3624
-6493
-5956
-5847
-5231
58
4068
3457
4628
4440
3563
3525
2675
2229
1509
1308
591
420
457
454
412
11
-1049
-1142
-789
252
871
-893
-446
-961
-656
-399
-676
-2139
-2076
-994
-3029
-2774
-1194
-218
327
-327
-300
-339
-1180
802
1610
1005
671
58
766
3026
2115
2637
1847
2704
2062
1825
2374
2575
1650
914
340
308
179
313
-7
-434
-973
-334
-722
-695
-978
-357
-1349
-1075
-1101
-558
-804
-744
-1498
-2567
-2216
-948
-2402
-3011
-2202
-1170
-1174
-727
1994
2208
1565
842
1648
1699
2097
2041
1778
1564
908
1089
-387
-829
-471
68
360
848
1674
960
500
238
280
159
-133
-333
-234
522
355
731
776
174
-169
-178
282
-251
-645
-853
-486
-1124
-770
-1323
-1578
-2039
-2081
-1254
-1911
-1636
-962
-1005
-2096
-4422
-6459
-6848
-6154
-822
-1102
-2185
-3840
418
418
-78
1706
2274
4416
4158
3299
2914
2902
2833
2
-552
-1539
398
387
1547
3360
2740
2271
1751
2232
2465
118
581
445
330
2422
1298
1391
2670
1092
1110
1129
155
-154
-114
-972
-397
308
1445
1778
1246
494
644
-911
-1998
-1906
-1074
1165
-456
654
1627
-50
158
-1290
-972
-231
-380
-328
-297
-287
-619
-416
-1063
-322
-526
-586
-1054
-424
-234
-1285
-642
-474
-206
238
-394
-530
-778
-184
-104
-316
-658
200
8
304
-31
-437
-526
671
675
783
1044
247
-70
-85
-970
-976
-920
-848
-1287
-1308
-984
-1047
501
808
523
1037
898
965
1070
312
-596
-284
-646
-115
-561
-158
-364
-330
346
448
576
232
-180
17
-446
496
-562
-314
-880
-675
-1504
-537
501
-1170
1422
1416
1291
1787
89
1762
786
2728
580
-539
-259
-1400
74
-323
712
-732
54
-519
26
228
145
-424
-607
-206
-544
-510
152
159
-218
246
-374
433
821
1273
1006
374
362
-179
18
-119
-198
-894
-807
-1157
-608
-1358
-953
-1589
-2168
-1901
-1630
-1224
-152
-356
1595
1349
2702
2049
1663
-1231
599
107
-1310
-2612
-1648
-960
1670
1415
1884
1324
1585
417
829
305
1178
1833
1853
942
811
255
587
-185
-702
-289
-568
-734
-1132
-849
-261
322
436
409
74
2
-393
-278
-991
-442
-1369
-1009
-997
-1258
-1881
-1094
-582
-710
-828
-595
-643
-762
-571
-107
734
590
1009
844
683
923
1865
1401
1493
938
-40
-275
-199
-269
-163
-423
291
-783
-258
-477
-327
-551
-361
-58
-937
-414
-839
4
-91
266
178
-762
-841
-1294
-835
-1443
-331
-694
-34
329
389
1175
798
582
931
1588
1613
972
810
705
1489
426
105
-438
389
682
829
335
-580
-220
466
-1933
478
1009
-10
571
-88
-90
364
1161
902
16
-190
-1493
-4449
-6656
-8095
-7897
-3418
-1075
1020
1012
5607
3106
2055
3796
3357
2303
71
-2766
-2635
562
2964
4735
3709
3886
1779
2545
196
-3305
-4068
-8285
-8161
-7946
-7203
-2521
1234
845
789
2726
1710
6703
4966
8001
7130
5695
5862
3801
2083
1948
1974
1487
1879
1298
514
726
678
582
527
-1128
-1078
-857
-579
-449
-534
-496
29
-1413
-1411
-2395
-1038
-2347
-4822
-5044
-7408
-8212
-5177
-5831
-2615
-2888
-1351
1882
27
705
618
-433
1970
614
1287
3151
2736
1768
60
1730
1502
1003
1789
1245
2985
3091
2998
1513
1008
-216
-1352
166
-4008
-374
-1511
-2569
650
5600
3013
2018
-1052
-5462
-5699
-491
-1847
-2656
-3479
-2478
-834
2756
1460
3743
3653
887
-927
4044
2956
1473
1825
3709
1395
2732
1176
37
1892
1630
157
375
-2668
73
-2406
-3486
-4112
-3171
940
3438
3532
1807
4567
1660
2243
1220
-318
272
359
1334
1760
1330
409
-453
-132
181
248
35
-460
-811
-1794
-1669
-2210
-2403
-2677
-2471
-2331
-2041
-1489
-1548
-1711
-1999
-1638
-647
90
-1078
233
-1895
-4565
-698
602
466
1976
688
-169
804
1435
673
595
-1145
-666
-2071
-1489
-2186
-923
-693
499
1061
815
-246
-868
-184
823
298
241
-103
173
898
1279
194
783
103
-457
-467
-628
2621
1164
966
1558
1293
-159
-362
-349
-1063
135
-262
589
246
865
1420
705
360
434
289
12
7
-275
218
-368
-1060
-1035
-811
-795
-1354
-1100
-737
-728
-1115
-617
-1121
-592
505
1514
553
806
1016
57
1008
529
156
627
-718
-367
-58
696
34
1191
1093
356
-219
-306
-887
290
36
190
-491
-258
-766
-424
-328
212
39
1014
291
-78
-434
383
71
-416
-383
-280
637
32
211
-1273
-301
487
211
69
146
-914
-1228
-416
-519
304
-159
655
660
1472
1562
646
563
-302
151
159
1096
170
17
-724
-2370
-4318
-2871
-2140
-1322
693
909
1587
894
1257
444
350
126
-2003
-2847
-3910
-3278
1377
358
347
-324
302
533
-505
-1720
-2463
-1679
-2057
-1624
-1085
-559
-86
1290
-111
3001
1499
2340
3082
2331
2251
2354
1828
1035
1272
864
1835
2529
2051
-464
408
-1552
-2086
-1370
-1357
-1581
-2007
-2966
-1390
368
136
534
900
918
1618
1933
2858
1834
-440
-1341
-1395
-607
-820
852
-329
-711
-581
2009
1863
1062
1723
1120
1651
1489
155
866
350
1299
443
50
-967
-1675
-1611
-2393
-958
-1054
-1231
-47
-2748
-1646
-530
-1485
-1942
-1037
-1582
-2748
439
1818
2016
1396
1320
1917
1275
1418
1811
-45
-554
-501
-1033
-17
17
-1828
-919
-935
-349
1276
329
679
3046
596
636
-224
-1302
-146
-341
447
-850
672
1928
302
160
-1070
-526
758
-72
146
754
1910
1641
886
648
-94
926
-302
446
839
895
736
315
-50
-153
-622
-1265
-316
-879
-574
-582
18
188
61
275
120
-301
-1430
-1612
-1847
-970
-2654
-3267
-341
558
-251
726
161
-2126
-512
1013
-1166
-3487
-1924
-3118
-1655
-1336
-1251
1552
2004
-476
-1228
2820
1396
1965
1006
2050
1974
-1966
-5
2384
497
1410
-1700
-1383
1580
-1266
359
-105
-1724
-1274
252
630
114
-516
2727
-117
-561
-4091
2825
2661
2937
3635
2330
1681
2498
2762
4029
354
1635
318
-963
851
-2292
419
1501
524
-1538
-1936
-380
-346
305
-1233
-1232
-2317
-2801
-2903
-2080
230
-660
-886
-199
-1010
229
-1737
-4364
-1775
108
2268
2098
2883
1310
3443
2760
2987
1467
1599
1810
1281
346
52
190
-1582
-2985
-1608
-1301
-1098
-542
-846
-759
-373
-787
-659
-69
124
439
-8
-221
-803
-487
-88
-503
-676
354
119
177
-11
-404
-367
-554
-51
-487
-335
-106
-188
-844
-905
-1096
-1918
-2096
-2025
-541
128
-809
630
-119
125
438
-323
-854
-68
-66
-372
-645
612
832
154
27
677
1008
510
1249
1126
981
2470
1788
1006
1199
1914
2586
1558
1126
956
967
1191
332
-1242
-1007
-1288
-2074
-3725
-1547
-2713
-2532
-1037
-1743
-991
-113
601
340
640
-207
1027
1290
1902
1222
1610
371
1032
2322
2795
844
617
1236
1090
145
279
-33
78
515
363
-8
-994
-2375
-5479
-8230
-7136
-3870
-4168
1800
3033
1334
2430
6799
6240
5719
4669
3091
2220
2060
428
-2
-779
-3882
-2404
-136
257
-596
-926
-2462
-7707
-7664
-3487
-4516
-3378
-5042
-6072
880
1870
4039
1436
-1769
232
-1574
-3598
-1787
-1799
1553
1486
5497
7645
6969
7390
4568
6015
2061
1656
3427
1888
1227
874
2681
856
-3616
-6409
-7482
-8228
-7503
-4102
-3526
-721
1694
4269
4880
3096
4152
7734
6315
6483
4815
3788
2498
1814
713
561
-3942
-5040
-1338
-2769
-255
1165
2314
1827
648
302
-290
-717
-996
-747
-1035
-1549
-2473
-2914
-2344
-3503
-4531
-3480
-3870
-3408
-2978
-2625
-3158
-2364
-1578
-2220
73
-2695
-319
-37
1963
1026
2522
1310
1783
1639
1260
3367
3940
2755
1386
2705
2451
1195
-95
359
-3078
-2816
-2082
-1986
-1447
567
-325
843
-134
288
1683
1762
3030
922
745
-20
2457
2887
-673
676
-570
176
-41
-1633
-2337
-1206
828
1333
-57
2217
-1116
-155
-723
210
44.3559069459909
-206.192794220787
70.2822323871401
-103.532058102642
160.860092186518
288.205332072311
313.019539755642
-0.466797586060263
-340.541687415359
-77.6081692390218
123.113609616774
-63.8217435324481
-40.1396622440807
-168.699771376419
22.8554275611233
7.55249093113956
545.627017721925
26.8157682463578
52.0009359430474
-206.819002726469
126.574039001755
114.813704408314
148.787393230428
-150.683823237286
36.0522478626398
376.041595585019
330.984622259767
148.416614119667
175.013749926233
30.735581839023
250.153830775535
315.553051854838
281.169692893324
368.910441527727
203.962936432163
178.847791523854
166.618698347864
223.305361593656
131.615416342189
138.899247112557
155.905844691434
-54.7860141472487
137.172203855884
-1.37371687675035
-107.687600646143
-72.4564518504797
25.7986460099521
210.277782350374
137.428487718557
476.644143372907
134.377343574729
-169.179803680641
217.364805223277
26.3346021733693
99.4748229506562
210.382764955643
157.355666450878
-12.1504138608697
223.268420599016
235.892711658382
125.91646347555
222.516684588713
199.563174549394
-125.999053264575
58.5720999326534
76.6524350378563
412.952724578964
237.63289914009
210.939774465066
420.306082624031
352.84275891118
450.754970015883
257.916247090231
190.393964513033
177.439722858402
37.9360743373629
212.027701622878
321.901295640303
-312.343349060046
205.227674336629
430.130655005595
312.739913532186
685.129804615632
67.8692433536382
356.832719321342
361.684149375224
389.178360405055
25.1221833509632
-99.9584582528416
-106.133469911649
398.048598930827
175.492411742443
368.962377726635
657.994588836636
336.200484755256
-23.0839263466043
214.988552378709
204.457503314254
58.9461692181224
413.040295904407
213.660064117445
250.297024638226
190.213543908332
234.414885500705
166.953002191242
28.3440955072336
119.890731037581
381.498878959163
136.699343434934
258.261857260699
73.174213207729
86.5477691507518
78.3604827907558
289.584978051194
529.786187923032
305.420378307212
39.8135210728321
457.780542544119
422.3609257935
716.015785283972
324.306315901299
681.200492713876
219.49793594629
220.597062272334
482.055487031797
388.338750077317
313.458650255511
49.106690713282
561.710425147518
220.23620921331
498.134080794653
321.940527955675
170.001098198727
322.751470805877
593.612427390036
443.309279389699
280.755471435177
270.803130207984
420.4115828839
-23.1930142486198
183.052757335984
516.349211814365
337.820514421988
418.568900194488
420.553487349377
342.122029098612
83.4822263941235
-121.16840014036
-587.648185975739
-824
