133.76575905174
258.421509965471
-116.691089109256
108.532294149093
-38.0390880421331
11.2168417752098
-204.634266361541
72.3568558732205
-86.2538868911515
45.0458026430115
-81.1555006561977
-93.1749668941384
35.7992260021588
90.9333795071126
95.029976490113
-13.5767865986821
80.5074849805237
169.988228663416
16.9255903123994
-51.2947686852684
-19.7630452889199
169.969133437908
-181.223117575245
129.943898384881
14.8414779362094
-63.5692806838052
-153.495054492754
8.44343888226261
-80.690280463869
45.9537629905042
-20.7256434802419
135.097651750854
14.1778855191877
28.0737724445088
-58.6098042267977
122.884012930682
-128.083541107811
-204.664638005009
-31.235165502717
108.637381021938
-144.295832257235
49.1094322138607
-66.8125737222022
-73.7236376258841
-70.2095898981705
14.9641786715747
37.3488308852602
-271.913502212676
5.83232306638676
190.509784208181
9.31550281739187
-66.2474105193514
-77.3396308559405
156.137857742754
-274.569581717885
-11.5699161003883
-78.6327906049331
169.573188176522
-4.81095402123459
-19.1059346855951
95.5472178207444
34.7180958668281
-236.895225979892
157.996752111513
-37.9158144312724
-16.664391907338
-4.73175605338051
80.3219516751963
-10.168931943957
-3.79647771074725
-81.6623402604582
188.285330437673
-67.8453280953834
260.96502055262
-38.543613128601
185.292606361735
-1.06602343145904
26.8653205992125
162.901726535156
-127.938219251832
-100.351207463473
-166.692724996029
-143.471452894341
-103.022692180168
-35.4111660521526
56.8924282055071
-196.967916426039
-43.4187675247112
-46.472720023794
-40.4151256168506
-79.9159888703634
-138.454004480064
-173.369571379966
-138.441748704929
-42.9078611176382
7.07361532647162
-140.465667868448
-108.738083895751
-168.208837635596
-80.2362917078133
-249.615841134611
-184.666028795381
41.4745152437636
-41.3699258191143
77.9950640638312
-48.6057772241009
87.6002507342104
-119.44965039366
61.1403243244983
49.3420267082738
-103.718504538922
16.2414202252021
-84.2401788180429
-37.728948283277
-171.724749209935
-68.0915317843362
-150.98011842679
163.634251691231
-68.6581651355666
68.8183063413737
95.9989399983695
-94.5640862503075
-54.9200159176853
73.1345830152782
34.4940153805646
-88.9486572075854
-174.639628486579
83.6672356391884
-235.675455204045
-11.2552684660297
59.5634141007357
142.097772839163
-7.6352985291599
-56.6173514331708
77.1610070969561
12.8947015609603
146.691075233953
-73.5332326727678
-6.76964367586527
-102.662724186233
-106.905903255564
-2.66766641317913
-242.692415796392
-23.2193905389829
-11.0993255007345
-78.9573992106854
-330.357726067481
-153.309375433555
61.6225042714248
-208.743118055121
-53.2837205777077
26.8701431223879
-161.738700704013
-51.3565605297236
-87.3173456643147
4.80804943503576
-202.831391973173
-19.728898777373
-121.564189919553
-147.613724189867
94.7775220432504
-93.2185430066524
-188.833491875883
91.3202657366168
-77.2948944648361
90.6326558357385
-14.5143333766904
136.169022491639
149.046143929922
63.323803091394
44.9830514558089
40.351865007736
171.742798697581
159.634278616979
-113.8619384699
-55.0248591901096
-191.848045568425
30.1014775031342
-86.5671902605919
93.9283743464685
-94.9153363172593
102.345911139561
8.10224360833884
48.4812302608551
-120.016566045897
7.62696345544181
-137.00423662503
55.3131829786242
-22.2752479782482
228.12549136552
-71.2661434279151
97.0977430628799
-100.940214847937
13.5467362549901
-81.9786687514639
174.380583739305
70.1147572439297
117.80232175848
197.190823317459
-119.412271571361
97.9278465202577
-70.7804810373577
187.324148509005
-53.3048129496319
-64.038750021415
-273.357279744365
99.9693497725995
6.88440353281312
135.318605338893
-138.122233144149
83.3062593495911
-11.3482868891673
-42.8948195342663
-13.0027777940283
158.309059307218
-123.463240720803
-69.5599409658657
-51.2944783006006
200.147168129151
-156.8833464915
-35.2041996454265
-113.273284219754
158.028525222682
-62.678148916303
172.587994883102
64.6260669993565
21.3190299845461
288.889435019517
118.562024881285
-60.4866994151623
-116.971794819974
37.2482573985485
-19.6768744381822
180.914395729556
22.2921892468207
-32.5626548007815
-198.903228853811
-34.5935599965258
-153.565928075029
-19.5976137245877
31.2082913988526
105.69936039215
-163.811118504577
40.6808923980099
-161.353434531104
-28.5826478710461
-279.763321576554
0.873754805551279
-22.3623265107305
18.4432597585414
-39.3000561395863
138.177950760372
-57.3618419835779
51.4657383086868
-87.59905734976
122.712017231691
26.7219181453349
-35.1989496300929
236.005278280969
-53.051824259831
109.046220736652
-41.5991410314762
77.9370019870928
-190.138320288188
237.345087786858
-176.083109786202
-4.69354839524246
-119.575950708802
328.859408772155
-76.2346545988521
176.866829344247
-318.910400009944
355.662111869963
-213.65925900176
164.610871546697
81.6583235903282
-2.60402951076314
-123.651233632516
165.670967090726
-250.530284291014
-105.200353561865
-111.221765523489
91.2742790513788
-130.529655658992
242.102631768226
-109.567108231154
63.3570840138799
129.020727005552
273.709820514635
-65.8901486296483
-202.990864669053
-240.287524299082
-175.299594625379
-145.843003341007
-7.21220983986939
76.3964652874865
-133.883012827652
-107.310180107983
22.0206143910658
-3.63176698380205
-95.8211972481132
-129.617056907441
-69.1033084692734
-32.697981252378
-123.298525041289
-99.1540008932073
-102.264962683156
-63.3397765914103
38.0508019614793
-108.148372411676
-19.2934743532302
-111.312412977168
18.0439507932709
-82.5220473046369
-213.949085602096
-176.922526499881
44.2918565416758
3.58028460667271
138.458229962861
145.132266910838
-179.134712909153
131.833104272044
92.1824057225034
119.268930877429
126.045011931588
2.9983423184953
-228.187449428344
33.3606280382041
-174.81131060812
-109.731866469966
-41.7427742319818
-25.6333028787545
-47.5580388337472
161.357827874696
-54.7370165451281
123.035895197829
-254.414356419827
-80.1780651552789
-78.1386316533496
-164.883115956034
-8.17226790693022
19.1453509732773
-86.0094667802253
58.2677602118825
65.9788765123131
61.8412614095201
-7.39104804693591
232.908967353378
36.0296617960128
28.1208377793184
-58.0324309094441
-184.895767354848
-41.5135546381482
-132.316397222442
-143.044066235259
-60.6835671869228
-174.838982463078
81.7812499999983
131.10781780502
182.408900432084
-152.224707900763
-62.1351334543425
51.1389095598438
-0.380586239821752
-70.0284477210162
47.6965955007203
-96.7394804575079
34.9634390525992
132.100178385074
288.616590191011
5.47003230924403
17.2172597743065
67.8217404315078
47.3590656486706
-87.4270623166893
-111.727690037298
88.9257776792212
48.408536149352
227.288934262767
53.5464305219477
-160.460902980513
-11.0242736601484
-54.7251231508309
-17.4297407934513
-1.6866582564359
1.2233874871565
-283.796832025732
44.1344316732312
-166.942592695178
90.9179040610712
-111.81354389297
-21.5583588844558
60.014857796878
15.8407636249205
-42.6455574928654
27.775513264914
-150.115022912451
-61.3282624917408
9.82110144304144
133.935720812776
94.3889929240076
-44.3424568986604
-129.193331276089
-150.714286698711
100.351052670853
111.642306336398
132.730003588365
-69.964675932714
-64.0525884036451
129.547807379746
152.679116614067
-20.8175085958165
207.896471859347
48.1852065215676
32.308785028907
80.4129750796095
47.1437004890694
23.3643213295386
143.993704403893
9.38195275974801
132.005928786112
119.075009838536
86.0729166276347
10.9622770271628
47.5132905684899
20.2678022457528
63.9089278874773
-21.3967264175455
33.9728570432672
202.960050239664
202.367577777301
163.57058282629
169.12994476649
58.7175120173953
112.290246311684
123.685275717455
75.2470599728129
-48.7559088668091
23.4545200475584
-26.8965156113238
-47.8455060026974
-18.6607116717799
0.419714917953733
-8.49756247509783
-42.5781148660477
-54.4844986975657
-130.288453017833
-38.2629644378932
63.1907562286868
6.29207113097717
-136.260310387441
-193.473928645809
112.355751003092
34.2942733825938
-32.3380416193402
-24.9927209753684
-178.225398590181
-83.7484469274937
-135.650128391783
74.8924564926978
-11.199180826666
-153.503567722425
-28.1054832950933
-87.9521576512131
-123.764129092839
-157.587126903329
150.487709818045
205.525069023456
289.469319389896
2.22392458018221
-79.5960526811853
-7.70752865268337
-163.211965720956
-174.110553454801
-197.025277439554
-68.599422952963
-141.86225479341
-122.547939683993
-42.5774791404192
-120.404676166925
-112.255242094242
20.6308784979862
-25.8940376082992
58.3344606025609
-147.822308982213
-80.3408706010824
-108.965631437287
-233.784458839701
-73.7027001139236
-27.5719125165021
-129.971378065394
-14.6821590121291
-47.3583235099344
-177.958286138784
-71.1854116591429
-152.520300464173
-89.7653182758464
-47.8045218176335
172.800212321704
-127.364088003677
186.014879610455
-78.3913386815243
75.7537707137037
-135.173699659901
68.3313460964254
-145.547399704497
39.0348535605827
-121.699541476865
115.254387614455
-155.711521141779
148.794072344832
-29.891033447262
155.389099581544
-59.8836048820129
227.714602929653
-105.873106187013
-110.325519554559
6.57836749952705
211.164424611998
-195.262302750144
180.523808755919
10.0706968149337
113.51104280054
-58.4767787871614
47.2151452156448
-215.873008698399
29.9903020580078
107.051453814756
90.8725593121443
-103.665290721767
89.2828674058891
-22.0689115521284
51.7627881735379
-614.689715109379
1078.73707867793
-703.894977109665
341.554599588495
-69.218222518066
394.735845921483
186.258336829391
59.2500348133439
-350.343643447814
177.420678502413
168.445005745779
11.1663238566952
-143.084626481661
189.741336585116
-129.798666345844
-2.65819193811586
-106.2456464779
-21.8888663893565
-88.0361786083426
273.726774837155
-39.5576200434207
-110.694542435238
-106.157684387106
160.365617877166
-141.06260318123
112.069161530992
-105.746099099027
-138.996519780053
-96.9419304563656
-22.9752848577414
-74.1263825036899
-104.038804903948
-86.364817540488
-216.46187894688
40.7720453078352
-8.82693482374528
-72.1050956708347
-145.200330660424
-67.126187166274
54.2177179966283
53.0063193616222
39.8420093435255
16.9819092030354
-195.818781047127
-83.7965490075458
-147.358468368403
-106.150229873486
-76.5731852514976
-59.9287220616579
-47.4623267570463
-84.3094604240963
-45.0783613309674
-33.3701374468714
-111.010718092027
182.038799147596
231.420629469685
60.8183746747264
164.87497301665
-30.4247192126375
71.0664984475725
-66.7151841283219
156.930621204627
-126.336619535651
-110.633882376576
51.5485477316075
-88.1951831923814
-122.170194872377
105.382128371867
-170.341762570336
-23.7346128523408
-72.114081137561
6.29824759052288
-36.8220154693838
-76.6131868901407
-23.9094863698035
-9.2084048411802
-2.03284400079555
133.813238372899
-75.1808802291648
-140.127512259527
-110.263533751922
65.9791744316882
-170.20784230522
106.923369689134
51.2206718341025
-235.286549624521
118.185666879891
-12.1254931770212
143.513949200839
6.19838381780876
-64.4624802802531
-80.9097736682031
73.4271197473391
-77.0955570729022
-125.601070428591
-110.151434518012
97.7510573133437
-85.1913674333738
191.100123114407
-27.8891789237778
-156.526126180269
-105.134281254212
168.382586778909
-351.839878007556
-192.841620526398
40.126631270187
88.4733577441566
-242.027720450889
94.3568336487721
-39.6499378466422
67.3461493944596
-8.64801965881692
143.896078882145
20.8029721824222
-2.91378254658994
-57.8682846243743
-95.9903598248261
195.797806629428
66.4495230818072
172.853946247359
153.285408363232
63.2084939590438
76.446750237009
-157.09636082007
36.8676333214848
-27.5330338003618
-197.077016527072
195.102874977309
61.5247588598872
-37.4502849528629
-139.031098122329
165.373996943484
-18.4699585999353
149.955574481381
-113.472855654731
171.735612294674
-190.274564008074
137.764801702172
144.502270223069
305.082035712092
-146.66176690168
95.6399556172389
-193.310251041964
-100.023157313244
86.9702454689952
46.775670478431
206.598427099634
-50.2577648260018
-16.9552276821256
-112.176790088251
139.596696422794
-74.0460647961086
205.818310775751
-154.408189336403
6.09477486879766
-137.911914851054
129.468123171147
-27.173682589769
110.85965632641
-252.381733256645
78.326317161187
-79.6546170429818
161.096357773651
-22.0968040193864
42.2145951047867
-89.1684473593053
76.5495261985924
-236.537573868183
60.8596052427513
45.5957705132411
46.6521890733244
-39.6825967381768
44.5795220980743
94.1586974584995
198.090780277997
68.775135096401
-188.75903421689
-154.654378496656
-102.518660889189
-33.0739445181718
-86.3152352689679
45.0024854246813
-52.0928770551567
-143.902384946119
-140.589159484315
-299.021816240641
-311.270890363652
123.722807293526
106.357022850968
-25.3114999754093
-44.0005462059355
-165.508114095691
-162.29793281523
-249.432085864331
110.981915726459
21.3087022593117
22.2949323050718
-55.9498042714123
-69.7084370874301
80.7844744421068
-25.3827207845796
-105.544254503878
-74.2202455687867
-56.2434685009535
94.8378138925302
-27.80893924326
-84.6101407603759
-36.8758130813042
93.6278543457248
62.808760929857
-47.121754225341
23.8580779281863
-164.523383279747
-152.031285144474
-10.9780893572305
21.5093572647559
-48.1508433380028
-261.133606043902
92.3306520237315
-132.742774256486
-25.6924036425035
118.589726758083
-133.763434262655
17.8978547834442
45.2472319357353
-163.099752635792
-48.9256171820718
-48.3392045099309
-159.387544971461
-137.14674320375
-94.4061422443782
-74.7221416892322
-64.1488047931488
119.918209314184
83.4210938235864
90.7411674519273
-137.761364793105
28.4073719216921
57.2237736758856
-128.511645358893
-39.3612002965691
-106.831836808547
-22.1700211669896
-108.011481048738
-214.148701357717
-253.253476200976
-88.3432714060347
12.2529461649973
-264.108980491315
-150.481886341576
51.2301199159515
-252.426864024517
23.3521823983394
-255.381607187373
120.020308999241
-155.191173137041
40.484703971748
15.6128517090002
-174.746746660308
-127.70775915229
-26.0652640656808
-126.789297976903
42.1045692507637
50.5235408713852
-151.936688815683
-2.17793317006817
-139.143273743539
-113.098600729932
-113.469461312363
157.730969710675
-144.765126284618
-91.3208969220034
-176.392886239366
12.2071569644366
-138.262774537514
-130.123667945268
-20.7310633615966
-164.849336954815
-69.3372024407172
-235.816168360181
76.3882234834211
144.133168162889
-96.7791401625148
-213.739530854733
-10.0292495538853
-49.7071925324796
-4.8058607671624
-17.8808152184112
-155.037955626902
-161.192320781291
-55.7551082659611
-248.98571663912
-118.759922676566
181.127239014981
20.2820234235682
53.684048581403
-5.77769542380761
-113.316806732636
-180.316419879029
-12.060627754189
-187.610934247848
8.37796525240197
146.153950829089
-267.740418593376
-170.225008054733
72.775511909667
-134.308030487556
-162.758590841299
-64.4167995675134
-101.078121945668
-54.6668703714759
-40.8707729106882
-132.301986402079
-122.909049985167
69.0304705722045
-100.776477201124
-52.2846090165945
27.7850843594803
-8.22971257177331
-115.910157841433
-34.9930501460102
51.3000235408976
-104.932942569939
-31.8957362870934
357.180132559882
116.107028739054
-7.56378979793875
99.8055724078909
159.292358315394
20.3691975232128
156.092037434852
236.385704276945
227.335061492375
-74.7004908281104
249.340812384738
260.147783637526
99.1954926954834
-57.1861443664399
212.36838193738
133.859308880678
316.314956944666
90.4324097943546
196.971657140542
120.661500113496
420.396103828251
-35.6632268884138
315.48389479876
115.018320700747
207.22854716065
-107.797820055537
223.66584729094
164.842348120206
50.9947999636496
-134.830832139131
-119.448683116699
42.1670986371234
-211.701449416293
205.39349141816
-60.6323366932392
156.885261544087
-25.9456714045054
42.8354748992487
73.6478797883853
-121.754414691914
19.5735435333427
191.400691172203
-158.623406847748
242.902069802755
-36.4375594594146
154.866477440289
178.373272083234
93.6820172543493
-29.0259510353388
36.5110168276027
7.57235754929822
-17.4971141243911
56.1364669977887
180.497595317743
-73.8884121613182
124.73421962093
102.753720028084
163.40571777815
-117.199098133875
-61.0521380059606
62.7578510489971
286.3069500747
-95.5024215073254
128.784385082625
-175.890029942452
34.2469667013103
-51.2771139456865
187.425113324288
-131.058724764954
66.7746412764015
-105.962610832431
152.483193803363
-21.1011370801515
236.477906518235
39.6153143935897
36.4403716278367
-58.6318664468588
264.240300929058
-190.201037682544
95.1274925581152
-174.860664699893
136.294708785044
-22.9036254827379
43.2437206989705
-151.736184296857
179.477918653834
-136.497854201092
126.334255878421
1.74106267934302
119.01845084627
140.452520375627
-77.462846139639
-47.1727819229228
123.323807100109
-151.544184556538
285.881443997324
-167.533409031684
75.7367504254466
21.0981460530002
-60.4745220411072
-107.311588369404
204.934170860011
-37.7537808768423
239.953259908331
-44.8565865343317
381.53402410352
-68.6767412237665
159.763690242077
-102.744026156934
-40.8515969845107
-255.24301501506
58.3484479146779
-140.46014712342
-105.390645701493
-169.633818444729
-87.7407718995537
-385.554432561685
241.92752345303
-134.591457006379
115.710708058777
36.8652860578721
341.799492548255
168.820064721892
-111.687427021179
-92.0019252843925
-325.179241452851
-117.748009381163
-228.316825107011
-208.31947597127
-45.5958294299712
18.5568383563456
158.612745662411
-47.5934352205109
-172.116966060306
-48.5093963671519
-267.314998803878
-54.4003232428415
-89.9275185493792
1.02406650470834
10.0683731654185
227.793113722657
256.147646751393
142.644944769158
-311.431874755477
-170.83851838639
-303.854482152544
92.2405269643178
-1.90900584594438
257.770186397154
231.301093359522
157.240444031579
-26.5261149153374
-131.22845438689
-183.18687173364
-260.017940108155
45.349427526387
72.2214204186666
137.805246581033
-112.586209135901
-217.365397490305
-265.62307551709
43.6470661112324
-142.097555203749
227.982787570806
19.4807777205614
109.417659710106
79.6688009860854
-217.570488497633
-171.636314281648
-73.5957341341347
148.475507561493
222.367242297124
40.6858247325903
87.9592260862486
-121.370444028976
-246.531680067022
-85.6874309037855
223.769339391126
193.057644678951
125.830059310546
-113.839355507756
174.145313284934
-41.771647164486
117.334162368537
95.0808333488663
343.373347759985
11.8417499518822
50.8373800436363
-166.931973723475
-75.7260597672572
-79.7950121364897
216.411418273119
47.8196540187142
-52.0446637028521
-150.691177162585
213.03279858968
-112.607958111234
17.3843560415704
92.949372660451
240.101214943832
-85.1629941837539
116.780624439856
-36.9354411026777
152.634478478771
45.3786177451715
-67.6464423257604
-85.8411444037544
-207.168472863947
-209.175640889821
178.968198841154
112.685176244679
242.780605824041
2.20742418031135
-135.882263490253
206.761462347143
-139.118869362415
-45.0891793210719
-223.152073339426
-48.5367681981153
-52.829485194901
297.543081489556
-90.7594198096842
60.7060001969688
-127.488568000402
65.668586496468
4.29857338264149
100.884791970332
-207.854432545772
171.081870104358
-53.1145095131189
141.408832912869
-63.4309386387296
-73.2231233789677
64.3137103498507
208.378432860344
23.1742409923527
324.805273015305
-157.319352030754
160.581040436422
120.565603964596
123.435892641699
179.185160633128
-2.83207143774169
-2.97404038952871
-370.635625108966
129.71038973775
11.648496054169
232.370955346831
-172.809790654283
78.6129819718554
-44.0107402018501
256.626918558271
-33.8091041759519
155.341553693853
-257.171330987668
11.2669852189793
-48.601259567829
166.958073536456
-6.39863804207977
-160.751877202291
36.858016431273
61.596503843737
-308.813101665328
414.172334345795
70.2226596751
45.4112237624078
-11.86587458592
209.645931185625
36.2835267621463
-122.083743072403
-6.67820714790151
-197.636703181237
-18.0423380109139
356.501259495555
275.517205730366
12.3918343211692
-49.6065187128671
27.5972631653165
-146.803325050851
2.48909987689989
62.0369227718596
26.770671443185
-27.74958041684
127.65956287965
95.0023765191144
-67.253737424697
82.5952381793777
26.2239652396644
101.876138780962
-86.4002486597937
48.362237650476
-59.642720998347
137.091550978801
413.957396376964
240.941558771879
-6.40473896555578
139.162015611029
50.9123694144347
178.999993923253
210.745178016581
8.6415302426029
330.153792646101
-227.199177882491
48.3835952908907
88.0327960644674
-215.032066965156
378.536229037773
149.71693415827
289.55125723514
-416.778452796761
-311.11874200498
599.934257747586
-3.76834772382895
-259.85071332142
-296.504853356369
-94.3917183349027
-294.8668958838
-10.3351357028424
109.505964855067
122.181682041873
-183.290212157147
81.7611947824387
-51.3390352708483
205.784314415674
-107.928587279114
88.9819943499059
-185.258410106606
-12.4621190411672
-0.470066006711395
-36.6412798533032
236.982543931588
91.1794369510276
-109.869559504963
-435.439280990446
63.5772315076544
299.657658625735
166.392720723263
56.110960678476
82.5330707976175
20.6157666621985
-22.7752378790121
99.9407951145051
364.56461655174
123.544311123608
-22.0308379640294
84.8664536275899
-33.368639786772
-5.49293302219922
154.258599672309
106.936517335686
107.964177919725
114.26053561362
193.592320464272
175.313419794037
255.033745023516
114.896977998525
46.8755808969468
-169.545624348931
110.649667270527
49.2884681054544
91.1940678839311
151.83407980281
16.7741212198284
53.9663147843706
-554.675735444694
-26.6829380156778
-2.11190884754234
191.23671348458
-138.240677701515
-148.63388488597
-139.427423761601
-294.179667455489
-366.535283251334
434.433529926141
36.2496672957814
-38.1374223587304
-256.998278692022
8.70660086108273
62.7140008977584
15.330183893887
-236.796530902676
-105.33261798365
51.3425184066007
108.955426758632
64.3383919859135
129.389070016691
-130.384724154463
250.018716951043
-205.457564988292
-16.2398674727873
164.074844814772
-108.384620996218
-3.21457702686078
147.417265546139
231.300665541298
158.094618118922
189.224919187081
166.62659552988
106.508948365518
-69.0160455680769
244.701401956919
-67.1255541404135
185.0248208937
156.28230593954
109.577078505468
292.618832180975
64.9906085563352
137.23613673641
-57.7291418522687
-134.63883594479
272.351623813771
-33.3054572086415
188.182695406046
67.613847478886
40.4165286223291
175.521934678401
-45.0198717647166
111.578805223238
266.348617125664
126.050912589406
267.770327395302
-87.4171446779554
-220.405457222918
98.8535954113345
48.91432213991
250.564242801768
-4.60540774100009
233.815081948076
-20.0035149062318
-173.138580803498
-36.5266630669329
-104.541668594042
-336.485165694915
375.898622578766
124.111719766338
6.42662682294122
-115.510477425934
25.2095526090729
-126.014347609014
-210.376243113626
168.627865327479
-102.058659768381
45.736491616968
34.4071330629128
-178.325682132488
9.63689620649666
-95.9119743028379
80.9076259099416
53.0294647904458
157.695333581043
207.065306287555
-2.31800008817697
-258.039449398164
-158.920773375752
-6.78193355523172
-9.69436154201126
344.431022146408
-178.178614904789
-261.70529980492
-212.197981079132
-395.286033682546
-45.9629625505445
-103.993570347261
307.835668098593
52.8163383685592
-130.225290810652
273.219615817842
-95.9844654193401
-364.329033324179
-251.592231178681
-343.675507391479
-109.836375965873
-39.5264093831385
-111.413050543536
27.9977542445034
295.657418909871
-51.2339894640399
-21.0476356088883
153.579799994549
78.3029619717474
88.3937471237307
165.865223543861
-180.55338041268
-175.014183674349
12.8837811696427
-440.347064560042
-343.030946498006
-144.979999950085
-301.422805132725
-76.4814468908337
-119.390701166801
-130.559729344478
283.52298117215
-265.781080300084
-41.2889298618294
180.39304907463
-132.180820172235
156.571673160869
252.693004254664
-192.852540150652
438.836563895868
280.354935136161
1.51305657820415
641.51710309918
84.8136397908359
-240.521062722149
527.120417201388
-37.531185917571
139.659644508082
325.465813442998
-138.54392793767
-26.9711687217089
205.046007939053
-346.362323685039
0.940489608184855
-49.580638341144
-252.569661208971
-177.651368431684
24.5634548089602
-623.386263231658
133.006086365273
-177.435745327035
-224.432066928113
28.5235580131683
-66.5836402138298
-94.8672555857074
322.638089681036
-46.1010965405899
395.646227110943
294.605255589256
245.987728883206
227.621311150869
223.386836711507
192.553580983581
308.266378674465
-11.9987647070623
77.9292921302109
22.8960118313912
221.82582310682
-251.368626702928
-55.8840253484325
295.286996652772
-38.3975733006615
-174.236098245943
207.642317570916
-68.239133001641
-95.4794793549502
76.4569479517326
105.49805824371
-143.431657103486
-133.316527205259
204.212124750392
-17.7589251076229
84.4082830471019
49.2396170041584
-49.912947568456
52.179183442539
149.473479890007
-54.3177631918174
135.413594010417
-83.2468061499562
-125.509073439462
-18.7676005810136
163.058515970739
-148.074921136088
85.5216559786704
101.593713386521
-110.341783985568
-168.055128122544
48.8690896603117
-21.8002070657065
-113.429097129658
-65.2838814942444
-36.9675257177338
-487.610188214854
-113.758104834716
38.2563250666957
-130.166572785974
-174.383936772717
-91.8185111467998
31.8531412794857
-80.7942673378132
185.741569523093
8.91677149492281
-62.9027937540426
-39.5660071551562
0.331154768197276
126.372312786137
-63.8531358462669
68.3289906818459
130.720059269862
-197.343242105378
-100.317842815704
101.397959827497
73.9281934507091
54.0747873074689
12.3233610065362
81.7736914477253
-21.6240456104523
-181.298996260047
-182.809273426045
259.610293363024
0.706192645309059
-345.628193970333
-27.6573684815993
203.495675095516
-112.996563046225
73.459528450244
413.920071779913
-247.432722547862
-27.0155990523146
354.286459646532
-28.1901620804905
0.750336894415526
419.945964275115
-122.511383920477
-177.622326346353
386.232399767956
-61.6004517268864
70.9002504721816
321.906962813539
73.2761045021325
-193.782703922923
476.573162474579
48.4252587791247
-128.12688658263
207.144406831571
268.52431515362
-134.685743470768
7.13315955695071
218.008902610816
-154.997358346405
-270.672285058013
82.7846225464482
-288.292574913844
-73.7511655674288
92.051713517826
59.767908930534
263.492454268545
-5.87839604756798
141.08218995466
348.679868560225
95.050367316032
91.0710809695719
286.067767451776
256.640802817132
-148.444105319508
423.377827409019
62.4899502703617
137.873957848598
393.596647021956
402.785388664809
-93.6156727937718
256.695961951166
160.389704854924
-195.702502479044
114.550989285419
251.03914395641
-218.896277113966
-22.9649170305839
262.128013942273
-238.845178784071
-371.716318872109
-97.6736216445589
-468.702493732972
-165.526319673985
-124.311075321505
-401.861781236586
-243.106653629715
-173.068106032111
-242.634095303684
-171.992637811876
1.33340886699525
-623.386986776973
-462.526031458029
-97.5653328593741
-486.233615342654
-258.531137629784
-147.070253349589
-155.995393961327
-282.132279610269
-96.6285496743317
-106.920954888672
187.377688299489
-115.049230225223
69.8346133786987
109.429360706607
-16.6260585675071
332.502088952318
204.444260918199
116.039284562529
362.811308446332
-62.5140762607757
144.81825610828
-19.2986074962422
-243.546247645047
-5.24211038612254
64.5212251963811
-206.31007119916
-147.45067201493
-116.94834265099
-260.706179884093
-0.860627387061587
24.188476620415
-179.365281141759
150.055696442055
233.346335633982
-443.181743189426
57.6912309236609
786.60950123632
-206.481885090165
-68.4095909127115
124.926529149475
33.1878484774049
-405.690174515519
-231.947652201772
-95.4403656679057
-373.403785250913
-357.233789731151
25.2118171816965
203.137546160093
242.694223217803
541.301940801345
91.7852592617212
-192.295314223193
264.768820731264
401.895404666953
-246.212763991113
126.212153991124
226.922429691683
53.3329264007029
110.940261789631
265.041447096416
68.7523022712854
-140.354476855672
36.1147951399778
-300.769186760404
-580.276712493893
-244.038312434113
203.263006633484
-168.930400259646
20.7036003275953
166.32697370066
