110.355018864656
-134.919354448844
104.927914729322
-184.855202499241
265.539059020133
46.0797263616725
93.9994349553364
-43.481338194302
12.6767036433779
-176.318605855476
138.791120872767
-63.5939777718517
-115.919687445568
76.4744398916461
51.1269815803607
-82.1983026629188
-102.61052485701
148.498746722193
68.5282737621259
-48.9930881863728
-17.1111347733765
-105.544051414996
62.7649827322585
-8.09452495650796
95.4767190365612
-80.1505132427287
77.5243220391442
-22.3028590059893
30.8885268454354
-87.9508954273528
12.2295404087173
-13.3019277274367
35.0071640032795
-98.7248074663275
-23.5897463532943
-257.863106850722
-15.2683823534678
-50.2721670259609
139.897659340774
-111.047256519187
243.113424299415
-14.6065424713308
117.367348826344
0.106309623012045
72.4341033446414
-139.99391703335
-106.381987757718
91.9345353161151
204.256888748267
-118.021274733216
203.490604517243
-16.4260051880652
89.4901652747782
-21.0727843126106
52.2379867063791
27.6380232962748
173.839176184033
-103.662320089842
51.9503641646395
-138.362758731536
254.066095981117
-91.06071890486
225.78688656367
-70.7788492271463
-48.2470110138877
55.5412099161352
48.4149702527923
-155.83980108711
144.766651697703
-149.255688609894
75.6954654674706
-133.44259881445
171.148020590518
-4.72432777195094
13.9015881038494
-61.9840155819544
101.347177501202
146.57636199564
175.983239226667
-32.1195922568695
175.811417608745
-168.998059110367
188.927304101079
66.7473761850872
44.9080890898038
-153.958273053471
219.449235658885
-111.621768805623
205.742573723264
-97.213096650555
142.611895640305
1.55700799726286
170.683460108821
-20.3546473503574
110.132381204877
-5.19832288585102
117.388075585316
-106.099719573871
173.606114410311
-123.254147744987
82.2310018111707
-43.9814883475843
161.113520329181
-66.5435136793915
149.864331679275
-90.5206829951241
-35.8539346069411
132.863583460653
85.636763053306
-206.136032583838
108.207890413386
-100.739911292331
125.749693592057
-49.5304123720328
194.765521058502
-49.688282534998
148.028091973133
-137.659326836123
115.185045786532
-99.3440838719063
76.8562923238287
-90.6331148861264
154.339103920096
-15.8542799762471
12.1791002015036
-155.149337462428
35.473025737693
50.3255561418464
-27.053592598113
-39.0923862616882
228.630682591756
-4.69595882066571
173.316716432877
-174.115681883781
34.6988559700611
48.1656179782695
-71.1906698417155
82.6455331035525
62.1964907369701
3.36196888197205
52.5377305844118
-160.819902262893
114.779523518525
-11.4570059932594
204.454325948568
1.70614463655635
61.0055772084268
5.04070176512863
142.155141980296
-106.66593057812
-2.54222939523548
-59.7927161852486
144.014734563903
-58.8351698681733
98.491517751968
-100.210169862406
73.1638855715713
-62.9757136667564
-13.8183163588749
-50.6279119238339
272.033456760957
-51.4719784009985
162.82961917072
-78.4273219149429
120.997419033496
-68.8395896089651
239.340274999944
185.70771157037
40.4642609190058
5.41082141928302
161.855887049181
-21.2928778304047
174.704932663525
-150.748612467959
51.9957049746763
-26.4531410052478
69.5261980840741
25.5359794516799
98.7987241457424
3.12991556070173
261.334537330553
-94.3756298694812
49.3862974640661
23.5466737012695
47.6049061198442
-12.9254754657707
155.130067018857
4.43466835968576
0.371090642214554
-221.104783252669
131.592643019414
-96.8780639733462
-1.8998484165529
1.76521202112109
126.709487190777
-52.4208429596415
49.0361149517884
177.214485843774
161.549448642761
-182.217862777534
55.8055490596026
-5.3150535151336
165.240581505936
-17.6383300505816
105.467408494197
-37.0026159774799
189.903579694194
-51.5474008067118
38.6865494137387
-17.4788437250876
113.969066601612
-96.8843150492764
181.127751299707
31.0870321214948
130.221917416895
-235.481679425322
129.087381825702
118.829829721279
134.446913549852
-55.7122072353282
180.649173184062
-94.2557545684639
121.023432325709
19.50051681948
46.5073553256746
-32.6564481037466
176.755857683344
239.199664701444
183.457493008235
-40.416107267514
29.7413247453929
-21.907979421718
40.573811813404
-132.438782232449
182.352302133109
-225.448990614425
60.1383142793201
7.53742437033037
8.9782171494864
-92.8534810833704
156.288941563037
-36.5437695730456
31.717079500722
35.6998339875963
60.4263873856499
-1.9037024934661
126.178782780162
-50.4636065848536
82.2885455292624
19.2878149613187
283.373974685819
-103.70571376951
222.184125482226
35.4392915110585
121.675770149289
39.4232510074896
-7.9158938418272
193.58585707137
64.4149557149605
-93.7355076066982
-10.9709881376694
-127.55994874799
128.34972546121
-137.666330732462
166.939309571297
-111.663834750473
51.1203232645721
107.549466369431
64.423228095
-89.5880566594817
91.9059460461986
-113.875390101441
104.013763877082
-36.0167504927065
80.6777114615944
-41.6906597699535
212.647589671256
-21.7521209071147
104.00615535198
-74.3019623227388
157.559249800342
-161.1985632506
127.726127796955
-101.33812309661
59.6302446466521
-37.7704971266557
35.1187562806356
232.508592322667
69.8942850888589
-161.72277000209
61.119927825489
-50.1612403885807
33.1796467383442
-62.8818668166707
163.427683965145
-64.0935581636575
56.4530707809566
-133.984499873726
49.5653877269502
10.5560170070125
158.959995205021
-70.6051162479507
205.259000403829
-111.1376141818
212.817659155717
4.25459975011161
35.3105090444882
-132.362748540744
223.881638346002
-223.249080919528
90.004146932027
-147.491955408548
110.945178870022
-119.84499055143
131.259568483548
-69.5174660351986
-42.4110113195053
129.694333658406
104.711337402448
-109.362718240541
116.520301519103
-132.670489189915
122.088528087028
-147.927536199401
15.4792983887166
-139.496656032213
16.6550621477061
-99.0169472121641
186.805407138716
-34.3843476096266
72.937756878642
0.94577875551775
113.522660109798
23.638070995988
101.625848553833
32.3946215196791
-42.5988984891379
-53.3338928510309
188.810559714279
-87.3080158529577
78.9176247369663
-63.8991566377538
142.909347755714
-122.998838995989
36.3487051320985
15.5870725260533
60.3363342634789
164.877755031454
-40.5413047398611
-12.910276477732
89.9406335222786
-107.512902850936
52.1812585164365
-190.628829250766
127.990283511658
12.6584560737667
128.620445631066
-114.006938151382
29.0934190262615
-90.0328766521221
143.888613643857
-47.1660318540263
26.3499334846002
-124.642007167875
122.483653171249
-145.047757264239
2.89834095726448
-36.2870869682272
109.524507424265
9.7101171681126
161.039545748158
-25.4664901969402
42.9841955429622
45.9278158554396
-7.58723204736421
-16.9226570483183
73.5097963641086
214.322863160637
-118.103001802953
-80.0691548547116
137.550511893997
51.668974359171
200.009422057702
-88.3270425518741
86.6416466601415
-6.8141857112091
129.270673664181
-74.7206211402372
81.8563719447383
-65.6412585345483
126.409807757431
8.2281592009137
86.402986765752
-190.485629282469
72.3637937556143
-47.7808268565632
106.649697023845
-148.059341154673
164.541096366605
-161.951429778041
64.0424338388422
-100.281007728085
210.758999525069
29.8459161068425
31.2207902388176
18.2250129421822
46.7112598856775
70.5434413889749
110.83022741279
-46.3112534018138
93.9961648142142
-47.7745575911587
-80.1943457401889
-126.189578972566
61.6999606972812
-87.4310949929506
211.201796736493
-42.6036175602696
97.3001488084471
-8.03233174340141
255.595453683345
-149.448036783215
143.828124434758
-50.7074143431495
103.078411378617
-225.274768941393
214.487494368903
-70.691104096188
99.8625210117736
-189.668345324982
179.889151490973
-76.3621362847606
72.5803476630873
-175.632438288413
172.400113512769
-69.91122536961
60.3051640271418
-54.0478377172076
140.712757112078
-166.874115114634
-27.1796517278529
-151.895765387797
-173.742438913888
-178.10969238556
5.58136962810882
8.90298943939514
-32.9370554366713
-37.4514480258029
-120.232536480952
-73.8001370828984
-6.73827804773958
-193.71947525861
42.0697022711094
-215.978472925647
-101.352292004619
-107.927369431023
-7.73734823004892
-93.6187786362791
-59.9089062472229
11.9275829896648
-147.038109541945
-105.723322383212
-28.3124436733423
-134.294374562507
-59.2505330760443
-81.3298983539255
-20.5590226487822
155.979539248508
240.196672658248
-186.67237168582
53.9252858507525
-113.894070651475
94.1729273804836
-82.62618208029
102.458332362811
-108.385302948619
256.728141166398
-93.8610929759814
39.1083497183123
15.4927068002252
83.9641161499899
-133.693038519821
18.4769399402848
-117.651024475104
23.8588108535927
-36.5854206124573
236.953134588428
-185.83521747839
176.975713554655
-919.566028906496
584.02961137327
-117.764018115927
703.060256249673
-676.271521401782
-178.610313482074
424.079143856515
-153.874533222984
128.277575181673
38.6573036161834
-557.287447080626
453.94902456845
-556.979815459054
316.294153482594
-196.585482119098
35.3277219756416
307.845810919837
-209.647608739315
15.4245445676901
168.947068754195
-269.608259661292
459.361925599395
-376.670457102977
168.421110645377
95.5009381817359
-114.856639216575
-54.0728619444886
186.327916021522
-98.0787856162921
400.099420339867
-188.065713176912
124.061696804413
116.075628986196
-29.7438951361336
52.4808810760773
109.892462568057
-37.8476530330811
78.43394078156
106.61959420997
21.6960653125788
-336.104909709791
-95.4870528587582
45.5814916434167
6.24681164712736
-65.7493930452183
-88.8560141854286
-95.5882513129483
12.1236331893617
14.9453572563878
127.269017256157
-85.3503939947638
-113.494551362236
101.756032852521
194.467354696057
-148.530679911444
10.4956990434244
-111.855137794942
23.2700229520457
-53.374008304377
43.3413449957781
2.76710327025598
87.0803191618725
-140.3378969522
60.8254370728912
-77.2135366041426
9.05027287607963
-26.9447368862759
90.417805020426
184.871071981185
-56.7215858966051
-96.3047903574077
93.9601876527461
-142.351166622826
120.461594062609
-141.906756751027
24.1795480080657
-14.2732612152889
53.8496628037749
-55.7012079752306
58.0022578112467
8.6848133554371
65.5899748613699
-126.867510520564
19.741825232298
-179.04114850116
-125.953271313729
74.8096089459291
-29.8671075477871
-20.4179418400352
30.0073262868474
43.5332206865273
92.1993281456912
-30.0010399696856
83.2772481188223
-70.3057567149055
4.3818309201406
-62.3909605869183
48.7236543721128
150.109930160133
-3.78785981804882
140.562049676324
-1.09597620628134
75.146844509511
81.6678837480164
168.295989561411
104.465896677266
172.381302911785
-69.4186287431175
72.9174851531487
52.9911749687016
-10.0977794651264
15.4477155761901
170.471167466169
75.5940021319581
40.0624799988758
-55.972890369649
141.698989293207
-9.38708830214325
15.8229062960902
61.0798066500818
-23.3825726340115
76.40838730981
121.418499866908
-1.83359235286619
126.797803899362
42.6539583240211
129.434193597029
175.593927354881
34.3414701296073
71.9078620722364
-162.649682786693
23.309145357988
-110.418697683108
61.6945828671583
28.2401242297282
281.839602305405
141.140251784625
50.3434198215637
-86.4932928368986
173.015060524647
110.159517814112
140.917010411604
-187.468265546742
163.875049891248
-49.0400146303835
116.095399382514
53.8155210024674
-6.83762315259685
86.9883605408013
225.171390948808
-68.0466556153961
194.606152742858
-26.5609503037821
177.968991041009
-20.7707474285682
73.8735619257096
-113.395340501003
87.9138494497858
194.366968950014
11.4637290415315
-26.7979933240653
55.4980005066757
-1.89190927855753
79.0257192843079
-117.452202534728
84.4851677029822
-125.956104579278
35.8149880219793
-100.445652898588
128.57844717573
-46.3832867645839
111.75234809476
-98.1834336978267
191.058002554179
-82.1458522122986
48.6682652206034
-74.4541954995308
53.6131332302896
22.8093052034045
142.426619082152
-41.750563579459
150.71826746081
-60.2124139347252
130.772443241411
-130.02595060961
8.22137664594864
-26.2130030370832
86.3910970866043
176.029961049817
119.081140211952
-161.253466434516
75.0498175568527
-25.5255700674049
94.4530286301413
-131.229498532903
65.9050782116665
11.8796400054802
125.647084764701
-98.7124751813487
20.1981809256944
35.4048225107736
92.1177238620749
-76.5319759793513
8.07017837107925
-78.6240277227255
153.483330232964
-34.3257099434072
310.839325964342
-107.861591373964
73.6547907109889
14.2484262364535
43.9364493120272
-90.2509369657256
161.066665049466
-130.636550440549
88.6364935025966
-5.33931636730364
-173.9970072479
246.625422771314
131.43992346968
-87.3652617773937
120.744336758458
-135.51953208191
10.0269029946267
-89.6996591286495
-57.3876166248198
-55.1500743441952
56.2001237501526
-61.4597444403076
-82.5906808519174
-210.544764180852
83.2721592757416
1.25773722508008
-48.6555790716313
90.7208306583842
32.6111239068711
-21.9150207944101
62.3905942925841
-85.0278576577772
53.5082248161132
86.1880861436262
200.625311137135
-67.1370479689905
61.9044737853512
28.7358040148912
42.8212912500113
-38.5162425764638
-64.7802986761125
39.841062281325
150.778461462539
85.7964700258552
-65.1290643082481
195.827315490222
-77.7220013857354
253.124641919108
44.1492120246427
144.526162297935
113.471373239339
122.642908475048
142.725176049241
80.398434786301
47.1167353656478
149.067124199422
77.0080417366002
263.837193658283
198.137905889502
177.220908100167
-111.361667198276
145.353899402685
129.862972984516
176.059689447255
97.3346321604792
67.0506668282618
84.7105403190094
-27.7322441226743
-42.3831991462572
232.34919868383
94.6663747114069
108.302180957986
146.741576418178
135.590411248079
186.931525551492
144.422028665219
195.41888795272
73.7586118302737
-61.2112378963093
-5.55078625885103
262.994414772168
255.752547734476
138.791737006909
154.443901102697
105.072531895634
131.106975091108
47.4617393935047
105.101451948751
100.456435834877
140.019375453757
25.1876110639139
205.87314527375
104.699877454446
15.778856172061
15.2368970993074
133.562004925128
-108.251527779886
70.1740850816486
-60.4973820142404
-6.77072192559233
-77.7630493679035
89.8143538445939
69.8820874160245
165.370960662365
-56.8317690175395
165.521962860254
87.4482232856762
108.676212148792
130.218285627605
130.931953784625
-35.6303530816553
56.7933333999288
-45.9308781123922
210.18325056687
-40.9687686533474
149.779364480656
36.1334270271164
157.831312113362
-29.7324043419907
55.4269412583224
73.4865044828911
111.192367587103
22.4954532810843
98.9701506586305
-174.929379946843
74.0680089944794
-124.654110021061
146.54661093441
26.9682285962821
117.980182992832
14.1736731003845
250.2500528362
62.9637547982283
-168.119007089097
53.0494698014323
-74.4955745139004
51.5585855013504
-170.869876623268
116.874625348212
-100.89691915322
-19.4904243412908
16.5400334376501
126.002460100387
-141.963071454035
26.7679583734637
-64.6072509001511
104.354147406109
10.3043864512123
116.2937466624
-174.894514894162
109.694694287184
-85.8726162938031
-27.8165860557572
-48.7455109230891
163.570238436647
-16.2182354705694
165.309740320319
-156.873806527659
101.280722742029
36.6211484010017
164.158104785387
228.797047784102
62.3647811984699
34.1385400865684
-29.5643511280444
-101.704255459349
15.0274660113085
-55.259870582449
148.093886875411
-78.4420565124482
90.3471853767861
-139.086086646838
48.9853366045664
-88.489837918468
18.1744011937412
-55.5234023680207
82.1804144262045
31.2600790327422
-98.4120103539727
-75.3200197876465
22.4581321203836
-103.034401880832
41.2402783464901
42.0261878670487
36.4653171059376
-58.4366996515655
-80.781927395883
41.432836237897
9.04494485438714
7.6766556933871
-1.15485169426584
187.870699053045
196.961252470428
176.40070931163
72.61965498988
105.319507337579
140.697007032043
66.8815369194192
66.0207860447503
192.587242038698
158.057946067393
35.1392204362125
99.611304057043
148.198605795208
106.951463893018
82.178060577761
56.7086124936261
33.3497310023775
15.0690584853279
57.0648661128302
74.1223512626637
-4.39972716574024
152.453877379486
-20.0143865746529
111.726768979672
-137.335732175948
-15.5861933312563
67.326358623534
76.481478840704
-33.8508865796013
6.82121517121088
159.988295711376
178.103882822087
-59.8082816201979
42.1833526529216
-201.828747105597
-46.0554733832031
-85.0340658185613
-5.48658371814432
-148.88592195869
129.516199025666
10.0484843674245
78.4798273483074
62.082428766385
21.0969541371494
-142.565312015236
146.258294670107
-129.62094262761
4.79156950833475
-169.644272182305
-50.8958009759185
-75.1284482588648
115.733876352327
-155.994972920063
44.1925463217802
-99.7329024461818
59.9255574712685
-80.5547112094097
66.6189190614925
-47.5049363923585
-19.5587917797809
189.308286376297
109.190071517545
-123.814801613511
105.572549009037
-302.18822088753
77.4726734862012
50.9503442459933
101.640691307653
-106.54520843498
-67.3838929595954
56.8072835950756
73.033439535056
-22.8234471483959
-8.01999802740499
-108.790016732686
190.959694160455
-92.9933362865846
203.080032955017
-43.067979713392
158.424985792592
-240.157166920298
156.304844842622
-78.1522793471159
128.060104402618
-2.33614419324558
88.4142310743797
25.8910087463175
130.299286870772
-138.977670929641
18.5794103885692
57.0808326767982
124.195592310983
-25.238680439955
-95.3381063918858
-163.236462657844
-63.5535382303507
-11.6159195203379
-113.501133787768
2.21406537366633
49.8280253393802
-17.7342071261631
-50.6879981320482
-79.8694315870526
37.9236167976496
-41.2024307814245
-105.525198480482
-51.9334656932357
-123.149317524947
16.5873923701867
-223.02381845709
31.468593085775
-100.815046327635
-126.088462438751
-57.9152890749175
-208.377102672795
18.2563262731393
-18.2384221406426
-182.955204129559
-32.7379506342123
40.6708104787155
263.078683826441
99.6263065209811
-30.3757308922264
-29.4044606627335
245.979100153277
137.123620127197
50.038605463723
102.601854939468
109.813155100837
-7.81916670730751
10.2373599476097
88.6835159569171
210.586562890345
87.4007385957475
-29.2371573745693
-151.604118289619
20.5332112912335
236.117481308641
198.309068707915
-9.43361332474022
130.472501246576
79.7186342055836
48.1302139857246
164.843240887121
92.1834334766707
115.457468342316
176.332490974427
43.9418763976036
120.185561223298
7.40974365115864
148.734390618125
-80.3479227202974
3.03576437311006
-199.862188156717
13.9415563794161
-139.859609354407
-69.5721223489459
-209.381600709149
119.927954221859
-146.477464523956
-7.3488712900415
-125.783483011544
-16.2865939408442
64.7894578302329
227.714839471731
29.0756704587539
62.3262880015428
-221.103651401614
-40.8606457742202
-90.1073811084786
36.6145160169006
-179.176373237997
124.088538366438
-71.4134749392465
175.730008645631
-197.288760867722
112.495831221317
-82.1338004267805
178.690281526726
-26.5790194030059
-78.0540023678501
90.5731134938097
131.049024931705
-70.5223937837316
113.935187721378
119.537237651394
269.148869883042
-15.9294617420376
59.5851416151813
118.645563170812
-27.4467194510335
146.095587792475
42.0821440075902
-41.2726442433579
175.20627364359
57.1492446641343
213.004814194464
7.28055802778956
68.2993519810434
38.5273935859865
24.0211600694119
-12.9652452626197
2.2989309539343
28.9395064048978
116.266653619324
68.4950442219107
125.67931022797
86.9201884381151
127.570672996865
116.532787399865
217.835489393509
137.183398787661
68.0736328976831
106.941493166299
132.217827330888
-12.320892662409
-17.3828263464488
136.96080767229
-108.796707415584
-1.97120318207006
-110.757253534392
200.807056034607
14.1368325957793
-15.9431323376557
-83.6844746462749
79.7382600264447
-7.16864172744364
10.3724692110388
48.9111911815242
95.2722284189619
48.3515184625917
151.2496943804
-172.720086063075
9.10077823229066
-41.4378845286512
15.1652575064168
96.2449665044348
-41.9524562209511
-77.9026574254486
-3.93368433071335
100.696169207405
31.1228962457424
-64.430263647943
7.67822164451856
106.745908413671
43.1421965523013
154.551201581197
-78.3861774139232
146.469846382929
46.4594417977204
12.6484435033098
22.7972503836538
84.9441693041848
-9.56093723981093
127.931339760909
97.3320303949271
198.571405374692
48.518881599328
17.7368674914405
-90.3909426853267
19.6415373053198
27.2925746995477
180.741256541092
29.6178207910293
160.372111616391
73.2736968888886
165.546123070495
-21.3569437410008
35.8123833755207
105.518288870693
219.730552151975
19.2624919156966
-113.71055382571
12.7485795063732
94.5967368842325
-10.1172912991555
22.1115396463795
-20.3561759400689
-6.59826996824368
-41.9359140507358
57.7209128546433
-8.69125577308017
-140.512024454997
18.024897226369
39.1634133111333
69.7111917567377
-37.7145602239189
72.479082560333
74.7588121881198
131.811341525366
32.5382580496453
21.6058592614275
124.781821451362
4.91490118515442
-62.3271028281668
104.801175615937
24.8626070425504
5.44768716971121
-183.392498649574
-94.5781689632091
44.4680425507992
104.971405623053
33.8147510526846
-189.250143146436
-91.6103181406444
-90.3509540610924
-118.453223667449
-35.5123632498913
-42.3686426207712
20.7583006681084
-132.009984272938
-132.078068933529
34.0336381704848
-106.491716548615
-42.9330876879141
-85.7922534677866
-12.5008361770025
-77.9463187922492
-106.240018415624
-121.068987024579
-73.8677871204712
-136.982944774133
-47.6801295260727
-146.349244507971
180.928033651934
-146.101696942861
97.6021934209766
-39.7050040709487
-76.3153832297207
-12.1137245287158
54.4557202611766
237.309136033053
2.53805989911504
-112.394470346372
31.9588078917879
-48.6008600391645
166.043856253097
-17.7870121430946
47.1550767499439
37.5603629303817
132.41250122513
-90.6408865639445
83.1722043344801
-73.0608836589004
76.305616737466
-14.8734735394892
95.6947384248837
-39.2961859927888
69.4871041625826
-270.130520384768
72.2642915834659
-106.729023009028
116.819804981342
-64.7865639753884
129.260385003514
4.12104572701178
127.653563167263
-145.699631687953
-0.106633216047818
53.1011821534945
118.827505226795
201.549722901029
88.2577822658383
192.877940344923
86.9773015490937
123.128397672199
160.657764656725
32.4472501821982
63.6988559350278
27.2142815800191
196.512525372171
63.8762375505178
145.632604722695
96.4939204476906
122.820676982911
186.927288962826
117.036552895715
62.2642390444788
242.876066421876
112.077571661784
92.4688461835092
-71.9132986067021
40.8864366549726
128.343865270393
31.8106678733344
177.768318036709
40.7483747138009
155.455973110879
148.532192032718
124.507751125757
100.282226724276
77.8893491733085
-55.5248910838299
122.671431725885
-124.487104770491
67.9671263585635
-118.579993414932
-47.3115404112134
63.6900289698673
85.3361391933887
-133.178099403619
-45.3472153699396
-39.4224662783447
87.4455208363265
-108.416677760974
90.7742579828223
-110.317730059713
185.728550453251
-103.867125089751
41.7243457890233
-111.659765603093
56.3105050380044
-133.097303509257
109.856397224987
-49.7640768192919
118.67330948009
11.7616522102896
-42.3610619858173
35.1681134232741
33.1235170487164
87.1133080696555
97.1223294261587
203.435139114072
-5.90014267108442
150.004004459205
-81.8266110094715
73.4456942631392
-137.248391488791
84.6632622809644
-79.5070268579743
92.857190498827
-83.7062299058587
-111.101629376478
-165.665391318652
81.1754334783884
-300.029945481519
420.53426569706
-172.038602119669
42.5617732345589
-159.233375652084
227.457133701219
29.8398225968223
157.131383648251
-7.93599850981607
97.400338069859
-14.6046739384547
69.5146339689792
0.164171007090957
85.5596056973777
-34.6999429704387
-100.377678589314
6.53979339286691
-80.5563503097302
17.2022723632652
-50.1930314863259
175.207927115294
-136.003768051882
112.238138804679
-105.718761368661
98.1750596380832
-113.483257856385
-2.84604517494932
-65.2543989763517
58.847889411079
-87.6881548994251
-133.789213343751
-56.224173149761
306.52928667933
-227.480393453024
84.8808913078464
-46.8763633141271
57.3997877544937
35.2907897113029
39.9209071631459
-28.9159019580024
-149.092165434989
63.7766785234899
175.895080575151
-66.2770158328422
16.530267189343
173.134116940845
107.980794631995
-78.1268258357731
-63.2404795729784
17.2296495207062
-121.447523009585
-107.103396406438
-65.5854561453092
-250.903818740967
-9.01020289394125
-78.9320297767358
-104.192120762515
6.12095615084212
17.3887570547258
-59.9574670716673
-120.929383153623
-17.1930083901801
-163.846929582103
-35.3360204430468
-114.282102894804
-135.642971256903
-49.9843580293257
-112.11754776803
-184.37861855778
-73.2416462361835
-188.307271384429
49.5924430104515
-110.080068921614
-53.9306473901974
-21.3206039814632
-3.97203401946743
5.25825706705697
221.943571141684
47.2640331667956
30.6244070938004
66.4321590837094
124.085739664196
50.0690547730166
216.497172128543
13.1574349708557
101.827886789502
93.5206584128235
133.470861601976
29.8543391946302
112.700334990163
195.348900870108
-171.686259211808
51.227564496271
67.7552808206193
-80.5670287736194
126.952987221863
-69.2038600793087
126.432112133749
106.642723650928
175.456064866448
42.6966037642998
145.734754569276
61.9577077746793
168.888786742489
107.891155492223
141.430352934994
287.554087318927
-135.6124083576
119.092741891337
11.2360116670076
14.3930654592831
-134.022284943201
113.786879958018
-89.5192618426415
-89.3815688286017
-96.9141125371733
0.852765710935678
-144.293382642392
108.22507949383
-41.3579251334296
240.726397159604
-92.0867916513195
137.747690964125
16.4707908840879
-134.89131814581
-46.8327465556102
54.8390615098687
48.9466270023157
107.615729056194
-25.7876738892706
164.215581259568
-54.9036188981972
111.607609679919
-67.0392833349321
-81.9239882160716
71.6773636037254
125.61247398567
-41.3190896440412
-111.303370339999
-7.30071619149619
-108.968955063505
-26.8565277889102
-2.70846272860579
-152.191885219303
-20.666112353501
-182.819282542008
-89.3887539891305
-146.24146842217
-95.6621626702702
-77.4892239803783
-127.447181877315
-121.449447365539
-49.0100489093046
-216.011053839671
18.1071211515863
71.37128079257
-49.6128621260309
9.46783897204168
-139.099537948312
-83.2094200629141
-32.2981510693652
2.81830626354578
-197.526177919119
20.224069739584
-14.2848771628565
127.255897608653
-37.546521405163
-13.6763563093426
67.296681879788
-94.7620307938467
-25.751190244817
-19.5791892305753
-24.2187318005509
-11.0982411011045
7.97618285059223
-64.2441336741615
-10.8721616021589
-74.9060058880128
132.547664137759
147.515455757314
-13.4874819815076
-26.6804365386021
-83.3633036770431
57.2343963750813
-72.3737940187678
294.008997265893
-142.387351815777
77.5304618549784
-17.8119124073985
165.029816284029
-195.267060790807
109.232897289889
-194.048282538319
93.4832238982165
39.8424836072507
130.345131266737
107.026462829703
82.0300586628797
-67.1979853014995
211.525953075982
-83.4215749658454
49.2929817955742
-111.636017464286
117.475717891181
-116.269509801459
79.5303470835125
-114.183874101271
-20.3326619644314
-223.736169036074
148.161792044849
-120.309584060685
103.478722587177
-20.8220541271306
158.952595849475
-212.031552069427
53.1603523089675
4.02056325188705
59.7553518047395
-72.7284419591659
130.936933382216
-23.5884395431475
192.5534104715
-71.8730391762728
123.963307615411
-28.4570901406585
166.588789927131
227.434131061258
-180.80331723902
-148.875508371904
76.0862826196027
-155.825044586464
-43.3484364115461
-191.76633973493
-103.028715779741
-230.615103932637
-102.801644133659
-110.820807342658
-109.271488245069
-134.036278823937
45.3454456932621
-34.3912573903891
-142.759589177507
-60.8667146336364
-134.241066167679
-9.42655799511245
-189.509983496067
-129.153610179447
27.0591028857217
-54.6214664883907
-129.602238549197
37.8257071882157
-43.5981184249493
-89.8708259187498
19.4773779000568
42.4279143629134
69.666755939228
61.4858699001901
19.8673129609887
-111.771686329722
-63.1321067198123
-44.3753962706776
-20.2555770034948
-59.6481425905729
-111.265675914901
-165.097267037772
47.2585798770636
-33.171870304445
81.2537678402816
-142.960715832375
-60.4476152800086
28.6028665553843
-258.265479835238
-190.750281247962
107.391021104454
-35.8620059057404
136.344728230759
1.53714272252029
24.3448623289003
