37.7922769748674
51.4864315262734
0.242555005333301
-28.558280080026
-117.946254352645
89.7589137738208
27.9841948942337
97.1958387695002
25.4022198534074
91.8722502027659
-34.4267658322532
-0.466723812576916
9.49578374413478
-120.174019765699
-174.37195255591
12.9007979233919
-76.1571581800045
1.80004556039029
-105.964726880207
21.5224734735096
-58.8374559951557
86.2274451007703
-58.2603269194371
61.084514565108
-136.873982363594
5.3340417768813
52.8122373896181
67.8637563573304
18.2661753105263
69.0411426147275
62.5498651841062
8.49537804797699
0.175671608177481
14.1787495550897
-86.2752220122354
130.706087461341
63.1698706528827
97.8805386614836
52.3437841880777
103.391238790849
27.9443829382077
177.318395290203
48.9244304710636
-46.6189251036404
1.45109971528377
81.6627031105066
-10.7644703460464
85.8785779619742
37.6311681740463
-56.8321018726357
26.3524134937011
149.082819541926
23.8906289880717
-79.7509524221193
-144.160233784197
86.4169549584207
47.7105392157372
27.5747655248964
-84.212844518924
69.7139141900391
33.5469672389423
35.1021590911843
-32.0763588366041
-37.0008031507606
-124.955286351844
37.1564543533574
50.9061796189191
22.9352873911907
-18.089777954041
3.52497716923027
-9.91697480097917
56.6338624963568
67.0200576527158
21.6766307365774
-118.458323998635
-3.9710059675456
-92.2441315033346
-31.2972216156631
-88.7419783633597
-39.3019843427333
-22.9413659009519
83.306597958185
12.4540104851591
66.9994897809868
-18.0379759405791
-2.09754516952464
13.3337213188301
95.4945607687248
79.7683725776333
105.101760776501
99.2498040007726
147.086698875879
27.8159563435526
8.78126251300512
-78.8534183674038
67.2537957445933
-22.4026219423384
-5.97711016635252
-23.0392549261865
-24.0170665882695
-43.9128677479875
44.8262541642564
-3.95312908073545
-7.39084961247285
-56.132766311459
72.389059839145
68.7772358407496
101.050621654139
44.3312656850042
50.9064434648297
79.2528348603743
135.719710189296
-32.4306551136291
-99.1646168692913
-61.6614331849196
-73.1998943430071
11.123421570878
89.4285827832858
-42.0729075103879
65.3742214278625
26.9660141403092
17.1998118155977
51.1446115993629
79.2318333648599
-21.742280697288
95.5237206431321
33.5551048791585
109.818112729926
-16.3773078799912
98.7896033685213
79.3186308125805
91.6072222134734
60.7712034014249
75.6496160858649
-82.2473683619943
76.5326578500978
95.7597549191429
2.8250346431759
106.920968465082
94.3085370989917
-12.1253812199497
93.0981142158152
22.6423290419665
-47.9472306636335
-23.563715719347
51.8930899067369
-44.3699121365761
53.1327333320304
-24.3760958271508
23.6740882233646
21.9259751275777
53.4613261784128
-3.04918791090933
-73.4351661082599
-22.9083189897073
26.8631264286097
-36.4937219183174
85.6610596484958
36.2309246569785
99.9685534423096
24.3987816392107
15.6741679084418
-6.58878314640647
-8.98727660000779
42.2927021619418
73.8987326600484
102.521991212374
104.49827660999
121.194600151817
105.142653151094
81.7668554674626
21.0286385669165
79.8808997624128
-42.9666554796494
15.5283440595504
-81.3426283754974
3.55248739569462
-19.6756719943756
29.3886551984459
-14.1733070540626
38.475653067588
112.758196448916
49.8206142608236
39.7651497249474
62.1886169483602
46.3004727644439
80.5004109866024
99.7610018497068
-7.2093674267982
162.302725998194
16.1558181674921
72.0404669140836
15.9985947392399
-43.8382131908415
-26.1810590686321
131.81446747606
56.1833343247328
69.9569838604639
17.9686875018495
9.53174765546476
123.34392810556
40.7698586747336
94.7674382289419
-29.8231972340634
45.0518953036229
50.315150509571
-3.20877352139161
-10.6564586316033
-23.6441663418711
40.3782728386027
9.3238341944971
12.8997333133367
11.6138577150908
-17.3200962000844
-29.7657047550596
49.7613801565225
8.11672761298053
71.2689511891841
-5.87584036716249
143.808752659725
78.2600315625177
44.9220019053505
-11.3676044853779
-15.6809931170975
-75.1515290603801
143.885752948993
114.361773829326
57.1185514979877
25.2493553239815
57.2792760798947
24.574155553882
51.1394300610279
45.3652236022565
8.82349975046067
-70.1287624394529
-25.05121613793
-59.5223708845321
63.2658652456816
-128.702966056633
37.7028661195278
-43.5102459514067
34.5357427521452
-58.1921085583601
-21.6964862920594
-129.252932507843
-3.76184694787637
-83.2028152759201
-1.39772559746999
-29.1627975322741
69.6394277241334
16.0002484915828
45.5436026350182
-7.04704365542532
-31.5135011191569
2.64644712664726
17.7516134328288
-11.3546457853738
-0.475052455132676
-77.4824287359587
8.53122463817386
-57.8945934128602
5.24569959926843
-18.6265346034917
-68.8741925031494
-85.0445310518283
75.181610799866
57.4952623701898
-11.3757185502273
-11.152400012318
-3.8817743098194
29.8945688887306
59.0087773061348
-5.60028885555133
-47.6686616183719
-136.435684040189
-85.0940025818635
-32.709017801653
-82.1906131371768
16.7075945082163
61.5808123628194
23.2586977223123
6.10898548028161
-26.5575314131816
-87.9686190114281
83.974477005224
-65.4684587210235
112.76090844922
48.2820025314781
42.388612992423
144.887607117223
75.9853085800853
33.5716791647009
-16.167850578057
-168.504563024458
16.6350433324857
70.3949951163935
38.9271579520012
33.800271832656
-40.7357134186767
72.7146373323048
64.6133964562091
82.9914726231003
12.4903306640493
-114.151503038244
-44.3506320793924
54.2141504339444
61.8451944350677
-2.9170443325608
26.6703608504368
33.4687044652768
68.3152695009152
60.2292484722732
74.1041019050087
-221.882468025589
-137.112524933959
51.5835541739284
-12.9580401491515
67.4350467624911
24.2780959640565
75.9773832382174
-38.6695246400369
71.1631024009841
19.2966121733894
-28.1242277421336
60.9607416995513
101.913478142435
95.1913066787548
34.0006925535786
-37.0973002868878
46.0720143412499
-2.24358007704809
76.5361487255808
7.42104539459823
9.58656582005298
-108.590041472515
55.1376832991351
-14.2040646055972
-104.328545925769
-18.3121755768578
-32.2948735789459
53.6552837744949
-120.70979756614
-7.13289614080059
-178.019988039207
-97.3690341108304
38.8513596278962
-23.7537370426897
83.9446314236944
14.4275218711815
136.812245832057
5.90202086535518
85.1634884319569
-1.8969005926639
-4.72840417822157
-16.2033070118197
40.3974705883675
44.2382141880909
84.6827306247621
-18.6224890952253
109.487318695725
-2.63000021630467
34.0130782036415
21.7262571361028
16.2815929925409
-31.6469304011119
11.1025941624932
39.9286641477284
-146.93353239592
3.061055043716
-69.006482380668
-60.2543544375274
-59.659908709984
33.3418056838304
-236.889146373234
-32.9617870786141
30.6819334053997
-101.472378493497
-208.308297090322
-55.7441360734734
-72.3723965436612
-26.6724485555877
-103.808468326251
-14.6661455110439
-153.433135490666
-209.827417060627
-44.4573200154301
11.1406181795278
13.2729198887323
2.53223361393848
54.8140355825815
-32.0392637991842
5.56349512813945
-56.1396249014984
-53.079457759241
-1.12296523300168
106.158069203497
86.8312065996197
129.148999241915
-8.98480071658616
63.1438377885815
9.88637985804807
112.878259272514
-24.7773542226838
-3.3542154135119
-121.956838536461
87.2915188162293
-36.6154621835977
-125.215140086167
-29.3707904265925
-141.227569734613
51.9941729110152
-91.7590848987812
-5.74048586757068
-122.958913759391
111.727653769969
72.8755945672114
144.032132927998
110.790194249132
46.3578543210313
73.0150671571297
83.5443017582942
93.5569046402191
55.3163495410809
52.2447486519661
-55.1536621607659
40.4715930941308
60.9351390124574
141.693944387932
-12.2531683581195
76.4104965561411
-2.5762158967233
16.957637053088
26.6060582503439
-28.0612441233417
-92.0639818256897
84.1055439414975
-21.1670754138328
-127.395349056624
53.8047689085593
-154.20020268151
-72.5927457163243
-160.658682439324
-64.6009166367482
-209.066565318493
-125.598957059914
130.610118726877
110.023171909643
-12.6248498050521
16.4729905506485
-65.7071534805726
2.68816593659399
-61.4831412553346
0.725132757785644
-255.275037362704
-32.1142840861048
124.698385834777
39.9588555683708
-148.131689723601
-32.8648132063305
-123.02436880221
-59.5959857185632
-133.383072902878
22.4351946699735
-175.715424356509
-57.8958532125775
55.6313944102703
23.9719356984113
-93.5256927697667
-27.1817695288597
-90.9712917692784
-23.0988923892024
-166.053801021817
-115.247013220116
-224.591267838366
-112.789563686108
-11.0454481703003
10.4534597403086
-0.22238312859092
60.3480083180455
148.602168340723
47.0439895092952
51.3744656057243
60.7799608708737
-40.3627393913532
75.9351151802042
35.2609503418834
42.6862515168436
9.33247743007746
54.1073983334883
115.487765044436
-37.4051802945977
41.1542126695908
84.8236273577324
22.9409520012968
20.8300708868098
71.7576015963254
-101.088114433309
-137.37595011859
65.5463978195486
-39.2795556009235
-31.7941761663393
-90.0732949364345
55.2023734578829
-172.776235555963
-119.258629431688
92.4551103107413
-95.1030216146768
112.569234469187
-80.602899031623
72.4032316043087
-1.98892309235881
124.794102593327
-25.9770176229152
14.8556443992888
17.109429933363
118.282266188267
52.8233991038206
126.879673944234
-11.9026422215651
15.8519735119502
16.0402584159718
68.2534138927622
79.7193329396539
106.049917695166
-16.852201876138
195.668004518239
139.53048547275
-40.5586555730269
-43.9316138271408
-72.4055455000688
53.2244343240575
-69.1578427666134
110.229022355919
-126.227649772425
-37.6735776145275
105.002161491934
-12.570454306061
-209.24825378475
-15.1025627608765
-140.386973145236
-83.2273798561328
-140.536909754553
-88.8921293446193
-240.146863098548
-76.954944779051
25.7040505797026
79.975116817495
-158.262912362664
-73.1673290839751
-90.7149121228029
-30.8739150793937
-84.5522835315592
63.4935889941292
-140.023189862088
37.3618785896692
133.394933304054
9.29607020773041
-89.0231507260193
-25.6292825900214
-180.502868620531
-50.9473541692422
-201.262116804746
-110.481857419759
-258.410404615488
-150.901620539904
31.7790092151111
-90.9804912053566
-253.954626844974
-34.6536236243915
-199.956409541529
-86.7581337287693
-139.549501106287
-114.112643361574
-168.578166729617
-98.0621188071463
-17.9038482001558
-54.0690040856302
-155.109973196659
69.2440542196075
-167.479326665093
-26.937225715871
-76.4850542637122
17.2740818164804
-142.15280974624
-49.5025088315276
-6.82365768512038
85.277285422119
116.532384410895
-15.5084327529484
110.586879154545
46.0849758968904
102.678936607754
-16.0814049525737
-46.0712918377517
-35.4352990391628
61.9446785026185
78.608247054225
54.8739299592558
-66.1145443835395
94.9445117303528
25.5033625651714
8.8706215600652
36.3546893279995
17.2302195899733
-62.8879575309647
63.9756227432481
60.1653383751171
-70.2610705934891
66.6681142993736
-117.164172159837
-14.1024485427962
-113.617712052371
-28.7302202807181
-204.857399491913
-170.804909266175
27.9475298961755
29.2092398722072
93.1446598919108
-41.3766876480231
57.4616860834398
-58.1932932180494
9.73485189491071
49.4965619114432
95.0609832150027
-20.4246515546146
58.6744526093692
-17.5189882422484
116.519165735125
25.963350173715
114.495630687678
-14.8222112630296
30.5481972596903
-43.9792381913272
-66.2229679384556
-70.7808020467925
116.353927152519
-46.314776639247
-97.444862272845
-27.4571189904183
-124.892917000435
-61.0716843977047
-120.10097589116
-86.5428182508671
-3.27345231147322
-56.4649166275263
100.496863101914
25.6185308874647
-145.175800615523
48.2827336738205
-39.3709744860798
-11.6134776942459
-73.6849318136952
-2.4686093097549
-1.9243382144209
-13.6241763923461
96.2797632032314
47.0334506448161
-24.4159120133925
33.8218137892411
-81.2560510991314
-0.223564897654832
-47.5711553190291
6.93600388441222
-76.8141055690406
-112.208550721218
56.3327386571866
-18.8046872488508
-10.4949960307327
23.3265656737581
39.5738818562166
-12.3951730185489
108.203169990799
-95.2038541791913
-25.1513650474704
-69.9156909437739
-17.0933211838323
38.2134334615162
-14.2761219362523
49.1376926978761
93.4129743310573
30.9165694557524
109.410261255979
49.1429027902962
-16.308360783419
-27.282808449076
9.73320105826598
-19.0459245840905
71.9544380954187
66.0110267650531
32.38780705106
32.5102300488902
71.9526667688352
-20.685771563419
25.8346194156827
-11.4398002119024
107.006568188462
103.767834272866
89.875939669873
27.9403475660618
43.9751249445574
-76.2686894577829
61.1029148943737
-20.2032525662686
-60.4027687968153
-56.2355911055441
7.67203788518817
48.1432968543976
-10.664381775688
-8.21416783530763
49.5291011561501
-59.5004613505087
63.3528981158918
-14.1812944565595
-10.1751392625738
-66.8385620071543
70.4073960052368
59.9962357430296
-109.784843022026
26.0282782110379
-101.919468267698
20.2691380727766
-237.193014145901
50.0980542503813
-196.334741841607
-54.574933926221
99.0950710606703
1.58215553651713
-100.518373529445
-79.60932729174
-126.777090258075
-35.7165307431213
-131.18949297161
-28.4995408869259
-241.562158239037
-123.685300880747
27.2655624838722
-46.0892506348056
-2.31102382590062
-12.1479201446891
1.71518773497814
-11.9433462986832
-30.0929139285318
-9.79138827667755
-80.1080943624707
-88.9307829604406
91.2211307307747
10.3010723084035
103.394231090478
25.086610355636
114.507317255683
-37.642784211062
112.169380419577
9.5851144959256
17.2168085051691
129.535552803821
65.4588920807185
130.569761794012
55.0478409283358
-12.7212840755704
68.269384428859
53.0995818005328
38.2595831026366
34.1319976068104
103.743825537323
-52.0651390937481
125.156392869344
24.0726508497377
10.203021072211
17.1953336081559
28.1212432517469
-32.1427493824088
8.11262285108605
-75.8873272549312
-55.5872709610796
-95.9129613492677
10.0323491209982
-84.0642418442303
-56.9175742441256
-7.05274766271436
62.1885024880139
63.5788511710112
64.9411072880113
37.2120824317596
-102.571404474966
-75.5039698520209
-17.5013552380225
-5.56238379201774
74.7259079177155
34.0792145770417
58.8590902177983
-32.5999398833223
62.4107039132346
-17.7441949598488
-65.6597020934061
-90.8500214273991
103.76924127504
131.324150456789
23.3650622825753
-16.8503172685292
-9.18819011440961
30.9744824511765
-33.5279539522322
5.24791098158128
-48.2704158307301
-124.671449280893
29.4749700695812
-6.47402185417759
75.6894802690674
-22.5336454508641
90.4974312873119
58.345688600057
62.2434559336595
31.2007661168229
53.9242345471259
-67.7589837832793
38.3678011714248
30.8580203891347
53.1700048614882
104.319868183446
69.7598282814321
5.01781308403368
46.481318649299
-19.0325374388909
11.3006082918357
-55.3651214908047
115.122135227514
73.8454318494064
57.7927652511106
-44.6798708529087
52.84599781765
17.4040955701543
-11.66731341926
-43.0851460405234
-95.7823316820104
-94.4012098136824
54.4464092310023
-11.1745261626985
11.5062623500504
-35.1500574071226
7.89835519165282
11.3875527935761
4.55674642497384
-2.41349923458554
-39.6767600075053
-78.6863977373974
42.2996622968436
-12.7056363165022
-100.525071690379
-102.590192735597
-107.276659855058
-18.6917317725672
-177.379736812045
-29.6540118106148
-166.134482517111
-4.17347094279662
-129.51497082911
49.5171746136245
-131.197578563863
-51.5212241186933
-92.5835510846516
25.6189370551756
-129.463233608078
51.8244443518456
-194.554018638808
-7.03317359132287
98.757225520694
46.0395858241641
54.4764805138553
22.8601741595958
-29.2582881963585
-51.2729239643061
-56.5864291956124
15.132316347975
-30.0330561540004
27.6716715549295
-74.7027761197957
-99.8069938980439
5.68944750684425
7.80704872179501
81.9371248513865
11.2518796293826
113.211388055326
-13.2121320336373
-39.0477549028058
-68.4044366466339
-76.6783831193764
4.68281396796328
51.6602594303582
-48.5754420062996
58.2909925410237
-12.0334997160194
45.2978341932558
9.62691284231488
24.0165088519627
-59.3450050969694
96.9150653125824
51.3138193254337
73.065942815848
50.4536280447546
7.94455964662252
26.2579873658766
62.4100952897793
-7.62234649933166
-76.9862945781351
-50.9889720741914
62.78745198982
-13.3799669587983
36.077343165131
-27.9705893240901
49.4643848693837
-7.63268401721029
125.696983312711
-10.5643655162929
19.6172491851445
-59.8189929510374
112.638750591039
67.8267410108904
84.723836332701
-51.3780381841111
29.3963326956069
7.9065738166026
46.6031352906046
58.5176220959614
-34.0963746052925
-128.358610412393
80.7309915509191
-20.6032887151646
-30.804320862445
71.0869595177913
-6.35228623409208
30.5515798610548
8.06841299174027
-27.6421537775
-68.9066404908822
-51.4943499523135
71.0100306978569
-21.6617667690551
-17.0762262896501
-108.022673167282
15.2190834144189
86.1672465381534
-33.62907788076
-21.1376742159525
-22.8291711073748
-172.015017129284
76.4307207172621
8.80341929523321
16.977493203529
86.334777779233
53.6910360355083
55.0271289435599
-46.7483229347333
57.3283388541162
-92.9231989131217
-25.7811801407399
86.884954299136
40.9200856744813
26.666278285425
42.0884467001827
81.2901499201968
18.6123264615493
12.7616171793328
1.49620466636941
13.5861827134382
-68.4059752736622
-5.13246633592081
38.5434208447121
-71.8082011872176
3.10871076356351
14.8422335559041
32.955632762061
-19.7406888783828
-109.422453425842
-151.375973491016
27.2476320774744
-36.2567606921113
-111.524504577896
-66.4097249259776
26.3452143995486
-28.3463224236045
26.1296274529939
-4.17580125947682
-33.6241410602969
-69.3345030758282
-158.628807296057
18.7901139871355
16.6029449369482
-41.5164157081774
7.4798729349534
47.2800571323567
2.83716776440709
111.016917744548
-80.7009027760895
-166.094167937365
-40.4594376508557
125.22877546572
54.4428041364239
-104.965054962027
110.696154414032
-65.8519264720596
-11.5738457786353
-62.0153549578586
70.0540472829792
-204.249584109564
-36.4425062679335
82.2694213016056
2.43954626576951
33.5236281928145
-20.802164410939
-17.2301480230039
-73.9768606683237
15.2992035036599
-42.8781160556349
-76.266993675703
-120.326064977913
32.5562780925208
-59.145202302869
10.2944151093537
-23.0951825819646
-90.0441902877892
-70.8748048886689
-89.2261024648479
-26.2239088714173
-168.147302686439
-141.428339462645
93.8063243452805
-57.3501772757841
-19.9796389006297
-82.1912674849462
93.656946672562
-117.325838570318
39.2221342101077
22.4154004228502
-110.776817755954
-137.538243679038
52.9800655819312
58.5815811908491
73.1753326622824
29.489924059181
-9.51913198169614
35.2921788689148
1.32114429339555
60.1692673678809
-41.4378055558576
-53.0242544693509
20.1047925242663
75.6956882331635
-142.698869658459
29.1183853779619
-95.2526222798077
5.1071705114098
-131.85077221423
119.528054998286
-258.307229358734
-93.2852058111004
120.318480943362
1.50580646741405
48.4014686648708
-23.009840136152
-9.35645106660129
15.0515778389915
71.4399275764726
-70.5013857856369
-53.9298049002871
-77.5183505545105
117.657401181838
33.8738321265317
53.1178969352843
-41.1803081975622
-63.9510555491053
10.1967875897038
51.9694731323987
-3.08340779344412
-83.6796822121505
-7.38682250462509
12.7872680351274
-65.480087316118
-54.478852992575
46.8145283437601
18.8187629322547
78.2426799976011
50.1218393647094
2.6620777607599
-23.3650999617496
-38.1349172999527
49.1923259947544
61.6449850037652
39.5095330006973
-20.1944216040497
3.80030441131011
112.301104264644
-16.2310807132938
-31.9514281244059
-115.191041060459
0.128205688156747
54.4612412319771
4.88386445756318
47.2200361731521
20.3056910789001
28.3444338658498
-32.1798684624485
-27.1026018559309
-44.2285409832513
-87.9555354215426
-7.92260856219046
28.1821699048928
66.727828034066
-29.3552280965693
24.71781575459
6.57366512398066
-131.48834826645
18.6239847050151
-11.1935077053443
-104.883760771888
-114.533792869026
88.7891882270529
62.67733678218
69.3309593682956
-61.3222090168958
-17.8311495863813
-17.4257392788613
-48.3912595121272
37.6255472987588
-108.168068751089
73.1689009137699
81.6024449963075
71.8791171603585
117.367070440129
-17.1095509579171
23.2527770843233
28.9422660104212
58.475672673717
23.5088933385618
-12.697743116328
-58.3546510648768
36.3896405116611
3.60209233733729
-115.625936066236
-45.122698029313
-96.8795177605449
-27.9258824885494
-93.0931835009765
14.9524566722628
-129.08107147543
-32.1929767757945
35.0273048070466
73.5435886043712
-33.763601341322
58.2669743480334
-78.532896580164
13.9069949122477
-44.2517080873711
32.8935739070894
-39.5814426228086
-30.0914524689357
18.2298579963663
-92.5986676457669
9.38733798553049
-36.6489029371079
2.88123725126754
23.4655543929321
56.2568697874888
19.363715183368
-48.1064803554972
-50.5050048670724
63.11130841243
-110.1111264321
-102.339169649321
-25.0159244919606
-123.906957118175
-38.7337400669372
-78.4644433543684
-55.7438621226695
-248.216255886955
-71.1366178545869
46.6297449430577
-1.72205211583528
-214.710710496259
-125.667151946085
-184.273095907229
-4.89573981338809
-182.235295509453
-15.2502943567077
-266.188598185832
-189.630395219901
12.4346003368286
-74.2260616587928
31.4798135473764
-9.98629973951293
-22.0203202958924
9.58954015542867
95.9733936333845
4.65917875248964
-103.18957531885
-61.6975382276271
118.386854579776
62.7170360515707
-83.6755019669797
21.2186047294281
-120.942894428409
48.8410136396767
-110.658893285386
17.5414590195708
-228.748713131892
-35.4345308557009
27.7821304808153
-13.1898313236911
-120.200023159815
-57.3365646047982
-84.4667861662183
16.2798369641867
-80.0218681564359
-80.264615655207
-246.003193179295
-92.8127446993452
88.5602222022668
-62.8925436955502
9.87316061176749
52.2469175253232
0.892509364287228
-62.7654379058677
99.7741167842425
7.52016023969759
-54.6312773101519
-79.0316854037573
148.816058578602
47.9525106131528
-30.8189869354455
-18.0322519993174
-93.9640051674396
71.8594768226311
-73.1868292985904
-14.6793487549625
-144.559393480277
-82.34407844699
80.7023714334995
-26.8576763998619
-126.253109796081
-35.5058272068796
-104.145849095427
-69.8934707181733
-96.2492615657184
-141.100947062438
-200.225426205184
-150.538136816763
28.9328763632504
5.8633080413369
20.1222581634868
40.4244518399327
-17.3773693201414
-20.1920509599326
-20.7677572635169
24.3990312462076
-101.675195195531
-21.9916127053279
74.3632319353962
-52.5679913770282
-36.1609385178115
-21.4335546943024
2.82886133741489
6.61727098300855
0.496966712822459
8.17169483709681
-148.948314420897
-212.229955174999
15.1722974404908
8.71480422919168
-46.2437772459566
-71.1195273267668
7.34975647714885
-57.3965013317752
-65.7228297888034
-9.13815366139556
-54.0238598390036
-52.5421779143136
-100.989062226378
-33.5199559689227
-74.4935000752548
-82.9923091363994
-30.7217469705968
-150.704708620501
-0.740142780720539
-15.4998380131187
-53.3754796462979
-69.4536540483054
-93.8601905475413
91.8252263806837
26.8106187975928
-45.5461434905431
43.0431415272545
51.7892126541638
71.9186548461238
47.9014680883322
3.05903932098862
-38.5831589379101
69.7663874302625
115.103317852594
32.7987301612379
47.9285422870961
-5.54575504747574
29.3268573426782
0.263380734503585
-102.570467695929
-94.3845951668478
-73.0525442718551
7.40641083037137
5.4868514593119
25.7810395869155
-24.8236687793864
47.7735545822373
-33.8789763471772
-17.6165084120784
4.88582249538199
-171.935120020395
-51.8149207344255
70.6725463901997
-31.9329099265223
80.6470901979888
-15.2102138656052
26.0952938798971
-35.4260321766267
71.9432245362834
23.2767701852381
-4.29415808280688
-124.254071260775
38.6055397895788
-29.6412767377221
-5.54647469845955
-7.49617171183605
77.0466318568828
-10.5305307639826
3.82650774816977
-14.8928505918444
-121.530460236318
-96.5582782578792
-31.7816653667263
28.2385970875912
17.8637230514515
14.7063336926009
-7.36085781715664
55.8548283336826
78.2850866528539
39.6467648457516
50.7456313879035
-72.6845372624009
108.551792820007
68.2731468109693
90.2262276524571
58.9723632931453
35.5930102512414
18.3306201943479
-36.613462524742
-82.2976054397983
-90.4271211954039
-100.939246362349
8.39271058496625
-57.453779677884
-99.4625723224617
-80.6399851267724
-35.3715887975296
-98.1301725182135
-15.8331432368337
-24.6032739830892
-66.8341133044023
-45.0939448739898
55.045070821333
-11.8799371027762
94.4809030784715
72.639967970872
103.266736266344
-32.9022638780161
28.7720488754663
52.0638689899912
-48.4102595014813
-47.141123672317
-64.5066345489362
4.84888411283904
-35.6140396880893
54.4767055422025
4.78466375237796
29.7710054026076
60.6235561192409
21.9122581476663
-48.6799956854503
-29.3345068804455
-52.775238920906
40.7259030469887
28.667829828428
17.4065314308024
-36.1987438999238
57.0117879092908
7.97857103813229
-12.7260135343781
-53.4137445363683
-77.2952519198847
-18.1916621106404
21.5326345717891
40.4798272875343
16.873053404446
-10.8914785219356
-10.2837525095442
-13.1455559584315
22.933528067413
-13.3895598733335
-90.5673247428214
-46.3898338647388
76.6462719265888
24.1757947739639
-44.9955672965769
67.5781205002975
1.50576989028487
30.2532884325051
96.3096900017247
-46.9917004278186
-61.7380503391887
97.4324372521265
-63.7095239536275
105.944351880141
71.2567175397891
99.4068471497549
-31.311201039356
134.802905943172
37.342773731085
-84.4484816510701
7.52259112712502
30.2931338128289
3.26316352914335
-51.1019041488773
-103.990809892207
33.3093919479471
-68.1248954524523
-35.8921486969451
-71.6748576722364
-87.3455075244735
-156.308760531099
-10.165305968161
75.6949553632401
14.6743146250902
-49.1635052739106
-88.9225179703255
10.5210893699659
57.2776629406854
-46.6298445947954
-46.7525128937557
-152.392453902608
56.0370471084293
-11.5425419258444
-17.7108011990062
-82.7914361128561
-4.01132236308535
-51.7208416309459
-38.3995587171599
-79.1205451679451
-18.9742616802477
-68.0094733889404
27.0031816717013
-14.7971317812341
-55.3746851045247
-26.0647414709917
11.7778935057176
39.2982555301835
-98.9691468301182
7.61152740370389
-105.361326968759
-22.9869751135099
101.088239367706
76.0561476605821
-2.33203359467763
-1.4150512511142
64.2398519437224
-16.4229112562904
89.989227427421
-31.0998935090317
-43.7047831807197
-189.339553395136
7.76669356387487
-100.352740703744
-95.7324296624724
-2.90450265308439
-10.463786536411
54.9485711510994
18.2331022180293
15.3263764705132
-30.2934809711948
18.0341836896449
-34.2828385614138
16.9649634176507
56.1878647161356
29.0828015328905
15.2071031171509
17.7133423432992
35.278213364915
122.485877545141
24.8212228481313
-147.457868435802
95.5114559353551
124.183544713548
65.4749062456121
-9.73347246301702
39.2779130342521
4.90432160761249
25.839717570645
-21.3311977757155
-66.0750310896834
-83.5290011835771
91.1973046794708
13.5366458697742
57.4523388236671
41.6806675956487
0.371722393922102
69.2561059513824
24.8345302796891
48.7656311200584
-50.6315335757349
-47.4088614369319
69.2600551023325
22.2512921209356
91.3963216052096
53.0655777284926
66.8283506133606
79.0584900324674
121.054518577881
35.0569847454193
-172.887891416353
106.129055266643
-14.3281054444754
101.071433344334
-21.0253343158061
-15.0236480899708
-5.9800238849677
-28.9818425732649
-22.6312396269152
-9.64995984624974
-89.18738647537
-124.527182297887
-26.0970502326694
-19.4767648213603
12.7042492366659
-29.2916744841519
4.74579334232507
-53.9092707948173
-6.44293814280401
-8.45277637428148
-70.538972876149
-75.01746900945
-21.8593679782269
1.59744398388214
7.29310727473273
52.4464121805992
-16.5090249944974
38.8000596587843
49.5107805632737
-17.5077208646135
-125.604140238839
3.19800018662538
2.12100416541229
21.3067209260267
-4.64894608596283
-15.6606398210367
-96.53394117833
-61.4410734781949
-25.9399914040441
-108.437683198336
-123.334392434469
-159.125183007357
-14.5267313197847
-59.8531665795669
58.7452944872845
9.54582368109584
32.1937392759602
-61.4892679954067
-41.9611276342669
-101.936826425423
-110.341762766465
-96.9441649163937
-68.3973434141314
-93.5164889507915
-114.986799199476
-45.935028260134
-9.61168371108803
39.404420893282
-19.4982834709769
9.90000258885242
-11.6424221601158
-33.5051706297555
-23.587605913693
58.3850182774241
92.3172844206141
81.0144513089162
6.36127496936179
53.8125987386868
51.5824202905781
59.965090207352
-48.7962091196171
43.2969337862569
46.0601054387013
57.4647134880723
79.1297982277395
54.8865453220805
24.7042491510666
