242.597797778011
-244.933926393446
-102.56930202602
-1.41921558964944
-17.0983011198914
-104.903323201669
-328.085700200908
-159.911904608113
177.299049463756
104.080788702765
-136.936098507346
-78.1275442437422
183.770646025992
199.208385408311
259.898073601055
-9.39656590017687
-193.36795919
232.047222549313
-52.6392829193455
-133.991454402439
-36.2652262067746
-62.4444874797516
-81.9074680697912
338.69268091948
-207.748324244538
-170.596377874552
-44.6638564558047
-375.908966739485
-55.8251307382633
-65.608523525423
-160.568089231604
156.391654797243
72.5251928990234
123.113175197278
129.987565151514
-243.061546916872
138.645438594224
-185.148383923399
75.9035958274373
554.328695645447
206.287092195979
-44.5317714698235
-82.4408404003443
4.00681000699777
203.791526241723
2.37563630926684
417.818386437368
-483.872903492708
-51.8344923130171
-190.103369424647
-284.627075900503
-177.723779587871
-89.5337884628346
-8.26966989881951
182.470081326458
165.013305683877
-46.4709361554252
203.874783113863
53.0236643808869
41.5747021335041
117.754727733381
-42.714756479895
68.3466418480024
-18.7807873641654
125.480654565685
-167.148268335447
154.980508625568
52.4992595690969
187.378780143629
104.593584724374
194.656221753022
48.3584557934517
234.919866059789
-242.219363535188
-123.64212581684
78.5805120408963
-77.9877183260733
-63.2304395587552
-48.3516530069549
-123.480719804118
-227.81483021865
-71.6961038426694
44.5876437347385
26.1072897478556
141.794102416274
-211.117102326606
-240.417934000363
-249.304545587283
217.521134129359
-211.268060423837
-77.4720467819742
61.0278150216836
-298.681054014851
289.666248384528
-118.834252648819
75.7267467268131
179.535653686342
590.360282260192
651.790466516285
919
919
1092
485
-183
106
-175
-368
-162
-116
-794
-877
-1410
-257
-198
-109
163
57
358
-257
-634
-118
-936
-627
-908
-217
-597
-619
631
1055
881
476
38
167
-134
-263
-763
-91
1339
2227
635
-290
-1765
42
591
369
-438
-1251
-630
-987
-661
119
1228
130
1436
1508
455
806
156
-419
-1064
320
277
533
998
345
857
1208
762
603
353
-383
-912
-292
-502
-576
234
217
441
-701
-193
134
-902
-674
48
-647
693
456
271
-1032
-1822
-966
484
-539
-707
-132
341
-1551
-1336
-130
1558
-252
-822
-1465
-1668
-826
1512
1955
1173
1506
1866
1792
2315
2637
818
492
1218
57
2359
-374
-2085
-2657
-2194
-1325
-2259
-1156
6
258
1819
435
522
1241
1574
1172
536
707
-339
147
-1080
-1015
-751
232
-318
13
701
1154
886
1019
1105
199
-285
-793
-1607
-2400
-962
-542
-1130
-2086
-2661
-2277
-2109
-698
678
1347
2206
835
353
897
-394
-536
-288
-1504
-626
-699
-808
903
1852
2218
3704
2947
336
1178
362
925
1762
974
105
-198
-676
-964
100
-1583
-1394
-636
-1106
-1091
-248
-64
-622
444
-675
177
-37
-533
-381
-928
-748
357
594
-779
-34
-898
-2035
-296
-777
-1059
1434
2538
2353
3194
2058
1251
1438
80
179
-58
-113
545
-174
365
-137
-989
-398
-292
111
-1295
-2106
-1080
-698
230
-259
401
352
-38
-196
127
-239
-772
-963
-684
211
-552
-519
-294
287
-110
-201
155
319
99
236
585
-453
-23
-67
313
211
-258
399
-118
-408
251
532
-32
-630
-633
-413
-332
317
-233
-151
504
713
-277
-6
-1204
-1089
615
-6
101
990
692
333
-55
-662
-1016
-2282
-758
-177
1659
1866
685
-163
-545
-511
135
-52
-310
-793
-1594
-2248
-478
114
914
1501
1428
1663
2362
929
957
-1293
-1011
-2322
-1913
-423
1191
1024
-1926
-1977
-658
836
2123
3278
2315
1195
1561
408
1312
1846
975
567
275
261
-543
-380
503
315
562
150
646
-609
-272
-621
-578
-310
493
404
120
-7
-918
-886
-1156
-75
-689
364
-990
-296
562
-722
714
730
52
908
308
674
183
-82
-40
-547
-122
-144
-206
417
759
1335
1544
-167
103
-1238
-884
-1048
-823
-2105
-464
-735
-2088
-1844
-2375
-750
-958
-800
321
-950
1052
-415
375
1494
-1501
-1126
-390
1709
506
1399
1311
1500
1140
-250
-393
-447
265
-308
-776
-1086
1145
-50
1417
382
738
1151
507
787
1477
419
202
366
485
210
-50
1095
740
2168
526
609
168
584
641
-649
-549
-913
-279
-660
-399
-1427
-99
831
965
1057
520
810
818
457
402
-1617
-1080
-585
-330
-293
827
-164
-459
-1277
46
-215
147
350
489
724
810
-118
-530
-346
-138
-362
-154
-866
-939
-953
-357
-870
38
-482
-250
-91
127
-80
277
-152
-189
158
827
-1478
-460
-1106
-373
-759
-66
-110
142
-49
-428
-201
-729
-206
596
-121
-292
724
183
-676
-777
-442
-799
-1597
-2456
-1186
-657
-1593
-756
-788
262
554
-139
1360
1413
744
507
486
403
355
-134
798
398
54
993
186
1313
1514
1366
1349
104
-524
-647
-617
-1774
1151
1838
2422
809
1168
3254
2356
2006
682
-147
222
-781
1566
961
1340
1093
-105
-499
-336
-518
-143
870
346
799
58
-352
265
36
-741
-934
-499
-743
-783
-870
-496
-665
-517
-406
-844
-476
-970
-359
-877
-561
-761
-768
-647
-825
-1173
-2128
-1053
-1962
-726
-1833
452
39
601
-135
480
-256
229
-405
103
354
255
416
248
-38
652
123
-216
-121
-362
454
250
928
506
447
-334
-37
-392
631
4
835
452
327
-1193
-357
219
109
-814
-582
-916
264
361
-58
-116
-87
647
-310
-40
-315
-286
540
1211
-405
-220
-611
406
37
13
349
828
862
472
534
200
986
846
-281
872
778
564
660
1029
190
774
181
-62
-61
161
-169
-32
-165
-313
-266
-225
563
881
609
332
408
-149
186
-61
-115
397
-1500
-472
-348
-60
-158
10
-101
-508
-174
-122
-619
259
-226
-97
567
385
817
-125
-138
-29
10
-589
-711
-468
86
-176
-333
-651
-315
138
-154
200
500
-406
-79
-422
-524
866
823
829
1509
74
22
-37
-249
-559
-203
-510
-441
129
752
462
324
388
-42
-235
525
-251
-164
-674
-818
-949
-490
365
-833
374
-95
-27
-285
-662
-723
-207
-168
766
633
423
-216
-320
803
409
118
-242
-179
337
-758
329
5
-87
-760
-288
-462
512
125
361
-69
-464
143
-426
347
303
646
195
353
969
486
759
519
-252
-59
-44
-224
490
-108
51
1130
408
1134
410
520
-578
-490
-62
63
-485
-230
-574
-58
-66
-552
-605
-174
126
-125
-61
-552
-889
23
179
452
81
-623
-751
-738
289
-711
-836
40
-44
166
-80
500
149
100
-842
-237
-300
130
-194
261
-349
-339
-298
262
-292
234
310
145
-562
-850
-233
128
-174
71
1333
1064
511
533
361
-662
-357
-258
-791
1026
686
270
999
1621
1514
1096
94
186
612
1632
368
-909
-552
235
-277
-192
-184
1843
518
487
1072
-7
-489
-549
-961
-1883
-651
-862
-352
503
40
-184
-584
202
1346
2197
2370
1477
1027
421
266
-910
-1385
-1615
424
-89
63
-573
-110
251
-287
272
91
176
-179
162
-738
-98
770
690
486
438
709
614
231
-155
633
744
63
642
-163
124
-314
-1313
-871
-1270
-1724
-2256
-2676
-611
-1962
76
381
-20
796
-6
985
-2
306
-132
-996
-984
-183
819
-40
-35
865
1094
1141
557
330
509
113
451
1350
394
-325
105
4
-739
82
-689
575
-79
-94
988
1132
-474
210
688
293
284
-334
-434
-293
-674
-875
-30
352
445
-192
-723
-277
-31
285
869
550
538
-353
-488
262
-814
-943
-509
-689
-390
-1062
-1976
-561
-1103
147
876
-500
-1288
-1220
-1136
-738
-308
1049
2302
1691
-416
296
1511
945
355
770
-77
-732
-131
-32
-836
-169
594
462
830
834
1974
1104
-412
-430
-774
-77
-516
153
-209
-230
-363
-14
482
750
216
1103
603
1289
885
113
606
626
885
977
631
1014
774
515
496
599
586
472
-222
-259
-176
-241
-588
-723
-114
-882
-482
-358
-704
-774
-832
-493
-212
-356
-606
-219
-763
-466
-566
-512
-634
-303
-217
-562
-365
-58
-297
-526
-667
-223
-149
28
-122
-248
-491
-258
-87
-128
40
340
339
-97
314
442
187
53
-217
263
181
295
-184
-465
257
338
576
403
317
561
346
157
328
146
-320
-485
-297
-282
-1048
-793
-1304
-605
-1171
-1077
47
193
-121
-211
-615
-972
-927
-703
608
583
3095
2184
2686
1483
1586
974
-677
-443
-149
-868
-1083
197
418
-108
118
-555
-1802
-1385
-1172
-1239
-47
-386
-353
-618
1139
407
831
1297
-1
1098
1539
929
-185
176
-65
1295
1395
-91
-859
106
-359
973
750
779
646
616
580
477
-574
-186
-228
-210
-369
-114
85
299
246
278
386
-432
182
89
530
-682
-716
-781
294
426
378
-208
-424
-1271
-717
-686
203
83
-255
-898
-108
531
927
872
209
544
-404
526
-237
-649
38
-210
438
524
446
263
131
216
3
-282
-143
448
699
371
1381
472
1059
1177
1046
765
506
1039
169
435
475
41
-198
191
57
130
-450
-944
-828
-793
-827
-834
-876
-741
-644
-486
-818
-786
-418
-254
-349
-2159
-934
-242
-493
-528
-291
-326
-534
-396
-1226
-396
-202
-960
-990
-1334
-207
-616
-562
-345
-1425
-561
-1474
-423
-1241
-594
-1221
-784
-292
-378
-425
1145
2698
1707
176
1170
357
3424
1941
2577
3899
3265
2675
1732
1190
412
-421
-1087
-1555
-1498
-694
-247
-1749
-1897
-327
-1319
-1943
-2494
-1118
-1726
-1045
-584
307
1129
1869
382
-37
-1168
-930
211
-70
-96
672
1792
2003
2382
311
-7
-485
1444
2148
2503
286
-231
111
176
741
618
1196
1463
484
148
281
197
486
-846
484
786
986
984
562
-245
-718
-270
-544
-29
1034
470
620
-105
-405
-535
-706
-1148
-717
-668
-936
-891
-475
-679
-531
-95
-410
-45
45
-456
277
174
462
-408
-277
-310
-410
-603
-879
-609
-717
-888
-770
-1024
-845
-894
-1075
-1095
-968
-1732
-1170
-1511
-1304
-1527
-1492
-1621
-556
-451
506
25
-248
642
-62
-571
773
1260
1672
2154
2592
2541
2400
2105
1876
1503
1551
1576
1540
960
1025
138
-50
-293
135
-1006
-1417
-1221
-491
-783
-524
-299
34
-521
-352
424
301
972
533
676
493
257
-1065
-1116
367
1055
360
-656
160
34
-956
-1580
-1835
-950
-512
-308
810
944
21
865
451
1148
1426
-192
-559
-242
126
-72
-334
33
-247
-1024
-627
147
45
-704
3
-1207
43
-384
354
-956
173
168
655
118
162
222
-19
479
-102
-3
510
-25
520
226
289
273
844
1536
1275
1650
1288
1358
199
-408
331
-907
-596
-397
-221
256
-170
-141
-92
-638
-14
628
456
1248
-15
-771
-164
311
-240
-557
571
420
-126
-919
-354
-718
-419
-710
-838
-694
-765
-1189
