-1.32546784271687
38.0037988284786
4.37435704893694
14.2090394729378
10.8801567070369
-10.9068236148211
20.4367967553744
2.16171473714754
2.31379916717164
-0.384367833232428
-9.78351945037719
36.1253539102659
28.6579582135963
46.057216836308
55.0922400048352
-10.4714828491475
-18.7674422354147
-28.4874038177748
23.5394301688843
33.1637766979375
7.53805838764419
-37.926628748485
9.47549552309758
-5.69703808239276
-0.743607051143268
15.950144046424
-24.561260143437
18.6800231368553
-19.3829159990478
-54.2255615690071
-39.3634032853911
-90.4464933238155
5.88737050015655
-64.3324020576979
33.6574431897573
76.3567990303745
73.262369999613
69.1667666551315
118.949470506519
187.942787236223
123.100654722362
111.583545003112
77.3062582394888
58.3849720595173
71.3726580960961
-25.8570725687525
39.7977906414836
-39.2485634161235
-14.1722647385547
-37.8480879495061
-57.0743662211037
-80.7552625082361
-8.22558135263782
17.2628631513788
36.0196530770592
17.892971219269
-9.95959560227404
36.0706806525985
184.574883670041
168.5956691584
154.440119701989
79.1670614126445
116.132733683316
86.9883360589583
67.7676130435862
-68.6968882282878
-34.2430463068748
-58.1939964309629
34.9788966192515
-24.2219759936617
-5.94238595340504
43.6139980001295
10.0977434132039
-47.191506641005
-85.6000316585915
-42.2924171086019
-62.2515461261634
-73.1578698572168
-25.5903326443549
-36.6236161358849
-59.2842169954856
0.788796535105879
68.2309660760916
-17.9455687088419
80.2943622545894
36.1467597822449
7.25678389392969
-37.801452513983
-101.090133909981
-80.3088144028869
-146.074335011009
-168.850164029914
-192.753686855759
-212.3557034149
-178.843503593651
-200.622954553255
-253.925623126834
-234.138358678562
-338.463068004393
-307.168550377299
-128.433280030082
23.70525184225
75.677051350677
56.1726118691406
-31.9228082680632
-64.6219428334121
-107.285312571314
53.4486101007559
39.6224913838844
92.2371092926457
67.2949931778405
62.9260427814657
56.3922323679484
-31.013015038536
63.8874083501073
-114.193053395264
132.833754891992
141.132908377853
207.447914410999
240.887578445383
203.573021769246
139.496798179322
297.635530795146
305.815783513389
346.603794554754
322.602914240002
269.782393979967
204.375986216435
265.638549430003
179.414369006551
173.870253900922
114.326083506155
54.2451030527231
-2.16639421775665
94.7631857374822
-4.60197776046943
-6.81450821629746
58.0461050380182
55.073556518674
91.5857899462361
71.6525598916658
41.6655715966917
50.6548743712154
-6.75575524668632
33.5864680576656
-39.1278724140331
14.5320395979405
4.69538492673754
81.035133022619
-24.7561298681928
1.83832241761281
-19.9819714510107
-122.186854883083
-146.303110484077
-101.569573685899
-165.370625709073
-84.818446702452
-136.082358282708
-131.612713437264
-137.946884079629
-123.584383732997
-112.432973763252
-66.323816804448
-123.336311851809
-25.7092032604522
-14.0412761376481
-77.2971174716645
-35.0834961992766
-0.843589827331115
-38.7838779923108
-19.5362213754316
-92.3288445168664
-0.78662587411906
-35.090452983896
-25.5708660195314
30.5164389943891
-69.2981536254956
-34.9474557497924
9.31522574839211
-38.7457381027793
-21.3664877626414
-61.2442732562542
-58.0620500942677
-33.6577405279382
-47.1157586871863
30.7495084623505
-58.8987438541931
-94.2133183197815
-99.9339600426925
-162.332839199891
-78.0749664982089
-72.7868797466536
-65.6662791502934
-82.4941589336887
-56.2313212571464
-123.241914870808
-89.7927236364297
-158.779146310713
-104.026008727401
-39.7841870977687
35.1422794874484
-18.731348868318
55.9039701300146
67.5242921823987
147.589267427899
55.3005480956299
185.546981701563
129.920303980611
176.740406551287
182.438033198305
95.5970553724451
183.244621834818
182.249593990954
136.038919788876
275.472664528062
76.8310047654077
98.1943263543246
29.6270037615627
112.766232653158
-1.25163778020976
47.4686991454917
39.4799126037906
23.2229317058512
8.96128143247746
81.98626111508
139.964440249766
99.9718501610351
27.5015069635076
94.8303826735852
48.395330444795
61.5513370355268
-14.5483684143242
-6.39672975009887
-14.8920005530719
-1.05112515991237
-76.8316367765128
-109.24159960659
-111.860442333489
-18.0115698304847
-54.8296231994737
-3.3950908126333
-13.2889470102233
-26.146433743584
-39.2798694887996
-7.94353276158647
-40.4397549162957
20.3343011003997
-51.325653600518
3.74994400467797
-59.4538714893498
-50.5205295526381
-130.958851642737
-89.5492080884876
-71.9186605681826
-81.2922845698315
-85.5483729116195
-29.1983328296378
-81.4008194522982
-61.7858206900371
-91.6369679984562
-70.08054623457
-105.739593990255
-118.159790200933
-129.24790358117
-82.0767321286592
-117.523576055494
-82.7083433074741
-70.7978050401334
9.98793288504482
18.6731281797739
-69.9674918626681
3.28336051179563
120.757939111423
50.7038832477303
107.568882023087
45.3791724151267
94.7780789601771
1.96876216909829
105.733884214223
50.5759890476929
26.2578723917061
61.150221342835
48.5021452939031
45.2462607202089
32.1245813563244
-23.3622584247526
38.7551579694296
99.6508209240079
20.6958844369396
30.6025064401073
14.7345106651119
6.25807379192529
10.0350781598131
-27.0095533189073
-35.3264650284555
-9.92544894792498
-46.6432647294063
-16.6624058561216
-22.3346726877924
-85.3028517744805
-96.7252074218138
-107.632997471501
-17.2767951225149
-33.2485403755815
-50.0240432298056
-70.1933347890978
-84.3798468754788
-102.433675227084
-107.95519302673
-15.978980623805
-26.8639150179854
-41.6821005487879
6.5247819019018
45.7051782388312
10.5816045616916
8.12580936258612
13.5785595672596
52.2537321107128
107.477797051781
98.1947197598866
24.4210730128934
43.1013421268598
51.6218034361892
20.1454619330236
-1.30986216784943
-8.99706894545807
20.5495205552796
54.540642553212
112.998105803643
45.6717908925302
18.904856291773
56.5989142589044
23.6343393911819
2.24335763165827
92.7020625184496
4.66085366440009
31.6420054992617
29.8075281302531
37.4466094786067
65.1976502180283
32.2338629978371
-36.0038854960146
-60.2229777112625
-59.6637444432008
-58.7433101331471
0.0711312931239325
-35.8154626247513
60.8953475686198
47.0791698768857
29.2667159120689
43.7868593704406
4.11126216785904
109.580002710769
40.0823392838021
4.69818784798984
34.2942709756072
-55.860716632889
14.7353579349868
-11.8331122374233
-80.3190452560669
-65.3840353673194
-62.5912551528462
-40.8442989083177
-65.6130998353893
7.41768493938749
-26.7312781303396
-59.3041040164262
-18.4711031683035
3.50011451045621
28.2780148270756
-65.0106630579518
14.5022064496036
71.7451445860642
9.64700998763335
13.2273845588965
28.2485024091502
-59.5692292269645
16.8701861264323
16.2820389985236
23.2418379887641
-25.8210197799375
38.5478190925823
10.5505402944724
0.0453874651278667
-43.4301629221393
41.6806665706216
21.443846531832
15.106531697143
67.1401683768884
42.7478673775072
15.1456410956779
-37.5638090825747
-1.60798724926084
-42.5410633313853
6.01524871046541
-2.15236086752305
-4.6847633457438
-26.2751251885205
26.3730635694058
-48.6678541392255
-8.50735964021723
38.7013506577113
16.8731753692319
20.4230389630828
19.6079457680987
37.4816872953841
-30.7393977428614
9.85973445658268
-20.139503315269
-7.09436303291032
-51.9316680206037
-1.10341019657215
-4.73665155709491
-17.0162020686357
45.0570674352727
26.1100797743728
-2.941974721714
39.1658943638526
37.3071482277425
31.5201108222475
67.1911114744507
109.520289061464
17.8343790949314
1.57563095780563
-36.2969324795243
6.08046631710586
-54.4280581910955
-44.8950096716119
17.8983834251684
14.2256103758332
27.0568699651864
2.42772528633611
8.08970172456664
-12.7774492914278
-17.2358270640419
-14.3669918952181
-42.5916183157755
-87.8427905003325
7.95918835725607
-63.531096652757
-23.1373483168928
13.9267971899523
-85.2460941470769
-78.0503284410148
-49.7969434141428
3.02970902526609
-19.3095861770909
-50.5923127972509
-79.4706686784741
-69.4378547814589
-23.1325594705238
-32.4292512919744
-61.9145410607363
-54.24527114701
-26.8123333132991
1.36293699663673
-42.3453753546424
-9.09452178102872
-8.25538826330541
5.68202920241164
-15.8386233205853
1.83129132769585
9.62258413276239
26.5436228889049
1.99100587119293
-93.0801201216858
-81.4949095398025
-31.9840691247922
-69.4393019025286
-33.9516871961251
69.4143044858927
53.8172611334494
94.848776827212
96.3290949605255
34.6312989330853
78.8751042911369
-53.698799453251
10.7548742207659
-45.838110024491
-28.0688560109675
-18.6021837567845
-26.7601454322066
-163.352831785242
-18.9544684282295
-79.4115092015114
-60.954742659329
-87.5280603770012
-53.085760595511
-51.6104064126641
-33.823204729312
-66.8929221190408
1.02179997770855
5.15172155880832
31.0171161260727
-90.1766933335478
-87.448756586533
-109.007890392247
-140.0412312882
-3.21901984550001
-53.888746826576
31.5450848530796
46.4802179047571
75.0763940957088
120.193480629975
109.202223581248
205.466476776677
168.144933180075
250.141832017483
242.2093896047
209.469553714701
236.478495928759
101.300015800342
151.684807159746
152.405076205488
79.8886988156354
102.10025773204
16.5879705303422
-22.9166066486667
67.1577301419437
17.8330345248612
-15.0206842146444
38.417205291953
47.1391282149579
86.43653857078
18.6937712886526
96.1604782373972
-67.8983808418578
-71.7485770926308
-28.7586021541082
-87.4985830892106
26.3223061466721
-17.8906401595089
-41.3985700490346
8.91235611005225
12.1243531994811
1.96442558443997
-82.3755676300927
-0.938204337659441
-17.7018426189444
1.94837985079835
-29.8669154598151
17.6281240158329
-27.9998118201964
-21.3848060741666
32.4743380615932
30.9801555500696
28.1576434762925
-53.5277566107976
43.1388648152313
-44.5370557221767
-59.1932845946325
25.2691533650873
-49.3827063427722
-9.5288965485681
-36.2089955634163
29.0119340656221
-66.9973107666324
-95.0083536322144
-20.0168249131476
-79.9684881496004
-118.919470556636
-88.2789418647162
-58.2416362743608
-96.8292229161468
-81.5440678933429
-111.6729595561
-123.858521378161
-109.829805943339
-113.130618810232
-55.0467616810058
-54.0182712514909
-43.9882783041161
8.68416433410065
32.1611918879559
-19.4648514150129
-66.1008795855984
-26.2818435700349
-56.5120005991429
-65.9626512591125
-43.5777602077506
-95.1436314940039
-52.4005984128191
-52.833934820466
42.6715443953463
-17.3615228847081
38.9666656125818
21.2283458102717
37.7838637097422
44.2545716442688
7.22159502379169
25.6116948787194
70.7643491184533
45.5938192548853
70.7076707934781
56.2267435519567
-6.54967437960637
30.1060391634297
45.1626024621232
-50.3507264245273
70.7635453303666
-18.6393238570889
71.9924600402492
27.9455538390793
59.2772758435048
32.897088430955
98.0255234901546
-51.8715487432663
-208.275190560753
-89.9417915435982
-10.4980871234144
39.1583582801222
-22.0214323139711
-119.183398668852
-134.894426674978
-337.486790532935
-305.172023111521
-346.345492523615
-473.156859326748
-255.461097721108
-176.701911572535
10.6417799849224
124.428501879747
272.451633934675
71.4686605972957
245.537934451263
415.358513567443
394.095226629156
359.544295231547
342.742531521405
315.713331547619
313.286777611292
341.390447047551
374.482885376873
295.181538417737
357.078938363117
286.658606432836
245.763123672983
199.011874005272
92.2908904578657
77.0952897697516
52.1463139610168
-92.8352860206143
-34.9947123044507
-92.9059081596419
-178.129848204014
-162.365658100822
-251.702093981188
-211.315357587418
-227.377795844251
-121.247982186928
-83.0645661510583
-45.750404736535
31.048089568159
50.6534995463721
81.5027211999078
94.6375756356013
-9.19534041380275
74.2925757341886
13.8369798676698
34.9213974088748
24.6578331527357
52.424124986336
-60.7392837462975
-46.4055521988239
-148.172468363854
-122.331501896116
-209.302101927932
-205.716337044384
-103.755256167892
-139.847394149538
-41.4468172790224
-45.9950370660331
-41.7805873868989
6.71465931374549
-132.166355979805
-0.615151260212983
-100.084461090689
-71.6076790928144
136.680386153089
95.8035673935113
99.8072297556778
92.1523750620744
85.412485299368
105.260477862799
94.1498510106599
137.28466623472
55.4317443985982
59.1821650932266
15.8077352191315
-22.7222898134126
-46.3664804316296
-1.91502431202951
-59.268179077278
-106.927742612692
-122.373334283109
-156.740637735918
-209.094983980926
-156.241143384908
-102.753706479791
-91.3886538819064
-76.6183470428144
-48.2687069538856
-107.83283549614
-154.39063719251
-11.4161144420598
85.483940064169
43.2854941180804
81.9537497910905
-1.00101383338953
87.0600254261553
5.40320537751396
163.329358684102
-123.103422229574
62.000063844156
-178.77170822796
58.1641483320969
-30.714887884737
-22.1811438132459
143.592303699086
-7.32880107035423
122.87235576984
-181.561219545787
15.5635659616273
-143.353824532648
-165.293744930401
-80.8700714913029
-176.164460787087
75.1889099993135
73.1479522860485
-136.6563934278
-61.3554560280456
203.275354718633
-4.69919332529418
36.5441704258536
31.7863555954938
92.3913424856545
-158.490041577438
61.9163016546186
-30.1635937480538
107.661464201981
158.92225040403
178.607107276068
204.256401894519
117.550508735379
176.725983769892
153.928632332277
12.7461783175963
-38.3266162912404
-19.9356984791605
82.6315373775175
81.9455140165941
127.011995840191
64.6734299750283
24.0431134714822
120.833234473491
55.5282483419423
42.8208026605278
-20.225925298082
-23.3404259982331
-5.22219226799623
-31.8293258717332
-64.8385968029269
-15.6213697302776
54.4245446836121
-19.7876137838285
29.0706164073361
69.2838926751905
-42.5876014715307
198.840465482908
89.0963903442748
98.1168606479298
162.597391361547
142.549688011109
124.475446416857
-26.4354333507962
34.5836961676954
65.2916381671135
-82.8905848511766
32.4401936426045
-6.18489637708855
-118.166563923068
-34.7589724866593
123.972407252882
-5.69286154854812
28.1918169861355
38.1163992206312
-6.06470305688701
-12.316896363951
-17.3237386071292
-132.506945814392
-145.491669762879
-15.1081773172765
-57.2660079207191
-86.9821454313013
-105.992145305924
-122.026164462912
-73.9333890966515
-57.0663689457623
-120.330006411953
39.1158680533067
-87.1400181358728
53.3938936522013
-28.1329319757988
-64.6647798064642
-46.9033880083858
-61.5414589454207
-158.874951243092
-160.802343838337
-53.975150663798
18.5950632489927
86.7214979940311
-17.4113811074511
-53.2872785337888
3.44133858248813
-180.965924269912
-192.833172512652
-169.332735404831
-140.481541041061
3.45152561604916
71.9203884941086
82.3733484520466
180.359650023431
115.318198514912
101.903379731147
67.0665607532327
-14.6362514435682
191.56730341659
-337.758119713071
140.347434738861
92.0580065422109
51.0250259615569
66.3411936322757
57.191173991494
56.7925997517236
-12.8825298763896
-60.270668886058
129.564687783868
212.337510203249
66.6740948175292
132.814086002129
49.0262604870151
56.5761170093838
-3.04036196939118
-22.9890673428024
33.0200989805141
-53.7078096051613
-70.3188021574762
-27.2408230907306
-48.8293132930954
110.093874537109
-8.79937312728403
42.7882967018557
-54.2433247362295
127.517002250602
-12.7427674418728
8.98657548520116
-38.5923388353615
-65.2672563613839
17.9552167115194
20.7745441134985
-82.3593722146889
-71.0664399858865
-77.0785227852001
-13.0519414459948
-156.956658749693
16.342033528576
-49.1055334621516
-56.4401805243763
46.2052946358752
87.5846517500191
3.52355690757481
-49.6843539682749
-75.0811710840445
39.0985443929043
60.3482876590176
6.78197348984547
35.2314909150228
-53.1302840925756
-32.8764574645464
38.2031123522794
-9.29549292716119
69.0739362770547
-151.866428271758
79.3502335811576
-0.698369049513829
5.25046600040977
-15.0433311923264
16.8591969531817
10.3749507912858
28.4748091157382
-94.1466304804651
-45.165420454163
-10.9502665522339
8.91406411926832
-10.7933994513629
-110.310393208311
-24.6500697816342
-125.063775272234
-108.619808999128
-80.5157242715588
-91.2944253650966
-62.1112354043086
-57.3040779920237
-54.4857089328035
-104.977838282402
-23.9874245458661
-15.4084766587451
-53.2556378169668
-122.511410301486
-84.4233110962631
-105.167002056702
-41.7084775651502
-118.112709074518
75.9833611287572
124.352612409809
-182.095688000611
144.837297650766
-55.4515288684987
14.3850260625913
84.2113587359713
-20.2555503989216
174.666555537355
70.480957467873
280.552191320804
174.613271064788
38.5855994192255
203.527072067925
6.77070120769374
11.844800080675
189.214528961924
-55.963194825508
123.857326423406
82.4823184912569
189.390491501845
149.552046358692
134.883758620824
111.092270776262
53.7288890392955
107.094958608721
54.2933233228083
77.6105268565502
23.6843706249735
52.482351358555
50.7186766269194
128.029330005169
144.617527546969
35.3094975402822
106.060552350627
68.4856866685579
54.5822487766987
64.8177738210289
94.1067536772982
45.0054653613811
62.8530511882516
-19.0718683596546
-137.011005594405
-28.9070846618217
6.80687564715989
-86.64665746437
165.636475876745
-31.9619581746798
-61.9250785295796
51.0027883963706
84.5886758341715
69.5989357580525
25.7713197848927
55.632518671708
106.62188166505
84.4016142279377
127.586745975681
46.0162105136401
57.2226152219987
64.874680912616
22.15581872072
-46.1962083362807
-61.5343405942996
-122.18752299297
-6.20685049301044
-86.7018553898012
38.2404010870553
-58.738035712246
47.2908407353543
10.5725705624963
-79.6138451948244
-55.0177480751858
33.3667405508504
-117.206227181195
-50.4167728149687
-83.7361751928288
-128.642525136729
-51.2759946652013
-36.733085732171
-27.3318405900655
-95.8325518812975
-55.5568816565277
-97.1943489563864
-155.907567139922
-59.2625774411412
-136.904216493231
60.9566354411028
-76.2984222449003
22.2603610829996
4.06720896094777
-25.8397161195638
-65.8191070365909
-15.3562701548202
-26.4624770009781
-12.2014810019462
-21.6803357750097
4.18278573616349
-54.1182507270592
-64.2041593505667
-66.4972617420984
-40.7806187558184
-21.9523985847368
-45.68358013938
-109.943934911451
1.58213989608976
-46.7961784731455
-6.85296907655948
-31.6181089195019
9.05231955659641
-19.1249641070063
96.749160836039
49.5926407091858
-16.4807435100837
-47.8897680063812
-19.4058183363962
48.5169393048096
27.930634500676
38.1488442988125
60.5438358206336
-12.6859854410389
82.4852537485968
23.4228379911515
-27.738825013037
-73.4835576248955
-57.529919783444
-18.7044400436665
-26.9957440524998
-17.0440032166096
45.8638929901289
38.7977323404825
92.7634467920437
-9.34186188178366
26.2951295870144
-56.484963079624
100.510792297375
30.1836763301746
45.1860384175047
-0.797616145096126
45.2652274406385
-8.04005535653062
12.8396133906905
18.3264606934902
22.2408974901366
23.9817875462141
-34.2289893799736
35.3461986541089
41.4266214901294
36.080150858999
0.963585285388284
-19.6359663706932
-0.776947440843188
63.08424515897
68.4065160101736
-50.1554063121733
33.8823740644679
-2.05568753861309
-6.97805313097787
-34.3860068762156
48.1595714115769
-36.7896207559755
7.88540053971543
5.32645069117411
-21.0920979342523
60.1357629046998
-19.5835328869355
-39.4487258784569
51.8506823225758
-49.5128460802662
-4.47117666266471
90.8142465716112
5.60580509998057
12.522773583753
23.0960295444499
21.6173848166463
36.0762004819437
-30.1832470644946
-17.0463630359399
6.43801925313947
-50.3292882098739
8.61848321447991
18.5189037514332
6.86685807655304
-4.66539281687472
40.9907959850005
-23.7704005066043
37.9728778635801
45.5646293474171
28.9198912278287
74.128839406733
16.3485538366914
55.3728337188917
127.026005460586
26.0885653664789
68.4488999835587
-23.8723976544037
-12.1359758892999
48.5475460067847
-0.649678884801645
67.652909101012
18.6822258960363
-45.4777075317176
9.7352151707159
-13.4881514956899
-37.1243277640809
25.2973474051987
8.21289234644962
-17.4904632077013
-21.5669224252836
-32.0745803282074
45.075513641514
-20.7881955115201
77.6016157250462
22.2145699810986
11.0089063714762
48.6523368736384
37.0830077820035
16.780024186376
-33.7394905099982
-7.53362606575858
53.5806505528582
9.29191441760918
-25.2291538092153
-72.7543404180251
-36.0350831164073
-14.7426803438802
42.6550457703734
45.4821169797803
-6.35118290292226
59.2848985995878
62.6284234196767
-13.2338264649614
129.032391839801
38.1133255304981
-21.1363334227767
42.0400172874698
12.9306464958099
50.7241252287802
27.2115892093546
22.6132759617999
-20.6598948029262
63.4098878504155
-9.43207002556019
63.2305939642163
38.4547416079527
-28.2304883773542
17.9380397733311
63.2291828139214
-23.4284112833906
-24.7723499961759
10.9537320591835
52.5599526137935
-42.6431093611498
21.081382382782
-3.02643432457437
-12.4932909671031
-25.8605811821837
28.2211948733622
8.86396152029383
-25.0047714009723
18.2145587196829
18.2290720446087
17.8028126457706
28.4384952829273
-30.8699595865625
-15.0604416660461
-6.82737677434262
35.5397635990878
9.7604094086016
-9.87074606191869
-64.071009215289
-48.6812520475734
1.5271557634619
12.2861512384621
10.7622495071201
5.6648630348896
-30.6615128154282
-28.6555483294819
-29.0223794858974
-53.0244018354592
-65.8779864549128
0.0379096117812976
86.8082001078331
66.8474747771743
44.9742815690554
18.4643143004572
81.9377925940881
5.1734490370588
30.2126784941084
78.3316307733522
-17.9128984103391
149.412110819495
46.4537402551881
51.2478023974855
13.856722655477
83.0496439586172
42.2694944687936
40.0974953158931
-8.8550648485277
107.607184424104
-10.5525192247535
49.5431079133662
-0.633032317226871
55.4028309412115
71.5616988786462
96.3997018217349
63.7220052208802
83.2090410789043
-16.6802804140324
64.6833022665449
31.6425184152106
53.6714919926984
53.3689016000921
-12.7043081609647
-56.4376521742943
-8.71387753369908
-59.8866198179387
11.3438787461503
-96.5527140278823
78.199952048413
4.9755918039743
-18.024815079475
65.4472622399662
30.890887383023
-7.31137980288182
-10.5580626048697
54.5267709806426
12.7233886618658
-41.8786992447358
9.20650098074889
19.506195260371
69.403543956609
-77.7127477235923
-2.34239818069977
82.2061449426473
75.0769619282765
31.0330594035461
28.2588983287135
20.8522439065771
21.664552574064
-89.9862980450702
-17.9035770177715
85.8520952310234
135.834963686647
-20.049619032086
-33.9545105483434
43.5412498164098
9.39542195854294
10.7768497119085
10.2573284132793
-18.4159055546249
-51.6126953698893
-64.2030668786241
-13.6441525595699
-51.3477360608826
-69.6610435391799
-41.7845297355611
25.6757590935164
-96.231980362183
-18.3315415073708
-70.4266875586841
41.828228559902
21.5034894373631
37.3174389299888
-7.56841397927279
-12.7079194533341
7.53096090114226
15.2403394053503
-15.1976512614735
79.1606391877644
30.5285688053796
-0.191988953842147
15.8652745233084
58.2025933529426
-16.8919658928872
68.1036709502415
26.4688499088926
44.7608234650393
24.0447912754286
80.1093007079385
17.139712080926
44.8058334076475
50.3937467112757
-2.42267692062551
-33.9984141337079
3.9658952886311
-56.9121165065898
-12.5182975533662
-41.6200709953403
25.6405026819895
7.95317621574923
46.9759215462031
-5.52954123420751
-10.6205478070173
17.2590523622082
-4.57501137048255
-26.1547695356632
58.7236341431354
1.07335453282961
46.9284569361815
-21.4342202367818
18.6673940049038
14.7161822634829
23.3718771047125
-48.8643603598841
0.423728813825761
6.74709726501243
-16.8581452111077
-15.2892524402944
49.3182551722701
77.4249170037409
-28.1176064785804
-14.449314753976
-6.8863354434032
-37.2252099858531
38.603226745687
25.981233179499
20.454756726421
-1.94654828337841
47.5771118967818
41.9963910324463
34.6749778593061
23.8221849444514
26.0096117714567
-39.1112265079031
59.5891846746823
-22.1340861471592
29.9877794441906
-18.616827456346
11.643662096261
45.7579770138194
49.1181132631632
30.2069800270628
18.1087057755127
-17.9058389182768
-40.9066819853116
5.27623147714626
14.7008498493982
-0.257050227935736
5.47392559950139
50.1491350552529
5.79509157042794
30.6320551145289
13.7103337830751
4.39785525408027
-13.0714415482384
48.3998618272415
17.3452856876281
10.5488300035919
99.8182511338889
-22.1699495841541
26.5070056517935
69.0295830003899
55.5828226041695
-7.92588592279439
27.4843120098346
10.4365982488024
36.8548878326441
-37.7112632042333
91.4225694245737
-34.7844423985318
-25.5150748633386
0.377261793388826
33.2341611030143
30.640589565232
51.0444702570917
24.5646360903923
7.50834095190618
21.3042937478829
28.0656638559379
1.70352974306548
17.0890192525283
24.7766075952186
10.3941743814051
-10.1461772340736
-6.66658317218361
34.0629069255891
28.1713573783525
14.2412707461977
82.2384734716772
-29.7651175176937
48.1268800740523
44.7391756793317
30.4389409586058
-14.573689028011
10.746563436251
-13.9653668194697
-46.4031909766172
9.33289916720229
-13.0932078420562
9.51919591938189
-8.09114306207156
-2.77122581288645
-15.107059478853
24.773538314445
17.5585035710749
-20.2251963066367
33.0390764200808
3.52570139503242
7.52150011218016
-20.904626361535
78.7196290619729
4.24771443293016
37.0159001541211
27.8234136204462
20.9678469430771
-10.2752140700909
-7.92963978122658
-3.24438692394338
24.7116601305914
13.5346966540921
16.2395650480655
18.6967551920934
-43.6504649662673
36.6913545656228
6.35229341039345
-22.792054253373
40.9879761964084
-24.2677165421365
1.75475171923332
-1.3697468556565
35.7806323326475
20.3473803533857
10.5620566680314
-39.1790721095787
-32.1957603699167
-16.7428475708256
43.6381920882679
-43.3404885627713
31.5215644168085
-2.88018204130923
24.4757725071385
-25.8641985629368
7.75447859311912
-41.7156596036767
-30.7670109623581
-30.609120970194
54.4303143970212
4.9784142453259
44.7448775573936
54.4371528351357
22.1822985029723
32.5999359549728
18.7515047133081
-16.2785969214371
21.8799698961366
73.4172118107991
59.2893418893457
71.9227697865814
89.7786460380142
-18.988250489853
72.6628428198967
-40.5705067027954
14.600012609191
-19.1159059111174
14.8671453879836
34.0273139176613
53.0445267640902
-4.24488232511412
0.411588539208104
-5.50141060993914
-2.74309555342136
-10.4363583378246
-4.43623952813227
-10.3455288220315
-47.7391841690032
4.06429502305962
32.684646491541
-3.24666290782616
24.4762056525895
-22.2343302938691
1.52455082587459
-15.0621952923208
50.023861501532
-80.9816923782614
-11.367458873184
24.5795717804836
15.5134036570853
-28.9460119704617
1.79983664898371
-33.6799971426898
43.1606075699619
0.112058484260339
-11.4202927906256
-9.14824573225076
-37.4614044011524
-3.8429752476036
3.05594425335494
