72.0874710305024
-166.255958435556
-95.5413541329031
-9.59351859404783
196.996456958037
186.890775724391
188.895694366676
-21.9449626642444
-93.5351136192616
45.3335283142605
-8.64588274239465
-35.5699967443166
-149.391173821935
60.3156375641741
33.1525317010342
67.6656905878792
-90.6894140092399
178.200483902229
54.0566250802107
-22.9294374689418
-109.645550584962
102.668925462428
57.4058933476074
-171.633164630749
101.652026730962
-163.45361879907
-45.0698599073137
-342.090125389056
-177.89875401048
209.665552477659
-42.2898759051204
-211.222783277895
-51.8652296824933
-450.685737912037
69.357786196577
-81.9380253646519
-202.269565040807
-198.550969829145
-161.333314122272
-116.866008617537
-257.081653624068
-141.455287163516
-301.757287046289
-287.056556438971
3.92512629229492
-193.349842866562
-6.27885509993629
-197.908910249396
-371.669868517959
-384.915800015296
-117.637179974782
-425.229912116367
58.8412517812852
47.7784366580706
-177.714251170649
-235.204586628047
-206.192051738724
175.058108700075
-144.409108825276
-482.334955984661
-216.047372724103
-315.303304879065
-338.208603689251
-264.141060966716
-132.656775958173
-444.32876367181
-276.889533397905
-213.103933314637
-291.978418887587
-487.079562281814
-444.57156997249
-146.198519539856
-338.411727814896
-353.545620364986
-45.9614343419056
-279.963601003756
-192.957269621478
-321.244033279731
-197.995707274587
-106.630697233365
-98.4873388834322
-377.151052013498
-282.963845565112
-283.216283742195
-352.254230778179
-442.68522880938
-290.201015773745
-265.390231501335
-691.159020219367
-564.211053915336
-136.37700935395
-259.771151890454
-424.35421056519
-136.597130161887
-439.859299937411
-359.882442120808
315.06617099045
792.791169890782
1419.18413887657
2108
2108
1782
959
1345
816
187
162
1895
2771
4044
2909
1111
-186
-1070
-1653
-992
-885
574
467
849
1334
954
932
726
1634
2106
1266
1182
1112
1507
865
-34
-772
-1299
-1041
-1769
-1309
-1080
-1025
-1154
-1160
-1450
-791
-1222
-1817
-824
-993
-1250
-920
-63
-930
-570
-559
230
1010
-314
-63
-318
186
-387
-458
-436
313
-293
1150
176
512
224
-318
80
629
343
-197
914
-109
713
-78
71
-490
58
-197
-685
-334
-765
541
-1402
-1024
-1241
1503
1417
30
874
2163
2886
1945
1483
861
479
48
-7
-650
78
-634
-275
83
669
-202
-222
-587
-951
-395
-710
-164
-918
-934
-1137
-910
-1374
-610
-535
-537
48
-459
7
-558
559
-719
184
-349
-271
-105
371
-457
-374
458
688
524
330
24
595
1715
1447
1231
959
0
-265
192
-101
-436
-154
-134
-303
573
338
-134
524
214
-307
-968
-12
-413
-442
-909
-218
-489
-501
600
-864
-299
-52
-25
1303
-1058
-106
909
1396
-8
-117
-161
194
-162
-494
33
-979
-978
-822
-364
-706
-647
-1231
317
-1166
-671
-1105
-1699
183
-1639
-378
266
-626
-2352
-19
-770
1853
1783
927
-49
1387
20
2344
3345
3904
1686
587
-374
-1646
876
3079
2451
1941
1527
1681
-294
-1268
-1419
-908
-872
-1774
-1782
-1766
-311
361
-550
-135
-739
418
1059
323
749
445
1339
543
967
1172
263
1410
1887
1343
1416
390
-212
-83
-549
-658
-1054
-633
-1588
-1244
-438
-1000
-717
-1105
-916
-1037
-1267
-1861
-529
-900
-139
-620
-160
-434
271
-507
-290
-1099
38
-442
142
263
267
974
-6
-598
-419
173
-861
-541
-836
-362
44
-1781
-121
146
1018
486
680
1670
1068
1076
778
662
288
321
-22
241
-457
-803
520
-434
935
-236
1064
-538
951
2191
-164
1321
-206
122
139
-58
843
-183
254
-277
-1721
-2547
-3585
-1980
-500
-671
-798
-1589
-715
-448
255
1790
2651
1902
2353
3310
1638
1722
1019
530
331
858
593
179
215
225
333
-509
-785
-951
249
-1189
-555
-830
-1110
-762
-697
-2405
-1981
-1950
-251
-2579
-1374
-1882
-1618
174
909
2128
2074
2024
1868
1775
1032
1114
1085
1267
194
231
367
-237
38
-282
-939
-328
-234
-1006
-647
5
-932
-677
-302
-1007
329
-431
148
-153
-784
-776
-537
276
463
475
1153
100
182
-690
-454
-202
-590
109
-164
85
-119
464
-94
-513
131
1199
207
90
-198
-172
-252
-554
234
624
-384
365
830
-164
-63
-19
216
-218
230
432
346
585
1058
-71
146
-10
221
-952
131
-549
-471
-746
-570
110
294
-270
696
49
-78
25
173
-171
-657
-969
-953
-838
-9
-73
-134
330
269
423
474
1309
934
517
728
315
598
-290
-95
-113
-148
362
207
291
186
653
1479
234
240
121
-645
-311
-373
-521
-941
-464
-818
-649
-485
-152
-77
157
436
311
-118
317
-514
81
241
-110
334
-182
298
90
-287
-571
-531
-362
-516
-298
202
720
882
-111
-18
273
315
-145
347
-434
-199
18
150
570
643
39
-369
-805
-357
-360
-410
-784
-88
-891
344
595
-409
-392
360
-431
-604
-19
398
180
-80
-747
1421
520
382
813
2071
1748
1736
1098
661
645
-375
-91
161
-1476
-1189
-1676
-624
-410
-36
-1021
52
274
-260
-87
-353
162
102
-170
-27
-602
-615
138
-620
-270
-454
366
-1238
-684
-546
-471
-286
73
489
1128
620
864
958
1342
398
480
18
697
-94
-37
528
-258
650
790
1417
797
756
26
301
-421
-542
-307
-1190
-922
-576
-776
-353
-285
-947
247
302
423
59
1085
-1584
-59
-433
559
938
878
827
929
721
736
551
378
865
386
186
250
-55
-303
-352
-518
-33
169
-264
-142
-1035
-1041
-986
-1356
-911
-1262
-1213
-994
-149
-119
422
199
9
-828
-392
61
-314
47
-237
-62
68
190
26
-290
-17
508
769
438
895
196
168
-64
-222
-1053
-716
-794
-1006
-1242
-13
-298
-520
316
-555
-16
-78
-219
2183
2146
3567
1164
1516
1526
1949
1157
540
-893
-758
-1471
-1297
-1579
-452
-652
-537
300
310
-96
334
-74
520
242
-692
-532
-850
-1011
-918
-1884
-1877
-979
-1049
-1294
-666
-296
-638
466
1509
1286
1231
345
-192
197
135
525
-537
285
289
548
228
587
712
223
576
453
-356
452
-761
-289
-358
796
-54
-256
-69
97
-301
575
112
299
82
405
553
-255
905
686
217
265
252
-372
-190
686
151
-47
-411
-568
1
-798
-547
-1539
-826
-772
-527
763
-454
1582
474
-864
320
178
137
358
925
445
131
202
238
-359
-245
-60
-845
-458
-394
-816
-1395
-892
-1391
-30
-743
1353
-762
615
232
460
327
-689
-1101
-134
-215
792
521
767
698
-427
-1042
-508
-408
625
580
-570
169
-484
-103
327
201
482
329
360
645
1349
1490
1979
2266
1628
720
1732
1274
402
574
211
-807
-807
-623
-171
372
-491
-1002
-1565
-1880
-970
-1505
-2180
-1269
-1720
-1058
-135
354
564
427
994
1111
272
752
110
-566
-1525
-3023
-2440
-2090
-1117
102
998
1459
1228
2015
2565
2067
2875
1648
1657
1870
1264
1480
920
583
595
539
43
-1117
-2599
-2025
-2314
-1657
-1431
-1004
-50
1179
960
220
761
-599
-768
-46
-90
66
470
809
2000
1935
1340
660
246
-800
-1539
-1829
-1450
-166
-783
-977
-701
-585
-40
-2087
-1438
-1027
1179
1975
2517
1325
871
351
1674
720
-100
-1589
-362
384
98
-91
-650
251
-561
-1106
-740
1054
2076
1330
465
-394
-125
0
-304
-510
-527
-196
498
418
967
-228
559
808
1407
-72
1124
101
765
117
-450
206
-277
-622
176
17
678
-116
-408
-378
-202
-392
-686
-482
-846
-88
324
155
508
838
42
-281
-688
-837
-354
-825
-1637
-715
-1214
-360
-227
812
212
-392
-411
-550
-765
-397
-1215
-720
-781
-245
-336
619
-17
582
325
-452
201
-129
-81
-57
115
-563
-281
-452
-162
-429
-537
-550
-473
-445
-186
-97
219
-51
-547
-813
-990
-1000
-265
-966
-758
26
707
1438
1235
1983
1686
633
734
434
845
716
724
515
1027
713
107
-90
-269
-234
-828
-844
-516
-276
199
272
-164
-83
-179
-936
-950
-1259
-557
-1251
-2069
-2587
-641
-411
690
2059
746
1229
2003
2106
1982
1294
981
661
161
-161
-590
-1164
-986
-350
728
-153
308
1433
-575
541
-819
-815
-389
-1772
-964
-1328
-2662
-837
-390
-900
255
908
-19
-624
-350
-150
1697
1127
1277
151
742
-31
1153
701
-37
1368
429
-388
-344
87
620
395
532
-429
1269
631
1207
496
133
1367
671
72
2086
-290
596
-644
-364
-158
-614
-816
-178
-818
-1239
111
-321
-1149
-625
-234
243
-359
-389
-616
-235
-84
-608
-233
-1393
-2168
-666
-217
-441
253
-985
648
318
887
1482
288
996
44
509
-94
118
2
122
130
329
590
-335
742
-72
152
-340
-49
-621
486
-37
-25
122
575
680
1120
319
33
-531
153
-457
-414
-414
-90
-118
-748
138
-470
-308
-474
-456
-835
-807
-947
-14
87
581
852
821
1172
-99
-334
-264
230
-117
1770
917
166
892
70
938
316
-729
52
-747
-175
-753
-553
-325
-319
-262
-523
-179
-389
-504
-49
-231
-16
-216
-110
-235
-430
-270
-182
436
192
-65
40
154
-284
-671
-163
-99
-606
-312
-38
-192
600
-1187
-179
1090
886
-200
518
549
-211
-276
260
-753
327
718
1337
684
-282
872
683
-93
338
462
99
691
115
215
1328
794
828
-248
506
-826
-549
-1739
-1575
-1290
703
1411
1475
1451
1554
711
450
104
-23
247
237
-596
-397
-546
-614
-415
16
-970
13
-497
337
-74
51
-114
-595
252
-453
-736
-293
359
-116
-665
-436
624
-58
261
-993
841
-152
-509
-466
50
42
-272
327
231
-358
139
803
420
670
552
446
478
266
298
-356
-714
-600
-212
-128
-269
-636
-108
-789
414
352
-277
-117
492
83
121
-409
-223
-233
-281
103
162
-182
-85
-152
-701
209
-299
-122
3
-638
-14
151
333
561
122
660
447
-86
-58
-920
-395
-1355
-1049
-1184
54
585
1026
-62
341
268
826
377
580
161
-248
-158
73
201
590
302
155
170
166
820
346
428
1162
440
846
206
172
294
776
143
247
-318
-606
-463
95
-127
-753
-69
-668
-222
531
531
38
-237
-416
-437
-234
-217
-534
-824
-582
-694
-219
-856
-506
-1004
-1589
241
48
-407
-796
396
636
1081
241
-246
-299
-101
431
-468
-693
330
-379
994
70
488
736
891
1113
709
652
711
1219
434
462
860
617
513
1061
1058
-434
-356
-428
9
-102
-78
27
603
557
950
-27
110
-618
-594
-216
-325
-94
-1214
-599
60
1
-417
524
-92
-734
206
-1814
-2058
-2050
-342
-10
-2429
-1111
57
-78
159
975
1430
1142
1397
829
29
547
1018
1076
676
132
-630
96
-547
-1057
-314
405
679
712
577
394
893
567
545
188
179
-182
-296
-501
-546
-686
-577
-703
-714
-1142
-1199
-451
