-23.0524742336304
-97.5898690910863
144.884120612146
17.2761836242781
146.298134722016
9.5991508472205
82.583296654445
101.553553937761
-37.8287172174289
201.048067366529
49.6096518053677
195.245819177923
300.847559328989
-22.3631464647155
-99.9813954771338
33.3171260207442
3.35751025795013
55.2127165153158
323.680786206649
-160.558050608397
172.452573472704
54.3963728060584
88.6590504054826
116.310817255342
243.385089723462
85.0964359210519
-153.514670832756
-166.887060522717
-98.2867980141927
-46.6659411695858
150.546965469844
144.789182319269
133.428160401082
36.6656293041924
106.376856224346
-185.422864931658
20.9598494593714
-223.048382582179
-201.161324800661
-8.39494793835424
-2.24135944846556
-47.0163931523888
109.964584864983
-73.7450457344421
-69.3194620764213
-74.1937723713224
-174.700272500382
59.8294458629489
190.668347975209
-19.6934214775276
135.389022753829
240.663819565919
-252.228159662048
89.7586475832573
128.709396657209
46.3995482848357
79.0906732707658
206.964344617143
139.214306951322
100.137463790381
-145.165772758173
98.1522860617935
133.732289703445
159.504900334226
-117.344489478698
-82.9435992874238
-38.9069532502433
-259.805504018309
163.379853742163
28.9995727583894
-10.8281982710115
-16.2489153035659
86.9078908474011
120.863026450522
-192.442879404808
130.458927775659
-28.5065286770686
-93.1915288162087
-16.7637132492346
-74.5545500224801
-155.261350994093
141.791834151648
29.060917041295
-286.758561754668
63.6508264634827
94.417451670064
265.460087773917
-326.96237803268
40.1584635046625
339.930508258471
-148.578026976936
63.8318183568955
117.565792603974
152.532423718004
220.726277197561
-179.570474136573
-36.1816873978813
39.3928332944119
-51.8586557738948
-31
-31
45
16
59
24
37
18
44
-10
1
-18
-23
-31
10
11
31
17
20
-13
63
11
29
-35
43
-2
-2
-9
-11
-43
13
-9
5
3
-85
-16
65
-30
10
30
11
-3
2
-8
72
70
50
43
18
9
44
40
13
-19
11
-20
-21
1
20
29
-2
-1
-80
43
-57
-36
22
-3
-22
-4
-34
12
-2
8
-4
47
7
-18
-30
46
31
-47
-11
2
-4
-15
613
931
2283
-450
-1234
849
-311
242
388
-688
306
-19
-362
545
-4216
2482
1916
-2055
1769
-1428
580
597
-761
333
90
-490
666
634
-670
455
-151
-121
386
-207
259
328
-383
383
-229
7
102
-107
168
92
-112
322
-95
25
-12
39
3532
-1358
5357
-3881
1211
132
-989
1607
-880
-523
1626
-1662
-1716
1796
-407
662
-613
-95
238
-459
144
89
-89
423
-478
390
-159
-2551
2327
-1611
1546
-206
-119
188
-122
-190
-122
-49
257
-278
228
-364
-49
35
-72
-113
143
48
-160
14
-140
-155
81
-302
-127
-99
-253
-107
-156
-113
59
226
-34
287
24
-184
91
-134
37
32
9
113
67
-179
46
-91
42
-118
71
-6
209
63
13
181
-62
-31
-94
-35
55
-3929
3295
-592
-1279
511
-427
466
310
-452
464
-101
37
376
-84
473
202
167
210
132
101
-123
-308
-126
-205
-41
-157
-99
-2
-382
87
-95
-313
539
-469
540
-654
-215
824
-309
-976
393
876
-452
-250
1126
1764
-3538
1441
-297
2461
-665
4634
-1585
-53
-5602
586
-472
895
-435
381
-487
438
-222
702
-683
-121
393
-354
304
-282
-148
127
-118
423
1803
-617
19
319
-361
3
38
-106
15
-224
-131
-375
175
900
-575
784
-356
28
-39
-266
57
-28
-96
101
-255
23
-237
-914
469
-361
245
-315
-118
411
-304
41
900
-300
173
133
-649
707
-134
-358
356
-344
103
295
-243
589
-581
-2203
-3760
1017
-282
754
-106
72
26
90
-262
405
-310
347
-223
-130
19
-66
3
532
-1893
197
-96
2195
-816
1204
-427
18
214
-246
-9
463
-574
515
-218
233
-62
-81
-20
32
-86
27
-73
40
-5
-76
-89
-122
-135
10
-176
-255
45
199
1076
-79
-2856
1255
13
-26
-98
-220
91
7
-3240
5722
328
-2883
2007
-1026
-357
791
-460
130
-5
-415
274
-237
337
-36
-134
222
65
-115
1956
282
-602
902
77
105
288
-896
272
109
-243
85
-112
268
6018
-294
-1084
4401
-3574
1800
191
-794
866
-108
-978
2353
-1114
774
-335
-327
492
-668
555
77
128
234
-203
456
-182
152
59
3
214
-208
-33
70
-384
335
115
-90
188
44
-364
59
8090
-6459
77
3291
-1717
1117
-81
-549
969
-277
-208
496
-621
664
3569
41
-863
315
-441
163
189
-250
130
133
-26
159
-35
226
-2196
7787
117
-869
-193
97
585
15
167
153
-138
238
-315
-76
593
-457
-130
507
-439
7
-199
-354
-47
-157
-277
-121
-116
67
-44
-72
57
-20
-152
299
-1406
1027
440
939
-127
67
1887
-3500
-2880
1587
-932
1281
2513
-2046
1383
775
4153
384
-2334
1406
601
-484
-6411
2331
-2311
120
2051
-2317
512
2195
-519
1248
-1526
224
718
-353
474
1980
-282
1687
2393
-2546
918
-1252
1574
-2098
-4420
3133
980
2988
-2051
-2229
5220
-1962
442
2644
-1551
2218
-665
-2584
3024
-3952
-3011
477
-1715
3635
-234
-397
-155
-290
490
16
-259
74
-338
171
-27
1931
-691
-325
-1122
-2072
-93
289
-714
-2947
4395
-2192
336
4535
-1101
-991
1296
-568
1657
98
-645
832
-327
-4222
159
-1380
737
441
-1369
1597
-1347
267
319
-71
174
-225
89
214
-318
298
-295
158
28
5486
125
-920
2120
-3712
4917
1974
-65
-1709
-261
-319
1028
176
-125
-61
1345
66
134
-716
575
-366
175
-48
120
2151
-3667
434
886
-274
-406
1543
-381
1590
-774
-2038
-3986
-576
6134
-254
-173
282
-956
1115
-394
-33
161
-527
196
58
-454
-4594
-311
-93
2640
-1263
958
-1751
235
-423
542
-517
1161
-1626
-334
230
91
185
251
-248
78
256
20
121
-25
-17
-51
31
1174
-623
-1452
-2613
3514
1201
-1512
-567
-1709
885
5617
1148
-654
-1497
124
462
-349
802
-1373
367
451
1458
-670
1795
-1713
-30
901
10696
-5907
10727
-863
-3613
2955
1289
-3449
3107
-1966
2811
-1087
-662
1508
-1179
-1847
213
-1829
1303
-618
272
-43
-721
124
-127
-548
521
-305
-543
1825
496
797
-352
110
-124
113
-2388
2768
-1464
643
-198
171
340
-81
-13
171
-270
132
-447
181
-23
5
94
-58
237
-121
345
113
14
44
-26
49
265
-54
142
-154
24
-66
-57
-82
-38
-135
84
-76
-3
-30
4
-137
126
170
-131
-42
198
-207
-5
1
-2
212
-150
-6
90
62
-26
-838
4023
1236
-1662
2042
-1802
954
-67
-807
330
-108
-284
421
-396
312
-40
-125
117
-237
4
62
-135
42
35
-162
116
-90
-30
-127
-139
-1
-78
60
4
60
-1
-76
128
-222
93
15
-141
77
95
-35
7
150
178
-120
1
-64
14
-26
-230
-123
-119
-174
-151
-19
-13
38
-48
55
7
109
-9
155
46
14
68
67
30
109
-34
152
-97
-26
26
-40
-60
-29
-232
-147
-262
-134
-62
-90
-38
119
18
30
128
94
42
94
-16
149
106
109
228
27
53
22
54
-66
-110
-64
-140
-187
-20
-163
-137
3
-86
-52
-46
-13
94
67
49
70
-35
126
-68
-18
-46
-213
-131
-221
-102
-319
-160
-232
-137
-175
