572.403325858832
132.870579600192
-107.817545265855
808.713323439055
613.349608439918
257.645107026016
-207.690109723107
-91.5588857178687
-243.96637394177
-177.200104281758
-357.324476829835
141.212614014068
167.458025424916
460.836855313488
-55.884487503407
169.665208047516
91.3371927070261
392.717856843389
-324.081009251366
465.854829515539
-4.28387664876239
448.812519212524
-270.186905588245
-216.779320799578
185.045252699936
-22.6852309057441
-497.99098990864
-368.351389258219
93.3545298697306
-74.6252918401068
167.877647243875
138.737275226118
-189.18836158054
116.639213796928
111.893885807159
-157.391211945073
-633.556484010411
-715.152559617036
120.190600105931
377.911963815423
-86.8967658062109
780.060691513889
591.550644007386
-163.049175263689
-929.30117299177
717.313231266582
154.587546925849
-714.735900205647
-217.444850049924
300.882691575612
-119.307309111664
44.4594065835639
210.273181167677
73.9949641544423
856.687762701181
-338.655854507688
-128.794439548461
-797.811268726507
207.54052676311
-96.0679018288122
80.8607186217497
-26.2691089600355
-750.646072902272
-210.780921268113
-115.577010288582
-520.475485412307
-491.102931339356
58.4732640519282
178.762167347979
-706.354409087759
-116.65806844147
-361.738328249456
584.427046191494
-240.539906550938
-38.3713868615743
136.507412222653
-151.436035669792
-81.8829402417409
-78.5258847685337
428.710917603969
-480.189251138332
309.119240769635
-117.253471135036
827.395943706654
87.8920100777647
390.421760692649
296.462546434658
2541.77863455181
-816.256494205627
-1148.15113678216
267.410973446969
-185.65051001273
502.078444933409
-209.695482896852
-688.08081040935
-536.389342145568
238.613550421968
-262.11563412502
1037.15474751441
-4456.29826582927
1547.74335765123
2051.81712221503
-2364.50511347149
1833.63296512294
-1406.56889774594
524.857219448659
609.963430651847
-523.200892878758
-189.375220370638
-51.020480587268
-364.850484914522
679.998964106436
229.952495928863
-400.934166934933
608.725378903394
-242.454407717427
-183.898386214248
764.410292527864
-513.294775254365
25.2721145542198
-318.983985161441
-570.22355036545
65.1351872937348
-23.2676800070668
-410.608603366595
-535.04221680379
177.385324996415
453.230323402446
719.479147791578
585.914825565623
558.152319851166
-225.092577668603
-89.8558142192747
-28.8422348065508
-408.029179308112
3334.78158675536
-1459.44967727339
4842.89183080684
-4354.49887579862
1648.66839507048
-310.395798061336
-1045.23171380334
2002.16466043352
-1262.11159501548
-1045.87145065001
2247.80580907316
-786.495338689324
-2635.13493296077
1093.15945866789
-756.563141571462
294.163656592296
-338.898134824714
-806.617749992408
-169.597773168335
-231.676567123339
203.294603304566
-454.276838918346
356.27251526589
671.051123679165
-1003.94356444315
127.72546090266
1129.26517654251
-2744.525200515
2406.72609425707
-1290.15985825848
1782.14589205811
-435.310320904027
384.762747171339
344.383493548985
-752.951726477485
-531.582614518094
-334.985223728486
-204.410619029846
148.292745914424
-377.775977271749
105.776586753725
343.852873669927
762.966374781778
-48.7393712386227
-650.302634033015
-416.86893894155
497.091045052828
-46.3942847343918
-239.601942253349
-44.4244116360946
287.688298697431
-111.771790278806
-38.4911979692472
-433.465186140365
-160.738618985385
253.673356944569
-1081.15921176907
-705.927698262827
-401.825627161439
10.161755226926
-47.375681538819
-365.02000342329
598.323213067189
93.8792898403802
541.28053717108
-8.49706475531221
425.270971325006
-13.6582899180333
-344.543252685567
-582.09188704789
-74.638149956123
1014.66286518781
152.966969830735
32.443221923855
32.5740483136631
-404.250345881032
-140.559240739297
461.726521271224
-17.7348367854827
409.958525610421
262.462884117972
-29.5236830837749
-108.005577876063
999.87852145297
194.282097807781
-95.9247468612713
805.913232808726
-293.893414422919
-583.513170604351
-3804.62832997902
2601.10869616679
-428.891335192916
-1576.81883691867
272.516740801607
-525.168330408971
-407.681131359758
516.187552610993
74.7454966264496
169.177621582441
-41.9311476513175
393.221536625018
53.7647459508651
674.476368900581
911.020213818821
502.004925107593
-435.595351082694
125.921918094793
245.817418547466
-90.8105488032201
678.213818408148
-282.931621155054
543.217685066272
-836.177799813101
-601.419226495098
-63.0780864495213
380.674243703077
-1297.84207730788
-681.716665459114
-54.2781343124077
54.9621732404245
84.666150737145
399.943556132032
-59.1224764683416
556.78122372014
-463.724721991624
187.988644701093
1051.16943567433
-506.226497538813
-1144.05859271784
738.234010749106
734.374305612091
250.832093326787
-1790.72650049963
393.089146893721
1627.74705646444
-3394.80874045456
1899.81263872857
343.06566847973
2590.85682420677
-418.618563869798
5364.71331445268
-2056.11282553292
-690.221654497618
-6255.81022173402
444.100362547907
42.2413524644809
831.626316331176
-337.789244239575
-668.564086686031
-718.498067330761
-189.785267606159
56.2560560519734
805.8528914484
-685.69182195141
-77.0599861595967
-219.286706332075
131.552637509262
985.108725370835
99.657974597566
-387.293590592023
634.092758415583
-336.868896605066
637.148741561553
2113.49467485321
-756.585773659245
-307.142217613683
-204.445105261089
506.329623483959
1093.22922684759
945.297192239145
-258.558989807181
-323.58368108808
-15.8860011869348
-393.455935934785
-446.552976693449
378.095862336325
543.44424631089
-777.381718450312
1088.27707856605
262.834069636826
151.159677004893
-579.181057272236
-553.970408871078
-822.848945973462
-166.039190647451
-538.097120655041
79.2126574148707
527.589821392718
211.353325467239
-1234.52245049863
-1540.85612137559
-266.676834816325
-758.878938817002
938.361060592784
-653.338183315662
-886.740362453033
491.307338400803
-26.7980011084689
-84.7302323406869
1081.85459806792
-1457.55023975781
26.8618343504348
-168.48798125994
-648.62362655272
1655.26932012323
-425.994431725067
144.13604374802
302.943071983551
-144.377487318434
-97.5854222639414
-685.14884908819
-89.8284376960617
1449.25531114357
243.451150393589
-2938.72698919972
-4066.4011009956
1401.18788297418
-1315.77019122406
747.392007565135
-583.376163368146
343.800844968094
192.477335748558
75.1868486314789
-289.385136245145
473.558430698157
-671.874562151786
887.114920437781
-501.222012147291
-492.433108547814
747.772476894863
-317.178979053768
131.354456143461
416.38082770751
-1689.45444159448
284.22823473413
121.799530282342
2308.02785888261
-345.927025756247
369.784741068778
-254.892733600263
19.9551541191199
209.856340462537
757.208379021386
-893.505432060275
1045.65739149856
-777.298955035068
959.81741350665
-265.684187125753
427.180044646927
45.4584920549246
-65.7431679048706
-144.999727586461
-574.0569949425
-288.260278497325
75.8160178560743
-147.132093858477
-627.706656611389
-66.9059142695208
806.885921900472
-154.262626678366
-74.1355630496381
-615.699923080163
-279.680435852748
-217.238066147748
157.28453994404
28.0575254001648
341.084689095575
336.851075645629
265.732304355894
-887.109623714177
657.180117903228
305.489938976154
906.087746401735
999.218304936912
-231.216041495525
-139.289942118224
-922.11635500911
-3113.47689055182
5933.46759339919
292.74138183049
-3222.76477972656
1389.31483155703
-1100.40255409523
12.1703871122995
1059.80573112598
-269.501506991025
381.857061365992
83.9116464329815
-561.695884571172
321.245066166079
107.641575585523
1.87713274968922
128.181342603191
444.011695136746
-106.07265569482
29.7480787775204
48.3257401804886
2270.38759999423
462.203521737888
-724.483704208524
1057.45557093788
-159.629875399613
563.64540495441
-39.2236216649821
-306.629513046833
-178.153213553512
-666.388330136345
-329.082278599381
121.586307303551
-775.382111489611
305.544018237961
6471.92867990957
-43.1366293744745
-812.892389540427
4527.95715501998
-2462.66057641577
1244.09934652058
-362.479124655923
-516.397826097995
795.805736201327
-425.638655922876
-1021.94379778485
2762.34566635428
-1572.31935962415
-28.0863184166813
-598.744658204815
-8.80292867449117
274.044400475456
-270.683275811626
376.65641004158
359.336882933058
-128.794626836857
-12.4072931864666
-389.764032844335
8.65150337283427
47.2539874762645
196.386069143892
353.272084649923
9.1380024505959
865.801992510933
-11.887262641887
-559.341384150952
123.816496545779
-355.330912511847
587.870757488423
-433.8041285305
32.4102914462149
189.789397902437
495.718399623183
126.357440347842
-321.139682107524
8411.62436844348
-6003.7448637648
-436.622779993181
3705.55052067048
-1009.4541570303
774.754614582279
-42.9225614150857
286.182395679017
1273.26736627346
131.103816147111
-555.261516591149
215.251073385278
-15.4857132346175
922.875946875374
4489.58781789501
203.889904348184
-831.817922600884
950.35169315183
-1320.95283277589
-181.376425420785
-267.629836638772
287.769424199796
246.424772039804
856.358301379037
-255.33085921717
-35.957238942588
-133.803774960895
183.763306975767
-1264.64660005778
8688.23094162267
-294.972936054054
-431.668382577702
-268.759927751486
798.265305908457
678.961561006784
-434.482759901067
852.203993022459
-611.690022637722
-531.972313603382
833.529246780339
-331.809921557596
-534.853098698041
888.981855250441
-295.321224354155
-239.756856041527
585.479167068046
-1129.38099655185
-1070.50220295813
-1372.57438573993
-778.223150369849
89.44670372801
-467.521225078626
170.627748251054
176.49757955293
-390.109529685341
780.503959595554
615.576130850463
-865.383636232966
-190.401828797062
-511.296133168276
127.373712548245
531.883470021344
-1554.9066151242
2100.62506184684
98.9072081946451
544.35581205952
-216.685780546927
-571.197414817569
1244.47069180014
-3366.41359415757
-2452.53726183678
1488.21318753973
-694.202447544946
692.088522823663
2591.53290056863
-2207.50429305396
1205.17847118283
829.881434210266
4239.96878987542
-262.740335154766
-1348.79538868362
1451.50020763106
1096.29718356673
113.939198604001
-7106.16574409365
2684.98468944311
-2830.23953563059
124.990132157464
1279.52337098178
-2175.05450378293
-78.3401990014405
1802.005901368
45.3475330065941
406.010519646971
-961.671832118186
446.795234957293
615.591692489391
370.19011497624
285.403560727421
2687.71954613313
-825.369993673686
1550.87337095246
2577.32109421456
-2239.24781623076
831.415033744375
-741.488348948336
1433.15939633551
-2776.55545646087
-4457.45403415253
3396.09247618819
2066.02278196877
3148.04977298404
-847.707883563926
-2121.90335475854
5176.19709404429
-2441.98297492505
-104.953791180588
2706.51215328213
-1732.89151153434
2703.98121087845
-13.0594341821194
-2613.96725496034
2822.021502891
-4554.23790602278
-3042.69937266682
-185.170001005038
-1400.04008919
3745.72442500345
-859.123406602327
-1167.59430414504
66.2634379748316
-855.434259535363
277.626114915555
-239.135878101859
16.2031672102312
9.47689646342683
-159.347862075288
42.3050888255042
279.241514090645
1857.80160348827
-924.318513943725
-497.775546577037
-711.099565760679
-2270.20660355375
-393.855586116535
-24.6038520291852
97.3224442200097
-3733.52583265196
4319.39140938626
-1304.23903755526
477.350309559808
4428.84808109515
-1417.67890244216
-1519.40430912081
1718.42429768495
-330.324984177041
2776.96756440822
70.3944278347739
-198.055073565493
842.942855056497
-140.296211394832
-3983.34968341766
-359.233196929867
-1149.2254248655
1407.29663290627
1056.65842629109
-1724.79991115348
1707.94288679438
-199.235815254274
658.162073875755
622.520964808045
-207.047850622745
-663.022170260265
174.101052871841
-207.631045619762
-27.1943760789154
502.582316493881
1007.58820164831
79.3576818186975
-241.548092016916
0.301998312465379
5449.97744479528
-21.5148096051068
-1180.41010265872
2579.85029962849
-3719.87000768429
4527.39543402275
2354.04199215875
-201.688464302456
-1261.12282725519
-557.178112882706
-459.012048197317
855.455816391969
750.315802541555
-335.799647047638
-817.963330538615
1000.60536740501
-527.794508569399
-531.589816907186
-1479.49132568374
1103.32633222238
-809.998532049305
949.339828928605
-48.9182366843864
644.042600310244
1946.70238388265
-2845.15713845964
-146.901877792922
1236.54858137684
-466.93801921271
-38.9938144204182
1285.2079974098
-494.616143742788
2245.64468838916
-1177.09511955448
-2621.47953681863
-4441.31945679725
-1072.69478530734
6137.21586715025
-596.733593328947
-418.212757911388
88.8411047240286
-1493.52101051323
1610.88121714601
172.648175376555
-1080.71705495115
443.493154019847
-737.5826050281
-493.085009806451
-182.565476068772
-153.612502492909
-5263.95694561644
98.7054319032729
-172.812567441266
3017.93574324077
-827.212233747854
382.520686203125
-2121.63164872806
171.198213986825
-41.305744589295
831.375552108952
-1015.957554374
1454.44979398782
-2040.62268936597
-472.029443865532
-18.0502889979028
519.209016088333
-225.117696714371
1607.18003153553
561.639300437746
783.280687741029
218.758592407778
-517.016345833425
-198.106957183111
-394.130732988398
267.703531471099
282.884031419574
-36.0651108586921
726.313127304384
-1514.86761638872
-1711.59744987298
-1347.89144799719
3681.3447116285
1747.12806179052
-2251.92036490951
-1226.17728667735
-1302.36619182388
597.931333793653
5174.89997652318
1749.4603072901
-830.502655748361
-1213.89061196144
316.86479062781
-223.675951127859
393.913973480121
437.225474518654
-477.565804359501
240.880657248948
783.971927906666
1740.4410765981
-43.1956894382319
1265.21088696876
-1211.70458218213
512.845487688249
88.5110693631418
10097.1174135173
-5423.56558856549
11081.4656846649
-760.23519899185
-2725.09063189318
3481.49389589279
412.40223645883
-4474.73829009838
2922.37913814005
-1668.50132439133
2521.20123079197
-983.010963967851
-915.075182838319
1554.37361921595
-937.900711139397
-1978.00660492603
769.020665656857
-1050.95943852964
1161.71291793138
-593.867075961442
345.145328413052
-428.7768912735
-739.528418474209
125.963896673002
-3.11571729349562
-1097.14285874067
462.045010408202
-252.655353403209
-480.304807126894
1335.47785395032
948.193081029372
778.235637520825
102.261700461942
-24.8915998834948
-508.449269718285
155.53831388176
-2891.91773686598
2098.28096991733
-188.760102330868
323.806749596476
-514.722268067832
461.534206024303
755.245515689008
-814.679282280458
-85.9371217981204
-729.04451980261
400.345430044934
244.997156507097
-472.463769416635
-346.451696133511
-377.554627193385
49.1577284227271
924.732975782242
-59.6596800107204
-36.9228627404504
-256.214675571101
774.307763954721
-1409.29206003206
-73.7469728464247
-436.462109685139
175.978323523453
579.31928827064
387.817071081957
317.927051764915
283.615364572688
-31.9897599680194
-337.511716336121
-490.816704822149
-470.493761386796
-195.575549178586
-570.383902458176
-130.916789046439
175.675306595205
-462.502794495383
665.218436011414
-669.067415149114
-195.729463627597
67.1030897986423
23.5279089356985
668.089624566097
472.650318518839
-856.852865479303
453.230408528693
-910.070124532802
149.90603921251
4.81788879577489
-456.748121044111
180.615465621165
48.8269935757429
-248.093311243284
-140.275062714941
-443.11818749834
129.06949269786
-1031.24325286262
4160.54815779609
829.115319814749
-1091.01992189145
2191.15506970994
-1712.07512702231
1577.81169042257
179.799577435152
-747.444406376767
793.244928377674
-30.7028774827948
-89.3078011899498
930.286967048221
226.197001922882
237.234518497766
627.515241716753
-1008.17010072419
-238.72898086714
33.9127232871812
295.669807834611
170.266562416847
883.384502011552
718.571087323016
-72.180324082823
686.89589815085
123.619858226167
-113.788864831956
-641.794949429942
-942.607723870314
-496.011148214782
-173.128341841475
740.664217222435
561.722362868577
-112.20013533859
-551.283784585904
-435.406063114986
489.677593167974
869.974568744244
-382.70604735686
190.281803368399
-15.2519993594578
203.727875099121
522.452370553772
21.7481075729005
-426.957412713487
422.506035672443
46.1789927236988
638.586887726785
-19.5104595648424
43.4201181067963
-11.0440031258132
-58.5929227354405
470.388050548037
-481.393604904105
-298.640568774238
182.025196603268
-843.116656486649
-7.20741060839416
-232.799349695057
-575.669483661337
92.6148698995752
151.420439119634
252.427422235749
643.341123627867
275.428144543811
-164.356510744747
-13.229079085655
-50.763445439826
451.517477665549
19.9665785297891
-96.0843821930033
346.384537962642
480.568978491556
-833.303216826385
-203.07719581749
245.677632025468
236.310635291001
126.251980329646
-224.775047484835
-29.8159443610533
-751.391527519135
-613.621406553287
140.026050637875
522.724281907782
184.814347253224
85.7182470918307
-708.745245467287
-383.242600276995
480.87611473299
519.770382401083
111.156623703028
515.546228960358
-862.713229613124
-74.2887865185351
-234.957791264868
25.7524337433028
597.969385115877
-42.4248413292561
-501.402819567831
-282.401388655198
-32.9748525769639
-100.209700356802
-264.843942552299
740.841593724338
597.562677649214
-1011.23156834753
197.792300092441
-735.054291748831
-615.461760791379
103.94990901086
1074.68614253391
-258.251942700649
-237.8336277036
-415.840868653568
94.0189917683899
-178.635471876219
-388.984247214097
93.8154766218285
728.80000312706
-269.130379707984
-155.978666261521
-683.410163670503
-597.395916185272
90.2890773685094
356.451123854418
-446.208785503844
227.270446669021
-807.180895391152
330.396323790421
530.256199920419
-435.76664198102
-584.561244425141
13.0852377997277
-275.413302013681
24.1709877661297
