317.644932676401
459.247308211185
-83.6147956118382
-230.212081467148
493.270759307955
-191.286126291594
-45.0698938270412
29.0686746264586
279.285791332616
-338.536175591343
-165.547685737778
-207.698359949904
233.485421556326
127.981470914419
-162.645274176895
-249.701140618684
175.882598693944
276.944206915445
505.090976337548
-332.109651715477
53.5730268749501
556.423712788892
-153.368898963533
-318.684260286654
-239.684272401872
432.831530472
-56.8250586486267
-222.108991800617
144.547305854757
146.569069782306
93.8205534473071
50.5762420285058
321.679724637127
-156.919299382509
65.5048506837315
-141.955684294827
103.868971469905
-142.938738913819
-57.372915332257
54.4185103470639
199.219209698173
458.330052310884
468.498614794389
288.348826618022
491.50177658315
416.112906829113
304.748897402892
168.836219730198
193.67498092651
-23.2034463528874
93.9160729896383
274.920310289354
245.81977137701
228.923934430508
107.657142323153
152.266362811052
108.101190051131
-345.973132476754
-307.482748321137
-593.876230228693
-767.723761358522
-315.535935544988
-362.374467536749
262.324036485759
383.549837118024
-163.706042599268
290.902946794819
82.2903575837068
-172.165129761581
-543.647982692642
-474.657591189376
-378.607156433807
-790.90946858798
-265.162210676131
384.565538391532
-415.42389950947
-106.794387589287
281.291462736966
504.351568836933
338.096899351421
521.403614303712
-51.5979587180864
274.607580959564
-73.1021467281951
-119.282404840281
-171.759986005325
-344.170932512254
27.6527623710855
9.12268429587462
-484.264113179373
-693.899604010766
-364.723880985477
-344.397990419079
-431.954152084696
-85.3406867890722
-58.8702395359017
-164.880559275279
37.9599024666292
-46.2007679835035
-253.998684202208
297.042430530094
99.6077003833404
720.732548416217
423.566220278872
224.101978696097
493.860006232909
29.6586973609118
-488.122635060513
-869.469981593944
-1653.20427785312
-1086.66024556295
-882.599152400272
-262.85566727747
-260.868317816717
232.137387655916
562.002493175321
550.857543105376
607.761565674859
308.863570203161
326.272329285869
511.295424581995
803.844136558473
1122.59850654072
556.002065832681
1046.92659598713
720.881507233119
443.925085027656
198.723885364945
68.650392277128
-253.243573131213
-522.134986662469
272.479357993747
-47.8176368193144
327.16160224104
774.998620590364
475.688800481693
739.003617878626
586.701171354279
303.391083195034
-89.3586563491354
-338.127327638297
124.103322128575
508.333137268118
-122.012619492461
288.002676680879
12.550292566647
-327.648659387845
-321.099818399461
-754.399154579183
-1029.31592426492
-342.158304601628
-401.769183002976
-170.341097244622
339.617206229872
811.991162408276
-1.42694712830317
709.7288041195
332.9385693147
260.176664714569
-226.741969447958
-327.43498364151
-636.759059811267
-443.727105942686
-537.006390583876
322.438175068423
236.328951571871
307.382495357881
912.443044557874
500.679378366753
494.949576590807
778.149116765545
661.866839446619
362.160866268519
-475.674446002529
-472.69083505407
-787.90640317447
-828.124980987102
-993.600093211158
-453.9701223068
-701.375803090875
-555.666568451402
-353.287246082549
96.1405669756139
-313.77743391538
-542.037573547531
-246.841746265797
-475.848574042808
210.848533456407
65.3351100564784
-224.015408827157
754.898904261329
26.4942588408947
104.719418567277
-27.7914889962588
-474.592175541973
201.429651251974
-507.602124704385
104.116947340238
35.9749416073464
89.033608263029
15.6958127038561
511.073965053061
325.142130485215
15.3298485912544
91.4700969223082
-430.230766311022
-126.735082730579
-226.498663542805
-398.974718112297
-83.1466458263639
470.567578976837
287.557201873918
-323.592813175432
-411.607708787575
-82.2024834855554
296.465481668125
69.8831063383347
359.253258276031
27.3227860471987
353.406085996878
295.334852434362
103.800426140448
871.110825154791
444.261243617464
400.258094648555
488.239349247766
-80.2388634809031
357.317356715127
889.067638314315
-121.051309759586
631.680345649223
768.555701272659
137.974371155925
783.725736729529
857.433842236137
560.591564782679
908.451773139397
633.194709561626
891.663011296868
104.869607711528
-202.651983743778
-474.939809254986
-101.625750156344
-502.865007185045
227.684360032289
666.474527733962
568.387718308431
221.097799434707
253.682116445815
-202.669125487414
-127.140030232909
-46.7098779852513
376.833378577886
96.0047540261467
-172.534180177545
-442.964428810172
-464.408692776497
-339.545826590117
-219.389396762781
-832.857919586978
-449.945676175962
227.707733252652
-11.1813499864316
85.8315710701061
651.898160149297
-6.59893329291683
279.430613948948
-408.125367176412
-211.675142845634
-1198.6727193281
-1697.35320983022
-1514.90058342874
-1313.46589498222
-1080.42920688766
-195.904274907497
-367.755381332998
-327.50911001253
-71.3289622544045
29.8759481360216
-415.004609917992
-643.296199814948
-482.722455704101
-65.9341212778801
-159.011451270148
221.315524087028
-31.0968381325698
297.379020199139
518.939850119674
356.24523894796
114.07074340533
153.056137102153
-93.1486923869598
-385.641830799987
63.7779342635065
228.293165461413
614.746068457929
1140.8098072425
716.687751296153
1213.06842696984
757.882443632295
879.618069750732
1201.3074901314
891.766548336471
577.981420925085
579.520155988414
482.637755259413
1523.10295465803
799.957933975417
1206.54905747392
-6.43046355976517
170.731654814075
-40.9136415940044
-629.608196155549
-273.388937556407
-266.494837015315
-1070.45068899996
-486.754690605557
-1334.34640932888
-896.172873752096
149.067387605055
231.356002704913
-269.009184730991
170.326068947493
-126.996230850491
-537.157599261079
-352.024951547878
-342.745515198299
-783.897098327045
-388.926767076086
-329.508971636829
-660.56193229979
-702.467679525316
-583.059565607483
-1025.28631912095
-2139.76762881024
-2766.29638701925
-2152.61901710074
-1405.68967677153
-1082.50403299087
-150.731924877942
256.256494344757
707.842684156511
555.227292424859
197.862832131358
77.742446472276
-35.5919092464622
542.052476116572
-16.4829946899957
518.144342882897
321.747112299664
566.65591975812
934.394894322237
1192.37538673104
1190.10036143829
956.418310760807
1095.40195749206
1269.51436505801
762.871579621755
655.596414350611
943.210009514038
671.108613090937
972.354733485817
1246.36024869799
870.507710252741
1035.26727192448
702.806260293323
-592.495867667503
-1071.72960694354
-1147.40775812618
-902.131537385552
-939.221246549957
-113.00274192785
-3.67995078302232
-123.913236794215
150.043840169644
-130.370688111359
203.961905955065
-23.360777850756
-119.390979542178
-6.08720233617126
780.392861358402
127.369949321474
273.172669755808
-128.225711180592
565.37345034149
-142.081888593612
449.192766137436
-315.821984295408
312.993792406167
-386.454726702139
256.6471504595
0.150458642610651
462.059342666235
-217.975445170643
-139.544568919024
-305.582665725848
241.692733711482
173.125554265825
256.801887000094
91.9994328173784
781.058331558642
393.36685067699
17.4461185861153
122.300429115721
334.29306664245
-645.829821069217
-156.818018817517
-342.757097771163
-147.591476067015
-284.834025501848
11.24304830984
220.806664362006
-380.132005217229
313.569480822322
644.387598650025
580.962013456336
-469.203354892029
-314.958752791388
-962.063314979758
-953.2786948646
-657.922200929024
-18.4740136086868
-181.150966578958
-17.1822909032803
53.7316214200241
-5.33377604741108
308.955932732612
222.667945069841
337.634439392184
-563.188787143227
514.059644845767
1026.04897927184
234.022784725286
-176.008870574512
791.600553880888
-200.327917445202
149.93176152538
-99.872817943161
-340.874382589582
-523.980379641544
-516.995414084594
-60.008051981096
42.1131331304754
-319.527491866323
163.864045159234
195.283007606716
45.9414396448056
-622.369236679001
371.213290285334
385.054365376893
-61.1290180123205
-571.907997453424
-110.182810118211
-53.2910810836114
-31.7320249461205
-402.219453127478
332.540794068532
26.6783337005943
-360.57026675067
232.64910283063
-201.991716050093
-132.517904595464
-45.5591659979226
-117.020843878178
-44.6347221180184
-56.1636018993018
-532.029963018984
-228.264110772028
756.261256998991
-532.468611142423
257.425263897897
347.037259077029
-412.759258325078
-453.004475408755
-207.342036797705
-488.705810326929
54.5678845743166
237.121815877262
570.031977241856
350.928352109482
63.8038677570167
30.9792206180588
-416.911618501234
-308.669175801996
237.317186634287
-499.850249783948
647.791279423958
867.446919023266
489.697838755043
-576.689038978313
488.66176663854
96.0766173810006
597.997066583867
203.328002983021
1022.05873494181
-356.101895060708
565.655851762869
42.8348309358997
464.748564648372
-49.2665983028329
332.173628936625
568.363416204837
-727.427307023934
928.389068858943
27.5135552910331
-390.604444747343
-197.331590852635
-660.125261089202
156.934885538384
-825.707247545386
-573.072099880391
748.694664074318
-293.211990769029
574.766282892921
885.854918731512
-625.493561151481
953.395647788642
-313.117097234466
634.713901486061
-1002.35033197433
-750.285207408387
726.025276042179
228.218546949552
899.821742222215
-294.896127754103
-319.343715892069
491.03634617098
-618.251780500445
-289.357443788041
-842.335462337227
-710.448354902196
271.306705169768
903.192449105154
272.105040964706
1024.31708370821
-655.076130254233
-200.175413830489
-339.686043246314
-384.810984519709
-401.861669717102
121.030332142854
-572.504019913325
393.574523325972
436.138958333382
-560.831122425766
-104.99042188379
256.461131424424
-296.614494065307
584.972935398675
360.839373019929
326.623444734232
52.2367585260096
1319.76088978382
505.389056350088
75.1062699009006
0.240761609892093
410.593721473646
-999.553855992408
-223.968964869843
46.1473610093735
-634.924208767134
425.746754731926
738.939496039211
693.869091443231
104.376070838418
-121.131518831659
-138.131213671614
-701.518921492924
147.605807869353
217.582165867861
-205.880335071073
155.832582310394
482.193375788397
-175.657164348402
68.0104947765772
706.647170071856
-90.4993235219451
494.956471669228
616.04903775798
-137.575364025045
-600.377287751712
-553.312536549649
-396.584034993288
-510.201405843246
-395.945032990911
-713.361903569696
-394.146962305143
20.8299066082795
-47.2920507577896
399.739558394482
-311.215392777182
518.910579295977
-652.710445896132
-956.791542995849
-296.887031745284
-853.422924869305
-595.528109094091
-1098.04004393167
-134.677433276026
-507.140399623474
-748.945724215426
-431.848851622249
318.307259170612
92.1115906238982
-355.262116303757
-196.897237317607
-25.0247424120187
272.939813732839
680.608029597859
252.582224081255
250.609599482766
281.100772489718
789.006984429462
43.3600284877254
236.024194797085
-90.1741871771053
450.699814314215
879.862813387978
-420.496817794053
7.39658570052099
755.669043918871
-251.17095360004
144.357680982788
18.7939885680746
-196.157755178263
-21.4056297668678
-30.257612209481
204.983783698507
209.996771562326
475.031835489203
662.908795616899
-397.228229253697
234.544594262641
411.265919146791
-223.052689479737
-527.138890491674
-322.924697368556
361.293316027261
262.499804464984
-590.38473322007
-117.014195096757
104.691487081522
-353.170887377028
-222.379590413869
209.926622416556
193.615538265306
235.076597562975
23.1518976826197
-252.378842040629
249.112733368223
3.32640599418071
-136.823989726427
7.44173369178485
-457.943489211215
127.971590612713
-49.6721463754012
666.111700161085
-99.633587310734
277.92463541782
-144.362158915901
-162.025291503339
536.459735701724
-401.40231288755
-151.721129827725
122.307219594843
56.7376942005335
149.290358321906
-19.7074653060911
-51.8841300319769
370.239994502002
235.988505209869
18.4655995350327
-672.108592738843
-414.05768915035
39.9166301518671
-541.249998337989
-56.3723622672642
24.9899014978624
776.824997585866
254.052239460226
708.659608490896
-102.567007156502
650.615389639777
70.3718951367665
-182.781605365891
43.647312012628
209.262390666977
-222.844680831406
152.508801792645
-215.348097224707
220.080691935513
385.083885008716
278.491567838063
-101.626019256732
401.810836971115
-333.777510614891
40.7228820597865
-229.887899433584
-64.5093893639865
-408.917822858975
335.255323644154
367.083316596996
294.320284529817
18.8395533763387
-92.8050254192843
679.922074357166
178.556791760542
-204.808127894197
-104.383140905569
-265.533319604876
-158.753654300472
96.2008664862557
124.468984087526
-171.345641637967
242.18760583636
1020.02859988381
-45.7100795364825
277.165678921018
325.650139870782
113.11810715276
-192.654359491936
265.182869436708
105.092176600283
-198.05602269151
383.410264069459
221.324282541315
-80.5919593443908
77.6636761388798
-554.519728139077
-475.159469615982
-74.269795331165
46.6970268645387
-104.441973423319
113.285857943982
332.077588671746
108.999814068397
-379.412562912742
-52.6129444443682
141.916041063413
-581.778267135704
-66.8336057115146
-386.886745812832
18.2657704867187
54.8213433465389
10.5907243672864
-155.520822857895
-165.985675903924
-265.565306278569
419.441011801921
162.68251396372
-125.751364666455
5.81656646339833
461.253958547736
-405.779384042371
160.719939360946
-345.014634008636
-275.213131761802
-131.203775958144
-51.9757806930835
47.600331634741
197.764170745616
-12.8835779703231
-70.84953275007
-183.257909284646
479.37544289428
235.452713171687
-35.3042693900899
-2.39216933607746
121.994465546051
-68.7341514069101
71.7408344791185
-117.721003077907
-97.6162989475011
460.19853837917
-7.26837083162025
388.798451161525
709.292040749616
114.777483496401
-138.10491541027
-507.212223160895
-378.349933390395
-328.178362020298
-109.448187078415
-63.6070933371432
-461.21606941256
246.409169994395
121.975954282034
-448.7898945294
465.475214199586
127.404650029231
192.36410930451
235.851167503011
166.959781650231
266.5370352551
423.740111668393
75.3953334926894
276.472297895477
-325.107262886559
-776.71713859558
-349.693123142074
-108.482181011609
258.755087585251
-164.171011038224
-302.819799246158
407.0906164744
128.937858851425
785.619149336558
-287.347961583154
339.751607526856
281.733375528255
-194.134277061749
-532.035867542795
467.295291991664
-137.563393661913
-94.0871868906187
334.478714553176
-506.858085054845
222.726689013868
-85.567498536067
27.8246352158152
-145.14545200035
180.305949627897
266.003993888925
-36.7652087156729
-554.952089034694
-885.777109632155
-581.088847682534
-561.573005638821
-288.225451285144
178.605806136959
-107.002668249467
325.540993296089
55.1483754021727
-131.560087045598
170.221439091051
192.87405292814
429.105240911414
-189.532943848683
246.694997193223
-134.237660768081
-82.6761861877488
-268.136004413429
-538.10245458937
-86.8441794185266
-186.18217410676
-272.808802193764
415.835514524251
91.5319011339642
-61.3282992094074
-751.536822775151
-66.2890691610231
-115.172183269387
-93.3615011676651
-376.576707262616
547.443795878262
669.153524237824
299.928157307962
535.043766013024
67.6576179602455
-105.774213002229
-339.472675019071
-440.870978293879
-158.313240871175
-180.213623797749
74.2901297440879
12.8293200832704
146.551805455189
510.982067293942
293.303031127687
-356.537283361842
202.457848173616
-355.481622150238
35.6133352524661
440.279547988707
537.638326954003
105.275448187016
149.069349079655
575.794250494739
245.165780791772
-497.514427017135
-57.1113377241983
566.780369085016
305.603316572075
179.069378733889
417.178985261893
143.984384448177
-1.447969069311
618.153582902682
356.022190427104
330.815341795544
660.593766134681
-71.0173432268899
175.921400546902
-125.551319771233
210.69219007183
28.7539438439901
-12.1857204661451
664.402347977292
528.128040013024
-490.688866586626
-28.1872167332932
309.318153035814
-290.983967700833
21.0366800345973
150.920595804502
-137.871858548593
-41.689429082223
163.926821176662
85.7898981388648
44.8271148225341
-44.9714209383712
354.425867025189
-15.064027617652
-79.7855899960824
-21.3149692223153
-99.5343736066899
-11.2710318594938
416.41618758555
-396.71249472148
-225.950711500784
81.6655279367688
-554.125789987425
212.713977421279
-194.828308780633
-77.782752136139
-89.5913270483367
137.566452691886
-253.486824211368
-240.060742365504
469.814064409184
191.666875611843
97.2583049793966
171.29080220363
439.364940096012
-600.891018890603
-448.657938642658
-568.027372398657
-499.887846919995
-524.981561624311
-92.8500540652828
-445.664373520038
-275.699995613506
301.421932924486
334.660742467755
74.3685050373997
-40.9295815047898
-142.528923668991
125.49174655931
180.811300715995
-561.909028382894
-382.27415998513
-399.329098925999
-374.252724463677
-534.294728942664
-306.355726701382
-53.8941186882499
-153.194879035314
-412.637442573549
-361.280831836736
-299.019794703085
4.76255273702285
151.061733022063
20.511491983139
-159.375280698588
106.537053489926
581.544069288244
413.857362132595
155.264850418333
-73.1640878668917
110.875184566627
194.24080821257
119.628242869609
235.192531559048
335.838711693086
510.219725823003
18.0343255743142
12.3356526361722
342.815900974099
-135.666258320617
-438.840941867232
-197.293376197169
329.589214438559
713.555801307891
301.350927375947
484.092724398545
372.254908880242
-33.1501357321972
-25.7425166184984
59.7735046644339
-134.565540749034
-493.760642778431
7.82092461786053
0.497374945716032
391.665278784135
-166.950534480697
-562.697810629743
151.195481578692
-268.148257151408
-173.428173291087
-1.53749323712248
101.607885542669
-99.4273950630714
-85.5793441380634
253.097582624902
-266.889858455094
-219.850161247397
-447.576056226891
-210.676411097211
-383.919227319932
-250.859142698821
-451.927998992025
-731.71060946382
-383.815890208599
484.440934839108
-606.740179096146
338.311943973416
372.233366266195
373.122084393354
-219.003863430697
202.585148341453
341.568674152091
217.182289211117
57.3376851884839
164.94769250775
-253.893307926797
-518.216452232541
-389.67676304452
-395.760024559537
-1022.3849721021
-260.705745197407
-62.3482905934618
-62.0135181618468
-116.292150052059
191.858370017446
130.383938530545
48.3174664112525
-75.0651578049456
-376.194668449593
-539.123266107299
-115.1963124208
-438.871807439749
186.388184355101
428.280921025553
235.271660128114
220.88556219088
350.124438156157
-267.043602380699
229.510614511099
177.289785625835
597.054714593838
128.105904645487
527.674212537975
-37.3259585799533
-476.835836517391
-194.34749093477
358.600020065891
266.701779033063
517.177001355746
29.2999575753173
199.9423212579
-260.380616655379
185.229950276805
191.818659460691
582.601913429255
445.640495867831
77.6351121544343
137.398832688932
933.817072553388
229.475396232954
399.911844817171
340.667509773136
432.227686198709
-458.662148832436
613.341677225596
100.900654481555
-239.065679130588
572.409981883968
660.722096262185
-497.535056269174
342.763958235322
58.2916809073614
-366.307168933873
-81.4801549806967
-255.571335463555
-81.7404125405113
9.2366097084756
-208.728106312768
-141.293786945044
106.379764823918
39.8026563119732
120.983318527036
291.557072023756
-178.808171105906
427.87486837839
185.570993242388
162.479545232153
535.865390371748
510.49610281619
-158.464294404127
43.3835348688841
319.236858975363
308.97324611829
310.413995107827
178.764214481647
-151.142276760036
69.3677977687429
319.319946090604
352.595048249617
152.767850822028
-394.333038394445
-66.7029557967809
-58.4207396594423
311.248325679268
-62.7660319227436
-139.635540662422
105.614821378643
-170.904665997373
123.80575536975
-447.539041462784
-350.155346094279
41.3837122885276
-90.993758317749
-194.019834979597
-74.5391023614598
-156.05629769061
55.2975654504808
-84.4433607898002
175.986964808056
-404.964299254306
368.14661497544
112.614472729878
-219.159377592828
332.874359101276
434.071673265009
92.1096141730474
242.561407332925
488.985595140272
110.528306478581
30.6107537132763
-166.303808416241
-214.669861029793
-562.568472181571
-272.206453171293
-248.863404892097
-93.16183741513
-492.826560384508
-149.851552353156
-245.184347753141
-201.24919698882
-188.367315929326
-15.5547373872743
-40.5925360293822
-74.9253400429669
-91.3751613210472
-143.433246688046
-157.967315474826
-1.59472510565664
-43.267963738009
-85.3964883839892
141.390746976322
-218.032875146573
-41.70534668745
-530.038690035628
-694.955040759201
-68.9944647041691
122.97349889202
-101.966219419688
102.234414469474
-520.651384179132
-149.405546809946
-134.648834326187
-222.302859692493
-378.990916797538
-504.650669325363
-107.543920421803
-32.3514094871903
-22.0982124847211
-241.366051818619
-118.616123935489
-11.2344326548108
-368.971138832704
347.198915352903
-147.502635357978
199.257758787781
-381.858667071014
-71.9246656574237
-18.1894494447245
60.5938516205598
182.423174400291
-358.314694572147
-56.8467661773531
-93.7120708249197
64.0094935769325
168.307721501428
88.035674764098
263.837465885527
6.97126916564019
101.803437158043
-280.391848890046
249.168456406577
184.290910371349
-31.2229830992707
149.676073216208
-40.5361626883704
32.7090123342189
357.633912117463
361.724094816167
62.7855411772109
-2.83939280117892
567.09454674569
284.429572101989
14.355831968442
33.9288667850833
225.178544683644
69.7514883639603
-383.607555516572
72.5903043497169
-44.3240873763898
-346.51115379471
-205.435085308986
275.655231402514
-54.0241918704768
-240.201242607717
-455.572954885145
288.182553793577
-80.4617881129861
105.18719815247
-63.8899498251906
-99.2542363210912
29.3432812123616
-125.550070109144
-384.119084157079
-56.2752036835639
390.717023102311
-190.765473871497
64.2275248184656
276.277792930485
80.7773506348436
26.8461544243459
-92.4353753408032
-53.8702282683614
-82.6307038926468
-147.542081828113
-188.257318932819
49.1141212193031
-312.851902762653
-242.635781519004
-276.378772882731
4.07449525890991
116.686436255334
164.069561750096
-201.800198291873
83.5944241900016
-338.900223186869
-216.41257501783
-143.472454562555
-20.843499662344
97.3986724253542
-191.455811867079
-181.619930016346
-40.1714100525957
-297.391976403093
-412.6637880557
-321.908479388325
177.894923327643
-279.354021980294
-279.158531502976
4.89919326680225
-132.611312360831
72.1637610533896
-189.451188535555
-120.863723391587
-67.5260846466874
-99.344405049723
629.055968796261
-23.9521236303448
-7.87067283788008
-213.308002740745
-359.506764159091
-311.265500487705
9.84359887728703
-70.1459256529392
113.613664188791
-223.106634669965
-117.657616553463
-132.080221423067
327.714567702291
-131.256096231988
-35.5900473339751
-68.626128123812
-51.6443695268103
-349.540501244189
118.418278992836
-81.3175917616806
227.904696500518
-261.014154161936
-256.785857057579
-200.48981219746
-125.42218039628
-10.7912286107017
534.252955076993
217.715389672787
271.593973771153
-3.81981638655512
147.36714861951
-114.585070065917
-157.966058956974
120.369379775846
163.017488233701
-78.4293508789283
109.860592402703
-130.9653037271
289.087340774501
-27.6282097522905
63.0136847988703
58.1838664124897
-396.817217938439
-297.09793649881
-453.362177796427
-280.727986783907
-157.917732851368
-486.67681097998
-320.999917975531
-512.349124716747
-311.39334694836
-520.175615759896
-314.892345518584
-266.726252206713
-387.922027268437
-469.590921754725
-190.328052615686
-243.906717621938
-117.711263368205
-342.122392524878
-199.816680239276
-316.632182909435
70.3053224991165
-112.586228682681
-408.650544574996
-370.396212127139
294.750019228374
-221.798937170968
219.923667728327
203.255633067173
-548.415928551374
-165.646140092103
-11.5111701257761
-237.811356768436
4.96065011298302
-370.288723900405
130.739124135298
-323.11364862098
206.388341520326
98.2252057436891
-57.5156875518626
-458.507679915037
18.900108841602
-215.843485801869
-156.233648114251
190.272474562201
79.8298002305131
-103.154861964814
-118.474010632746
-188.883180262901
285.567757967854
71.8040245627685
264.837058627727
562.571047713539
-147.658784691629
-257.506180955663
93.0429943042802
-242.32380294471
-87.4932340616575
-149.899339634589
-184.229463795295
-577.095737097893
165.283468852443
-193.074508170695
-332.673960604552
-14.997734557869
209.435589375239
-134.983461509258
-15.3457562663241
79.6041882067432
216.034409300638
-571.249261234354
132.520327087815
8.77223359778667
-232.117427290808
100.778874227713
299.476243334863
-213.734508776474
436.522833764288
89.2968677947638
-168.594394674823
-336.647804545651
-47.3816456580709
139.816199210072
-460.243868777323
-151.913317971799
-37.6486278615191
-45.4614718307615
143.422579611935
-248.830909007545
230.824190600846
73.828529868664
143.682527799949
-124.081939565676
-132.917732803108
-308.964249426077
-48.0712335875768
188.602248551279
-65.2952951622332
-157.358241369385
4.66945648290093
-210.089436229147
119.876854792608
-90.5979051245479
-465.249277791868
112.681677242202
381.121936037136
311.879627915258
241.748399577936
-350.338034349013
158.784289269392
16.6283626077989
-95.4945829182604
-74.8029806203833
-280.853192779686
-71.1458326607838
-22.6533303677928
-149.450068006326
-152.918022703598
2.74165101989557
-137.110117016412
-150.907132425332
34.2804727444741
-51.8820466429287
-352.161204396637
-300.310074929725
-60.3770893122218
-8.36315360479421
-202.865181047581
202.751467510159
-306.831119736038
-44.9399218609838
-177.439905309047
-385.952958357747
-67.0506915161238
4.65920810174498
-156.870612494603
-406.551700133673
11.5086936155166
-299.914046138752
-278.146680283959
94.0181697683506
182.540932856106
147.899366200795
-401.944479750412
117.738704100378
-109.447925309996
-109.9032799552
305.91075458039
-418.942136151586
-71.1516552656449
-1.09533037812968
-248.91769071332
39.7126173638007
134.8122346864
59.5557508871445
-263.894121213232
-237.53816970937
-60.0502480045574
-8.73806296300981
-300.186190155969
-4.2988656976737
179.90516235444
60.206837736737
174.895106579331
-33.933114370541
105.569461240215
-68.9430023396608
239.317791957887
166.147131035924
35.1966417159586
467.753270896619
-25.846615744991
156.644671940038
71.1362277900353
-156.582282980763
65.6043935618977
251.672754776621
-105.809960734543
-323.644651785345
357.797817353031
213.452743674942
207.147864124507
37.7979697290938
-67.383359000046
167.737658285955
262.256877525601
-199.2920888844
-75.0886829304862
-194.537504620852
271.986645534379
-190.079199266322
-253.679653833336
37.730040618654
90.0121637765654
175.875697900654
526.78089902141
-7.43173353845321
297.744710848363
246.777916222123
-124.147880849339
209.400465438362
-33.3394329739404
-1.96574064927578
64.4029944348331
-203.208613782119
18.692789322013
294.21678682461
393.414311726018
-291.33984127774
-59.0625204217717
-71.4172465072533
93.3828709639603
197.239101044816
-162.592965905937
42.0190268854855
157.348092468648
96.5355525238904
217.186034800028
-44.3835211975241
166.63839833398
312.741570770466
-147.897678887578
62.3680364876423
-350.795475778429
-66.6515835297963
166.800975185202
-383.735006502934
-328.345151101657
-359.251232174672
-139.139672321584
175.355708583891
-471.347421356999
412.916121951857
-230.345266795303
-7.2387275902496
151.984632636038
11.2026865110004
190.737633920977
-74.703110831542
-113.342316988311
40.2572164295484
-378.03506835472
-174.640042151288
-254.123255856353
-377.606434016772
21.6687832951875
-57.4980961394668
-281.051098189057
-126.919946502407
-261.998747243022
211.584144298791
41.1439908688461
580.599398452368
109.8695242951
-100.797790518721
-137.37954482517
-291.08622828225
-261.558701877603
-295.30781755712
-306.702446485099
127.113471370262
-101.830628713854
-37.5879650861339
-408.372590226832
-160.613671824789
424.373502827318
380.451631397125
162.313538233537
273.29238732531
495.117181092034
-52.6697757596523
-171.987827170928
344.489684123361
-371.008490457447
33.1090860350521
344.443154867638
308.356546647694
123.121772381267
341.285710698364
79.3613024029624
101.819205701041
125.606036835153
-123.464397953199
-107.727664290963
-439.823977940082
