62.2859878905728
230.430629241841
278.713678266878
-77.3864230481593
544.231973496046
192.390774642153
-310.423059951402
-72.8884578052704
-102.405488616698
-188.046858600405
4.44797915746719
90.5940465536983
322.144484953837
234.915568204518
-108.437025385426
119.456529697385
122.410925728017
314.959917818425
641.207484260487
-61.5434905491203
-115.16062481023
38.033498059898
41.92533714358
-132.587916483812
-80.1584140771443
303.228806598761
-19.2885500315388
-253.072553070344
346.638179785247
168.256786459264
216.255015072789
-42.3864516058862
415.572649517651
117.758279827878
162.267710704854
35.0425337625857
255.817528720506
-408.817486815131
14.6504738725845
12.7729634923359
131.501821169661
232.974485427453
278.289690101835
392.470948543093
633.637261399359
482.878419083449
317.51927553966
145.016759106096
97.8623439417092
70.6201426729241
32.0775598077873
287.888596520559
199.992429907025
303.992406586225
-24.0939197780903
-10.5241124111483
277.932803026516
-411.86829409548
-60.6267805269761
-622.640402182483
-803.430224366833
-434.291652290681
-557.81348608047
129.62599608617
160.36354301511
34.2237253860114
139.982502546685
61.0339617800645
11.646941261045
-875.357020340205
-427.87531056671
-520.196721314748
-597.355397889156
-295.029941698318
229.737061595156
-408.31299157449
76.6309823687585
535.135935231842
400.040762858768
498.10536839231
588.415699377922
201.652649058993
187.987018743493
-176.283507096896
159.939397887747
-260.464141441467
-130.353616998534
-8.86203874696559
70.7160474974179
-717.886213705123
-835.277152728647
-588.949850061228
-328.659431686904
-431.839657988684
10.9924963615118
52.3821714138886
-1.09644439958659
-44.6578115636487
-103.606282317137
-281.069058375679
-94.4619783709596
105.912264649787
503.417356235298
468.723648540434
366.30645771119
459.868102140488
41.3235858028585
-354.65692126176
-861.381290949583
-1184.22226239848
-936.443484666533
-746.489496203201
-337.222951588291
-376.063059536661
636.368221473692
374.032740853917
603.165472408771
564.357605360374
397.688089177178
237.747488231245
672.884540187025
805.419290525169
1092.29478539533
533.679658987887
1035.67927998201
857.580382810347
537.881709342749
-40.7283398241462
-109.731276795605
-437.623888300488
-455.909434442141
341.838753149475
-61.8261075166868
315.379349971404
748.722246450798
520.825016469658
513.820539584371
608.015661692598
347.585643974981
-108.315255588351
-262.103587642556
196.519808900291
313.079440168681
-51.9805540034928
158.622975444025
-342.863749896687
-663.051121472037
-451.229662437417
-604.832080519017
-778.305235352047
-357.853458423476
-282.741051282616
-25.8053433206376
135.131927106044
596.715889486041
42.7454708611255
796.650311769251
394.382954669014
87.6641261101077
-265.461729120097
-418.996198364991
-458.804606494565
-416.515012237722
-662.749110884639
193.507813005868
16.2153866362146
286.93749291574
795.878067055508
686.60728166357
481.193663176211
754.244532091292
319.177136634724
342.904812064061
-311.689691139763
-504.715967590452
-887.941132958552
-970.144044137327
-802.619021119071
-572.852160520438
-535.423869282036
-436.624563617874
-230.595888882055
-3.66289991360104
-300.809727817462
-387.827044255834
-211.292349668638
-337.932777678946
200.37924620925
-183.438813664838
-149.701919494438
641.195738083773
78.0943178167864
149.181809528317
104.6469013503
-303.672689733234
239.57760602768
-336.359749871241
129.31390851892
184.442858967299
123.505751962919
21.5220390674351
769.653825149004
176.960436466983
47.2703983250267
181.109971989264
-567.36178724737
-346.829136389893
10.6145827145127
-461.109672394628
50.7995154292203
280.159295448779
351.197566451453
-374.259799248305
-596.528436213612
-130.968563931971
118.364957398229
221.083696459554
424.136668654255
38.7280701251095
467.176027432153
343.821432488519
339.688011684207
865.433209260475
442.44647260523
385.199630812421
461.153906193806
-284.55393179246
381.505006438816
923.742577111697
-75.7863270068844
387.347704038942
637.288354277296
37.3655549476187
848.187586742769
783.876432718285
491.524333547512
429.572966973095
688.225050437547
736.167581703055
111.819339410926
-23.5130099912559
-290.824665152055
31.1285978677289
-456.580107774884
428.225961479661
752.006903722975
645.895779727389
220.084261882645
321.791018264543
49.7591970733998
-11.7083547185802
-219.754533375783
48.6173519590245
-178.209536052887
-302.791828832111
-297.228165269159
-214.120352640675
-404.073752076618
-62.7464539679867
-663.50587956058
-337.650606398644
-43.7387880537344
202.334270164387
328.925459689166
465.840117885376
96.0349031890097
294.429100190559
-43.6793795729201
-298.429461780536
-1395.57986873387
-1526.39083861629
-1537.72116348157
-1502.91539151667
-901.109550937977
-283.714372150427
-341.160970812896
-322.770755015579
-9.27460532349122
115.5602532853
-294.496122214878
-744.427689858351
-653.56465959935
-279.299745566754
-456.737731269895
314.680672924453
34.8562449473873
201.839652211172
399.359032274277
597.173216608648
14.2888521850019
276.924869637711
-195.894577580086
-315.252563938109
-52.2030425145554
214.634379200291
565.026850095703
1042.82646798361
960.739105622065
934.831927409909
842.393293969821
899.30446169675
1054.98563900926
989.328023626991
587.939408989489
766.106034517371
358.586825369903
1421.78027062859
594.834802452211
1108.79375753291
344.021988547743
159.168814533687
51.6246790925587
-186.265080392799
-480.491430875288
-357.471716455465
-895.30979822552
-493.234206403448
-1131.06145127153
-899.119929773749
161.747301924894
-31.5977723766139
187.565804690201
271.188651366576
120.86391124829
-463.916318787788
-616.266848551024
-265.458865346183
-997.57806134601
-508.997924761215
-44.2968946248712
-490.942737971599
-711.100626905735
-724.159247228883
-1052.19841055893
-2055.18769538014
-2602.21793727231
-2080.30739704367
-1472.03869943902
-1215.98714297018
-286.397560392002
-60.0446670870578
465.665351531536
496.995424449568
413.395795146163
-28.5157516282747
-6.96983273879644
578.99972769763
152.055667273729
612.854735122772
179.165328814773
712.521607425894
1095.38112527335
1295.17324272042
1127.98648230077
1115.58464213914
1254.89610007101
1208.65018324481
810.716514361489
554.404928904246
922.206186150101
707.272442464953
931.107063610774
1155.86561077737
580.908702859386
1036.64963478706
469.046208015258
-706.197846363825
-1122.68008538705
-1262.99297371875
-975.988257060199
-1122.0539098977
77.4612574670823
129.015102148887
-153.111460574235
309.865367719848
-172.353402439463
55.8930796337639
-5.9607358254145
-236.251759192818
247.904312626716
667.242442758643
270.854138464064
109.033236614134
-38.2835695245451
627.328585181973
-247.242684514343
738.92079895218
-421.753666942625
73.1030381347194
-378.235750207348
435.887073068304
-12.613202066084
559.986143200434
-357.184217729441
-447.718012840071
26.0111548453745
451.939161594907
196.925640871536
232.834159048123
12.9971684609973
522.031018297713
514.088709341367
-51.4017429121144
47.42356778222
296.232842553547
-525.091004087438
-44.5634621125356
-457.73189679067
-355.52049567876
83.0855974889299
64.611202730633
203.963551785899
-406.584179811974
271.866244636039
707.777554431615
630.304413945475
-485.041843465232
-381.064289849873
-774.357162077207
-1049.6048139502
-656.684678804559
-23.0865634812522
120.832102440683
-144.808195566407
155.502152618122
302.094101191292
167.921506406342
170.471118659544
288.5411168296
-412.486535025156
296.807500583885
826.726967906354
221.916330954643
-233.045518599327
915.018343155774
14.0263143503602
-119.142362928681
-216.691557246775
-173.409980841794
-643.542935854063
-599.185223249251
-3.29850134523696
-102.229829925619
-105.705213231361
125.195630906664
97.7496503154173
209.02219286754
-499.443042062785
256.206862875935
443.077150040781
18.0995211533941
-564.442478407248
-174.40214789224
-8.00763919606439
101.722534378613
-514.775062187209
122.717984975215
41.7910715216036
-519.843115732867
299.361467191541
-232.629716116476
-199.490352134769
26.5669705339692
-77.7008075189475
97.3428909599135
-11.0882232820295
-423.472404840625
-223.632187569319
408.900515254393
-141.623680732057
361.359868648322
365.340809109562
-223.949146957096
-479.442544928043
-204.956817172176
-441.688000810624
85.635742924446
328.319851827279
373.539093175398
289.019606519039
170.53116896846
14.9424751358433
-540.241503288525
-461.299090206047
349.212325898939
-541.943069979961
834.723228191533
838.588625272419
617.681674414444
45.9476150812168
364.026496883437
239.89963571526
599.38864722488
319.278045549358
1144.46114768817
-238.516413801413
466.663360077615
-180.978340126953
348.414518414582
-43.701279829694
360.935192277958
553.547686467902
-495.716838762466
708.745086515278
92.9369851187155
-253.904011229566
-175.777752124903
-467.360124546759
-5.08408913809471
-634.496605188499
-656.014605390965
583.395611363182
-63.0078004456515
477.571701256402
896.986470488571
-283.639771520727
1031.76270338892
-162.38454032073
613.307609822314
-968.380141759771
-951.768115466972
663.21119351651
416.412008687353
900.549606585403
-553.469571477882
-442.166400952373
417.109735287539
-603.231701215261
-444.600312055734
-788.755065622568
-801.834330566866
368.31816110859
442.514173474404
276.336623491695
1052.29486352459
-377.062058108152
13.2002825837884
-330.667208246387
-11.0356698791674
-359.924082825423
8.9129496547618
-664.399765704647
374.879286999506
273.166429356999
-420.988631784073
-31.3819444366721
390.81537464494
-328.327201527485
513.865180695336
745.601479835191
422.765526195722
105.568571345257
1057.37224517267
619.574279966191
149.537485092759
141.359652486132
462.38485383868
-1203.98038423031
-319.505376137797
319.646757933382
-489.908606655431
443.415604039667
506.422783178195
583.929298180819
82.9181149861413
25.6678696629232
-270.930450985288
-733.787153904577
150.190039890972
40.2895454087587
-281.84838548546
86.5766441976319
501.262911745771
-178.058285916052
-56.9924293774051
588.038200349018
-202.428472165333
557.727253345423
600.312595811154
-103.48316259381
-596.698786087677
-397.875068906667
-343.271997797302
-578.791303282475
-322.516905972671
-616.80324320153
-111.245354669756
112.063572075476
-139.063060721495
521.130913747741
-13.3415495111512
593.816944770739
-630.38302871905
-1041.61025274105
-535.8030783447
-844.25921841469
-729.749330524289
-1224.49832494901
51.9751575761992
-412.49502731867
-811.793336396528
-324.835373233771
272.687621927655
222.755315215302
-218.174214243034
-136.271184610042
13.7159045812775
246.015590909377
788.671395241057
156.873821788451
383.04786100489
467.263009492881
944.655141562316
-10.0640420428066
264.802280401401
18.9982787598817
384.062624557751
754.256672446462
-497.196923575151
-179.626083036291
424.845655570808
121.106236065078
130.930811548527
-15.4511822376965
-23.4874084219404
128.773666290334
114.573009144819
258.919288200777
39.8073468449923
349.914343518416
364.563524771578
-489.355567148252
319.605210150136
404.757606473799
-216.054683670455
-159.768761668138
-342.892533494529
528.072186350303
-49.6830758490399
-562.663118982982
-359.298166002715
2.04565698367919
-571.42011968613
-381.776429846424
93.2381701317952
104.852306882114
705.621812182499
146.206181191128
-233.856527118901
5.26354349044867
-64.1655183373487
-34.2617519631418
81.153373688592
-233.041588503121
-22.5265995057583
149.424229781402
436.209979358824
-248.227064109964
219.156129363233
-314.38342885703
-37.1923913034812
137.045792172276
-114.351307888073
-377.459425537265
194.347657887816
-240.4891109438
210.595797357645
171.608572269593
205.020479172091
407.503915920431
-23.4230368947943
223.567498471757
-347.34021146454
-523.783144284919
-61.069123196564
-539.877383168003
-94.2689487902154
-103.025989381294
669.439743111077
-129.22470189717
548.196074482809
-102.850059159458
311.656578267442
37.0313032729391
-109.642992495196
-56.1371319042635
134.399216264481
-114.756026488245
43.9829131696687
-186.479036821802
-23.392678260578
540.734028421459
211.164916665029
-149.259477123746
314.462535599569
-404.9848088716
50.371556413887
-200.360811258314
-216.924047030301
-371.863828937487
411.853102809961
436.130046954474
291.805994611035
35.7099060543339
28.4978379583761
549.308614773588
82.4672772505567
-213.306692611261
-149.05631635767
-115.722913271399
-57.4351204012975
149.037856822961
228.002062280579
-376.568347834035
194.391730573874
808.789211410609
223.643279816793
83.0239119720505
347.131084422684
-5.57114997748944
-298.013891368708
43.4207513539619
326.8574381839
-69.6972298436365
432.312443351858
431.056277487086
-109.136780194421
273.380635507235
-90.5488537638845
-552.067756174099
-203.105214456212
-32.0719629026872
-84.1485806256234
-35.562812767261
368.528844110224
-126.478115256721
-288.380495613002
291.436414290067
140.958965115995
-547.113412265032
18.134208341074
-364.696764303767
33.6825697338191
286.81875084086
-273.401893724755
-132.709988202875
-82.6402681155739
-6.263227726803
295.176923567983
27.1956230707031
-231.587163977044
117.049779255928
387.434688067622
-422.411661392917
62.8233575296193
-247.356865627753
-201.809685617949
-170.016345987522
-60.9225537262463
-98.8960150448635
172.176336580483
251.554055334463
-218.403142053286
-171.825496034534
313.764997369801
-57.7375916293752
54.9125815496286
215.021339085392
16.718890811176
-41.9507714274886
-211.129458065174
-304.110137210304
-29.2377616533058
176.604518554561
-73.6978695568726
172.270507199654
695.322386863261
326.094396765711
90.3515949078759
-406.535751294595
-263.832771234028
-357.436734757159
-143.031777280851
-197.028404758148
-192.2552805177
43.2061731782447
185.724629594119
-472.613478113047
150.485111017896
263.410833803048
259.2290656388
502.434865496431
353.060577788838
296.783706798889
520.37818020378
199.327996243509
220.213376053501
-325.183421035476
-438.411286465272
-340.28922492256
-320.647736954553
104.04657694711
70.3431656326834
-187.215657892799
330.613050494309
-6.17660953089516
403.0810158019
-123.760744252727
211.669807866126
44.0144444175764
-152.329574050901
-529.540744704918
159.041282294092
-166.601606880905
-152.821896491663
57.6085401049979
-596.151965704071
52.6000712384219
-198.00617592937
-99.4867593542584
-154.870388658003
377.34974083094
-11.6317769004296
-49.0606672495447
-461.884082034651
-756.891698590232
-381.196878795267
-670.081135585789
-15.7928913921761
-1.92507492277925
-278.076089520976
279.815549932595
310.175566749926
-165.902951470419
50.811381683722
288.392860387571
446.132123211385
-138.624551062792
7.17297998526956
-311.870200009762
-70.7594420610257
-164.620298955836
-227.953891670613
291.838602442376
-330.926636957898
-434.09323804329
418.0882782329
179.933750758714
-66.6868327129454
-308.770491609861
-47.8907110339827
-73.1578930306468
-13.9181079939614
-196.460905290155
144.918470927852
617.514872880082
376.330564104474
450.009977101445
-109.476288445719
-212.222857297658
-105.120261383921
-494.710945649516
-203.769724478248
-55.7320519827511
-36.7199994640696
158.32681371909
478.254210710423
525.076467989384
229.373671206958
-271.440395969476
505.941823694346
-63.8028525726418
-195.728674773872
398.042874013979
403.234734875899
311.656716181228
285.903403816056
591.708223622909
422.923693362252
-41.8246807134167
-125.147942730182
737.211425099159
151.36604744852
86.1965772196261
734.102264883686
161.376745137001
52.6978977138158
142.913065465317
441.939400185878
50.180503622086
433.210461918079
180.659247334121
362.294286668651
22.7832087592797
56.4707009083413
284.618824651395
-35.0012962005488
733.279978247026
63.9319934237028
-660.657118560091
-69.1455234789121
273.88963213692
-256.942946459473
-62.1471804982239
87.7960380297083
285.499838342712
95.1901423660795
43.404994534202
114.949700063172
-94.7991001467961
-154.80364086556
287.026294006806
-220.639287833343
-3.15845499976703
-176.199396426432
-60.5667423890042
-320.844291988521
57.9745533578987
-360.422652658083
-343.603871723582
3.78043429141902
-368.703301255445
-54.3443078503704
47.4171304570955
-22.6943991400079
-126.019938777738
323.411099279551
-197.288849081979
-289.911684838631
354.386133972948
347.833156639289
60.8408396410398
308.600870751761
444.523607333075
-259.458962537672
-503.789046711493
-402.579668273254
-378.952828800377
-403.982672478416
-115.331230043373
-109.650040405219
-381.989456302201
187.709205632895
76.3509764202635
256.090631411954
19.0234827441507
-131.691765495108
254.257145319592
-164.320079146706
-468.877862118038
-393.68136218261
-268.138575943763
-163.43037588234
-450.381847825429
-100.311089586041
-194.411139628648
159.607310716778
-146.16141575188
-76.126605726012
-188.035490627505
44.6010134324126
125.193173827473
51.9388853483691
-77.1108542627102
115.751914723187
171.802266897923
288.378424974312
75.7709839880939
-124.932499347135
-11.7968931736895
251.214344243512
132.408421615193
181.687414557316
177.429058148155
532.344318982985
-0.501631895135944
121.607965932639
352.971916909275
-6.58030331221676
-97.2628248427265
-257.714205721835
185.925211010889
839.652150982787
10.9619957873323
478.78152634295
365.921900850665
-51.7695348654901
-268.333789037636
352.512547965172
-133.523344605408
-258.580632161408
-16.1166812000486
-58.4757869100184
343.304477358494
72.235644506493
-372.158059259534
42.4529143311707
-432.085763324428
-285.185259865805
-173.606951575011
112.649330132812
-12.1706195808574
-259.622899239644
221.174817964738
-356.696168051462
-228.189349101685
-216.449847159235
-70.6489881477208
-320.572770214077
-491.351468702391
-307.259507794867
-464.455804536339
-473.988794525845
634.485543934494
-617.80514703536
93.807015637008
364.553616051504
137.792627986058
-152.162715461671
219.770763342813
380.740059814298
319.085812084588
135.878753506199
219.79582936353
-362.282552804197
-497.425426120063
-360.492317091599
-250.77027305971
-690.144955884539
-114.228173829401
-109.728275705509
-113.889777210221
-93.8318184752181
460.659160160334
127.876512635143
-38.1926460249032
-122.250394495933
-240.220938361914
-547.708410172309
-229.569926342138
-401.015375462049
145.472177255191
338.76408654356
177.272093546161
535.593495956515
411.397769307324
-111.625854589187
402.830084691293
274.955340016858
338.579166217977
562.40548874564
264.469906719317
42.5794274470054
-465.567310756072
13.7702053300349
512.306329751238
218.216072198039
517.582489393542
73.6043422076526
31.31959861706
-221.597349640748
311.681387194781
123.51397210764
748.819574306109
446.296173112513
27.5468083868819
219.813135405216
717.789071190983
-24.9541688297331
372.135176402234
181.463805931015
277.180296575836
-369.185364057139
159.929336821436
307.355453986258
-17.3041031244542
590.268431871021
484.595178639158
-170.284107606624
533.505424629645
-90.1857053554407
-275.491162940403
-240.645797937644
-360.612757653574
12.925040269885
136.54605796552
75.5630074064809
-94.8113808156911
-81.4447280166224
-59.4251266043211
205.78066217588
352.563785296956
-194.839574944586
187.146176792
-65.9941365184954
210.375950161952
607.562467853395
380.606806889926
-438.920425229907
-91.694497680306
58.8773885753865
15.4237635193403
226.50281651983
246.491791199659
14.5100068745311
125.160526853427
69.1237864205973
202.767824150713
-121.942042272468
-485.264726264765
42.9893244376495
235.812437248728
217.371754849743
0.851620367472023
-229.617384812323
72.2148264165887
-84.4918675462913
-122.680543819333
-387.73528458498
-113.275007161529
-76.9404545776916
12.9589267355717
-308.003150711876
79.7029259069126
144.711024770526
-250.71466283493
118.020566941383
226.960182191156
-192.415711642983
196.817875789923
-115.022964174205
-268.47558260866
240.812739553941
408.283840481001
150.335301547829
83.7565248675598
394.494070698724
156.705985861105
-57.5313287398836
-6.14724611328084
-260.956813359032
-569.807111318545
-199.854272484989
-328.919126412485
-174.073372314422
-377.70502044546
-530.442260547178
-280.783987593958
-207.838493542342
-314.571248411485
-150.246206152456
-152.59565231984
-160.391088017843
-137.545018915462
-81.8584680706324
-71.2267801173121
-84.5569313267931
-35.2863158880579
-243.182527782203
-151.948519789143
-368.32460139204
-126.923064369033
-255.763918347492
-452.920561416399
-50.7400886050307
-221.531397128913
137.680553848034
-125.93523410776
-551.480285119916
-239.867918351579
-241.011110207902
-30.6559179319745
-119.022499536364
-248.520487564502
40.1497293084852
148.763708439398
-94.3015538978331
-206.867831893383
-296.460327415636
35.5289890037271
-309.49902056601
202.29011631426
55.2824483091059
93.1862857483022
-370.360574470638
-42.0572950562578
244.196499370771
18.0133274562882
42.6011665243352
-139.109983553147
116.851041367624
6.23000952882958
32.0457105619073
103.64793949769
125.281234933519
310.414165225808
-90.1230092252963
170.127524617423
-187.663809932671
126.547083567268
72.3860696639071
181.685112506468
-6.84845228458909
-57.7310583964934
-6.04666918731932
535.918107932815
271.779815104129
17.0592892537942
-198.14839496239
470.643105272095
83.1563763734478
-35.8926819488012
148.337368706278
91.5143566229424
241.798816724288
-91.6761727850575
94.9531975095853
69.5733308980944
27.0506776415897
-118.766128151688
-62.4153077628615
-42.7049175712576
3.65478191984759
-33.8063596142317
197.559652916925
-235.664228005962
164.848836245397
-219.708224130895
-338.563052272951
-156.963510245651
133.160009870415
-272.877726309539
-172.185862616897
333.196986986795
-73.3107324296937
174.717148222536
432.491986395763
-93.8296144451769
84.0241049311123
140.069704669305
-139.763453991924
150.55573742571
-234.396589456553
-272.174291656393
80.1585011861497
69.2699808732097
-140.903765500381
-64.0811752170238
-272.849890344795
-154.856927974885
127.116855320284
-185.031263955883
117.268423208883
-18.1249231338155
226.117026795897
-119.296364423481
-27.3162510516554
-66.2798474745481
-332.570966266536
-312.359625903883
-275.681439027625
-392.397173609199
-239.807724147174
-491.910511732762
-2.31337084993456
-85.2739055424594
-392.325927300016
-129.056895742022
-353.827768161762
-241.269412403962
27.4047872783766
55.5868834744422
-72.1050332753237
-180.25469754495
573.527297903965
-400.116015175001
-151.246742944815
32.5047396121137
-153.508932480867
8.97632123292037
-21.7296797560527
-298.161386565573
-293.526602182312
-262.958765308866
37.9492959245815
-297.169125817494
225.731316144046
104.154501371034
1.89478888779126
-33.7243264107095
130.495825849639
-75.3075750340092
211.609472377208
-123.643892971366
45.237081519733
-24.5640484408919
-171.2796266105
-163.867517496748
106.430783838177
-36.6117773870571
364.828471004008
-43.8937336984793
255.700450889094
-205.784322686832
235.519822896461
29.7909156970264
135.587761513756
124.195708302664
99.471964844863
-3.87217914639569
58.3722632356881
2.58193378745808
369.97799157816
-77.256329380233
192.046252970906
-44.1340763861746
-324.091357517961
-224.071818807343
-465.142776402196
-338.607762869282
-126.327124612239
-639.989341264473
-480.338134978846
-547.667834748993
-218.294259363361
-589.62471526485
-76.6264615710981
-334.677070029347
-274.535452259613
-506.668163622803
-83.0057051937225
-196.128580059077
-199.555517538707
-468.897766409142
-70.2578403718817
-389.231376167658
-92.8858493095935
-115.504349391727
-402.981288158733
-205.879951751706
260.278433851163
-208.509216800661
60.7390613169723
66.3026619536577
-503.448419791379
-277.941889272935
68.705169003174
-226.164013112018
11.2240128523788
-329.683283538783
73.9570651386616
-62.4320734636356
-69.7293832024996
-33.1322126740803
11.30115326541
-76.654666377703
59.5493299042826
-338.267264070925
-178.153220360884
-255.905660491819
109.984830890279
75.3206938540921
-2.40702651188111
12.9748547281728
22.9109878511178
-12.4842373279094
94.5206757737019
183.039578730027
167.7127917255
-332.160277532222
-5.29813171114542
-446.550054359267
-223.268199538559
-369.507336618793
-31.1171793905498
-315.739974039712
100.487068879518
-256.078335021817
-151.563554710367
-116.078722536006
83.8857724809168
-171.793194167921
-62.1158668969743
279.46731564124
-55.5687998203742
-610.291652522215
270.178608976791
-59.8814113613558
-280.304847063839
158.91465290066
470.866268295771
-60.6908656817771
355.453431045725
191.548933783106
-69.8019782527906
-143.897976503612
382.715199161433
146.355593986712
-342.597216591722
-238.06761487437
204.18139841919
43.6102450273772
108.30011030996
23.1963584214568
308.377797191404
16.3709346526355
58.4689264094716
30.2786683043298
-273.777972356745
133.801662573883
187.514465770464
303.464291287238
-105.802471571847
115.079411213369
-161.706844263312
-24.0879835829616
-117.183064258377
118.065357808103
-291.777324555625
78.1839106662061
282.311009481638
-16.9116296246045
82.7469315902895
-162.05956542311
-193.177204728258
25.6711017744836
-66.606946803659
34.4918424197292
-288.170346061527
-393.711032980088
-26.1136851293339
103.014576635217
-59.9101477772569
20.6151149617709
5.98580448603213
32.8575521298089
-38.7637375901102
-55.5766220001673
-440.945900016617
-182.624518447953
-301.406168764775
78.0365302670435
-83.574285222819
-76.0814241558507
-215.191758861811
191.680170102476
189.200591847769
-41.5971536562428
-299.806664410416
-85.4351314343838
-63.2961560399829
-99.9115583436278
253.268289943236
-62.9072585159663
-155.18332051122
110.018364522563
-13.3236158465306
79.2839838109107
-192.35845920612
-98.0720107292222
34.034212761247
-3.30444408034351
111.659301956789
-510.404858035776
-483.507776100721
122.178983534076
-81.4383101271465
-32.7027338503663
-53.7771641390003
49.2638959039894
-375.564349410706
-16.5341712940708
37.5418139246519
111.890016266867
3.40151919527765
105.653957103621
-97.6327120975528
-38.5923770931738
41.398767928961
-175.78215081657
150.582497216057
-27.5304020435687
189.793112447962
184.09673796949
185.545556248305
472.781569271651
-93.28797868122
208.219564761092
-5.61033054858969
-157.291223727285
230.323178311849
220.032313268611
59.0875243055471
-214.828723057154
165.881629585794
427.628528668036
332.172433483141
-107.802402362671
-309.540681753638
-158.744912383129
170.249030409729
-178.697602679228
-93.7544421397252
76.51642846446
288.941054650434
-89.0865328614288
-259.937090322212
97.5318268894857
-238.990815333956
160.848909581213
285.120867906593
-7.03446422006387
420.136401060552
164.961438535426
-180.774280079626
39.2509394713517
19.7846883246371
75.192465702092
-305.77438560226
-181.065016663221
104.020778623176
303.218935521555
277.822162599829
43.6028534627801
61.5428617387964
-17.5215991744557
51.2441128819795
9.28148696395776
-119.927834915694
88.3566215956661
207.358988258705
79.8023104090365
182.624917924032
16.9805027873217
-136.416623352435
245.354797008362
-62.5947239228014
113.82645426214
-544.70941262174
-76.2543444008172
-110.448266532657
-501.115762436244
-491.033600878462
-206.616052297271
-360.664257855272
-73.4462656828167
-328.215716796672
346.327708598933
-195.563647241214
-185.015694151845
306.969950480414
-93.7341811271407
284.268947180878
-73.7354342438873
-128.98063735619
-266.22195691956
-160.254717942606
-185.602802809789
-292.25821640248
118.978579976151
-243.245125972559
66.5777396061738
-183.300554168136
-62.2482136287515
-30.0523897854135
200.625242412662
137.103409306394
13.553975716908
-76.5815840160306
68.5177949194662
-65.5532315607941
-98.1610438172598
-109.232421182331
-130.765140500917
-164.527982052233
251.436839814819
176.848357933748
101.614209073707
-154.62954486422
-92.7619282042246
100.363738204846
283.778086662908
190.426994640311
6.94600526436565
306.303210795366
147.974919245311
26.7965293561804
235.611178458456
-220.135860211938
-62.1406561577371
149.817825865947
209.798546259347
68.9769416330523
190.7041965394
148.648384794861
80.5815068936986
166.945726186029
186.588022169364
-122.028869535356
-227.655880233181
