-131.607291637894
-164.062136503958
158.513443362988
-312.225018750607
-140.712364848797
-66.0355314298337
-105.945482055315
-22.4740212539651
-61.8795523826752
-142.186559999464
350.346442167596
-38.705240379267
160.304968520517
158.052386159412
-259.299305993885
79.3371040934631
-51.6421475208132
-129.599185266227
389.895866324005
120.56250815914
-76.8956946392763
131.576913475295
269.12978144763
303.308047806724
114.116441385524
-20.8666337935611
119.42252110417
158.679738153926
-15.1331473644976
-98.3112303825197
-104.47796905198
-52.699508369026
11.2016984053641
-416.515406742835
84.2146260779346
-17.6623899596838
-231.748241172327
-84.8886608998126
63.8396567014846
-509.81332940117
-220.927035694556
240.508719886915
-66.8486244730545
-61.011105030674
165.500089837266
-202.687097102124
-19.0224797250051
-195.925575228185
-213.315353692565
-312.995010402921
-314.346166654019
-192.935429761851
-233.584121908074
-10.5643495025756
270.65500080754
-70.1920098412742
49.9255253685722
220.266248518176
27.5513294524276
-89.3848023548219
147.954787200656
84.9551786359201
101.012207007338
386.235979150829
154.04805375944
313.705748908637
183.979087760444
-39.3212195372673
182.764256287953
-63.4087604640707
-102.923113664036
-125.420059534414
-26.618480290969
40.3475189170517
37.1185680622787
65.3503260317733
210.541359091505
147.744275373856
216.834463823239
99.7665777679266
-36.7432943138549
331.418385815097
128.093701272546
-62.6853934982468
287.865745982974
41.042501013652
63.2280834408963
-258.0713976625
-241.937746315677
-239.188754198991
93.6810006288246
-15.2264018959205
131.897608775634
231.543507825489
12.8330585629649
117.543790302098
353.931724151405
-101.877185321872
-222.142755928955
-63.3918237326708
-482.087389363828
158.427142916665
123.191905631355
-194.696712025598
224.156608823808
384.073497479565
109.379549425694
397.505351908038
309.727598440886
-14.2826769445693
-68.2219871708664
60.322948993556
-180.757306138788
-169.585250351818
-26.672782248614
25.9491641647952
68.48795775149
-29.5478910692026
156.091140750896
32.1583527942418
-62.2051334492315
151.245358491334
232.323995383776
115.288306130552
-13.4622218337402
115.578560104869
114.382116702601
71.816367478513
-5.89833573578388
26.8181277475478
78.3956976793658
216.01525872391
74.8512294468972
172.895053548512
226.093856281416
-28.5097161344784
-42.7494943234255
88.4759685706418
83.3779485753237
-111.836047067332
-354.446168174852
-10.9539940029743
-24.3364027109178
64.9441113904427
-155.30095978804
150.622110480606
-50.9774841287244
46.4181809071228
-36.7030772325301
-317.087548249597
42.5453658429383
317.91374436925
-110.633207672974
-102.823621656727
91.8320483347742
-178.57070492901
-339.599318180586
49.426315168191
-175.94296909704
-197.054505646869
99.98201254588
88.8906585642809
-163.025965655969
181.661956428544
227.328512643777
118.073414292235
132.596516322383
-11.6693708856654
-211.781773983062
-222.779978271307
-357.738652545317
-240.318343367334
-168.821989752293
-334.27066146644
-171.520995646249
170.669339853489
-76.975831748854
-69.8823233356964
-34.9421496665809
-8.60210239350267
-252.293276890183
41.6862057211521
-103.791718374215
43.2533037942892
-15.7493787972253
40.797373357059
23.3405926073771
87.5565199588932
257.207154492029
-48.5074178596283
-83.0880614795591
191.390507588977
-111.517578721104
-102.307298728774
-65.931648116183
57.1580204052484
-151.795873970808
126.072002191427
60.7380576190274
-32.3922240994189
-125.759187957136
131.621360491284
18.1180118444252
367.645194634323
268.672377957762
46.2358280402843
-118.824704194555
-11.4342151119638
-177.03701947408
-187.139380037909
-263.507175350925
2.53623808070538
-70.9251152091001
152.556882494763
76.6840687235231
-55.2627462091206
64.3546642523503
232.699947639333
129.439290311895
181.262393142836
24.4680459992593
307.076633208948
32.4906186873825
-100.871762031835
-101.949090071576
217.362742333798
-63.8872343622449
361.112842249731
160.855661480165
14.4534263541002
72.9667779555019
183.135171376271
39.4425467989895
181.69786500707
25.140614470248
229.429849877965
-57.9306725189412
386.020387613139
261.419314596621
-102.897695018647
-203.287906432233
393.19501612663
159.445184260368
330.804098551306
288.273629130722
259.927878432699
15.3436542228805
151.486509028384
190.009943423749
149.114062017706
15.6673814335841
161.996368888368
215.353375832507
121.321738748827
177.234863032125
19.3900264205132
-76.0292944108339
305.943324012157
168.237087271016
116.980561480434
-20.9351103314585
88.8241585549616
183.708131112157
130.734192995114
-98.4424430743081
395.219286506153
-155.700375723534
181.883610586707
-9.85720013347637
2.79200298169814
91.906078485404
94.2217638727679
-51.4730685815421
88.5025620315617
132.494835297264
138.090381049425
-12.2445227712058
250.666848770654
101.965418989413
58.7760832516968
-196.400088650353
-126.960689880479
17.1978523106197
88.2386970466881
-27.7215431942846
108.114792767242
140.96370811264
-64.8522758877384
-112.787048959221
-124.70358123297
-176.822820054706
-65.2174669924097
-94.4634956289736
192.336282427416
-153.546768482054
-51.2742303882634
234.900632167042
-5.61600536728653
-37.3320487537641
-158.773118289924
-395.237539832366
-177.042846057762
-265.275255489718
-37.2584277398496
53.9715934481298
-2.67688866728433
-148.242770066631
-4.79042426820536
26.7995895652721
0.711286422817757
-80.2116912837757
385.129901258082
-269.7234278903
118.45621215368
232.140480041586
-184.292282958173
8.86793862172279
330.240642799278
-48.9627941381627
-92.7770368704431
289.491868628114
295.875809024941
282.612332547978
223.054578842091
16.5208284689053
134.026327182163
-66.6859625130571
-59.8262369544778
24.4197588813693
-47.8469612886398
-139.341332556326
205.594790326934
218.957884617002
-84.296501979733
-88.8464704318045
-227.283990501239
155.174315396671
84.8745359889295
-269.773081639905
228.235055865712
-102.429613959602
127.81551262455
-106.64882678091
82.1019763286266
265.997724915214
-266.305515623699
330.203221180767
-212.928821154384
-11.3460528047518
288.450775306688
-175.785640637098
96.5205148560109
40.2976615456556
83.5609350108214
94.0841535263858
304.87605284569
-42.104182259124
-31.5241252591806
130.21487086572
-7.32449501543472
-88.6921644000649
205.309020539703
2.72722843848416
388.332636100801
61.58351835969
-7.97780797811112
-20.3810467249016
27.5968133383385
-74.443657944513
-303.209071196229
-126.517369928877
-186.0317548342
-124.183532833789
-148.981020591474
103.115457434089
100.111165087912
84.6051126374051
261.435056905238
10.3663276823134
118.190114048834
18.8598501204088
-86.5010915478671
78.0197860815957
161.039237372198
69.0409320185431
146.549407228995
41.3830513036789
118.305090739468
106.935900806242
109.389189841993
-143.286933092007
235.082461270578
-41.2239927030494
154.393200053974
14.0234124063746
134.714521618989
-34.8425953966846
234.436813837641
56.582094784954
-5.08690128069407
-70.752942580022
54.8706669006779
180.26233757497
10.8475816934855
66.7099164412388
208.766990539396
-39.2547693128871
61.2955894530235
-43.1531716594535
48.786585362065
-139.174996586345
22.7975623417782
-180.256603264838
-127.008494568569
-153.841987484388
-20.4567646895281
152.512604139601
-13.7298407070972
435.918299393799
214.279149280549
-81.9676292214237
315.301992202929
-97.0267808106756
129.496225983591
197.54729049805
-101.821498267937
159.741759274107
22.7903745077351
-59.5121092806556
-368.987466420074
86.5398475060712
91.7546431025356
-106.260038296773
109.42935831538
-147.267531185014
-100.96310709898
67.6863712576552
167.201674804642
-189.489558187267
175.926028417439
-115.318057257532
89.8501358058246
150.703071899038
143.502288003631
14.8884172846878
405.715125821912
316.633585560299
21.8870835226385
-3.49321722071087
-298.337872530476
-144.924509125717
60.269522279713
-61.8437433169007
-72.8595714171487
-150.342553840509
-489.967247701272
-103.692137273601
30.0586411972182
-456.090382011653
-253.821307119076
-418.167590435453
-320.038236383349
-395.120532521851
-261.781221618415
-252.580621133864
-187.867461131621
-188.998116637945
153.624248508105
81.6480507069226
-11.2762471800824
-19.8154588312632
153.709348119342
-189.51231504098
-79.0415182612714
336.82581240744
44.2125019413663
-77.3616320207639
278.237678074246
253.731870818503
274.054052017658
55.4996639250076
185.534874419116
398.895126718459
605.437343751793
332.277322437825
511.194402685428
296.048956929698
426.543485521326
224.892090051001
-30.0552487695228
131.545219321212
63.8863815404259
38.6094110678406
315.813275679472
205.464620329253
228.905706097315
99.253880482858
-13.1428923127929
97.258259348578
-151.584593393291
0.817981779306718
8.0232430936159
361.032541546113
255.763561913373
142.119928237334
-80.4320417461755
-107.692313973908
-85.0206889075426
-506.727332773862
-228.986471373231
55.8487710162313
-3.28744509430895
-117.685266006527
692.638178394412
-28.6991767839082
203.196293017185
146.455763946264
-153.472994011094
-392.387873968051
-153.740478100294
-404.46195952045
2.756436270321
-120.850277608342
-207.835180546888
147.612818463406
418.708734866652
-45.89270000167
416.470290130001
343.333060672511
206.760523156889
6.90010975987094
81.502975293034
246.418499420217
-155.153935844131
-49.0521373055081
301.445296095869
-207.081172887451
-202.181600097242
246.417087244241
44.3368505433653
-17.8878759442147
-209.033548558369
263.608227108646
369.153173941771
90.6822997252436
148.647754763126
236.972721067286
-43.2402726181568
-102.726093335721
179.001552298143
-118.237334830482
445.24055619358
341.217230095222
426.304132769672
209.290271405177
221.497096180814
228.674655760841
387.448506487778
-63.0361021616257
58.1470994789321
-59.5023173807225
175.808847326232
74.2632803274211
391.765855187036
-115.682344749157
96.6428180514282
144.106511085646
121.944071552805
153.297941889876
-90.9547140024999
-129.484891665347
75.0438199491609
-56.21631202231
-141.307964138851
148.763413062778
15.7584512074173
-108.810058475807
267.744119384814
-70.6757041406403
3.70663052836888
-181.446862823112
-221.42737765651
-30.7730774736664
105.882382833598
-75.6232955979703
184.642062629257
201.232834220705
-19.3088255375694
315.493640624459
-125.290803514122
99.5162159000331
-123.342736246134
68.8382103034874
-23.691882804665
-51.4082033577649
-132.574501167464
-50.4463679021772
243.188018027474
47.30404950367
-137.84999338312
38.9645354457541
-179.613202068022
-11.6114117974912
298.701199019768
-22.5780339219931
-82.7477348270008
37.3298094709398
-227.439572954676
-24.0547484549516
-31.5282482237988
-211.856610011994
307.204949343643
55.5796523993902
134.275281610029
212.024715323113
-207.616452753223
366.458680506855
-32.7503110225479
-30.4809793912258
-97.1956755384659
48.3549079520011
-71.5476882359734
87.223770608432
59.8723292323927
-50.9477023442085
-167.790359201218
-1.13040531942063
-17.5948565019795
101.269511770508
-158.481699661433
-54.5266423474336
73.7433141267195
51.1666360748252
249.88596047304
-114.244346161391
154.4905732103
237.451953045614
120.151950848115
-41.4259438057709
5.14558407625092
-380.885219340454
-46.3358436271035
23.461165932236
75.3777537742776
-171.121971900592
85.0049807678517
-267.251751744856
213.031414657294
-147.555285028043
-245.141298622917
-214.913436153745
170.630075700264
-157.546759474566
-15.9947883511758
-185.910505858573
-75.7229547267666
31.5584089092067
-165.307807212137
-67.9139385506438
-164.437406022512
-165.953996067754
54.0959566036975
6.61303713474466
-96.6832909022908
294.346854067878
-86.6333941554709
-21.269519192943
-89.9874275987019
-65.1143320289268
-381.923206508103
93.9792257243295
32.2077145299767
-136.401393141508
10.1358948946344
156.330148647402
234.90435309687
96.4812984029873
23.0559659821056
89.0957059794054
-217.908230748711
198.339961286728
-190.516956075158
15.2102804616756
214.357065285976
82.3163950650533
13.6245666930707
8.33162868843965
207.569760038888
293.441077337272
-5.80241632216628
-43.3581957333286
101.008142534261
190.895904893616
65.2880183775345
59.6763705644642
249.309369924029
47.3270733170797
17.8792283061884
104.368997946759
-116.484167885039
-260.814987134892
190.127145706918
31.2400752485846
34.848276678168
200.040328121956
195.282018184541
-30.953356813366
116.989381436867
-25.6811239266971
28.7708970452299
-0.430054000995845
-134.833753158997
53.2264816515423
104.873076249442
90.5286670506582
-161.934532759124
72.3312298257691
-153.141971122054
-38.7686265559425
192.673094885546
-90.0682354246168
-63.0531055296023
266.964658423388
29.7600643536177
-103.756780336217
127.639603570728
4.74353149264189
-23.0795170263891
-68.4317292340594
63.7223075853421
190.493096859095
-43.6996380694835
159.888633253863
-48.9849548744472
-16.951695727643
-102.207600243014
173.780745413713
-28.4529610159723
-183.301238098356
-71.4665164083366
-99.4749668859389
242.763285385514
47.6752911415336
136.708830877662
-60.2941751899803
-45.2203657794866
-100.552869587912
172.130523924234
61.7279405755146
-212.7440024453
-116.871094643863
164.694763523072
14.3126721843537
-200.638468946852
26.0669384089259
370.752253057938
110.845874802092
179.224028037046
51.564134932822
-214.024735728332
-100.704135522463
56.0635559389584
-86.5140041864396
-69.1289846440174
156.202463978729
-124.357365785457
-138.752267373586
89.4935020143164
-150.262566316152
-298.863433963343
-105.687039816954
-195.889813071382
39.115709056217
96.7855825422085
-56.1245129732403
187.735313068557
58.2848803580672
20.2822309391788
117.932398155541
2.24080941232923
26.3263223040669
-172.147213612894
194.267069954802
214.414613190851
-119.398347154091
180.450234373962
-121.134365616121
138.982786272837
-18.2657203068451
-28.4085371713919
-45.2653151909334
168.51869806245
99.1758524224134
52.764214703156
31.8367934824974
124.177522488913
-24.3925946227964
61.25123115771
31.8370685033714
-105.705904139353
-29.6181110100733
132.167896061829
35.224970640704
108.717404887714
-9.58669898413768
-38.8109821717496
-1.57225021657509
166.60434595529
-253.549908372042
17.9268516516074
130.873827312851
73.0340324798926
-247.851955701141
82.2098561877554
0.576656492554832
81.219041607958
43.4687836957551
89.5132436568834
-202.703603545218
90.7995513002199
-161.942257977873
-313.548945774537
-31.4757729371367
246.648185448397
-205.059596786577
-150.377691420993
-153.160449653265
-23.5161803220022
-49.4466039914528
44.1267505599776
97.0645079101242
75.4874585547437
326.939478103691
416.116782136379
15.8129492179145
361.991644259051
396.498785073736
301.57476347765
353.921437927903
74.3875300414815
-71.1034754660802
41.3788910903519
12.0596450048313
23.4768941828731
-201.994250499453
-87.0929482908739
-204.586316670306
122.178063854125
2.30608914087553
15.3863409735376
303.041022669321
156.421068107988
-103.850142332829
-39.6534140859431
93.9462319833686
-5.38729601197762
-332.164591704361
109.863530956274
-322.319817173015
-197.989891791082
-112.510244257222
-29.1298373008657
-154.071719944183
125.371068501061
1.85584407946612
119.47572348845
136.778030675707
216.777907666633
214.406048943621
101.417044607694
-177.442824498905
139.524613160196
41.2073126885518
-27.1247397976531
89.318422875253
256.176738126959
20.7844107603728
190.203261066592
294.855130130102
120.176487400336
170.205478320069
443.601118669239
164.102094937319
333.168209379744
438.330587421989
168.449268909708
14.190589583936
-137.83902308994
-190.481984149768
-414.568014087444
-402.036346981638
-331.377645733112
200.026967503654
388.061288772275
387.117929877085
355.103129998426
67.3226260582973
-45.6077041622335
-389.183281688997
-453.243402776007
-651.035209614702
-356.885017194629
-200.000410634111
-51.754166609691
298.951886608062
80.8501027494961
64.9262998897714
269.182701104572
-36.4184648282161
85.7866001730359
199.673234190018
17.3971431715892
105.845479281528
262.025074188714
-45.165096838305
346.515209710341
413.757304748105
500.12367317256
445.403646970329
254.516044601162
138.866176186031
171.694202970355
135.161973179106
-42.9212060698116
-66.7842393257014
26.3532818152972
-52.0548113171016
-115.389545914979
213.13630845345
-21.7235729748147
-104.694408844371
457.702933974942
617.403515834983
424.499152604711
405.007841619148
345.158010202152
197.243050730342
495.794469772007
30.7117521728087
-61.7361248950948
-99.0834461822873
5.24286197176062
-112.430777486692
-233.671244952603
-344.729791811331
-256.029289914741
-181.652768705218
-23.7896434153851
-131.41407688659
100.177547453324
150.888516527715
230.405347602378
391.781196066524
425.131277755813
511.752084096529
472.212948842119
368.550655652765
45.2046155221026
6.73404734871388
-123.330536097353
-162.228005407913
-158.77450353809
-317.852554256919
-113.028532850965
55.9935641246689
37.6120955801774
-21.9510696708529
-23.770951136152
425.912764972231
-90.5487002096067
-109.064397481081
-38.2776010914513
-179.314396475328
101.903867557234
256.625203762253
267.284246412224
-17.7183856658597
-267.792436105079
21.7863833728389
8.7298941495233
-178.986670748996
-151.042608309613
25.4343793166786
36.8721171880695
223.066651831203
295.086623806116
22.687738812429
155.392222362511
148.20739409724
-51.20596996409
80.5485682045435
57.9296188195281
-28.9318635060403
37.3089440397928
14.0509714910478
58.8822182275873
44.6873917719382
136.620329860214
-6.2465181834609
13.7769117335511
238.145826379025
217.965086180548
104.586982522257
-33.9776212002656
-7.48183875965013
-23.3757321580417
-167.609770320098
-16.536587543567
-127.174100247993
-69.4533171339417
-74.307444769516
-17.4847438481057
-131.99089377875
131.75923490652
45.0505451222994
-24.9221316168032
-57.7513669980356
37.8604355690564
-201.924645043121
-179.372462872821
22.8651700000523
-179.00265725539
-184.098642155997
163.096641376336
-312.253600755758
-185.903061341554
-172.406326492345
-60.503137994335
-150.985707124589
-82.4576790422282
-100.061041830709
-125.210130480932
-169.635763917304
415.64465225278
-161.669407330186
109.183213075715
-22.3150169560032
-172.190206842645
-188.207326745326
-169.181378506062
-235.480721725573
-398.014365389137
-104.306215280495
21.1627678349195
-54.1856553167298
207.114200797664
289.759755236771
170.976716998406
-91.7244382595961
79.7003462737558
39.0298136271676
97.2681663576061
293.54385243289
240.808840080516
184.122188553563
332.027160028203
296.800988229083
61.5606574526651
-120.284123290329
-298.09215490826
-101.883437920191
87.4090848948236
133.47988863005
175.521307076499
389.421318378701
161.463451205286
392.734939207436
341.695346860767
55.1199511813145
168.281355670826
66.1284872674085
-167.171249476504
-337.500320795091
-86.9556328994504
-50.551135809377
92.9512938083067
-204.403931720245
-127.776444250727
58.705311591819
-180.405852581047
172.601496412632
93.8465117837482
161.465679664609
330.562859193634
130.819990149943
11.2332355902572
83.6717062280858
158.36574882494
128.110503557206
-19.7782168552359
-43.9841105656527
297.831235427515
194.828475251922
-12.5853876167678
38.319168597489
-86.0773253153755
3.2958299272093
95.7616271053542
65.5516693771216
-173.283706063339
-80.9171646608972
35.4973527269828
-31.8217381955619
106.100434117801
222.059041892303
223.453587243107
-38.8710048229506
222.800459400736
72.8523941450689
34.03410743066
91.9966436382585
-6.47107725992412
129.650747993838
70.9364934554001
259.1667184922
143.144349766245
140.410220598877
167.225622709574
110.753757924389
18.8319376273465
-11.4741698180054
161.969792826057
-13.3019688845947
177.038243744754
-64.7834943288413
41.8638760012588
11.9170325553648
91.5562600631446
66.1489357169595
93.7061429750709
148.904397491334
59.0760170264417
166.370620577791
41.8491267281443
-41.5909837131166
194.791529444523
-54.9682450809749
271.532965661094
52.5598729333242
-1.42588954059417
-66.6020346130478
27.2405088824732
-27.810795413843
105.98005702982
226.028220606717
-62.7048785094549
69.1974224035171
59.0508710109849
-141.134000951434
-110.01851859116
136.823680971733
-66.4712778604643
-81.3606273766684
99.1193909489877
156.098155452858
25.0799844163766
-16.5696477545495
97.7249222511913
-160.741550901477
71.4525041959411
-210.424979339494
-214.01584309653
-47.882532335953
8.58866288173733
-113.074048330711
80.7560630971415
49.5842984694216
14.9690417428688
-45.5757159635593
-256.074977932511
17.7457995107307
-181.398347194873
-374.668518165626
-149.277378197856
-260.312813465101
18.7449978496097
37.2616080738888
-82.522562432414
19.5455279595605
-43.2112755088046
12.2585686688591
15.5583583416342
59.2025690268357
39.8052685003483
-97.9739518300459
352.340813293947
243.095450745524
118.025487157009
322.738344575354
328.994221352589
215.854787167844
118.616727849272
127.421095001023
-1.19759402837283
-107.800935964594
8.04630287825938
-123.186046331753
-45.0695040714074
-56.5040542099374
-37.4415169586495
55.553638688002
278.291703767157
-12.7420871187528
290.457238255398
152.177094373576
71.6609090476067
-79.1411344753803
94.0947789771792
-153.066677759221
-391.214591055272
-159.668507524769
-125.544312577978
-56.5825992187756
-88.9529588402509
26.959651013013
322.48119891322
95.106828451966
334.300448978132
223.982149223524
102.660011651764
175.319553015871
133.011344439512
127.635378878413
-33.6822524495341
-198.764547994694
-19.2095599598468
-359.372912454275
-17.5720823392661
-230.645167696457
-258.978268067438
72.0037052566328
97.6825184367529
159.503868179496
363.355840496748
263.42913260102
146.202641160724
255.4524912986
269.34559562249
221.660431538747
6.93718550161429
139.664200418921
273.906622742222
20.5862362252956
138.579942329151
18.4338646563482
-13.2427983189923
-7.48365103508905
72.8573543313684
126.932634923315
109.026073616655
207.811018499485
115.953305162172
112.279843635969
134.366668571335
-87.0471252487268
102.8775576365
59.3767578160682
113.388006737094
88.4293546223513
20.7371059439068
4.08875221217661
2.94215615038239
175.561973658303
146.662953817904
22.4703155902503
55.2885936098351
-22.7166315961132
66.3899044428827
43.3210885882522
-53.5605016763638
-61.9355266304466
-131.715398054347
-127.377277942847
-39.7976784602428
-99.6398866531695
80.1950411031095
88.4514147420874
86.8863446281895
23.1820174676731
-64.4632138696792
-53.7131465212031
-168.568196449884
19.2191751688235
-125.275028724312
-156.650545379786
19.7158889156345
-84.8763700541618
-162.605922615749
-55.102523940882
-186.625391405286
52.3920123784539
57.599087189891
144.559623800253
32.7944736741447
15.2205032928875
199.622018156338
59.3624594981401
10.616262632194
-8.92613790321857
38.9362024062312
123.87482452946
112.647623345313
89.2947147788521
26.625784897301
-32.5361835785602
143.943090063922
-27.787798550268
231.768604425421
-8.12719205894302
-26.8251268148306
139.640215581907
-33.3552079145509
-46.0291991348065
147.080435962818
19.6484166135083
158.766226278886
-10.7293938636591
-48.8348564089167
-27.0436389446553
-78.2443166858524
0.66012048352426
288.382398137124
-53.2948540191651
210.94784723634
-107.592588907342
54.5298103349463
74.8309467676222
183.377423337546
-25.4833370724589
-48.8086370530502
86.3889034802541
117.549136929686
33.8096192905795
14.4095206638077
-11.9651415425838
258.332307035288
1.6705410935956
15.8858143751849
-23.815028646663
-175.858178624697
-281.128485811222
85.9887062888566
-11.4447953743801
30.5199267421785
-161.403922131664
-19.0340199206038
-33.4022652160096
-15.937418478437
-94.3934612134177
108.65253408046
96.0107342828277
118.848732747276
145.658120225931
168.198660604153
-52.6428708852563
94.269702641131
4.93217272028644
-42.5429049879698
-52.4955838128151
-42.344076476575
-262.808902675619
91.244193315181
-120.510106476823
-109.298548057099
-54.7232785970405
12.9466622475232
27.2790783470439
22.2453689858173
202.680020919767
-94.7778098449186
49.4931996868992
55.1134119282555
-238.736105155589
90.9447257111825
113.50496755681
273.662535302232
152.384020965315
190.041395571854
-61.765114044638
-159.288090989263
229.94256332107
-40.4977534152251
-212.640442858973
151.496065453985
192.140306882161
-0.478465906901619
-22.8119673500084
42.2984388744166
-18.3838179462651
-42.184205462996
302.566101441877
-0.205233373589081
-78.2330839975282
120.72794971883
-8.80420525712211
230.920687288271
-86.7475187107968
101.467337199446
26.7192259936206
-60.5738698189216
55.6545710221452
315.835985351539
-91.8030160507168
146.954219151931
51.1032075274651
246.612706451657
141.885643620765
125.623827082768
75.161461818078
-1.7902542406295
-81.9530088476598
98.1231285693771
223.482797502029
171.230155862323
122.390615057176
172.583247471067
-92.969273182068
10.5473438650493
68.5545796444715
18.6670939772694
117.533476398867
369.41743189511
-27.9907832133552
17.7562663720948
158.447615834571
-50.1024337182815
181.881794087486
184.852050104823
-35.9033804227431
153.751196385002
83.8633722340313
172.310689717239
-54.5326736218907
-20.5450875459324
-110.414299878752
88.6869920961853
-14.9154942501019
-113.482447245784
29.2364103439321
-19.414856543618
-18.0933933624545
153.886551721188
141.895839918721
-26.932729252067
125.156519013059
154.603339265447
30.8859774974692
-50.9136225063182
1.24368658576506
-136.986025896755
-20.2198800880681
129.927108820448
-63.7423501945837
-20.1501007655186
34.0940790298813
-15.5329776721203
-148.322788734389
-83.9246060134209
-113.772841576773
-160.126780828419
-61.41880419183
-35.8250156449824
-207.899557467081
3.21730699031517
22.9906123455743
51.0385162555221
-64.1858856513746
-56.5916413367101
-27.5535326212658
-159.024225479879
-153.519349314827
-103.302195625437
-240.675753464238
-239.944382926083
101.865450949594
-3.20580165185639
-20.6981050041765
70.5695126516119
-36.8093908901526
-40.1407267137014
6.93023825889437
128.144895267705
96.4835448171145
136.179138859095
143.920728182679
74.8391880147043
10.6527094593731
155.815464942578
72.0346897824392
-82.4320729297842
-73.6769784294876
3.68183160726142
-108.362966039342
165.854062104831
112.657768483033
56.5292361218416
95.6601999572066
139.732666027694
35.2508483383303
11.5232792833307
134.644691612986
245.199485578955
72.9010478890782
417.895500056358
11.4342662011128
116.578187325114
-92.6546722651243
105.798895740749
73.0359663639779
-149.060540202377
-177.687511794531
125.87611349
-90.2917888586291
94.0122072720831
65.0879265407822
215.725795994791
45.2740614855694
135.800567723741
6.40753593677699
36.6550980152364
-1.04566522071521
187.141974871119
13.4490919640308
176.964120125805
-24.2275226039649
-57.2008728986956
-13.6920343409789
-71.8351633115239
-86.1789029187016
-117.067920334892
77.6094729236144
122.084692606872
-161.595650363673
108.348952588954
90.8485250834843
133.650362421651
-41.9241036324042
126.810519545646
-66.2186562672497
-21.1458456616414
16.4161319328609
97.70511024841
-58.4707988271995
64.081712286215
-43.9276159954331
39.6819599699003
-135.907818756269
70.4025499374444
-126.174938007578
-127.792150043071
61.9148589118805
122.751298603774
-7.42704201987299
91.8983572723288
186.149588034196
42.7729575996396
-190.529065206626
224.686172417412
24.9791477560523
-28.6045530388799
-80.9788163194639
147.308617971077
-89.8049581714084
103.054858304709
111.328639028194
-227.470776994819
47.3840200399223
17.9407422823825
-14.2721311164202
-194.764873931734
-117.887870478877
-3.69596431003571
-260.727540431134
84.9951068506552
46.2941047572834
-46.2400085650744
92.5812460663707
152.676244569055
-93.2243726665286
6.32745718140267
-171.627072265647
76.8813654318895
-34.9810364885731
114.010204677281
54.6830172706211
-19.2609795268965
186.556030188971
219.352785604796
35.4514040465082
29.153233344878
-87.2876441972188
98.9844063571119
63.6648410222795
-57.7572637468075
-111.223812923428
146.60928106695
44.5021727497349
4.20948612332495
45.8179226142886
-167.304897245464
