-89.9637348041695
-92.5001838964086
-12.7324323441601
-318.134760779515
-25.2978324890882
83.5411332262065
-107.335919981781
80.6725837499527
-5.38193550350434
-172.046345143494
270.153003011921
-13.1165621037715
280.777474363621
84.4182991667904
-273.850241118482
185.025847064344
35.5198853053755
-153.842716952915
337.566697746708
149.16194277163
-50.1044286653077
114.603654813521
198.233032537678
257.151309048278
111.797258397719
50.9000342417591
-2.68551419769359
132.591922013521
40.1693228507143
-77.0648332282979
-108.95108164221
28.9463419767184
-8.92086127980452
-397.268283505878
-102.623098583188
-49.8555882895486
-200.992791657187
-112.221585949485
8.01367301812967
-376.455678413974
-317.718311605798
259.57879661459
-102.653421370051
-77.2067978632741
136.488318969078
-234.283794433568
-162.888784662601
-210.88113874134
-163.921538065525
-332.8933624362
-221.615018145731
-239.812854499688
-114.206808280803
-41.4552781556858
64.4538137764341
-20.9042785896639
79.647755107859
153.683138418113
12.4140008966181
-61.4790087730116
51.6393162277756
86.8758579179389
121.958564269883
378.082411683195
193.295478950729
234.826183874859
155.733341562024
-46.6473062287115
150.615884457055
-72.0798654620306
-35.563634737543
-61.3040917208726
-87.6388576810314
-7.44290631190478
-44.6022657051859
44.9680395019771
291.132205588113
132.420244406088
268.737275031156
-33.6272873172238
60.4267710900007
294.021230515735
68.7520984827223
-44.6732611720764
313.123710935148
18.3697159143261
44.1679031422678
-185.096304565904
-187.057962501993
-91.7454228399134
77.4963333666814
17.3922723348691
218.51917064571
219.922498132781
-31.7069733100553
84.5401798890743
265.202438164122
-83.1187214458635
-155.779781381291
39.9217836958202
-465.010142138484
263.451303479932
213.822446068411
-198.888291098394
310.558249494325
503.46150579522
150.952608559151
356.670897654786
382.687456459256
-53.3689457594879
-93.1808066467579
54.8534901922594
-61.8633717187191
-199.241950554465
-35.4690681139769
13.6199020998856
89.6894880942632
96.4041975682895
22.7112831347107
-40.1404688283471
-14.1940789756858
231.678575919485
142.055524523073
103.071149950056
-48.5595023065257
140.463637312189
16.9712476671358
189.579651610033
67.4233019015899
-67.4130628756575
-100.851294300518
192.134342701163
45.7935380048559
53.42741998495
266.05405155365
-14.8043155341788
-65.9152714177755
84.4079952334695
60.46635881648
-162.725422764928
-287.346847323572
173.849583451866
-88.4921440401399
-28.2830489837527
-107.26992768486
142.67765845959
-141.521149044571
74.4114453920173
-30.80013892523
-290.572872428334
-76.5793828918719
267.979907932441
-158.683043216097
-26.410916248223
129.711523313681
-198.157707012689
-228.134382180383
102.189789330881
-163.829477797171
-247.034458246546
112.588709849092
168.516310488418
-79.1686906019826
177.508555184742
113.906724882446
13.2298494086359
19.6430977539353
-55.2264730375547
-253.516556156742
-100.949315772602
-292.839624330697
-200.6160421734
-156.324097865519
-333.144269517679
-137.463507402159
47.1250744200417
-155.390750283352
-45.6703828822858
-9.83515496497557
85.4342243010195
-264.163369860477
53.7663358243001
-12.6922889457995
-14.3576617819256
29.9866077906866
-20.7212061799517
75.6015659901412
89.5079975147075
270.832612124877
-23.2777746257484
-102.55703956448
249.899364567456
-167.378212670427
-32.1197490747471
31.4113606033176
89.4283709159541
-80.4046637158872
190.256743939585
178.608440071317
-78.8732212059999
-100.333567145941
259.118230235163
19.7665673429573
305.241321997833
348.915968090977
91.8923426212977
-16.738595185863
6.63537793772523
-255.630302761845
-185.942519748707
-159.61072748268
25.9663188563991
-173.149295179359
158.649165370215
98.937640546542
-63.1973967302585
77.3343544783892
225.263967856663
131.482295997714
138.341406845917
19.2418496309026
171.055607600181
-28.9249102565714
-106.377612803639
-120.663661209484
56.5956903065148
-17.9286877001771
349.288981697607
174.370961328882
135.197492024659
-15.5815419275424
268.399545467153
1.96237526826658
139.909040505336
-39.9849155517915
276.708722728787
-60.8980489064709
272.278109590309
216.826348676617
-56.8290129256001
-150.695235151286
382.534772547261
166.712380789103
333.02181151561
346.112510984362
200.274392091869
-11.0515579315915
64.1294957253883
99.4168808024653
141.462797870216
-10.033341996544
104.714350641689
168.605284412822
49.4688054194611
73.5464315764416
55.6108709215189
-43.2070239085886
283.239217071553
106.640296541731
161.012430360181
-29.6449958139955
70.5791284901994
231.926508752666
100.109394362283
-68.9848016987464
375.539116249808
-99.462085733215
127.962773272183
-49.1756417270764
-58.8291545674537
51.1470932060249
216.807255953878
-63.3895732341976
16.7365022909572
-3.25235631974805
72.6309639625643
91.0465593143665
161.880256538487
131.904825199904
7.2834701406687
-264.648758896868
-77.192454951552
68.2945771750492
117.85942906964
-82.7532171654787
91.7378639010812
59.9248254162807
-73.2483946269677
41.4255987406294
-92.4441296367667
-136.539985112846
-63.3755997882911
-32.9528250348106
136.539573891587
-45.2577254531336
-12.2377698397081
164.195797654293
84.5006588048787
21.0350198485043
-178.638884585838
-345.891927015669
-85.0983498299581
-274.89110074203
-72.2088471589943
143.730743800204
51.6690952682893
-78.7994948190563
-15.6978634414727
63.3245532100231
-84.5104383593117
-59.633155209049
312.056103222632
-128.858368110952
76.6800850910869
204.635758556514
-216.292050218643
-37.007733855871
82.2030507604719
-65.0359426446427
9.28110680213082
302.75400943484
156.903054170151
162.988354770297
177.437039112479
46.3508134356585
110.357636030125
-177.034684747918
31.7633655572837
-92.0854090935477
24.7632326699696
-193.733052395008
206.528103279751
192.184518938998
-41.4742805938327
-64.9959852378583
-201.133185604964
101.461140205967
60.3126159275265
-271.441828101486
142.037534414633
-49.3052034827426
224.504287854685
-62.0006696727653
170.548354874399
172.174921796925
-264.427480990904
288.58713081689
-108.659252881636
4.78094543780396
302.590389824285
-52.744138102241
226.43476884378
-15.1817275740891
98.3723994308764
129.796532984656
285.531013594327
-49.5102712743906
33.0314858332059
47.1618595390048
-66.4196790112586
-57.144108208944
138.560377712968
-50.2693956746112
267.605161793396
67.9205596706572
-79.0517821816864
7.09532129025448
39.0731641753034
-136.833603060723
-316.375630078021
-212.24872914099
-192.607520061622
-73.9934979170425
-148.891949595824
25.5251786008363
86.7127892433779
148.343734184689
185.969267656392
122.842265894278
143.090748363329
-56.7592222081937
-52.2062609980433
-2.8813841212867
181.267678597736
-40.9443726581052
138.632830439185
-18.3947604450696
43.1372751258851
41.8181680853963
146.820528160017
-217.627407536525
173.56726482169
42.6529691461501
127.636016669083
72.9490710931096
10.4450325253165
-26.9461732505107
233.774852372329
0.516646489398248
41.1941436626125
34.9695066397134
103.358717101181
133.315414560422
274.438078556855
44.2140240785548
181.907521360222
-12.6675049499757
49.3683489249088
-54.4930600917664
-28.4924199544544
-141.500223807529
-52.9974159008461
-124.613647728398
-93.3930092269911
-147.127729953562
82.9455422981607
161.637598209715
-89.7268441245747
255.131692091479
293.571366421284
4.11871703240561
365.928282735667
-24.0621730139948
163.828318337029
180.915438557726
2.25042018515589
251.581021206643
-42.2553341057509
20.9200951382324
-325.529307116252
167.487617599765
116.849601111836
-203.342046362618
31.9954393729395
-70.7569512458376
-98.8395811886381
100.683607258524
193.067582167536
-209.252948441438
141.208105929186
-85.868968311937
184.117118738556
97.8682145001044
139.621590910891
85.5065462269306
408.432913640215
209.966688793952
-21.3696241738248
115.515905214234
-242.297660736676
-111.162848818335
-78.1415560272384
13.528410454941
-2.47828444137967
-215.608114603797
-480.973952601211
-64.8993984207063
55.1581395655145
-448.358837390949
-299.94654355972
-403.245604800179
-349.114877781761
-421.222286697927
-271.420558131858
-276.29978196294
-261.756233030533
-232.320778470114
142.415095768736
41.4097462106674
-81.7759980192347
-48.1138327931069
180.220493976037
-157.22999726444
-25.0019804844206
268.126425294746
136.040208479595
-41.5426017832093
273.001201022379
288.338510187537
241.844250898346
-27.1292126588182
107.408054868334
444.288178536878
637.30182531412
286.021182163667
556.325484967488
293.1438235275
484.154353107276
283.195584292272
25.6912476385634
165.238173625927
-58.525470704451
57.3213373561665
185.740932045207
209.934092641498
210.562815330808
152.401011144482
91.5963831793675
2.14408873498769
13.0023756760087
40.3578928010886
28.9224491839129
348.083344983051
271.201510174726
146.455192245538
-40.4331821580564
-60.803856342388
-79.2650194704387
-451.91578020813
-350.713208296048
57.6590364044659
-48.4254960185865
-144.368405851555
631.449669357348
-45.5886966198932
229.759868468733
90.9507768736969
-231.697656050354
-350.340374719309
-181.348930433737
-412.479332641462
-28.944174428264
-20.8830469239385
-231.428910725423
198.48975041702
298.016227885877
23.3244197046919
494.736473690711
327.089661830194
271.611162624905
-8.04241839633501
6.85737217510154
125.922276390206
-177.734257618359
-91.9397472666928
188.91189557053
-163.561114398246
-228.199630945614
99.4542580677792
54.7035673345105
12.581253860787
-265.714092865738
303.167034670386
346.182948174466
24.5354260860471
150.087677360448
254.030446013412
-37.6183076565211
-31.7467386661791
169.717714541438
-90.9736403911345
417.496067874705
327.248410885388
498.051763165368
240.756245609
230.04064907722
93.501557279013
433.510442840622
-63.0834769305644
-2.13861586423815
-18.1026315630251
107.240107726801
164.961712518976
437.596839412263
26.0254944894087
122.079646718971
78.7178268207278
119.177494699725
186.339677532739
-177.977492433388
-98.4174301238706
38.97759415086
39.2443951261576
-130.799044599981
159.977456290035
119.145964692664
-124.881993522322
302.610427939532
-30.0925960052983
152.246567967437
-312.249880754565
-239.590635010072
-11.3016157037136
100.077683344685
-111.696189791853
150.658684973975
109.866916748613
-25.4474287966182
238.312656182472
-128.127440292852
68.5221597214296
17.3637875367732
-66.1338824506231
-72.8951720096062
-73.7392777272764
-157.963475902812
-85.1492453028695
171.912333758032
36.6011584428524
-137.60962587931
-47.865685443141
-182.357781883722
62.9563075501063
283.399705953269
4.80681944050266
-130.067478654584
90.1500285291148
-226.89220464593
-31.9113419060013
-53.2311462530453
-263.482318508184
196.391423789088
-6.15947568169469
98.9858067939539
294.687734199123
-111.275759120639
316.34571668722
-98.1246889488366
-37.4486197910268
-4.32058389227313
-86.951663476201
-104.520933905733
111.541595711031
62.1116324036185
93.3096132423364
-70.5206787519866
-59.0578958489793
-17.0326751422251
38.9130452571424
-216.255965903308
0.377715223377457
1.02018514712566
66.6897697190291
179.404754957998
-147.00662215343
200.249673406202
177.68765110888
157.693331408175
-86.1190094852627
-28.6480638536427
-259.943344555696
5.7238129463394
90.5763868669317
-54.1519348310895
-123.795985112856
115.572128798652
-225.163280274248
204.431893956671
-85.3138841960776
-202.81627082629
-173.77428748636
81.8099772594744
-148.832132896607
33.0081121398037
-151.474070658503
-101.776180740895
-3.66817829183024
-135.102935297101
-130.915539124478
-70.0434084084686
-45.7857963105168
45.6957826974369
64.3137661795856
-5.31665984713132
355.277645185589
-150.560035691058
-7.23772229099114
-68.437095656203
18.9137801707885
-449.05292042556
128.251341228263
121.803733871551
-182.644600319029
89.3809222817376
129.941226023632
202.620710047216
138.897321779271
87.5163222161303
58.6090098308022
-13.7633962994691
155.5586183076
-171.475816206735
64.2598077955263
267.077628905678
45.7995806451715
40.6012342628793
-12.5718429447782
256.624491420703
280.519249777979
-70.5526683498804
-194.049804761478
177.379100822458
119.054954558244
104.799133238543
51.2615100464978
253.19306731934
52.2395167465705
203.543883187849
65.8847456879298
-171.248619728888
-212.916928538195
215.682245256914
-109.282885864397
19.5389833231555
182.833884578581
169.468275658808
-55.1565284342216
134.210912275402
-44.1796039199752
48.8020116676785
-10.2011223022809
-148.998112535432
25.6364967592267
129.432728728373
154.15357773682
-25.3729098872658
58.6917832308996
-99.1803570292017
-24.5530328632372
115.133433206821
-29.5525227962307
-124.734639047046
295.796918351344
25.5590548826778
-95.8319828437286
188.37997636617
48.5948237545736
8.44098969055044
116.626452609137
-37.6854653184653
164.28074580746
-6.89560033163005
59.3250223612018
-18.0512899059427
-30.3013306830911
-95.5551164162459
158.549631688785
26.0676747653952
-222.013397126193
-131.20703483563
-193.345514336846
133.668409470305
47.9346879050415
156.008281737721
19.2842456175771
-9.598164486552
-153.93194324208
231.319510976933
153.70281025305
-216.03432924972
-88.3322943733602
114.284685297847
-103.255290626787
-148.895489844872
75.0804888629981
412.9899769593
46.8068864124605
215.023363136912
34.1215559627556
-199.683161183563
-31.3680226332694
0.355866817081413
-71.7327402767154
73.6389964546661
175.719299083704
-59.0449276378585
3.5815651480652
224.933953306301
-153.630619669237
-240.700897140785
-52.0786774141752
-187.44836206153
1.83393871601413
83.1086527918422
24.9834533495649
139.526549251015
167.349642962038
103.501658638355
78.8510874887267
71.8972514848472
146.675370244878
-129.771829234161
85.8290924906294
126.757398489197
-95.2012014882571
49.0791449987165
-101.818124616805
91.9178492248609
22.539647188173
-30.6903269851268
6.96318422997358
215.155138429734
155.472375734012
84.8155831748862
79.4192915248653
145.410602219674
-13.445435037622
16.4930160254821
-3.6490116104049
58.2543872601852
-148.629807486391
9.51638750782241
66.24609382339
55.8413426240794
-67.9271740501046
136.626626460941
68.288489444876
167.98192143846
-143.122127438468
108.115269124003
142.873301417327
120.28631809654
-111.484523229527
13.3722917597748
3.94740361762547
31.2802622332702
34.3756546927892
69.2676379690086
-180.203126347913
96.5482381379104
-109.082850478385
-231.418253661991
72.4824490719639
175.716937289084
-151.481177434109
-133.485608480651
-59.7572778072374
74.8708321575295
-73.2779616232512
21.3506700992697
120.459317587156
63.9331033470277
301.595751658257
346.247050762509
-4.99014490982251
461.750988815909
364.006723439191
295.855962532137
374.766723049275
54.2931033013658
-74.6602519346641
23.1100150078782
20.1986722368931
-38.020029608163
-220.347648948317
-81.9042948308971
-132.163060114178
122.775094477111
-11.3919620549338
-105.591901465592
350.980712149057
169.742987965372
-166.441259182211
-34.0521674098183
96.9634337762917
-21.60631455727
-232.517450786796
96.9001626824021
-343.290377401253
-202.148125526521
-38.4833761342145
-77.3015797175679
-34.3700861859349
174.564700360921
21.5108668470849
229.469000060864
208.028007567063
254.348643398456
200.915152052819
75.5492310248433
-37.5247614367419
62.996506043501
81.2329523056049
-84.7286017958089
65.6114651487472
377.560406116239
-25.686825880752
270.88421055465
319.904926016909
48.8380702479881
88.3811795094842
360.27381880597
199.41800114226
438.263065759845
417.292921226102
147.121385524743
-42.2177831050209
-22.4369762253113
-147.109685812546
-300.882989520109
-322.255680426745
-328.075879511249
169.296850844741
393.766759498404
350.127903967429
388.616546017421
15.4688143740189
15.4088757003068
-299.288057226144
-371.127660310987
-634.206310875869
-447.563963005924
-199.184919058664
-22.8326879937295
223.792310942571
20.5643546762379
53.3731327753734
272.482821630517
-58.2569179037202
39.3178527225645
79.1224717200231
46.8932342281541
66.2930344737828
279.224193939931
-23.1092421544065
298.149260015167
357.80210645969
408.678661206874
441.466670755815
255.520976356136
87.420117987271
159.546222237126
163.307824182853
-32.9594635524197
-108.987806840478
101.736403316351
-6.79423647461213
-46.5036490883812
210.070587818926
-125.795956257217
43.3968146072722
367.096978080352
480.237772478133
478.535346341898
356.097495136478
387.330568982064
238.870804292489
331.704249545728
44.9092328806382
-97.5597452561706
-136.000714209251
-109.957053152331
-127.478161264257
-254.979335326386
-398.631898121052
-98.4939042984491
-219.946899140516
-81.4556235539579
-63.3288857238435
159.447177523383
339.463195371248
5.44259106201214
269.81448261278
447.607916540377
450.843815248471
590.347753599849
426.683910972884
204.511945618777
-70.7895275130664
-150.086459323107
-247.350023725708
-98.4091413217539
-373.47486343568
-29.8611773943277
42.5818130146777
18.7973208127446
5.5352974116963
23.8602278392425
369.400589458773
-16.11954338062
-84.1945519726994
-90.9496270490334
-217.088334230223
53.15868345745
188.279509822916
255.633629778658
36.8771514672002
-163.022797745266
-54.8778854914972
-201.304906577263
-200.570304466927
-5.71035660432086
43.6763343404336
161.31448407548
238.485091818705
287.52330509921
61.8304875579198
236.336683426979
35.2849989143069
-11.4103251033862
36.4888394683639
31.211584289814
-1.89078941299167
21.5501041177877
40.329522622427
88.6256963178482
0.0774340445287014
32.8660408080573
-37.2069983806349
19.4922549642449
168.941085101734
160.201407268849
28.5034265504262
-1.41026122666275
31.9962940974721
-2.17028686070744
-67.8817217563421
48.994883619024
-119.197478037897
-165.338081200253
-77.1372035359639
-109.998021666829
-14.8784491047745
64.6005483798137
-74.2689511391538
-35.6999665823624
52.3518426623946
144.084248081938
-163.996807444795
-112.537496394297
9.43424082606163
-278.277347908255
-279.803443700418
226.934763016008
-184.965773834916
-195.13623947348
-62.188560961874
40.8578107051047
-257.103159076534
-91.2779420832956
-84.7218551852061
-276.012115360511
-161.924292581164
412.653886136924
-53.2928734361377
-8.55619077286841
-41.5823910862746
-121.986714181561
-177.517650415539
-240.2592819285
-327.75642216632
-361.292743235248
-83.6754391239396
-56.9070930328253
-39.7523654192754
151.324078562998
247.435842382647
188.990525072198
-50.1549779044316
128.203226583699
145.606686912764
148.378101158584
288.722100587918
310.012022870688
274.487863824008
339.306464004218
202.117943903469
129.322714624568
-282.370138333081
-297.21762079567
-138.841586207022
67.2714459716162
-20.5554675956876
217.770625990145
267.563363441936
172.919084329175
322.275365357913
372.881138419922
135.346445391617
151.304821082959
-44.0341961775435
-218.28906459403
-286.562904605127
-158.942432849646
-70.4719384359318
63.5586608392952
-145.509454380608
-132.709248766707
42.7996076180905
5.09077249565412
123.523819268162
19.977742878549
56.1160282145858
341.501631998611
319.932210065367
19.2178734511091
79.5489364653175
162.546734746579
191.100305787397
-30.6879134203681
5.38192317270991
333.151357210091
185.378261501277
-70.192698504641
164.724638098419
55.3384187349042
-26.8849310261891
77.1756583103625
-11.2550940672329
-88.014524447145
-81.3870200048115
35.8241822800956
72.6032692253729
181.738583690745
112.863795005182
238.08432262362
37.3820296823762
231.988422612617
69.6315421123951
-56.0337919033037
43.7511431336839
34.5260433922313
45.7408712804959
143.909754724701
249.688297598658
141.863436024418
169.803365048649
119.476047073645
-58.7143439284251
-67.357152609049
-111.924580804801
88.4230882621011
-10.4791676105674
196.055377918321
-47.5143558219941
-39.9515890956602
47.6098865125281
98.3085218231176
31.5063217314557
132.788651355046
228.730906757177
72.770574992974
91.0455812009889
59.5228157863564
-61.3704925942243
145.01244346997
-49.3808850379835
322.25748872405
59.9941931273028
-60.304705687849
20.3892290185465
-56.3033768343785
-77.1093017938012
30.7097667878089
168.477322250492
-80.6965838632159
103.539582768358
60.2781976146442
-49.4558692988603
-127.607306368337
-6.26287396925664
-75.3590106096682
-80.9410590883261
128.867372475283
60.5161461668409
-1.26941486984219
-37.3845806121751
-61.9138311025685
11.4586330231991
114.507550959717
-51.8155100727645
-106.227709505654
-27.8544962778737
58.6817000641739
-64.8765175796181
108.696046266768
-11.4240980672965
37.9294052539467
-109.09448559925
-164.235170952221
-48.2652400816054
-149.708159139268
-307.64207078143
-164.252742756848
-190.950930055143
84.5569860323129
122.301816342441
26.7564592714056
-19.7862144509626
-30.5140169007275
-110.172246426745
-11.2554799613362
68.2698411694728
28.0261967147947
-56.1063987888322
462.579230014086
259.417343099495
211.221576524794
351.834946243617
357.072245556295
114.028567201279
56.6112903031902
198.029513025239
-167.319607901373
-107.274438306712
-115.276618742841
-80.3183385149464
19.8173381723605
-17.9908168423731
1.92866228935215
92.2787131793992
294.62476777503
36.4816333120378
281.710745598651
109.176285599339
113.319865248951
-34.9289093870086
-48.8442152598657
-188.397684757599
-348.857859860362
-211.031328249847
-135.723414125429
-34.2296492484146
-4.56510100720017
28.4463696022939
210.753293519594
10.1183969936938
316.516513067064
223.877221049561
-22.3634577062851
65.2818889497699
124.083176809241
-13.7324343377373
-36.0334170596399
-124.370283365559
-21.3086931142277
-234.622547411849
-39.6253570444978
-226.444498161328
-224.379965574672
43.7212854920219
160.301848717457
-11.7525117991223
244.18553027944
281.41899216732
210.643161110561
239.045308666712
333.891759794384
142.919136764969
-24.5351312829298
175.995757663942
277.605070401835
211.474624439674
166.20899005245
10.7591878140324
10.776322427505
121.643543130198
11.7879279006312
1.72295803123946
-51.929081736393
220.795786092058
221.866925005439
-29.4802932960821
79.9636370228165
-127.671490568888
123.442979090038
81.930480735476
172.621812682844
79.7760116647175
9.18061938228815
4.46843834961404
52.1044088296162
116.139976503543
206.423867226362
-28.4669343962403
97.9400232726516
-7.38988975808173
157.964470695099
20.1662020250364
-53.5817301764211
-79.0210299825836
-11.7263415951494
-103.184893033615
26.875609404168
-134.07257927811
98.9013707445041
66.8029746816925
12.1201256374744
-65.8774410673174
-129.985436613126
-68.2771945980574
-128.810108899424
-75.1642398655106
-58.4837259954965
-137.099552016391
-7.75958925281855
-126.790271982643
-16.3910522237802
-231.972694494492
-162.359183996613
57.0456864964831
164.317399985739
59.803851001484
3.54010990564906
-3.14648185940274
162.454573240069
141.818067588575
-15.1453139350312
-60.0679580033505
11.5459653075089
10.0086181918485
211.911245953528
51.7172224656914
32.2616935951898
-85.889767837445
162.376571861569
85.7092183718047
120.484841652585
13.4900764067395
1.56630804429371
3.80692291627032
125.22914486648
32.0590983309106
39.7811009078888
-35.3017134385894
131.074712076424
-8.44399376775675
-13.0815554919095
59.6376393309731
39.0573678233187
120.042921378928
135.372924216786
-56.0753080664208
9.49428791650861
-112.242116318358
94.3597561002963
-1.10203429728696
90.1847614195119
45.8666389109545
-71.1508046409739
93.4217856923684
-16.4245956297218
-6.67941121727749
101.203775697921
95.8575385764043
175.070595896558
-2.45050428113548
-24.5370470919854
-65.7697423892857
-164.316419994697
-18.8937024911925
49.2549299288262
-92.4385904830907
-45.2615648473904
-84.3717970529565
-82.5074386076252
42.7088674652836
13.977122367711
-104.046910306381
-9.47175374027009
85.6597408054448
93.2644652837261
37.8319228945055
81.0347066516433
7.39363916056589
165.923331844308
-23.1415746486656
18.8029781170072
-48.3956297082764
-51.6749824173503
-284.029837925628
36.1990409761381
-81.2460169752493
-75.7066686798332
-42.045782905822
13.5105395422171
-22.8370490666725
41.4757366926906
130.702476956089
-112.66993159652
21.5035057718578
59.0883743214599
-254.006503322017
79.1264627243159
89.693879324922
253.19168738206
112.541212805878
242.566363612445
-91.4324438240778
-90.916267059135
250.531971052173
-106.962709744429
-68.4633525263296
125.549461112107
208.089825057195
74.0866423903309
-14.1158589265307
102.761893096293
-15.0872995243699
-8.00398176465006
338.176520460119
106.50282611827
-62.0260493949196
151.895311505955
11.0174322985569
320.649325644647
96.9463492856304
96.2504492590361
186.983458230918
-98.2941986332618
55.0572027891549
185.500906615308
-43.4548614340133
159.134956677643
84.5353476128243
92.6747990850483
154.937635548299
76.2151228376517
54.5014969241796
-51.0702516376597
-139.518586861074
40.9996084826413
90.248289061283
44.1220454274622
111.616789776888
-39.9884295987449
-131.361692764848
51.6038706019296
126.917838579955
-221.933580626227
179.417220121414
328.174494315747
-58.7674745358257
97.8879642295737
156.536857159312
-11.0959072316939
101.99527093093
208.812267894796
-99.0726134236622
-6.09898517707801
-12.3989435090528
163.935312716404
32.8396724229881
49.1725227448879
5.14190741835754
113.983932396167
39.749071595237
-44.2984301201481
14.2863315288539
-17.4068121886955
-152.462257077319
81.5683027458209
118.139600384221
52.4327006570099
39.6025262810496
154.249896631662
-6.74983795726192
-24.7978256816181
39.9562598737351
-118.338193858096
31.2175191396181
94.3395443936861
-164.881798768214
-32.1413140658451
-99.1895830386962
25.6345187221691
-53.6076941796232
-32.9074339660736
-174.295057469189
-214.479654342227
-162.839815118693
-102.509798882988
-54.111712890988
-59.5200100735476
-145.743388904233
77.7482715987762
-157.553921413114
-13.055898517617
-96.8286558308814
-202.438020449885
-102.805187660473
-21.7164920284444
-290.642243764284
-136.721950055736
-7.09779925913968
-13.8764067139798
-21.9515405195389
32.0608446148636
-86.6594355841182
-145.847014353758
26.5606654197192
42.3408714044875
79.3209449838537
122.924440612308
123.520508302152
120.515767640683
-28.6145663448261
132.496631176496
161.597572712362
-212.736782483988
-138.041865113686
10.2296532402226
-22.7860308210756
72.9491221447237
47.9193033409496
84.9178767886562
35.2652449741901
216.162312166003
78.7899702274172
19.1573488204997
154.770157717075
168.673608681693
57.7650846741614
254.073161350428
48.5424376732069
99.315195411477
55.7449274865102
186.210970551766
83.2645338216482
-151.820707118518
-80.8415544973528
212.462942011803
-9.16818785792448
133.954034904648
13.1479973386283
64.7114664365715
7.57712617113397
240.033594905297
-27.3689501202906
26.7147626350449
16.8942367969888
171.95036462793
-20.2623815193197
159.230278786199
5.67258013814308
29.8427989455687
8.13645620767066
118.29602832451
-137.523399449124
-195.663354487438
28.733607936798
219.73623011057
-33.6463196759562
29.8856696994503
12.6895332443566
153.422847079234
-83.5114943090596
119.942779685832
-21.2586819217468
-151.407078192431
-74.0714756919515
99.8797135965255
-78.1125164176468
61.852712698447
-119.946791144812
-13.5986940675161
-182.752982866409
23.8892348410557
-162.492056479613
-147.667542377869
-80.2639074390683
153.902560274884
-78.6702862744858
122.49655058325
118.450530108871
152.229572547237
17.3068040453602
235.369828577364
22.9033606979688
41.208525022575
-58.828997600379
83.0689481212015
-129.263623188829
95.3702442774494
134.613058136756
-138.011396137066
7.16032122222034
33.8333781188106
100.42562266802
-191.451816769741
-65.5282671792455
114.952665165508
-176.229244474644
-49.6415815759637
101.806591303238
158.574512380103
-34.6051371435071
212.896341573785
-57.5558712628898
-26.4939921936627
-116.337125987954
4.98628051101985
-11.6541223915894
238.705558796981
38.6294005744361
55.6344063624617
151.141157657599
91.7044696726676
67.2272798709614
-38.5198761893148
-100.601984261535
115.128690928546
84.8780128929613
-127.791110973056
-95.2445056240055
127.093035377455
-39.214637297537
-28.9496071621481
11.3832517011851
-188.166264061919
