5220
-1962
442
2644
-1551
2218
-665
-2584
3024
-3952
-3011
477
-1715
3635
-234
-397
-155
-290
490
16
-259
74
-338
171
-27
1931
-691
-325
-1122
-2072
-93
289
-714
-2947
4395
-2192
336
4535
-1101
-991
1296
-568
1657
98
-645
832
-327
-4222
159
-1380
737
441
-1369
1597
-1347
267
319
-71
174
-225
89
214
-318
298
-295
158
28
5486
125
-920
2120
-3712
4917
1974
-65
-1709
-261
-319
1028
176
-125
-61
1345
66
134
-716
575
-366
175
-48
120
2151
-3667
434
886
-274
-406
1543
-381
1590
-774
-2038
-3986
-576
6134
-254
-173
282
-956
1115
-394
-33
161
-527
196
58
-454
-4594
-311
-93
2640
-1263
958
-1751
235
-423
542
-517
1161
-1626
-334
230
91
185
251
-248
78
256
20
121
-25
-17
-51
31
1174
-623
-1452
-2613
3514
1201
-1512
-567
-1709
885
5617
1148
-654
-1497
124
462
-349
802
-1373
367
451
1458
-670
1795
-1713
-30
901
10696
-5907
10727
-863
-3613
2955
1289
-3449
3107
-1966
2811
-1087
-662
1508
-1179
-1847
213
-1829
1303
-618
272
-43
-721
124
-127
-548
521
-305
-543
1825
496
797
-352
110
-124
113
-2388
2768
-1464
643
-198
171
340
-81
-13
171
-270
132
-447
181
-23
5
94
-58
237
-121
345
113
14
44
-26
49
265
-54
142
-154
24
-66
-57
-82
-38
-135
84
-76
-3
-30
4
-137
126
170
-131
-42
198
-207
-5
1
-2
212
-150
-6
90
62
-26
-838
4023
1236
-1662
2042
-1802
954
-67
-807
330
-108
-284
421
-396
312
-40
-125
117
-237
4
62
-135
42
35
-162
116
-90
-30
-127
-139
-1
-78
60
4
60
-1
-76
128
-222
93
15
-141
77
95
-35
7
150
178
-120
1
-64
14
-26
-230
-123
-119
-174
-151
-19
-13
38
-48
55
7
109
-9
155
46
14
68
67
30
109
-34
152
-97
-26
26
-40
-60
-29
-232
-147
-262
-134
-62
-90
-38
119
18
30
128
94
42
94
-16
149
106
109
228
27
53
22
54
-66
-110
-64
-140
-187
-20
-163
-137
3
-86
-52
-46
-13
94
67
49
70
-35
126
-68
-18
-46
-213
-131
-221
-102
-319
-160
-232
-137
-175
-112
155
214
-23
162
55
10
299
169
162
339
99
-32
-234
107
-154
-106
-28
-118
78
-85
138
84
117
125
48
15
246
166
-49
-58
-101
47
264
-213
-196
239
-41
-178
207
-117
-2
-5
-85
110
-11
57
-86
82
-141
-71
-55
-79
-41
18
-157
-24
70
99
83
-11
119
80
260
276
280
183
182
-180
-46
11
335
10
156
162
99
72
-77
-35
-102
-74
-86
-23
-33
34
-93
116
10
19
-10
21
28
-163
-48
-78
-143
-222
-83
-241
-81
-165
-36
-129
-98
-26
-104
-27
39
-273
1
-39
-195
-44
-290
-141
-159
43
-167
27
2
-20
187
-25
-83
27
86
-71
98
132
80
248
-248
324
-66
-80
275
163
-166
293
58
-372
42
-236
21
-15
99
285
-68
205
27
298
77
22
58
418
427
275
474
480
99
284
-163
237
428
-279
79
42
121
-14
245
-118
-53
-26
-135
-211
-163
264
-24
-24
-81
79
174
130
110
-441
-299
-37
-212
-147
-3
19
-481
75
301
-341
29
442
-172
54
36
-70
437
25
-135
65
80
46
-207
108
185
-228
179
-49
155
-82
-154
209
-69
-75
259
55
33
-118
-162
95
16
-249
76
40
-101
-103
-60
-98
28
27
-203
83
58
-30
-286
-102
-4
-38
27
12
34
-27
78
161
-34
26
29
13
2
102
-70
17
5
103
-26
76
28
-239
142
-170
-11
43
-180
-80
0
154
-183
96
-93
-164
-34
35
206
-120
-184
-76
45
20
-13
77
209
205
167
50
202
-283
19
-38
-284
-33
-28
70
19
-20
147
304
-142
281
-40
40
-5
-129
157
146
18
126
101
-177
-218
-141
166
199
-49
192
151
300
-28
115
167
309
75
-29
283
149
-70
-26
20
-220
-54
65
-10
-16
-10
-131
94
94
-56
48
22
-431
265
-43
-317
137
-196
-274
-27
-470
-3
-63
140
-197
432
-231
-93
-22
71
-62
-79
307
62
152
93
247
197
63
195
64
-66
-101
50
-285
14
-158
33
-198
-40
-107
46
-10
-130
-31
360
471
243
-4
230
-144
130
-92
20
4
-139
112
-28
117
150
-10
4
194
57
17
27
-218
209
-139
121
-81
31
80
74
-44
45
-8
-95
-285
-36
-252
-280
-160
-208
-248
-214
-95
-322
40
-210
-94
-102
-114
360
-67
-89
185
79
228
314
122
418
165
-100
-113
525
-270
568
-106
-87
-140
-216
-372
-120
-252
-58
41
150
112
52
246
197
130
192
224
405
128
120
203
110
78
87
-5
7
-146
32
-137
-264
-87
-271
-431
-262
-346
-230
75
-224
-122
-158
-4
179
-146
-222
-91
-267
-198
198
-81
260
166
220
362
427
579
481
545
732
575
700
355
148
-79
165
-172
-22
-230
63
77
-409
-46
-103
-96
-138
119
-48
22
40
246
-234
-471
-266
123
-123
-182
240
33
24
-125
-138
-507
-689
-382
-659
-425
-138
-138
150
-495
-96
-552
163
68
323
53
309
208
336
554
300
555
351
282
171
190
102
-7
76
159
99
109
39
37
128
-15
109
34
-46
-41
-22
34
55
104
229
337
336
465
267
253
267
83
272
-123
-86
110
-198
-87
-114
-316
-119
-170
-329
-216
-143
-282
-169
-105
-222
-338
-148
-192
-150
-245
-228
-71
-103
-234
-290
-30
-190
-90
-154
-213
-85
-48
-214
-81
-262
-67
-110
90
1
229
123
98
-40
125
-142
32
88
-18
-6
-52
-44
-45
-114
-71
-94
-89
-140
-85
-131
-142
-102
-111
-69
-82
-26
-30
-7
-13
32
-25
40
18
48
10
32
-23
16
-39
-7
-41
27
26
51
13
57
35
74
59
36
26
135
-62
101
71
157
151
21
115
2
19
226
25
277
182
54
186
166
32
170
-48
43
-134
-173
-52
-85
-135
146
-162
-48
-221
-105
-98
-158
-183
52
82
-8
-314
-166
-102
-437
-322
-642
-915
-602
-914
-732
-837
-664
-333
-884
166
1060
1792
1346
783
1019
446
710
480
507
-12
237
165
307
-579
-244
-317
-532
71
153
-351
-37
546
-229
-102
451
198
537
260
-84
508
-306
72
-148
-27
206
30
810
635
418
661
211
-234
-46
-401
-157
-291
-114
98
116
-134
163
-196
212
89
115
-312
-288
64
-462
-153
152
506
419
494
770
389
190
293
577
455
535
-173
190
459
103
-256
-217
-10
-12
-481
-192
-395
-111
178
-227
71
-166
-219
-353
-307
-360
-258
-46
-258
-88
-360
-303
65
104
-283
-83
-318
86
153
-559
8
-92
-508
188
-522
-25
244
-454
-509
-261
-446
-491
-387
-171
-62
-122
-271
-167
213
411
-261
-223
-244
372
115
-2
-327
734
-62
-371
-602
143
-269
-64
366
-8
161
-440
202
541
415
230
86
505
334
229
80
712
365
-256
-109
678
-222
103
268
469
434
1055
375
910
505
21
37
248
411
6
166
352
157
108
-376
101
-584
-268
-190
-194
-119
565
197
-87
96
-59
-406
-239
-12
-315
-574
234
162
368
222
595
11
-90
-286
-1151
-999
-628
-37
9
612
-38
238
597
95
421
296
18
300
-126
51
-172
-642
-385
-162
-329
-148
36
774
-565
28
-935
-605
-596
-488
27
330
360
737
618
369
566
162
66
75
277
-134
-232
-274
-60
289
279
171
508
585
97
417
-110
-382
51
-133
83
61
-163
61
41
-75
95
-208
459.867696534117
-117.854724090591
-33.6806810420725
-361.635731380212
584.835000752864
446.524027553297
0.728263606325487
290.127109295362
248.56075532205
167.767383400492
-246.236198257524
590.176375728478
124.994620198749
177.421019744143
234.645379366633
261.481158396181
26.5253124127833
-25.4717624251212
-419.743368118625
-28.7311721666002
129.675827565543
255.384259061419
-229.769346155753
83.4740859434072
-188.004724427413
-8.27287010332543
-223.914017398544
-157.175600215137
463.364683679694
92.790166286618
344.331270466675
-101.728446922076
222.030663886942
244.474665691304
-24.5941009253733
-58.3249741543738
157.303440070205
56.0391189498095
39.2414582453475
-221.7544522616
160.152276532587
408.607933773417
192.067955776472
-49.3515495397736
265.670217182432
-144.437262890245
-182.136485710857
-235.273014447232
420.560108600122
185.201297155648
458.053584887612
99.196180761769
-221.879381072936
144.816509700365
-16.4446246706352
499.592947555727
66.991252546718
399.394014391158
147.718633298081
583.247101392223
-144.716310963168
-103.570052289768
209.976590033065
718.277158008925
22.5087624623227
217.32292848591
-241.312434187371
121.517230983291
84.786939677158
202.705296058781
22.6211152858103
-136.824015171189
140.386206526249
-33.2266238969234
391.311616500514
-298.271101733448
-262.023854546023
-239.88401735523
-388.6533891896
190.987985069576
148.226984230567
147.773574332184
18.5269236109488
-15.0242518486416
236.446358577158
364.239921808953
181.125585580362
63.9899146651047
292.288993451613
196.693428715913
113.591045932421
-97.7883522464848
165.61650605941
-96.9619256724257
232.312341047936
-30.2414319373111
1144.70884573005
1890.00746129275
2682.84040908171
3569
