-65.7113481820734
-75.3601795066511
7.21982148060883
-116.891058925636
-19.4845494141829
109.515531912404
28.4551240894328
52.7620697221795
53.7412683945411
16.7457845368429
-4.02283837127634
-10.6557809516046
-86.5907180793235
54.7951005608131
87.0466852814217
45.8800842360792
73.4276978643569
68.1169228287126
79.5829474131152
93.6699186046321
-24.0997165121315
-77.9014820993676
29.3075285780256
-14.6275529730663
-1.37404512625412
-102.903117569582
-135.857768869305
33.0757291744935
45.3006040470024
21.7341198420119
-30.5397526096433
-86.7191293930989
118.78654684269
8.43264912083739
70.0960646093442
-119.459873637384
-71.2612872355102
-97.3964297547277
2.18873160693199
-3.26612385778888
-0.950809640792477
-25.5691413623231
-110.048046267117
17.63424925462
-85.3996121943263
153.993479895463
-32.9356783716856
30.0586540869613
49.797702274561
-51.2335014715386
-80.8515135589043
76.5762697519326
13.8490518001702
59.4667516059175
-39.4580474535153
-62.0834039385816
-38.2180705749355
-193.15029411386
-88.4661899954028
-30.1036784092701
-98.8859577612594
-66.9154999231501
-97.296873861227
23.5247182961186
-182.649142487107
-55.5252786200696
-12.2572142676859
-54.3814607815378
-54.3669162047101
-136.274852739469
-23.8744157626087
-164.628315200417
-69.2196989115472
-88.5516773654633
-79.7925781949709
-5.84856764374122
6.33326055882933
-33.0518734533033
-112.395661071151
-10.1791968893174
-59.6333411402425
4.03797502972001
-61.5867908896819
-28.7438116396245
89.1544679237128
-89.7406182147134
-93.8758462617498
-69.4099135799548
-145.962428631228
-115.115210340945
-120.532285649618
-123.606251266765
31.2410534222824
17.7884735416125
-48.2936973417928
-33.9422886182406
-60.4171716929845
-97.1979652359439
-18.9716597427554
-180.244078130211
-39.7450723251276
-141.820157852341
-114.102134095298
-14.0754655171024
-91.0066394423046
56.7337823065974
-114.032540402343
-5.43462333768201
-130.832547151977
-122.462493353746
-207.908801896228
-115.890177766541
-25.3589934018617
-77.3286346667972
-183.286911351318
-42.8256327651056
-104.719268764877
-72.6490005866599
-197.519750025545
-152.126902087428
-85.9281116948457
-117.170831331526
-110.39993163434
-155.805027325414
-76.2441197435984
-26.727375908595
-137.382839249475
-0.382892258690878
-112.771430255232
7.09675521511011
-35.3670500582724
43.9046680416944
-70.2195962481749
-96.7897915460121
8.98163716188673
-214.490071802264
-95.0898422154795
-127.378358699856
-108.797117869848
-74.2408721215726
-31.9800758344474
13.9780664580917
28.5012853508224
-101.426553118837
-123.059739940646
-100.759057403931
-37.5685696990952
104.851671644919
196.992622871428
262
262
220
128
-78
433
53
-125
-25
-34
-245
-39
-69
325
252
-118
-46
181
263
569
-126
115
337
-1
-196
83
306
-77
-249
220
65
163
-86
481
153
118
-89
121
-212
-29
43
177
197
299
526
614
419
225
66
149
-6
22
125
295
243
-31
96
140
-391
-86
-532
-698
-437
-495
101
60
5
117
199
-123
-760
-435
-482
-654
-244
186
-324
91
457
473
507
441
208
194
54
-53
-118
-132
44
-94
-538
-771
-576
-375
-338
-125
-37
9
-5
-4
-347
105
139
691
402
394
498
109
-513
-809
-1425
-995
-726
-305
-348
515
332
562
509
431
181
591
752
877
701
1038
897
585
161
74
-304
-373
415
10
153
677
505
579
465
327
-62
-187
22
369
-182
141
-181
-552
-345
-704
-839
-350
-258
-7
130
746
170
811
140
103
-257
-310
-419
-435
-668
188
38
214
801
648
468
715
532
338
-381
-505
-828
-961
-876
-603
-676
-384
-283
-75
-274
-430
-265
-315
56
-85
-62
522
-36
125
36
-284
149
-346
219
206
107
9
615
211
-68
130
-533
-389
-127
-368
75
266
359
-386
-580
-137
39
168
564
22
461
216
338
795
440
374
480
-201
229
825
97
396
642
144
809
770
549
641
601
806
91
-141
-265
53
-386
399
637
645
192
372
-61
13
-140
148
-66
-315
-179
-338
-496
-7
-682
-182
14
145
337
449
190
288
-164
-175
-1235
-1564
-1562
-1499
-1049
-196
-344
-199
-168
119
-331
-871
-630
-262
-299
300
90
272
500
470
-18
332
-110
-333
-5
257
742
1062
865
1009
619
935
1208
833
628
724
518
1339
710
1016
173
172
134
-212
-433
-303
-951
-555
-1234
-847
105
-44
28
306
-74
-521
-523
-308
-1032
-464
-278
-499
-583
-669
-1075
-2017
-2677
-2010
-1506
-1198
-87
-52
557
577
256
-53
-82
653
99
461
266
673
1027
1323
1189
1026
1197
1109
861
650
927
721
1000
1233
583
894
570
-686
-1110
-1145
-879
-1097
-25
37
-149
241
-241
202
76
-279
110
568
77
252
-73
711
-207
548
-419
143
-390
492
28
535
-367
-328
-163
288
200
226
135
594
529
-117
-29
424
-347
-97
-570
-293
42
-75
281
-481
248
787
596
-539
-325
-878
-1046
-581
28
-35
-196
168
134
232
186
415
-333
365
1033
182
-215
870
124
61
-168
-286
-608
-710
-178
-124
-237
98
92
90
-526
296
533
-160
-716
-73
-6
67
-500
345
81
-427
174
-308
-50
-77
-58
-74
158
-526
-273
516
-290
356
376
-309
-482
-290
-344
125
154
456
307
242
58
-501
-373
510
-471
697
733
568
-162
333
230
507
287
971
-311
458
-112
274
-151
351
586
-609
712
95
-360
-221
-546
-28
-660
-498
679
-217
392
825
-429
1030
-229
600
-888
-721
619
397
834
-388
-283
445
-602
-395
-725
-801
323
441
290
1021
-519
30
-361
-146
-317
-136
-631
412
344
-463
-82
309
-218
554
610
528
199
1016
746
105
-29
414
-1108
-223
133
-525
457
589
574
60
-26
-251
-701
11
160
-382
224
320
-279
-7
522
-216
442
604
-148
-495
-508
-373
-602
-271
-568
-114
-5
60
369
-205
644
-571
-1067
-421
-957
-680
-1154
-38
-370
-724
-360
336
149
-286
57
16
305
709
228
347
441
902
19
261
-4
371
830
-408
48
482
14
167
-69
-108
20
143
261
116
289
362
-544
395
163
-204
-99
-319
424
25
-615
-252
19
-320
-206
166
228
570
230
-198
87
16
-30
66
-231
-22
137
530
-111
83
-253
-107
213
-90
-228
37
-183
268
145
204
359
-28
61
-425
-374
-126
-523
-56
2
598
-50
585
-101
357
-51
-117
-138
159
-86
102
-234
-155
429
211
-118
166
-316
106
-340
-84
-352
353
217
308
80
72
456
144
-394
-51
-191
-68
240
186
-315
381
893
185
214
354
-31
-274
186
255
-198
258
276
-119
318
-228
-581
-98
-81
-60
27
204
-65
-352
187
-52
-629
25
-433
101
107
-148
-88
-144
-95
325
20
-11
131
363
-334
-32
-195
-259
-85
-99
-121
237
124
-89
-192
245
24
6
120
98
82
-194
-212
53
231
-39
253
680
224
46
-313
-299
-308
-98
-189
-294
184
212
-509
280
147
87
347
346
228
576
186
166
-104
-404
-379
-212
132
7
-165
317
-41
477
-165
180
227
-252
-408
264
-202
-193
220
-390
29
-187
-126
-106
275
-20
43
-337
-683
-480
-590
-152
66
-255
159
91
-44
-57
322
413
-35
168
-178
-197
-176
-388
286
-340
-284
450
61
-92
-366
69
-82
-102
-228
246
591
377
529
-63
-235
-247
-501
-138
98
118
18
338
468
305
-287
364
-64
-77
371
420
197
312
643
476
-30
-40
663
72
107
627
92
60
264
324
84
572
130
211
26
132
249
0
596
201
-589
-52
274
-217
25
146
184
69
-8
105
-206
-191
250
-248
-146
-89
-112
-350
203
-291
-357
12
-516
-111
-80
-79
-222
241
-195
-244
241
275
117
340
355
-331
-480
-356
-477
-424
-248
-188
-268
202
150
117
-60
-86
37
-88
-451
-379
-251
-318
-417
-102
-146
-73
-249
-131
-167
54
228
31
-90
241
288
164
24
61
74
214
98
200
252
505
-90
242
314
288
-164
-245
292
826
86
468
416
-127
-206
272
-223
-275
74
-20
282
-8
-301
9
-319
-343
-176
12
63
-214
186
-229
-143
-318
-212
-412
-546
-350
-582
-481
505
-530
214
332
303
-79
242
332
346
134
91
-375
-407
-481
-282
-742
-88
-61
-43
-38
314
178
190
-93
-423
-455
-202
-403
97
372
258
333
497
-143
345
130
361
351
313
1
-593
-50
482
247
486
9
132
-227
256
211
662
586
157
184
775
45
478
302
188
-237
270
229
-126
460
476
-41
527
-12
-194
-118
-272
-69
115
-17
-206
-99
-46
236
245
-180
143
-19
76
517
404
-368
-3
198
141
299
203
-14
89
152
199
-122
-565
-31
123
176
-110
-131
155
-164
87
-441
-157
-134
-89
-285
-45
76
-186
105
235
-232
263
145
-225
386
519
58
83
377
170
-58
56
-167
-426
-223
-215
-284
-364
-489
-222
-288
-328
-18
-55
-223
-191
-153
-81
-45
-56
-47
4
-299
-13
-420
-460
-92
-267
106
-95
-389
-160
-162
-186
-196
-289
67
4
-101
-307
-105
-14
-284
105
-71
124
-435
-3
160
-56
112
-181
78
66
69
72
87
192
-63
34
-210
166
68
99
-80
77
-37
325
396
-15
-191
526
167
-3
54
26
112
-68
-60
-14
-97
-251
45
14
-91
-155
228
-251
112
-194
-165
-148
110
-301
-155
369
-36
171
355
-9
23
-10
-136
45
-223
-292
60
2
-178
-126
-185
-16
167
-201
76
-83
-60
-22
-54
-60
-198
-273
-173
-329
-278
-459
179
-79
-241
1
-327
-207
9
48
-52
-97
609
-281
-155
-5
-250
-87
38
-230
-144
-220
-79
-215
152
-20
-43
4
122
-125
113
-169
149
-102
-22
-175
3
46
260
-149
184
-123
315
-47
-33
12
25
-13
156
-20
254
-30
162
-34
-312
-261
-331
-228
-262
-630
-349
-467
-280
-524
-265
-206
-290
-445
-167
-222
-135
-375
-44
-405
-64
-135
-387
-291
235
-213
-42
73
-385
-221
112
-188
48
-323
43
-91
19
-83
14
-34
-24
-282
-222
-84
27
4
-5
-135
119
94
184
375
21
-235
4
-315
-183
-249
-258
-493
-19
-267
-184
7
108
-211
-38
261
40
-360
133
-90
-337
137
232
-73
169
189
-50
-187
139
84
-218
-217
14
45
71
-114
283
-37
8
-43
-226
-1
134
15
-85
55
-81
-118
127
-7
-358
72
269
97
161
-21
-59
-80
-46
-75
-377
-175
25
-91
-47
1
-23
22
-52
-4
-408
-232
-205
30
-40
-61
-243
91
39
42
-152
-172
-74
-136
114
16
-108
50
144
201
-196
-24
-6
16
141
-402
-231
-52
-208
-10
-188
3
-175
-98
-31
64
-1
129
93
-162
50
-14
134
6
180
153
190
512
-2
210
34
-160
101
146
-67
-277
169
318
224
51
-373
-12
115
-311
-75
4
133
-165
-223
75
-141
41
368
30
275
19
-55
32
-75
0
-156
-43
69
295
337
21
129
-63
80
123
-152
6
62
87
220
54
31
248
16
80
-236
20
-103
-421
-372
-363
-228
-40
-181
338
-182
-165
246
-73
82
73
-154
-122
-180
-151
-154
-48
-121
38
-172
110
-70
57
40
209
23
105
-59
-96
-86
-194
-197
-2
-18
8
-131
-108
131
245
142
201
359
104
-93
232
-158
80
222
286
-31
354
148
150
239
44
-198
-210
