61.6117339867959
-141.346402200492
-222.84781550626
451.230283542891
-286.553930890747
-90.4056842126253
-207.505101531585
234.522329536851
-150.185051850108
245.382352433947
-536.939444881815
294.958386469182
83.454380067081
112.381305449218
-329.868943405577
-233.316989197098
-95.252095437483
-57.1307606572743
-410.623612786759
14.6006425648974
-90.4353004446907
-358.55104360589
127.070217794241
-193.739757297965
-309.020404875324
131.44943766424
-48.2090926074758
-246.753969865644
-348.811551359499
71.0149170293794
121.682968840409
-465.012094121858
144.490398672329
41.1776404967793
-339.17187916218
244.374149668339
-153.783750998087
-137.981791143376
-219.841889938767
-484.484520706667
-369.05458860906
31.7414628793763
299.583161059581
25.8138985015051
-418.909506570949
-279.09262817535
13.9870373986793
-64.9025351003139
-103.563747767187
-538.765983875894
61.6614303606447
-81.3726934793395
-283.79250473794
-414.638906078196
-98.936990834303
-396.822874206588
-69.0405849075667
-329.879970480928
113.289968284725
16.3238371096478
-220.107747442431
70.9768497197329
-168.743919915616
-431.741738205167
-9.27531564202566
-143.07512111224
-210.354047863293
-280.785195452771
-132.701918212772
313.7523597867
-460.547480837025
7.62818053303019
345.064479674538
9.25761353728906
329.909035129903
-101.863322018183
103.024147836845
201.42794581919
-326.321725075387
120.380297139562
164.0580369183
6.92341530789855
378.368998876134
-143.565522001315
447.213221698056
172.964293099265
218.457258007044
303.206819820851
51.0909587057649
-7.26692866929908
50.0933855183595
-183.721848571389
-88.6212893886035
125.172156883877
427.680869282956
246.498513379026
-51.9502729911658
488.997390488911
39.9332536560993
111.14863979932
195.391619597904
-20.9282678689116
-93.1605830209227
326.16646565354
99.6516412125026
-283.366045979649
-74.3852027744407
-43.2638399511023
257.709325231637
-535.435804190073
44.3464299872643
-205.389645024275
-10.2100334168561
-366.57857245217
311.546989640997
-189.946137346722
399.900296237999
-205.057856235734
-13.5846593289675
-110.114736292019
386.289612223026
152.211226398214
-159.02241231569
165.099191802971
256.887917316073
-325.603128270279
262.170298891119
-386.653420734274
145.61844625458
-48.221068175819
156.843698307512
169.503176682676
-230.427528852609
574.589838483425
-52.4822560668121
-249.257359445882
383.748227687277
-230.600095817263
288.224974363339
160.25116882625
-63.7198607520465
-497.808972595902
411.417026153428
68.8733427285537
275.491916935024
-69.9574444149093
324.675025451404
-104.258970283605
-150.397296771587
-8.96610646761766
287.231431527699
-354.585232210683
52.9134521663191
-438.519916041139
341.134349156446
-108.3540634406
321.415146105035
-265.432447411938
36.887732154325
-7.79024014688141
244.937626587417
204.292435785901
41.0341840010759
293.176007485848
-210.056317858279
164.932937966786
-286.320647024358
-13.3108516008722
-279.192900918376
137.587514200467
-89.8988513125293
-402.336790251188
46.8796719411515
-38.3065083186241
-235.063559322307
-157.709902480436
-507.042010908336
21.6285377682461
-215.468011430636
-79.7536849629404
-24.6764785099732
-445.945285091792
-73.4035642246701
-280.733064656225
-193.832432439993
-12.8065551279976
-67.1252388270732
52.4267116069224
-220.303921011048
-16.6173084602343
-196.804429943302
35.0943625421372
62.0068382165672
254.34398917143
-31.787008779204
469.820549383551
337.54646302498
-73.0468461737708
203.089465761057
-109.05882193731
-463.783485376262
-3.42745253144123
47.0142266100432
85.722243526344
502.008803864506
36.309227165818
185.66640147341
-54.7462319448544
27.3877748583837
424.218898960645
-283.7437728054
9.15945688142801
60.5341481857017
53.1723203868243
235.613082716874
112.236274022418
149.527169042581
243.56076374558
121.009451972699
261.108879687718
-36.9393981568374
-137.824836634166
-239.151229662583
-196.990071633254
93.3853802490246
-181.425032805713
-272.898766974781
-173.91789024257
-261.46692101589
-30.4998467112925
-94.3075562014641
-21.8183953520583
-87.4765126053433
-259.434016972834
-196.641105430596
-300.948830504629
-229.035063247707
-39.3329586801981
-23.9149576382754
-453.60009532666
-62.8897680043164
-109.445166184265
-31.2087499853162
-301.180930735216
-147.449535952574
228.597743662321
-218.569764979367
91.1491689836562
195.256572327391
48.8821112008766
96.5598442639242
-496.637732868921
-16.4482563780392
-129.535795150364
127.482176108878
-113.568162906866
-154.080636883694
39.6086433729499
-311.898375004223
-66.7936778870313
61.1738807740693
20.296106763392
187.924703338016
-61.1548466689379
-35.0563287709431
66.5595053701255
-147.252472902914
-49.1872531340972
-123.993707318321
57.7436328927471
124.551628124186
-193.162049774092
-102.494578760011
-337.554288241814
44.749872744831
-57.1300755010386
-221.81106582448
-87.0537850943774
-267.287165884673
-171.385703342687
139.91002574811
369.694216367212
-300.323721742672
-10.7815429860965
-314.836738874526
21.5510396036315
-315.383994400283
-23.5595393776349
-286.58737149455
565.928658594324
-169.526292622599
264.20453113416
-192.236584837505
140.130943841655
-378.985944136433
-131.689176033035
-168.743028000184
63.6755028398415
-350.462719201213
253.252697085523
-189.689974500577
232.438624441967
110.070409266546
628.09757703636
-290.41676754051
48.1212071452112
289.997347680198
306.653801092724
16.8313302988618
-29.5961213833015
267.985518483851
-4.1869410284356
259.362749716286
161.698452797963
-255.220177678248
-208.837335441187
-77.1609761464924
234.77783868941
-267.255946984598
422.098077330683
-51.9380590302509
-64.6794913556681
256.99107749389
26.0793869182984
93.4570112050376
493.776440450007
-172.563042905522
216.532910836262
-275.37660355842
442.761890123784
-7.9128032049089
239.50666111358
244.9021312802
195.240204054137
-30.4515768827848
20.1821653423989
103.427757629517
524.206670691071
-186.660785431287
42.005286807176
29.81569312367
-15.4685637651647
280.572536040626
-106.529557176648
103.810906700388
334.329866373991
-368.123365899385
7.14652522955873
-38.8489145617184
109.143331363477
27.88553743072
193.302837120679
92.0433995198856
266.105409694391
-91.8217021024622
379.928904301603
165.121502042921
-56.6932672505102
134.559766124435
73.0849759897784
49.9822315241244
467.222393229231
-5.32048428708984
331.710217027178
112.25978637169
133.730936379853
-58.9319905627402
413.889480349167
70.4245894158756
34.9839033167301
64.0438955200712
284.809379411856
-192.906793501667
-88.6566573695047
-309.399671512409
84.4231782436854
230.184527102876
-371.441435346323
-176.112935136655
262.568939307297
-45.330493405801
-388.951479268089
-107.508734458875
183.144957148793
-388.972359240826
-449.925176502666
391.090441729662
-302.252626652761
-431.692252666748
172.314440957997
15.2083163944836
-235.000256846918
-266.387962549548
275.59685001412
128.421818204296
-1222.45564322747
-67.4411159761692
444.070814427036
-626.202615312849
336.086650622094
822.616728629172
-597.375136118075
-198.99308323694
469.326046662659
0.340438048267984
-760.468386553372
148.111548013447
241.483935833416
-931.628549879549
-260.06469830797
678.510784485895
-435.160905223107
-512.771954332172
294.163790536179
351.07343010905
-640.623127235588
399.764691199829
399.350108073426
-1066.52279274987
-225.112166540776
454.878856815686
-813.311647164402
-186.812173163512
547.466200331885
-514.484330066281
-395.558421638367
489.417928080423
40.9841304456274
-461.514079472278
675.011949874406
439.97058539559
-812.776323997021
621.040208871503
281.664175033475
-859.417362783854
344.912829169963
387.616876709151
-701.731278774554
-145.313407433484
415.436772221968
-314.730877577253
-468.273138498244
409.04260110093
85.8712502922038
-941.921892520337
92.4915608096182
-123.452824804465
-766.508259312368
-153.938847267525
295.294525061145
-392.131659367007
-360.574403092066
612.131693515309
137.426175936498
-143.935702766504
352.575794075904
344.726710121088
-598.756083127529
-10.0721260980934
172.360662862194
222.454132681619
-295.946546622857
499.370867181431
460.815962966378
-727.134245967791
153.831757405926
545.432598921182
37.4671283546678
-440.446640982483
1053.29401222641
-330.524093089155
-412.980212633293
18.5574206455291
902.466921211098
-375.674888622816
-255.598821793622
479.013768296481
454.999149432384
-938.936437578585
643.630494384072
235.002788113789
157.672943026372
-414.450560259315
670.010304121524
-238.997091356208
-300.060794743277
88.4865238764852
312.113709920235
-254.246059934156
-66.1456950176193
485.822452838192
428.081138295222
-771.738932969331
184.930495419339
684.459299600785
-139.807973953703
-551.413473332676
442.623527012698
228.436561680584
-528.782666860195
-7.66736945559967
435.342879269008
-24.632458458257
-590.231300291767
-45.772571775409
261.971231389326
-514.891771810683
-276.266769094613
569.645567381477
-320.717526244625
-176.584614157816
693.768782107571
238.579572853135
-557.441166847726
508.722197680091
235.79450114917
-616.149807927401
-378.000689663479
703.199555140315
-268.48559084288
-206.422895895358
294.493896030624
310.411540386207
-207.361001469009
-316.9999765556
477.657970222647
123.718619828341
-840.31738017002
-127.996379015563
290.075282604488
-968.40757982464
-83.5768877615569
172.783995410701
-93.8029637192559
-606.056713733449
381.156443635269
154.513543062781
-255.709359835244
-442.040558230084
261.703356237708
-163.579805434457
-516.89448299427
-406.095649223172
520.36081161052
-446.54740751472
-667.177571257577
-9.55362202768427
158.559392586365
77.5180565201862
183.745760401065
261.678589559723
-96.8335162822657
-651.736131732107
-3.36241319338177
702.465872275285
-650.536875963514
-335.857890569702
511.054479784813
-380.767827068645
-902.065787705081
-135.623869585907
695.212455002839
-263.085791875807
-810.473797422881
521.215695183926
170.450842598601
-192.961408428028
-183.777269927004
95.9069668900499
-437.760489318257
-638.609706546699
100.847752697337
126.118737345983
-370.033793257622
-106.368522058563
497.948542294494
-108.870679800787
-302.595812748036
225.824636095667
607.139328086973
359.944433617986
-541.32253760326
21.8527708090487
-43.8124668597556
-513.486505051006
-187.589221221222
191.148984621264
152.702337230888
-563.628361969111
-361.05385580603
437.31157259269
-223.372487752317
-262.593407411276
-140.186156318232
-23.1814496518625
-132.475874537733
-337.998659400908
-45.1535340624057
180.129645642621
-181.242286353238
-130.70429018936
20.51857834321
427.336159231615
-163.922662800569
-551.997008952305
178.287137578267
-123.680587802644
-85.4723705916704
-44.380000645599
439.515684726637
519.108730351961
-490.941414388208
-151.842518830769
521.841228531632
-559.047302711222
-884.841939459878
-144.764310772547
108.998895138673
-624.83281350884
-331.054032968101
319.343034955341
-322.692316837357
-534.866289263081
3.73459823277824
83.583024662385
-569.467943191978
199.379227107632
188.908396159645
-220.665623960376
-846.806070579017
107.002577616633
367.269793083469
-613.524922015038
24.5588216921531
506.265321706781
-244.877857911046
-650.076449683074
164.399016648887
360.945568852101
-279.025630897311
647.976445711963
403.755773730413
-151.815887700255
-278.452557056468
208.860891623351
-166.949014879514
-63.3961318410303
-331.552211432688
417.431411223131
-12.335602714822
-419.052935244696
241.846738655317
211.141797557274
-648.678274202902
-102.072361914648
273.016557067198
256.768443822711
-945.280683563267
339.743509083253
187.640866505749
-621.966637564718
-114.757183555535
249.333406575913
-243.818303050794
-296.091488245328
-161.968802267852
547.374967009475
-542.278404845544
-94.1370970327742
626.269369628322
-58.585460662649
-576.006127975081
-262.80312666368
554.580843105659
-192.184793997914
-408.922283194693
498.687869721448
236.983737618495
-527.407169825485
386.412722539269
266.949311378132
-125.630306991295
-180.876603991223
430.859294436079
527.910903209847
-245.963642719101
471.625636881104
666.136890704499
-254.607160256678
84.5593532305676
509.85795751699
-160.878480164268
-215.494759885781
-131.746796289906
785.070281059186
221.593749463977
-246.209549496492
834.980738065408
-25.3544454071532
-494.43680361097
115.926094176751
391.956693387009
-135.374197137067
-587.586393976381
468.265111956972
-524.232655243961
-423.535117401529
-127.987842809239
-196.650480281751
-300.532355111513
-216.66003247307
214.970836017664
382.317144833205
-489.067111560026
-177.616095582582
366.981530041058
100.048746567129
-662.230972309135
-116.971869943122
132.959993158296
73.5253989038168
-171.214829139078
695.195075419773
170.64446601519
-605.751249903145
38.6568995033561
205.241122211244
76.5362448397332
-55.0534412521999
136.044025523098
463.273089418277
-52.9413133471533
-36.6192858822513
203.526722477859
-46.9233013399543
254.259484128007
-381.797936960201
476.904421215951
87.564553962424
3.27052607291542
-12.9329965237206
260.531536918312
195.901345651026
229.70807852242
-127.684892920972
303.895834855493
-235.081924528937
98.0733462621797
-40.408502959086
-293.354591008071
-135.34048083047
6.71873157179747
29.8016424434119
201.271470721199
-481.919412568336
626.310094888181
-217.354637717133
80.8247588499279
-14.9229260581074
-20.608529661625
171.792847733898
-457.582310610458
-153.82396144756
287.021718095797
-105.478515843789
-251.866497497715
11.4589576643577
5.62981696782602
96.2801292234238
-309.266867043348
-324.741976158363
136.567612188123
-237.728220284112
183.243579395548
-222.459888826857
-33.9023898307588
-86.1745714086492
-160.333122605572
-188.87288831441
-104.876135958322
-267.418873439685
-376.573853723664
-351.502213144805
-80.3692849923864
-244.133983696895
145.916866617574
122.132650301232
46.8901204768985
130.086191742953
-193.671160172655
-70.7330704011408
-85.8442953381692
-165.335412248393
-159.514044166716
-144.572959688714
45.1903252232207
191.27007375754
188.184393449319
146.379099140217
50.2178253208177
-28.3751493258674
-11.8391522073585
-54.3575999405193
-158.467025116352
92.8539267184582
-108.246109431964
8.42195794158999
29.9260741561064
360.001335840462
-343.155066487666
61.1029232414343
-203.776283834178
25.0396350426568
17.7896341126887
152.68802279447
-63.4400064335718
125.436195359493
-253.298907362877
29.2564460354144
273.943586668524
40.6061250291042
309.840920635049
-192.438548914631
-149.239377030783
-127.410118491342
-408.244094883482
-276.781814642028
-40.7338739919293
-499.988825502514
395.401795321948
-612.56837474674
493.615025106139
-75.2626501782658
149.716024636284
-105.967066405397
182.410182489962
13.3063073609671
285.710748907342
-447.579564004982
570.641194580674
-329.906727374883
466.180792476472
-260.960019450575
92.2059256384819
156.33085157564
282.690257700516
-130.355601739972
371.593292343915
110.447544676726
241.274363800951
159.581321332227
94.9265749403829
256.641745200377
-3.60508541963266
-337.823589031761
53.9870582112113
-195.815556853246
680.312182599381
-441.421670101469
-54.8038594272594
-194.451736131471
287.252569146168
146.516781166032
-29.8240409935201
-122.515856288119
176.962979780717
-346.908432399743
283.983273523306
-410.729815485287
69.2234373684499
187.981490682898
119.290766814409
-85.2226625346047
-24.3978793510057
314.009354882601
506.192331597676
-1189.62550483328
1255.2756266366
-8.16096430997939
-1146.6203561778
1669.62133630429
-575.372420708199
-695.049072667869
361.056298027272
-90.5026889631526
-291.522227988888
-426.519468707121
-251.523029394742
10.9754037773954
-321.330559542898
-65.9499412807585
-434.316306040956
-273.548653316637
4.26923241472221
-263.399588443004
150.151729436921
355.310917004333
157.103213570081
-666.422447519384
32.8887005325512
388.67239190782
-423.302068006117
-354.329654274555
479.204117591767
-40.5700689077603
-468.71730796683
269.412294804871
85.7590382774084
-204.053438434575
-270.872336459523
817.344182503454
229.214713562164
-670.905313355232
380.060370686995
330.249758702415
93.3947956193415
-566.943247754947
445.911148224468
65.4394936378229
-313.868024049639
-27.7523655524417
935.290454588254
-291.35730808051
-549.637846391049
174.83517764048
644.81274702573
-272.058297161034
-339.233986746697
112.753860512645
384.272012917784
-649.465532048088
168.643374192118
139.663097616764
290.14254991625
-286.781520052756
328.041642009466
85.2968811373761
120.714451565373
-399.464852101458
464.412923737365
555.883100749418
-695.884551655926
-234.862462438565
558.790679595033
208.112006255763
-655.737043213207
187.397791253656
274.542618696465
-847.369082824713
-337.696161683886
316.649872711773
-38.1393880585031
-471.239403431451
201.622317727979
267.666545489095
-677.658733401539
508.750860103478
768.377781660107
-631.78907927275
-517.777917349181
293.909753122535
81.2373865148261
-645.762448082505
-127.062405322641
260.3470048811
-130.074068566662
-656.439284154665
