200
-16
-103
256
-21
18
55
254
-187
300
-256
88
138
122
-78
-120
-84
-79
-287
-62
-125
-412
-53
-266
-109
4
-196
-95
-117
-77
-39
-233
-5
-59
-202
-30
-300
-114
-32
-251
-99
4
98
242
-301
-116
-83
-238
-39
-328
-114
-216
-209
-159
-147
-71
-36
-297
-12
-67
-234
-128
-286
-87
-47
-204
-102
-204
-13
-49
-321
160
119
125
334
-107
177
205
34
85
98
-3
236
-134
313
57
113
212
27
69
256
-140
27
4
301
216
-28
203
-73
44
337
-101
109
323
124
-125
82
-69
280
-315
251
-307
156
-21
30
-133
281
-177
167
-230
302
117
44
26
246
-147
267
-256
231
-61
161
89
-38
340
258
-327
318
-211
167
-13
83
-348
280
-138
282
-281
315
-56
63
-50
135
-259
309
-279
214
-109
215
-100
71
-27
202
-82
181
76
-125
-61
-240
-85
-187
-40
-124
-424
-57
-242
-216
-18
-287
-45
-45
-136
-148
-325
-69
-27
-272
14
-161
-63
14
-162
-120
113
91
228
-142
321
27
21
14
90
-219
56
-203
-23
260
158
108
100
118
312
-41
319
77
178
200
48
72
258
-8
66
33
-67
-58
-251
-80
-217
-99
-33
-434
-104
-124
-79
-98
-295
-31
-165
-180
-27
-235
-146
-36
-161
-102
-262
-53
-43
-307
-52
-24
49
288
-277
29
-146
42
-103
-90
-25
-131
-179
106
-262
55
-19
-36
-58
-42
21
-87
-283
74
-135
-11
-45
-85
-88
59
-134
100
-105
322
277
-244
228
-209
129
-45
5
-234
231
-19
226
-258
274
-69
98
37
19
-252
328
-172
234
-192
325
-56
0
-20
178
47
195
69
210
152
181
99
23
147
247
-228
272
-12
229
175
54
108
171
75
239
-227
329
112
140
188
48
88
356
-9
227
-30
165
270
2
166
174
69
248
-54
213
77
116
122
126
102
271
7
351
60
184
5
86
186
257
154
262
-44
268
130
33
97
24
223
160
-224
-242
-301
90
206
-537
-328
387
-133
-380
-91
296
-336
-469
403
-225
-600
77
72
-265
-443
298
138
-924
257
414
-665
213
810
-489
-247
324
-82
-755
189
207
-930
-272
432
-363
-571
350
260
-719
169
484
-1051
-23
631
-827
-350
637
-422
-603
458
-21
-627
706
372
-1087
405
250
-969
193
391
-658
-118
448
-401
-408
436
-71
-768
237
346
-674
-140
335
-310
-384
389
22
-176
249
429
-694
-46
419
24
-281
210
500
-647
149
500
-298
-643
848
-171
-391
18
644
-522
-206
394
351
-809
445
248
-172
-351
602
8
-348
87
699
-303
-242
567
89
-394
-260
622
-362
-426
298
-15
-552
105
191
46
-601
380
277
-598
-155
578
-522
-329
355
208
-655
249
382
-500
-207
636
-68
-309
108
325
-437
-529
433
20
-707
-21
210
-809
-207
215
-115
-613
154
263
-567
-428
309
61
-420
-268
364
-194
-570
152
77
-194
-80
406
53
-592
1
424
-574
-359
473
-233
-635
-30
452
-210
-523
297
162
-393
-55
141
-150
-470
208
353
-536
-95
445
-42
-348
84
486
155
-550
190
78
-269
-112
72
164
-555
-167
357
-187
-349
-25
154
-122
-544
114
84
-278
-201
-123
257
-41
-441
80
157
-185
-10
223
519
-498
-214
380
-334
-534
32
202
-656
-383
490
-125
-521
321
45
-511
-130
316
-271
-776
286
371
-752
-106
272
-329
-430
90
312
-458
173
385
-217
-407
184
156
-183
-568
332
37
-476
152
365
-457
-51
286
79
-813
89
362
-538
-324
440
-76
-327
-126
526
-555
-226
666
51
-347
42
518
-222
-340
608
236
-671
313
364
-118
-160
510
201
-425
227
678
-435
-47
338
119
-187
7
559
-56
-193
676
53
-396
213
401
-210
-503
453
-490
-440
-2
-13
-230
-258
129
282
-584
-24
277
-63
-282
-143
328
-10
-292
407
59
-261
47
160
120
-226
181
554
20
-159
230
40
245
-317
425
-88
101
-6
280
73
149
-94
563
-253
119
-35
259
-143
42
166
301
-374
312
14
48
110
31
358
-159
-62
44
-257
14
-50
-83
-141
-137
-75
-77
-120
43
-316
50
-52
-167
-195
-170
-103
-5
-203
12
-214
30
-40
-216
154
17
105
50
-110
-58
-19
-31
102
-243
-12
-119
30
15
-77
-62
90
-78
89
-199
17
24
-45
19
-101
-61
107
-119
73
-164
-10
136
67
253
-261
155
-3
-22
-140
147
-305
284
-209
347
-59
164
-16
65
-51
246
-352
286
-206
301
-120
30
4
53
-124
325
36
131
138
208
-48
8
-79
98
-204
314
-429
175
-82
195
-53
17
-82
197
-265
286
-402
133
-88
54
129
-207
188
578
-1337
1363
6
-1128
1451
-473
-875
466
-100
-328
-318
-82
29
-294
40
-269
-250
-166
-150
-57
109
24
-462
-208
525
-415
-377
490
-41
-530
134
311
-270
-440
719
478
-792
305
295
92
-484
417
8
-239
-160
741
-302
-167
122
626
-335
-198
124
504
-539
229
73
378
-335
53
356
42
-266
491
374
-519
-307
363
-81
-756
143
434
-869
-296
246
-123
-547
150
260
-654
283
654
-686
-487
295
134
-521
-286
377
-38
-481
46
284
-67
134
149
285
-259
-161
452
107
-122
-365
438
228
-353
-24
522
-98
-84
-153
401
-50
-41
-129
409
107
39
-217
431
-12
-48
23
49
363
114
-331
-221
-187
126
94
-315
-474
-130
81
105
-533
-207
291
-77
-359
-154
118
-172
-562
111
88
-363
-246
-28
70
-311
-149
359
213
-100
-180
378
-188
-249
-29
616
-810
73
316
230
-551
276
338
9
-544
685
-206
-328
88
547
-481
-52
378
169
-808
625
481
-675
264
705
-235
-165
337
300
-350
17
252
-12
-235
435
245
-117
-130
424
323
-363
-108
689
-244
-196
276
480
-360
39
668
-112
-378
546
271
-251
26
574
-294
-210
292
467
-837
249
312
145
-413
245
213
44
-455
634
-272
-97
5
448
-334
-108
235
391
-707
384
483
-265
-10
477
364
-223
53
698
-72
-223
434
191
-249
364
504
-94
-207
559
390
-259
-21
482
237
24
48
419
155
-74
497
243
-173
88
390
-14
-584
-7
366
-458
-349
233
-156
-394
-206
357
-227
-436
328
-27
-535
122
84
-326
-439
527
-20
-716
114
289
-354
-198
112
335
43
-282
264
-248
-531
182
-24
-301
-405
232
90
-419
-199
182
-1
-260
-373
270
-173
-495
93
-118
-567
-136
223
-132
-619
266
426
-520
298
321
-404
-364
16
-36
-438
-195
120
-575
-248
467
-374
-484
124
-46
-227
-342
-177
59
-268
-201
-276
-119
-67
-251
-94
-260
53
232
95
15
-110
156
-148
-120
-136
190
-464
243
-252
-18
-11
27
-171
146
-169
229
-480
218
-36
84
-33
68
-108
272
-158
148
-7
197
347
-81
-19
128
-150
262
-256
115
-208
154
-34
13
-58
239
-239
227
-136
152
-99
132
-131
142
-99
201
-221
239
32
82
136
24
190
12
-196
-64
-156
-10
67
-283
-191
-344
-139
20
-220
-70
-6
-117
35
-147
-183
61
-209
-8
-45
-28
-83
-392
132
53
-511
-102
643
-236
-284
116
340
-468
145
-62
-109
-118
95
24
248
-259
325
-176
102
110
-30
-28
4
-188
693
-140
-90
84
506
-189
-372
205
521
-97
-285
277
104
5
-359
457
-207
-195
-16
361
-88
25
-162
488
-328
4
-145
434
-259
-171
234
481
-667
389
146
29
-202
300
492
-497
-88
712
-480
-345
421
174
-741
-16
420
-170
-470
504
-82
-336
-32
474
-341
-425
146
482
-516
52
180
108
-288
3
349
-102
-182
164
-11
-354
-343
40
179
-599
-395
304
-217
-393
-41
268
-227
-458
315
-25
-724
133
249
-415
-328
476
5
-751
261
270
-455
23
628
-94
-115
148
504
-598
31
477
-220
-443
166
360
25
-509
537
52
-335
44
301
-259
-216
336
316
-671
180
449
-224
-411
503
248
-324
47
450
-705
-76
564
-450
-410
159
167
-523
-99
530
-431
-421
556
-221
-460
91
241
-503
-279
364
-125
-721
325
183
-510
25
435
138
-538
181
179
-660
-128
457
-317
-627
25
135
-412
-344
248
-297
-706
256
38
-627
-306
368
-257
-674
186
122
-583
-44
153
-84
-165
590
370
-826
342
400
-364
-312
600
-340
-138
36
631
-706
102
508
-256
-547
697
-296
-461
78
614
-694
215
420
-419
-345
886
-176
-387
507
100
-554
-75
396
-730
-251
494
-586
-475
275
-21
-456
-13
230
-647
-4
502
-783
-262
121
-160
-387
51
94
-367
-72
423
-370
-166
617
-142
-92
-189
407
-84
-121
128
-29
-254
320
-74
180
-143
265
24
-19
24
-23
-104
287
-174
194
0
158
4
13
-43
99
-95
301
-288
-145
-56
-206
-89
-245
-28
-215
-280
-120
-199
-136
2
-245
-100
-337
-95
-243
-256
-45
13
-187
32
-271
-89
-4
-156
77
-39
233
292
-262
300
-178
197
-9
59
-261
164
-76
284
-243
326
40
119
10
42
-232
358
-131
298
-160
239
29
77
47
191
110
217
171
283
72
59
650
58
-262
934
-60
-506
844
396
-857
808
309
-823
854
518
-1091
881
448
-620
667
587
-662
330
869
-498
-30
965
-417
67
886
-703
-220
1090
-838
38
466
-393
-355
954
-429
-359
648
39
-810
918
-363
-520
598
191
-821
757
121
-527
33
708
-957
178
892
-607
-293
1003
-805
-92
598
-139
-720
560
-215
-536
412
376
-1000
586
430
-535
-250
775
-545
-52
485
13
-704
565
135
-527
26
503
-281
218
388
-132
-533
772
-72
-595
242
524
-872
638
307
-425
-16
899
-607
-157
536
-153
-686
1043
-527
-272
758
-62
-712
838
196
-539
498
620
-848
350
380
-679
-15
897
-901
195
476
-184
-279
702
-285
-415
517
361
-1046
753
65
-524
277
480
-613
259
401
-122
-309
731
126
-744
680
-143
-435
415
99
-605
20
331
-391
-346
657
-398
-372
578
-268
-535
374
-235
-523
-21
453
-500
-197
482
-274
-487
750
-123
-283
493
-23
-600
258
131
-533
220
150
-844
196
475
-671
-71
525
-380
-144
279
-327
-520
340
73
-583
76
384
-438
25
128
-201
-40
465
-80
-217
58
386
-365
223
-19
-41
-7
54
-58
94
-192
266
-305
164
-10
-28
-15
30
-390
310
-192
159
-150
177
15
-111
180
187
178
37
48
-100
308
-150
238
-388
231
8
37
-8
163
-105
397
-247
221
-254
281
-61
39
-25
302
-108
249
-247
239
164
-64
233
-144
171
65
-69
8
88