130.22417769655
129.352233454905
15.986780962478
-271.050488349763
-58.0585242817656
62.6212189438828
-82.7287047086278
-175.082317075163
-197.18581715086
233.691155835767
-267.120628997625
187.907721050196
-270.180258260574
264.288178908386
-259.161602451717
65.3366485686854
-81.3112780929197
-284.241625520732
318.799823210107
192.355152228028
61.6517208133977
-55.0897657159421
-62.8818513118644
-445.427310388957
-202.679659825468
79.3191248021483
-147.199863771007
-284.484939450813
-412.885925009319
-537.681413515397
-222.523238616181
-608.735388065339
-170.600273258888
107.764599045785
-457.785446921886
-407.162319288379
392.316525943978
-314.770556752731
-295.752980286573
-259.276703028103
-231.166844243769
50.5216466621593
138.51495761757
215.776319471223
-182.964099519615
85.3377385701072
286.943020573146
-715.831148817195
99.7520287848894
96.5339041984497
-349.735257345304
253.586604148004
191.031011588579
-98.8882424183206
150.975796479789
-272.313283774289
-290.59467597536
170.785119551089
-147.675944724946
-177.230433141944
-208.120637709569
-68.8502670735355
-306.218636433252
101.084508848284
94.4757162407122
240.578089020854
342.376887070651
275.024261151502
258.028156038442
-257.476880284876
-247.890266744082
221.28499842286
-337.476923502624
350.543114797378
114.189291067551
-137.82899352479
449.313794585151
216.902349742646
124.507527723868
-428.164710307391
-54.037115937383
-53.7741036375632
55.2988929608591
-208.352429729204
-234.608584096389
154.30323336686
-48.2460768050689
124.175562053954
-87.2948901505201
-175.801242967013
80.9898606431782
-90.2934121675996
115.253578225715
106.796626250297
7.22282324061347
-9.34379587373294
-9.92770324506841
115.002092456617
491.125777502837
-332.796845254209
173.147557190766
-392.679123495956
60.39634924431
-125.836517252963
76.1283682208472
-189.557438432869
-46.0881091145505
-169.240349027114
27.7176230692812
-95.5045646474234
-108.934116704283
-138.034236941865
-70.9736493583684
312.457575158502
-307.043708914204
-99.1825141625626
121.590680907414
206.015357258229
-192.12757033386
81.0548230863095
-80.3539053929466
391.35291251077
229.026612475603
239.796127503593
-15.5089639947769
124.616692264559
270.467345621762
370.661636839927
-31.7817183951108
-421.169590101382
186.695372050248
-133.576818620631
-175.752316840786
49.8426380681968
138.777552009156
147.821158776499
289.969354512389
-261.352673623287
218.088338815197
77.5719263370103
-82.4709329578634
141.547783526686
71.4942728691725
565.502665110123
-60.1453478426712
237.047886324352
-82.9686953596895
566.848700816591
-138.441767586031
-47.9105224366501
162.573578508406
159.645102220499
138.69960801844
-93.0198043165359
-214.44541303602
-495.54598865705
107.220375895588
-113.139819895401
-359.004447725093
-422.772882093677
-161.465431859444
162.844945315592
-484.517062033024
-181.74438592598
-118.690385705857
-239.566603225265
-150.894071193529
16.7411487379654
128.333801207625
67.2923907399314
-181.422925856819
-225.108789749007
-44.1899970086868
-325.360738304245
-95.2886271489492
-68.9883517706438
-310.247888985758
-68.6702048389463
19.5012464491555
617.090237402968
53.8959381642408
-171.781764123405
-59.3441964685785
384.402764376792
-10.8613176051889
-7.23872334339782
-229.491892246707
242.53501535976
14.1858905302691
269.217369117056
-57.4624371059563
76.1799737942873
-372.461665086916
-364.166999000338
-59.5659060701076
440.248838630544
114.022377555691
-8.28440106339747
-437.126705693289
41.9624344387494
-145.541537490249
-321.315770649141
199.618968931265
272.974252360542
196.307526250142
334.001858553401
509.939577349584
-45.4361371073325
-140.988250769516
109.421208214688
0.950511178803382
62.0020280131548
410.775629604856
162.213406475073
-187.361821539726
150.832154292054
-109.323457731346
596.224263187183
118.316050830982
-517.5975731318
-551.79693518159
182.196715786415
578.179113661998
4.14300852278587
-2.48807724360348
69.0206189473239
502.871986034409
141.410714498318
-70.219934726836
-263.662725925303
-27.0858747988472
-312.033053737063
-41.6174129438563
-186.656567538577
-217.715928745352
393.923678189788
-56.039636489855
191.942174117624
228.559503394479
29.0067685303123
-284.840637695472
-251.72934142732
-359.482531493954
192.573687161676
-216.894617856561
248.303117724932
114.088785598108
50.4367239285916
-163.602978570047
-424.655504444595
-383.606404846907
-168.064629544949
-89.3734249101577
204.408536858822
-206.562806711463
36.970708497683
-151.071922465423
-33.1273187133909
110.5980431813
218.537260830245
8.21187136396395
352.328248230275
95.4387048982454
382.008523379662
20.0696947332319
-261.740948721254
28.1461224955297
-42.4260980500457
423.072733210849
241.687665956086
-398.437968641571
198.146393436398
-53.0110718654072
-248.997378056575
-136.174952571365
0.360714133165843
-111.824622979953
143.871220588902
-14.3030728276832
-379.008988047446
-491.650627149859
9.09779123450699
-174.052248474623
-216.139556069825
13.9158112470473
-74.3631926452294
-200.331869923498
217.764456373994
-422.446135674346
315.69957973386
-70.8019898132311
-490.832106036223
-206.368247225351
-237.344850715023
-450.293111017728
93.5853830632791
-309.150735962992
40.5315634263775
241.900108688293
27.7424962530163
-363.649432959667
265.656545502221
47.3686857705435
-37.3003447281833
-163.737598664165
23.0169333691168
-134.321730683515
118.6128776494
-160.074850134918
-1.7604699906459
501.508373710664
249.115095831501
139.185472832365
-242.616066653546
2.84563030634138
118.330732909672
161.745329925903
241.987670505366
167.582405387238
-565.687759562602
-218.153057807165
141.907067189796
1.31909867747341
255.781102524515
122.390691650058
-70.949845572573
55.6130856300582
392.865095924281
92.7258339769041
159.115636658104
-242.217486044359
62.4920100439406
-214.508391743832
-204.23062307027
220.365446459898
315.388010435625
519.069919772573
-322.379297162006
-223.755857840417
-209.987548630948
137.101298834633
223.589838882794
132.811364556734
729.974068580597
76.0396031372385
329.76185603867
434.161702536715
161.484295604145
-151.504611359763
154.262011844736
-48.1394063906274
156.443159091245
-292.898085236696
287.587718857523
-40.8184331131153
173.369398792763
-285.166593965741
186.603022470883
-183.903034093987
163.627317754214
-121.397108834162
469.397756256328
-201.23782990627
672.666751548226
143.288237657507
221.640085080947
-62.599556435941
-39.6241394081731
-271.122999006626
-3.65815547957718
-282.499914295313
513.559730031791
203.409237341025
-10.7893311695216
649.489945175157
-6.55844185893143
202.683927534486
440.123842727428
-38.3988203334616
-150.833637488779
-35.6200319064252
-62.8185152590813
-475.240548760635
67.7441879240572
241.831795222015
-109.844672579961
125.172178967691
73.6731362004436
-746.327505272621
-251.376183704615
-521.783618523846
-177.318513892372
-84.7708749178366
137.919704442124
-126.796561157886
-151.841090837332
-382.233957152116
-338.689802924699
209.938914763528
-279.542934802346
-145.816807404729
150.697480718085
47.6084545819307
-164.775768312084
191.033605970075
-184.603500042827
-379.584252343024
618.629240681708
347.719604814661
-350.300197069773
22.4582929026489
-61.428704503636
132.004831090919
-81.2017566923198
117.29164245391
338.719368540411
-40.3164771261775
423.593655939186
179.611528848134
154.148862881276
208.47840371047
39.3510319350894
-73.2891108660914
-69.5612363939196
-389.868236658049
1.95975005344209
208.436923220653
6.54093107805113
-271.137082055091
2.14867630924081
-388.973684045416
415.42116912761
127.416018072958
281.675744969558
-115.538655550754
373.315498819182
121.588182208555
1022.03455525637
126.654793353691
157.504228231041
293.465680775155
-305.828825061255
-99.5440775358232
172.939422379161
94.3116769907266
-100.196599473018
254.047159065987
6.59275927421828
548.279492935824
-317.320822012762
96.5996186397902
-81.8735693821088
-389.475952072754
51.1569526864548
535.847494014893
-22.9350333497832
30.3599035632631
33.5904050802634
213.230936795068
340.724194630374
-156.219414570685
46.8007808322135
20.9411401906849
-153.691664997943
-299.324830255424
-280.031143956989
538.174861309959
-116.948746098841
78.1065277975198
-55.0966683018791
-755.835585274836
217.346841722008
69.8496458530343
65.723764286605
429.731185902708
90.9379780548132
173.0640077745
-295.44403370084
-181.592858165799
-160.697578234281
-324.42906686506
107.865201502099
-186.881059269212
-23.3305375241171
-183.611833340473
98.6266763926362
-422.096683557066
36.4937493785565
-248.772780789738
67.8643494047684
-188.39865727025
255.867732266515
-19.3962065257157
11.3831514944333
125.750635787573
492.794373386071
-314.743948194351
179.830563512681
36.9677746594316
40.1545364970305
-537.666734443208
233.735124478952
86.5562759736366
-36.0098067487079
-208.105993819341
138.913261978212
-1.08746005285103
156.405960665684
497.224921236102
51.2718727353758
-114.658440757889
411.828635376831
176.776837957555
442.373800570609
-191.666945213194
-317.85086951902
359.223192692357
-76.3848599740331
-368.913393875074
436.664084854675
-162.432513068655
293.171743474126
104.311202724528
176.555055438966
156.434492773065
444.957262613143
-273.494978251485
-118.278576216004
36.7701862505487
-448.40977118945
222.806452861771
101.662366938788
280.372476643354
392.138400651384
57.931930631219
406.223373595413
-135.824972021617
-29.2143465034054
-5.91012656448942
-64.6940749322588
-731.93354809943
176.947418616101
-7.04173132704559
169.669062655152
-94.1769291494587
79.3902801577657
-513.438097441041
-256.535213205938
-19.5278310817965
148.68991160514
101.789364645782
-134.923110235823
-109.123793596094
304.319213329664
-178.619931655896
-55.0199095605842
230.436673255674
-37.0133995687169
99.5898567243675
90.0784158385764
-213.527198384026
-51.2819885976887
-208.607395988986
-181.618268562836
-126.767544287334
-19.856624826963
-172.891741314063
94.2631422582782
-407.328035801777
-399.359446319645
-350.824540424016
65.4644273507418
-468.363825855717
436.652957230025
285.819732707241
234.200860427035
-175.60600051085
122.498501555079
-79.9698452484753
-435.703737721217
-337.035359407199
256.701786523204
-122.485546595791
186.779449925527
-261.01501788508
-367.072813489348
541.021146901407
430.12270978858
-40.629122324453
157.722766352335
-796.038185718235
-158.718747682437
-55.195470752556
62.6540245626419
72.8948621188827
-128.977648701994
-45.758786097375
484.086424924739
-286.683834469472
236.834725665354
-435.447430054477
55.5420589184989
-312.034919826613
280.451434982403
-247.490681743911
-174.759164984852
63.0181518348998
412.708949419357
330.129022375867
-166.664350499322
-408.909154228946
256.710652903322
396.522884798592
-155.33241287829
22.1412843730356
257.830415006817
400.576235877038
-235.915709717513
-348.222223494379
27.6349384825512
-517.132664211215
124.463442005368
198.456209750884
102.901493018986
71.6555357840869
-239.861733988011
69.9488322290065
188.343058387439
95.645613287668
-552.860229933136
1.58577675498948
-227.033930173012
-629.845658395659
-20.6448330996452
85.8461326333328
37.6942983912192
174.891602447626
23.3390387664367
93.7609300575328
220.215326298912
-471.388796525279
-573.205909245921
435.031100093986
-169.62059339244
128.648324222394
-199.746317463679
-88.3021488983296
225.518268404542
-34.051262696289
-40.2114187250103
190.023003344383
272.032590545117
428.361663759725
127.767899256829
196.783870127543
8.1230921381273
338.208347035428
-85.4612915321044
-138.226879025735
-21.8433915720623
-260.004069792631
107.286767468796
-25.1863926223626
185.423728783689
304.090309883605
223.850676984538
139.90698497503
-7.23381699987044
-224.974584939262
306.155232293092
151.941836077369
303.441510802904
27.6869267934553
159.72987761293
-95.5767125245466
29.1364805827693
-291.815532215992
-25.626579765182
379.248699217459
-229.561930754731
-255.019341817479
-119.843108653387
-156.192978333283
137.478704840847
119.133133155064
358.596580878575
-184.595741485655
258.474279685655
-68.3286633694489
-169.00008117805
-112.903028104219
-165.573647759198
-137.869863561617
170.634496863863
-114.242097556644
89.2934052445972
-17.9134702923449
-82.1900485575829
-471.921932364048
115.601682962492
-486.291743885719
620.997174340885
-182.592594750982
270.162617851463
-21.2337646180505
261.026105398016
88.2772123641283
297.223192004568
355.348091239753
-163.898096505639
-302.783860205905
255.107440769818
298.48192161244
78.1448673741868
-0.682430723929571
236.607780270036
240.999071289395
-309.257114456153
-103.818763366365
82.4449606721145
-263.965595027415
315.910229863425
-170.25585248968
183.724588845047
-297.915946628073
258.426097000468
387.828669792518
402.938402851432
175.496780656159
-48.3496726399176
195.976327361491
-452.062488824908
-362.863602698823
267.700333790133
-254.986751840229
-61.1719637931385
-113.295189251059
700.343925926988
-106.157645011052
81.5913051335749
-183.855654549044
404.502250822442
-265.144433363589
522.009006217332
-227.006069483356
-279.500516115803
449.405375020308
456.184316051007
-26.9827388591892
155.611297338353
-462.513543262024
-55.3374191939982
-150.327704880215
350.107172863381
137.372024644438
377.607481833481
733.923106338773
290.386710767054
228.393428484232
495.229838006001
-70.2314779555451
220.242363163072
-166.827162056039
117.338349904216
55.4213628854163
111.423471892335
-455.577132640299
-182.088039569049
286.891351616185
333.965440636901
-158.722548714157
43.1481351761959
173.05111706948
-212.841297015875
201.79635534421
393.642807366893
-622.92726396132
73.8591497407203
-67.4246778106279
-267.706445132418
-311.560777305534
-465.662361611283
-178.859720399236
353.644277316105
59.3405801196517
-68.020100361296
115.418829289166
467.579892447635
-505.707094788426
-336.473126729904
580.618656471129
327.903906424204
-176.53529773884
-263.535585544958
-666.490236225867
-23.9934220228654
-329.941583305348
1117.55956865581
73.1415843897784
-325.075924364489
57.5583464626589
-387.635032899123
396.654500080002
-7.1555768886528
617.164715787603
-566.383431741221
430.597079058013
-63.1319951675031
-191.725856462013
-141.16760956363
-123.40575776674
-144.112863422107
440.094513766908
-377.783803257625
108.563859283806
164.488481082148
-128.425571401105
360.230322286452
447.009487656087
-985.910204155178
-1128.05237697928
257.504560349494
402.699459592569
336.828127169363
257.175055950402
711.179483857775
-737.106181943351
-51.2908112298872
501.232582091187
-555.671413198694
-1054.17027611119
240.789925469987
-728.390298387146
-404.143937617875
26.8859123757857
26.062710523315
1060.94390210391
469.031747274511
-713.760537315127
-487.049719705205
-123.170413048298
156.719928005222
-12.2822226095019
780.422315142971
-505.610715681478
-206.130418871187
-238.760311168349
515.414084955013
536.542939580625
374.770603974475
-42.3696315047887
-6.38372033316148
-979.897123423877
-144.505086544605
1185.4676333943
503.227979485523
30.976969395192
1231.48197775729
-196.071274575116
-391.093888167421
175.061247362203
972.693715696453
-311.526065001377
-875.383598735663
-477.390411325777
693.585306560838
417.065467102391
-21.652296922069
233.923645569254
-147.156422713875
-576.143242904196
388.99920424362
-411.387716393229
690.279670092247
-2.05019642163018
119.942052791617
732.328952818216
-377.694801664518
-745.422190042207
-551.756715969601
310.50003297164
237.887806956677
648.036112228455
-269.58068908119
289.658777461651
-289.00050825073
559.068975272173
-146.87383463177
857.483907615165
-32.3101052613253
145.078259052524
536.959030694226
739.207352275668
-203.007014132769
-168.38160047998
390.191278181044
149.671467290686
638.763055035083
-179.882293146079
-414.575224889575
883.051364736228
386.428130418305
-319.311815084042
-123.371715467784
-164.640348258875
876.344343051678
862.098411483992
413.385173831588
276.114199496592
65.0000228419718
-289.454518641243
-170.926858743522
-507.472496351905
664.102909582042
717.406139896652
-541.315859951237
74.7180223335368
123.23903895282
-665.360147616664
-106.835358254936
-744.832760318184
-168.858022753904
-95.699018765558
572.639545307841
-48.0225481284759
-198.812291854119
403.494883730356
65.7474801987997
-147.543199193014
80.2802945030066
4.48655681129225
428.549474905917
-122.193854576951
112.290115097652
-117.905994061134
-93.9328502154862
-1142.00704087321
219.237631039631
570.651501870982
369.994500021597
-127.435236876851
-287.427763835439
628.889812080087
125.465447595106
533.193209404893
-47.7043603119597
42.3398407988852
-867.504857988268
-116.254644759203
117.39138910305
-40.9305965102315
327.432242652692
-287.670560889229
1022.92572596913
143.279440797543
872.619007627318
907.647649388619
-547.468451169778
-476.733552774183
-564.880127371451
-47.6261043903978
271.972623150019
27.0722700205748
569.106782493214
513.747617241811
720.012836168471
-329.98159660752
187.694430509823
408.163811334062
61.3641766761606
-557.674591480214
440.482474013426
-376.508108324503
857.471650197662
-898.049325950985
738.382068179575
260.047587956365
49.1741030813129
-72.4744637798282
4.04000957432639
238.757140435611
628.291437590064
247.758128325533
-261.192586984878
-1066.03350540927
1005.98887163266
-127.60757521348
615.110393022446
834.302279783087
-290.057289598629
-849.754995286666
347.334177900374
-135.302699159455
-1051.07213351311
550.558182982545
769.843750290943
-328.052795704842
39.0833338163393
1438.36442411578
-745.307887551896
-6.33007563517864
1141.00779400388
-979.071020790567
646.55028229919
-40.6581015634477
-1215.64469526154
838.795266391932
-1561.48717197284
-458.899088605833
-167.443098916805
794.772361791511
813.557537869489
861.390512646065
10.8871135874456
1123.96138917046
85.7143386671873
534.662147714864
428.029082112526
247.038229073713
-659.335247041206
-681.439577417098
-162.421746076832
760.03905594878
-864.916824026161
1389.97126556027
-212.422108056842
136.254549067715
479.982697786246
439.81111423522
94.1752795754301
238.563089164086
246.99125801488
-98.3903581514313
-242.55919247691
-1428.94587023168
421.73620270297
-329.677608496305
-1022.5593382396
775.47900224085
-869.740652168269
-362.518400392339
392.672995201777
-707.410739538025
1085.23971937255
447.012454463645
25.8740749508494
386.506169946697
239.742235005366
-232.973163204715
-1428.12362664373
-948.305157311917
1397.55416844224
659.433190742581
-680.898988658355
449.079576488447
-362.698281776542
-316.338875532553
438.584418555792
-886.613656936171
-465.866540358185
1120.81170959985
-1385.64756618272
1029.76890205208
-701.810028568357
749.923844992021
-117.276978544125
911.275878371999
505.664229845528
-356.792986613496
-232.567308247646
-1131.31844304814
211.442975834953
-1364.31181896155
763.276003031494
-639.397947849698
-94.0366587463139
582.351737954713
18.3436591512545
-296.500542401278
-207.724444834412
-796.248720772304
-1268.35146619421
-26.1401986299683
566.420560603244
264.144012191826
1345.75864684903
1370.37766798864
-62.811859020082
2504.92720707516
-217.166530457394
-226.962291775001
574.651052958935
-1500.15073521873
-1045.92368910307
777.240203965636
-209.767170418296
573.447265619807
721.17323252033
535.18656688043
29.7349471149965
-397.07189693455
-669.3232074949
343.370474406329
953.265850880508
-1440.15552806311
550.650403031834
-141.036149087766
381.733983277671
-917.510390141296
946.012214197138
1411.10788537638
347.808084566729
-21.6120220025579
-358.521784886548
-621.726603525218
720.843360419379
518.028848324462
1029.54563103217
-519.257205258559
278.678077525242
968.515744723994
-1677.66325423203
410.44381966466
507.431697456167
-602.985857174707
964.483961916253
124.001095985095
803.822565304847
317.622356583663
830.912412424995
1184.00274175012
293.553606667994
-671.260169712549
134.956379261366
783.823608836575
1451.92895149255
1960.89664711762
1693.11225207678
691.842225489066
-413.920795783358
2436.62783617385
609.190933586169
-112.269410018293
1571.18747108162
176.486709947257
-97.6249893894361
-433.197028410949
661.150543465077
-672.911031891363
-2456.43231196998
840.503582517762
102.401319074009
-376.664886269045
100.052332119428
815.40242215769
449.492229019022
1061.93501342048
1016.97449079487
246.869554137017
-747.754598438608
342.651997849119
-835.221851318587
-118.074461927023
988.342802376388
1375.1937744276
-87.8814970869562
-790.617249679181
-638.4266387952
27.7960748195517
-11.9590006866155
-336.681984666189
358.264184608288
-42.8853192443666
-813.350903167446
-1577.51326356038
776.913855330377
201.203810863848
-66.4166896844466
367.693990091054
-431.715946591347
1207.62478399793
-328.527594687598
-46.1222904091913
840.754768478233
430.768672439017
-2074.10236542609
-55.528624024836
-197.268697851608
-1297.42835211766
366.849544487337
-161.203201026809
635.34101333222
-143.185258097705
569.245120290898
-360.373033789282
580.240195767474
-975.24998110578
778.150083246005
762.199961233578
627.317514291708
-356.573743270882
-1241.12901007047
-929.853980522411
-2167.4855545529
1506.80878361704
-374.319318890915
339.360923141754
-822.352620826085
-282.810074159093
-985.730296146521
221.914943289789
-929.864829841891
33.5521780419448
217.050137232758
-721.479124257802
-459.355966259181
-1167.34609777652
1459.35770982337
3180.2365642487
1556.55023874671
-761.649029307347
-153.865122894368
-521.414858954049
-502.986185485662
-2344.47894669024
-16.2339018573045
546.717577808099
921.831966539667
-179.653189838195
-2190.26699133496
794.907585491712
-892.753052430491
-1757.03599729067
-637.80962736529
1427.95477488925
-27.9211094944743
272.172140198128
-2617.09314168981
-42.4303491743295
462.883834696851
560.27630923723
-372.465615662728
294.960014861414
-45.9056698002501
-142.131019521323
1393.0741449866
1660.50589891616
-232.4071457339
-890.401742320258
247.629267161751
130.710346791817
717.167510469323
-489.812798542854
1873.38645096945
819.292106009008
2265.50688886841
1151.52505212839
-953.279352532765
-382.610379846202
-840.38691877294
1554.10673857447
-262.604841550951
-929.957653820126
30.3451567777628
399.56500988482
2188.24325722073
2087.88349319317
673.328192460187
1820.70507054476
-15.9242867400014
-956.231180766216
-942.913836363985
747.635406103348
29.4939560776944
-682.016453930383
111.515124307981
-237.365885317996
-905.90770010796
-1116.28679743953
-356.351894854551
-973.953819225296
-344.731479464567
640.231057024939
-1026.99834119097
-2737.13488755608
165.911780953305
328.50830035967
672.318050671347
5.91782406647538
392.189806155041
224.275831460987
1191.44157885815
574.722176395436
602.227354428935
-2164.16846821797
1770.73415043774
491.56030413719
675.945728455635
-1280.14198547659
358.111539719955
-260.631586992732
100.433255658866
115.410797140833
2128.20472068637
0.790609262244857
-799.056546196065
215.986829621051
-1822.51040705754
2031.91600999147
-693.460172743212
-197.482910925104
-474.549173891379
491.067186730629
-25.7193848408659
561.944817053588
-1989.58905072643
-2396.24159054812
607.179140125708
2038.36100429054
1933.38933621548
824.20735304963
830.577261999136
1329.92554524218
407.7760038645
227.602902898305
-2074.99255848915
812.579782019369
-456.785002224138
-251.827549588265
119.014640002164
199.755678074586
-1688.89027782299
558.222318438871
-52.8548972993948
-594.552829478814
645.215999736032
2197.42173865991
1818.52620715062
1353.03290552482
-2673.8567448388
384.966546493527
-3177.1229052096
-1746.94338652327
368.20151904634
-215.12063793335
258.697919780551
578.901009076752
2100.22033296305
606.8936209354
1295.1222613408
135.028957384918
-256.738281554664
772.709414766668
-766.113178589888
-533.148895358233
608.737249073455
-748.682513954344
-1139.38175619139
597.410742192725
239.217462872551
-1825.17859908585
2683.64722166996
-1079.73405942744
910.971020565739
201.231959927283
711.963134076587
122.803792051447
-1373.05772608896
-438.454002542341
-1265.336628554
-181.705027662445
1413.54139931561
784.249369274983
-387.820828595815
76.2032529528868
420.318651294351
1524.47097148857
-130.72068465885
-1120.53248529108
-557.249833509105
34.4033199182998
-418.238098003486
1009.19140140706
493.749566830961
413.744846652256
1853.46130574747
424.672956425243
-524.265882091802
-92.1040338487437
-49.4880141045544
-1234.35214051593
1414.44071445523
202.95500267359
755.204195848363
710.970733894597
-260.381963316517
-781.079866896527
314.15198325086
1360.39622056877
1047.5887808325
-750.476522603785
-589.281938673928
-461.770546110992
81.6863560452923
-470.788256718362
2136.59098957827
891.471095399884
13.7209305812304
-746.938899905116
-1618.66881344838
-1344.25749410419
1596.72556458349
-938.768828933606
-1040.75622247386
734.409637567042
6.22840898720793
481.210426917075
-351.225206155861
-102.686449515293
-108.507665094949
1003.05443921087
937.542063467537
-196.613510610318
-377.972068561085
-313.41853970752
-152.695787177023
-268.334649737622
-395.906553862924
500.559907115634
-80.3407377414235
-1174.22074282051
852.52683369367
99.5421405914226
-97.9222055111595
256.76735193093
886.53754693331
-1357.25270620467
344.141156975802
-857.232389462538
294.542694052492
-60.56682357626
-304.57376720483
664.873188632494
-556.214956980731
-632.595460059557
523.693610106129
-1147.3406364519
-261.724948853112
546.113913742764
-2961.90635561729
-149.074487961139
-265.734104802191
32.5625662900275
-648.042770163562
-1473.19483630789
460.114950373893
-343.753816492663
222.346623305616
1413.96356584806
-425.438559985672
75.2724254675981
-184.391061368346
120.799083682697
-1609.44173106137
-1942.05875808246
-362.286262909662
-653.690669501955
-85.2231471075673
-797.645023112949
2.71564193618264
471.770623799112
-973.041706073241
-1544.84282904952
992.75298950436
-142.671214044952
-106.667283628877
-401.512253834878
560.770693184806
1438.197925926
-1215.43625640703
-1047.64420120168
108.309247111261
790.511744064898
-1255.82236614363
-1101.3434938904
1326.51070883939
837.247237890932
-10.9448081647835
-1191.4639890056
-1588.43283194915
-1740.64435083264
-491.440429165503
876.572894617041
-233.162123530329
-408.693508701922
-1144.40762666502
-1553.05732437003
1121.91772591396
-186.722130785001
552.432393650592
-498.336302584008
105.633159783092
-291.507368279067
-390.731556536274
-442.403778645075
291.867162855749
610.78369343195
-201.714242673173
179.447338011376
-1610.68155457509
-1402.31683794
-676.249305930555
-345.108347298394
836.022781382007
-166.822558617398
589.005703306324
-299.847235040561
502.334933175567
-241.781614619625
-444.470606345025
596.16560112851
439.770091381559
-215.81706112683
525.775705608273
222.804567491868
147.569823874574
753.218832759126
-28.242641692473
324.467956021415
-1488.0562529595
-1145.30616599873
-1077.17725779962
642.694795737858
761.721165536863
-1139.82683380414
-1138.70361869644
81.3878292470223
963.880983370938
159.313036013446
-834.757317954147
175.15171025758
-240.440390315149
-236.107873170832
-1126.27827525337
-151.586400883841
-271.143310737618
-106.45568476243
-2920.855879235
-1148.28161846298
3.53277404944322
565.315493986635
-678.490673745163
499.163765646726
-1049.90608615047
174.141370412874
39.10844279353
-455.63401581223
-411.430723848799
-129.383071834856
-392.824085153359
-115.695793099772
833.904851863559
-103.170679964191
-285.5840473804
-523.617695454064
171.165737301051
739.190181035402
-512.204106826435
-95.5385808051459
-225.596500810215
11.3187168093978
-294.937155877933
-50.8321126250915
140.419373211207
136.348274378168
560.300863320326
-267.914309433697
-621.130282682909
-342.505834830164
326.683758076088
-112.790175754069
-132.010504538208
420.635272563461
-1078.59726095984
-773.786374761766
485.691753193203
-283.38391700011
-156.633793961706
-222.853161699103
-273.850047894604
6.63490817965426
-478.830256358438
156.917172223488
-560.952144327725
652.556020445221
-1376.2316169797
913.57654743784
-45.3534448758426
201.951016373946
-331.382192886123
