-12.034703055746
0.603384331991507
13.1860221861723
22.6435696559207
20.4169376757886
7.20952969761485
15.7529528868642
-0.266543551964409
-0.0549179957007964
22.8703233776791
-4.70909496143914
11.4914442731124
11.4066151917122
-2.77183484281512
3.10786058916956
2.61138656197104
20.0146303043092
13.381567070979
12.1854382846077
11.3993547131356
22.8560108341004
0.56170373026507
3.2424114227595
5.46232675920979
7.67427394025774
16.8329416688186
-1.37807096302456
-7.2101104620082
16.608462545889
12.191499091875
1.51082786853229
4.71309951297886
1.36862094254714
1.89594640678235
5.73766139537259
11.5655905697178
-13.7862643920658
7.11991010214857
-19.5157356438046
18.1702106165285
-1.67014689739314
13.9200984465451
-5.40173761020232
-19.9319509942311
-1.45504474579626
-13.0131488990959
-3.15562067842627
19.9461777828596
-9.60901774034664
0.400493634736623
-4.61061239197704
16.2342639286489
4.43702564242104
13.2090063227234
-7.54299138177206
-5.78646721082045
-16.2039308747973
9.89715909063296
5.06509941826176
-9.50122870116048
-10.1859762743418
0.171911857576601
9.24118497703783
-9.98101996104107
-7.48127968369246
-7.4201228057651
2.49711858738325
5.81231394893541
0.857823279574391
-1.07201261508162
-7.03696883393095
-1.74506597101258
-0.205535041335396
13.9794088270352
-8.90482671216911
-6.96258306464809
8.21906100129005
-4.06737639692744
-7.98747990518168
5.09652827094491
-3.51152851917599
13.1435372584109
-0.491466925330181
-2.65225184915162
-0.430499420727806
6.69582250154388
2.09399695973489
7.2365834638647
8.02537367932046
10.7175019145291
3.87780176309428
13.8811735989345
-1.53901104343702
5.47768441155569
3.77061767023399
3.1509242850897
-11.5544601155222
0.430312114309534
0.833073013530832
-9.07594726350569
-5.84279955297489
15.461410527352
-3.05533876324417
0.53215968849845
-6.16615617619834
2.96406833778671
-3.87071299006319
-26.7862577521886
-17.7441485867325
-17.0632987602656
10.1575116856128
-0.616863137407615
-11.1815387731297
0.728680858465838
-7.91118589446372
8.60154660240781
-24.4421292136775
20.9989191329953
-9.21164180834804
-1.60493787523412
-13.3727236231598
-18.6193112216328
-0.401875003524282
11.4838473072517
5.41441411233801
14.9825553929796
-5.62614591558023
-8.64080327082777
-11.4022329119513
-7.51681099005811
-24.9349969036597
6.90446114778101
-9.47912121208715
-10.6793043626033
-2.02082571286515
-9.72859037616416
-5.85397117314627
-7.6654187750662
17.3168953628452
-8.96605086493081
-23.4380499839279
-8.70362602721434
-27.4273153619744
8.96049321240611
-2.70922722334951
-0.228908896196627
-20.4429626116088
-11.5910372180529
-14.5712628907506
-16
-16
-84
-50
113
88
82
125
139
66
35
159
-90
29
-47
108
-3
70
48
26
-7
102
-38
-24
9
22
-2
30
2
107
-72
28
-87
24
45
84
-19
33
-8
-33
10
62
-107
19
75
22
-42
-78
24
14
-9
60
-96
8
41
54
15
-66
-17
-7
43
28
-100
-45
80
61
-37
17
84
33
20
-36
-61
-34
-11
-53
-190
-13
17
92
9
146
-122
7
-25
6
43
49
19
33
-10
54
-62
19
70
115
23
47
13
55
14
-34
-77
-117
137
51
-46
69
26
-2
-7
24
-40
-6
-25
55
-16
43
14
-44
3
57
-118
-13
88
39
1
12
-9
-6
-2
-34
-57
-8
-31
86
-109
71
52
17
-39
-7
-79
-55
9
76
26
102
-23
89
59
85
-94
-53
60
120
-8
-16
6
80
-39
68
-106
-8
48
89
-31
-15
28
-23
-36
25
-104
0
-44
-38
-10
-32
5
15
63
-30
-172
-13
-77
81
65
53
11
55
19
16
-17
-5
-98
108
-3
58
33
-33
12
25
-90
-46
23
76
-4
11
-42
35
46
49
-124
-28
19
65
-28
78
18
87
4
87
-142
-55
-80
59
74
88
-40
80
-45
36
-103
22
87
-15
-34
-33
40
8
-100
56
-71
-96
17
45
25
26
-50
-4
-3
5
-86
3
-38
94
9
-7
-1
-54
2
13
-103
-1
5
65
31
-8
-48
2
-85
6
-117
-88
-81
-32
-79
-44
44
-17
-15
45
-56
-141
-64
-110
23
78
31
-16
54
35
-99
-70
0
81
-52
30
-17
2
3
-61
-75
-109
23
17
-9
-4
33
-4
29
-13
-107
-68
46
12
-59
-33
19
15
-16
15
-110
-84
24
-1
3
34
19
-2
12
52
-52
-122
-52
43
14
-30
8
7
40
-19
-70
-87
26
18
10
23
-31
38
-12
-20
-77
-113
47
4
-21
41
-15
-12
-30
33
-81
-70
41
9
46
-14
-8
-45
-6
26
-107
-102
-26
-112
-144
-42
53
-6
32
16
-72
-86
-38
-65
-23
109
-30
14
13
32
-54
-93
67
54
17
24
15
39
8
12
-43
-53
32
31
12
37
-28
2
28
22
-88
-173
-6
2
-14
33
11
-57
1
22
-78
-178
-58
36
-50
6
-19
-4
55
-23
-87
-73
64
-58
-20
-46
44
4
-56
41
-89
-38
54
24
22
23
13
14
-36
-88
-69
-36
64
39
31
-6
-4
-35
-15
-4
-62
-38
94
15
13
-16
8
29
-23
1
-60
-62
18
-70
-79
-84
-54
38
17
18
-102
-71
-51
-67
-90
51
-14
7
26
-33
-82
-57
52
22
-37
57
8
-4
33
32
-85
-33
106
60
-2
-6
19
-22
-6
-5
-113
-53
34
37
16
-54
21
25
28
-55
-112
-39
115
21
-13
-28
10
42
-42
26
-55
-24
68
7
37
-33
19
-5
-21
33
-109
-59
-19
65
-40
54
32
8
40
-24
-52
-53
70
28
-29
-9
-58
73
37
-73
-102
-72
118
-84
-13
29
-70
13
-109
81
-49
-120
-53
-13
-51
-95
9
57
45
9
-118
6
-75
14
39
34
-51
-33
17
71
-131
-70
15
33
14
64
111
39
60
-13
-69
-78
-24
54
5
-33
93
0
10
67
-30
-141
123
6
33
3
6
40
-12
78
-126
-53
25
26
22
-36
7
37
-30
38
-66
-150
156
-24
-74
69
-40
40
1
3
2
-190
198
-25
28
18
-66
70
-18
7
-84
-32
-25
60
21
11
-67
19
-16
10
-86
-96
72
-32
0
28
-50
34
-19
26
-53
-118
-56
-58
-126
-75
-18
32
48
5
-23
-51
-16
-47
2
47
49
4
13
30
-53
-63
80
72
13
25
-10
24
-20
-44
-81
-35
46
24
30
7
-31
-34
45
30
-139
-76
98
72
-23
2
11
-14
26
19
-129
-81
43
3
-6
25
-24
-41
10
35
-55
-104
-13
25
10
28
47
5
-74
115
-67
-62
99
-28
-14
-25
-26
49
-25
32
-85
-113
144
5
33
-15
-39
65
-53
6
-124
-82
-6
28
2
22
-74
3
23
-8
-99
-53
3
41
-184
-68
42
62
7
21
-103
-34
-28
-15
1
22
44
19
7
-36
-80
61
43
37
6
-6
4
17
30
15
-42
-79
4
23
-24
1
4
14
-36
5
-69
-108
39
33
-11
-63
-66
70
-35
1
-110
-73
105
11
-2
27
37
-40
31
-42
-112
-47
83
18
-16
50
-4
25
33
-30
-95
-60
104
10
25
38
37
5
-46
-49
-111
-37
94
-29
-18
-4
59
-10
-61
32
-115
-31
-15
-39
32
-52
72
35
-45
-17
-158
-31
-25
-75
-82
-46
27
47
12
19
-63
-68
-81
-9
32
10
-9
17
-50
41
19
-152
33
21
15
-6
53
-15
-2
38
-110
-87
27
-54
23
-42
59
-30
36
-22
-91
-45
65
38
47
28
-48
9
-23
22
-105
-109
141
18
5
58
-41
-18
43
58
-178
-40
113
-27
18
-6
62
-19
64
34
-125
-45
57
-26
-1
120
-6
2
0
-32
-76
-47
89
54
-15
1
-8
31
59
11
-46
-77
39
-31
33
36
10
-6
-3
-14
-99
-115
17
-45
-33
-40
58
85
2
-19
-62
-78
-31
-117
109
6
36
52
37
3
-28
-34
-33
36
24
0
85
49
54
-7
38
-82
78
-30
148
26
106
35
67
18
-14
-88
96
-2
91
1
107
-12
102
11
-37
-46
43
25
103
38
117
4
49
8
-30
-18
-45
18
76
-3
71
33
65
57
31
-115
56
-60
112
16
51
7
20
-34
-12
-64
34
-64
122
-20
46
24
121
-25
-10
-98
39
81
57
-5
64
48
121
-37
7
-41
-69
-115
4
-70
97
43
65
62
-41
-139
-1
-57
84
-13
110
89
21
0
27
-104
76
49
81
48
100
49
80
-4
3
1
104
-15
134
15
96
23
41
-16
38
-92
58
47
48
76
54
-12
107
-98
100
-198
144
15
25
43
40
32
66
5
-16
-31
-11
7
91
2
74
-65
31
30
-23
-61
114
19
50
69
64
-29
88
49
-3
-12
94
103
75
21
114
8
92
21
-39
-39
-5
97
5
-18
86
-16
89
62
-117
-77
-55
-21
42
-7
112
27
65
22
-15
23
11
47
132
17
115
42
110
6
7
-69
19
110
91
26
131
46
60
80
40
-110
134
87
72
34
93
2
54
-1
31
-76
-32
111
77
39
41
-11
57
11
-27
-74
87
30
53
21
25
-63
69
-14
8
-98
106
30
42
64
64
23
51
-33
-7
-93
41
42
12
-29
88
42
79
24
-42
-61
116
32
34
-5
92
-22
74
24
-44
-75
-54
22
2
57
40
28
37
29
-78
-62
-147
-8
-7
-73
49
72
25
-14
19
-83
47
-37
108
14
98
79
78
38
41
-27
-52
86
137
-61
164
14
76
26
-25
-70
125
26
38
25
90
38
58
-65
-2
-77
110
10
16
40
75
44
31
46
-33
-89
104
45
88
9
68
39
82
-40
-5
-124
47
12
34
67
72
-23
150
-15
19
-84
-28
49
79
26
84
43
104
29
-3
-96
95
7
54
-21
90
-22
76
47
-5
-62
75
35
69
11
45
41
52
6
-15
-64
-90
-75
-19
-62
24
20
106
30
-2
-139
48
-60
66
62
92
52
53
0
16
-55
-66
38
110
41
94
40
12
67
13
-10
52
-8
76
40
58
11
120
-19
-17
-134
-31
49
39
-25
71
0
81
-15
39
-178
-41
-39
66
19
66
7
59
48
-45
-99
-9
-11
101
-26
66
37
-1
59
-67
-75
2
-6
87
-41
108
5
117
19
-26
-63
20
9
139
-44
135
-24
70
-58
14
-94
-33
6
92
-40
67
30
71
29
-49
-50
-81
-72
46
-118
159
-36
88
-7
-65
-58
-70
-22
100
10
136
7
131
11
-10
-78
-2
-4
108
42
112
-16
53
23
8
-70
13
11
55
43
53
4
79
-47
-21
-53
36
83
96
11
86
34
82
-8
-7
-34
-1
54
89
13
52
30
37
7
36
-111
23
-46
154
-5
114
-19
101
18
-55
-21
12
39
54
33
97
17
80
17
-6
-67
2
11
30
12
48
-42
39
1
1
-69
-35
-11
58
32
131
-10
26
-13
0
-66
-94
-132
6
16
103
-21
79
-4
-11
-89
2
-73
49
67
100
5
139
-1
37
-55
15
2
59
19
119
0
69
