51.6618294111872
-427.495079713394
366.172749494517
-604.950629844591
-292.99253990762
-410.947635398397
-678.182779904729
-1101.0384308938
-526.91285785318
-224.674690831039
-809.101872945998
-233.966862434625
-456.05169418412
-430.584278710086
63.0036386986997
-510.995259600508
-935.126885711762
-956.785308602418
-442.822367590471
-382.430189297737
-614.033759369549
-727.33388398874
-184.114448093166
-410.956007706068
-348.27779074736
-385.030237866231
-874.809082921522
-165.77131180467
-318.605610631874
-841.138732293448
-283.079294461466
-401.227922568979
-464.056090560577
-519.320260792092
-265.960949448268
-348.335540611918
66.4942298265606
276.24868809678
-426.720711812885
-105.134978576744
-104.264544908172
-247.066374209513
101.862323043673
-184.216339164021
218.192736452106
-158.22705654199
-324.956404801146
-354.233194897642
363.873926061384
-467.723394884289
-484.482546999402
-573.565351029019
522.555565866647
-371.764965150714
-499.088217680686
-611.561212954491
15.0313623744067
-486.707267865017
-70.5044918508745
-322.295496698947
-166.060733146413
145.951423255773
-131.328729182808
142.706574763036
-42.9590265359471
342.590215422773
-641.911692975308
-239.962628172507
-259.342679082484
50.5056262996802
247.701035536605
-117.455499244272
80.1217750037744
-578.323920607746
-116.437693747537
-158.112682411272
106.521812381139
-272.642581673819
-101.859734187362
352.164299123204
-8.27530265611508
-76.1995839307443
-34.3398936744855
-21.0864565679725
-225.976127742809
-156.771296048095
-74.696135441872
-475.087699390196
-88.226353587816
43.6647518480621
-62.0915372703903
-183.100975146398
-124.213252016127
-580.641696883978
-487.674582360301
97.7780138091612
-130.351273759992
-297.351178700112
-338.935244493081
-638.995608221358
-540.948095589649
151.587130632861
-99.3463744952541
17.7409114688338
-230.636405801431
-108.544599529281
179.988156590491
-98.4891907130825
-19.583142535113
-235.866229558723
-213.724203723904
-249.761079565512
-367.334224924989
77.3211767101079
-151.35561388153
425.535236921285
-620.993843190617
-282.757238192062
-99.2091401070382
-271.42090546439
-271.748603561901
-97.8847516237366
-386.637921165253
313.535848738376
-42.2737765942874
-609.045551783768
386.069363340665
89.4638312214993
-293.625165604792
-217.594303062059
-165.785843455313
-422.92284713656
-299.973732242329
155.418261190625
-110.405813316038
-571.693281513995
-195.159925659305
192.371548235188
-302.329270086967
-146.396906188587
-599.525402139532
-282.695847543026
352.521384698672
86.445169849768
-311.699839441546
-96.1358443306434
-443.720433564957
-297.593638928527
-567.420561406917
-172.876827236071
106.260241498615
171.775812525219
-386.666067216056
346.07413792761
79.1094208291182
744.057058394165
229.92770796499
-234.873982253861
-445.182641566274
-266.751467207308
-57.8029899488508
-56.7402010993909
249.312164374956
-112.06449234696
-304.39921664136
-11.2896309506116
33.5012074624566
197.37067408393
109.222862014643
250.705555726917
-442.06517820238
94.2328751845891
-405.080721924653
-108.542576041648
43.641501936062
-532.393717070612
505.614872904836
-323.615778221259
-540.095970746301
-264.317627449924
18.6125726310204
397.361257499731
-127.291055361188
35.4178783198473
26.9156529526213
13.0863748750512
399.489057383822
-429.066781406535
129.364513286018
53.6903348732145
-67.6619115617119
-284.431057979132
122.609428767652
-739.454267091712
-338.124780531415
-369.568312397902
24.8781399825461
320.760978862825
-471.135122831313
253.901485386749
-81.999259442862
-260.45529202345
199.608492880832
80.9675137131372
247.000452777835
229.075032877158
188.127927245518
-297.408395331621
308.904600053564
-178.617637226138
359.938488869786
-193.686900983546
-242.327932957614
-39.90134270444
-400.780766466562
-429.890973697669
137.234285461453
315.187728493894
-172.893029480964
-47.9884553903389
99.969513394521
-388.544454921788
-104.025489795054
123.857252583566
-109.039101833912
-59.5623341989748
-372.573436627224
-98.4888321824276
588.260096091497
-269.216952069117
249.747555270306
-8.88964686009285
378.456325301354
-16.9209727563729
-136.481054800827
45.2370582947756
-258.657674722483
-353.373028003463
-561.908749871612
-85.8878371062972
-154.768447470215
-223.540891606819
300.196527419641
-161.185875756842
-25.9382647387034
-203.106439057818
-266.787958948097
-195.102180387531
226.708963269169
-298.114030987377
-83.0818502516292
-289.620900086352
-125.078068744448
255.83241830347
231.486628377787
-22.3343348856627
-667.694148599459
30.899373853609
63.206985813305
-519.111759876626
214.953773917343
545.246682572633
113.817981561976
-484.342314502949
-275.806204286214
-560.569429096298
351.354280776475
2.68189849509588
580.583198521845
-71.9422658601077
42.0699549681519
61.2707623887962
-138.715452260023
-110.567526096725
286.695005527796
127.410362297751
-207.360884446412
-335.582635431404
-94.670495959941
-161.606414522024
-102.955063599943
-387.326137622188
350.547774671079
-507.340249111953
211.352441020494
-93.8521091925392
-401.809190405777
-146.908061186086
117.774669888121
224.387138819335
187.601013224798
-155.683581218479
35.3460616942995
185.957012420209
170.718403689641
74.4215401256818
-237.807592303152
144.453596498771
172.448411162611
38.3456268916983
426.221738227185
-36.8534868631886
236.199435242962
-21.8913308277142
-225.124731090487
-36.0680990756307
204.887789304924
268.341299561682
-109.250308076102
267.349002297731
343.95245489281
108.104877869
85.071480160137
-226.482749384611
-344.028838472865
-330.107490448869
-190.406926362615
433.248472288115
447.244777392982
208.323074408281
509.456858781626
-185.343228890119
-112.681471198363
75.4076088844223
164.984931878027
111.986048335159
-122.318814883038
25.2502794119534
51.3659034399947
-33.3939174658644
251.909874872414
386.772979938396
387.209198642898
321.845921969117
233.595830132883
-134.825499328593
150.228549101262
-229.264697016794
-283.099856962063
-472.608361051392
-286.32350068086
-104.746229025253
-25.7926862650142
189.860994940357
589.442859353034
-28.936801224331
119.537481581654
-537.875472163011
85.2897126079778
394.696105861294
165.70513793088
-212.636154134956
-58.296058912954
723.205408284047
158.440608247139
-353.593083942281
300.14687916901
-98.9627636313869
-687.142548720452
-73.3408613568365
122.635427727591
-104.808931145188
74.0784589847063
40.682508095596
-201.85628608103
-53.915083745366
-380.72911240631
439.598618484233
-32.435285037717
23.6596007831134
-442.675457525204
-393.557467844759
30.013373883602
39.6391189747494
-127.551386005847
29.2566816261768
-227.032184268015
-214.477793416119
-195.268002717464
-271.261970085899
281.825061124766
-243.966090191547
-244.447675759943
411.753915738393
86.5541016141923
-817.87674021006
-16.7955879714035
322.862356008809
44.7531130573407
310.517947266306
537.352881441583
-42.8234011212415
540.471021330493
-250.313782528639
-48.1423432982752
-73.6485517473081
461.579378862504
-0.546822054779021
-401.301480135499
183.587511974804
505.288481203738
-895.229102185624
-228.529957490268
-131.295991267649
18.4727116753555
57.8614814602464
622.535938135402
488.604339998388
486.887388454666
147.889823097049
195.598351925387
-90.8048678460068
-300.022209087655
480.403250208286
755.816218031547
296.932027956025
-29.936699718063
-95.3994947152466
22.5804915498293
56.8083999530487
495.828782176087
48.5303313921482
237.5408667969
-171.412300080809
137.045453581907
-248.330008862338
-265.760159901659
260.734292608575
350.698609633156
-377.955955395807
-216.375744066688
-251.292254272779
-101.036985107389
83.4374548172292
-272.961914582239
-591.373530654717
0.620498076844996
-90.0108523909432
241.338016119917
-393.630590529291
-143.005599729367
597.249222860271
-652.742360615423
35.9816378965404
689.057959230666
81.3227798905972
308.824432182222
-156.189552467811
-1032.7263749875
-629.381678493088
-91.9175561435908
-466.011277502967
178.976773146808
-470.198893647424
-312.335034259492
-293.282196046422
-382.262372032048
-475.987426439543
156.673735394182
637.555413398685
-0.232147744571932
33.4329805724308
-55.0073525697345
-343.725831186076
-4.26298869835358
-347.274909172684
-184.312310453193
582.618822010247
90.8529987078234
426.435433944745
-271.245716071969
95.1816506157628
258.466341013569
418.536399992308
0.323436282567826
701.810947719931
517.422422229367
116.348034174152
-75.6462799931883
-583.726495406866
-9.70337670443345
-25.3491188974245
-259.606933823647
-868.019945533901
-166.301268094796
68.0158060198344
299.019945154802
143.250345891478
-365.273468695357
109.411892146907
508.023197703271
-308.010326696656
516.30352769124
-852.433466049206
-111.909504168574
-424.75274449119
233.447024954238
259.561071094244
97.8735030530955
-808.302059494779
980.907379551744
518.5808068766
749.230204102195
920.269763255209
100.21264649786
479.326139029792
118.932352700173
635.785472065009
651.825550717196
-942.538961842389
-882.669107857635
-52.5851734452859
657.844974663882
555.05018147971
187.98576512084
1529.16006366831
562.04918300676
-612.060148854021
-631.586269288021
401.753698763129
-594.402250608241
340.348016725981
64.7727658643377
-228.652543654996
-19.4059184342432
788.309573120507
1031.78867943542
-738.13003653415
1268.36226835932
863.111899915329
-653.745295915545
-258.40524488519
396.048725858756
607.784755503394
1141.41720979067
-257.558434738359
624.024169370795
-493.402783343152
1166.06832085233
108.628382039069
657.024342481731
-815.008056955722
-585.053433651993
666.712318013132
1485.86467261319
-996.75289639858
792.258278086566
-988.286760251316
980.209546981666
-736.84809448323
-400.564764182817
-259.063622574497
653.321842573924
19.5972809097789
-798.97712162861
474.192229802096
-573.967302461315
379.650895049695
320.077423773363
-253.501770044206
1419.46825614813
-760.37404611819
633.067676502988
-598.075427168483
-188.00636790892
735.450649337682
-981.004082526473
-141.395014964236
86.9598441259185
351.643294005961
-100.448279287181
-160.28768518929
436.98143096309
832.712608693794
-779.893762600392
37.4065792697607
-1330.5063980156
404.656168638799
-446.913236787418
378.631871947662
680.928929770462
56.2605370520496
-201.48359598549
796.198147645495
-581.578139910175
-1293.25374365471
-288.510455126344
-339.239086207901
168.931930252625
120.725575847842
67.3648018935612
754.997757485609
-846.593453417144
-1245.66290193787
1142.75594749292
-359.95954076068
-185.617643806669
-720.695152161027
247.87317163915
-797.360223458592
1546.73121113395
877.669847123247
-407.921242701593
-103.782829571299
11.3492098541681
-425.669270177114
-885.12634794931
-1401.67549257202
547.876884598983
1236.76767914923
-688.192238542549
-1146.00186946424
-215.1644540481
912.385606852693
-279.545226575898
-589.191221927312
579.109285127221
-938.085410454068
-244.097833950721
199.824706659332
1157.6990506521
-409.649879919895
192.234104756697
-402.267039621246
436.209639813688
685.489408129442
1720.25961078902
-1089.57811299431
177.180302039837
-922.070056531874
200.840076679207
120.95305658605
325.809937264577
-451.730925972191
24.3169696956775
-67.7982445450313
933.025092724273
82.1888692046682
447.780683913977
466.626267941758
517.581277155755
311.959066238593
-260.101569038215
-314.127414418552
-16.4369193275568
-667.448082490332
-138.026894872179
-1681.61254196307
1307.79593265814
-1522.73261032298
993.883863880768
-564.762162488689
-79.696580628488
-1026.45085143002
1382.67376178257
-1033.84079764048
-453.067719289308
-714.204215920379
67.0930147916285
148.390035953271
109.610340495798
-1154.38508510055
-1574.43235510197
-447.141610756639
-196.166691539432
1318.69318989359
968.349508429471
-2246.76675630641
804.994956641021
1521.50425909692
-465.034790479838
-1094.88618031473
-661.52049401701
-195.105328144864
238.298090444251
-433.112417733669
-837.882662840279
-515.254408604067
-20.2663474125033
-2596.78633980946
1814.18240592578
-1075.49385398458
1768.50353065339
1896.62186854483
-129.285508166124
1292.70609214052
725.637477771175
899.307660462249
880.825808156587
-657.976136179749
1907.28546792295
-1799.32138818754
-2435.41096898896
553.363534245589
-523.168431749716
-345.880176916724
-1109.83970400947
-296.523724860194
-235.664485009524
258.486958095662
-126.993654971757
104.118843449185
-2261.15675796634
1068.38031075459
-185.404927326239
-919.488267907208
-1558.81537300554
1898.13248238932
-245.798096948464
997.864869652046
-1805.0783340705
-901.124793278674
271.345983755784
730.444117231889
-1931.58068857809
-774.987082314086
2139.91763066057
-2064.66409227825
-1251.38538068679
566.977706514347
528.346874032948
-364.841796924284
-1108.17727680856
2939.71751057407
-2384.91774193397
858.056269583526
-1109.09288587918
965.201122519998
103.534943053732
-729.897985366442
1676.4498671935
-3402.23519989053
1061.00524066201
1262.96092072373
-735.048447888012
1251.91410705731
3130.27585448963
-448.928342299472
1551.11130916086
1399.91232213823
655.58487801841
-1342.65186878635
-268.311312443849
-133.612765073353
-135.925963301647
-1245.27736129709
1228.26889857873
290.696626854801
-612.863829561607
-1709.08981165915
-1006.32048981579
-2666.09874986914
386.856249015519
-982.51721398391
-476.876354282066
177.500615202964
1414.2551942347
613.306397473415
715.984008906539
131.791331637098
-408.09650316484
-891.134714303921
-281.933168847289
-337.83295989455
269.971612114979
-716.680005591632
-842.41768733771
-3450.21147314835
-143.670651534062
1930.1462062239
-1933.80493557063
744.437322003443
-1414.78105981764
313.219387152476
883.443858823001
-2532.92818590879
741.994051737888
-2579.99001741888
110.143786082197
683.974000544552
812.083727372425
-734.840190044555
-351.680502238272
790.477055778421
-668.026394649204
1258.8182269449
2754.71772182165
1132.29576655961
99.4131462481161
3961.1714921608
712.82877000591
-1316.04533378631
525.21742106812
2801.00431113547
555.614159085915
1770.24708175201
-2847.19560755771
602.648274661315
1702.21371437428
-298.780297820272
1617.10416521879
2489.69407958863
-607.056662936448
748.686163489907
1728.79633865571
2071.20903190779
752.250484237018
-321.430012796816
-3392.65881434387
-794.795383224997
-1137.40053278268
-57.036276509948
2506.49820038699
1937.75404329366
966.774536311527
1346.16093252371
-1590.95526357318
-1641.88118099469
810.765717950004
-2052.24935516543
2654.4966365056
-1029.09107502747
-130.157721930428
-1632.39303536209
-696.531024571141
1915.05323825569
502.65488375211
-74.0249822813385
2155.08963651333
-1928.08663350517
463.364664302166
692.929838480187
-639.542604062031
261.698719268911
15.9870590105378
2687.74584169023
1071.77447095145
1503.89493591516
578.079937355491
-452.498916207126
-1481.03994050721
-2351.21342336258
-163.319093007533
54.6155033557452
-2763.56331784895
-481.439084866767
-433.910093767312
2310.67618078782
-2197.72189957103
-518.684194611878
1961.34431041208
-1506.04956974822
1505.62734121409
-2191.79195331059
2419.32572830254
1642.00519546375
803.105844142823
-1821.8731207333
-1975.15978484946
-727.971564851204
984.446363015014
867.297125551273
-2015.11038725064
516.605145868818
2298.87200073314
-1960.80519875429
-1811.27370161646
-245.991820554774
665.486969384345
810.866653388461
-2108.76290291315
18.1480162125435
2221.33168247849
2135.2070499452
1651.8846288898
-1016.47548298623
-120.88229073737
511.971158038085
-451.703467856298
442.781640027318
197.43201893329
-1901.17961723206
1576.25918209699
-268.815952413257
-1560.5212810949
31.4656349478108
1243.23131398895
382.047921363569
771.583526457472
-352.436498037427
-914.747832141119
190.277624257998
1356.44640519751
-716.180872188361
2027.7014149146
1179.66693567943
-466.173518355684
-950.980581249536
-2798.35398651678
-1398.57938992954
-1301.05069384648
848.812973786352
1382.00535744337
168.157347317019
281.520086998308
-1443.59554576241
794.246989845225
-2194.78148796562
-675.578122275525
870.04593595763
-619.59557925874
-1866.33506426238
518.413684364238
-545.180343741799
1964.81235340461
-940.734152076193
771.176571620314
-1317.75143627431
2285.49587442091
1512.0543253151
867.611406235274
753.412019695185
735.190514746832
-1001.82786340664
1667.63906380986
-453.870386478849
-2953.88160871432
-511.504824712633
-1477.37299524478
3908.93774167301
-1050.98627585721
-719.13307808619
-156.976337974928
-442.870500797125
-138.905434543792
-1734.9492072267
2718.50142345769
-223.17841001915
-2127.54007671096
-369.106956462543
-2003.8582115867
1020.29862748925
-903.721840258944
900.185790453802
-2843.40792248761
1832.93981889421
-1351.56218061217
-213.996384376101
-597.947683815039
890.669278493278
479.669009202777
115.774092976893
951.248653806328
991.357707018171
-259.689363940514
-851.984426584146
-259.169909577761
-622.153640995547
-498.054428927622
1746.53411949156
-1082.66994881787
63.6520054948483
1260.55870114368
484.099358791534
750.960984729537
176.60031439844
-499.269919843199
1929.32131597124
707.163899625545
543.815134594111
846.517619322468
-597.747601376749
1218.53508289081
-1350.8588470936
-533.141001136823
3230.6423397053
1513.20847492595
672.211943008015
-652.219895071882
1095.55546786762
-1605.14318811738
-801.499452444686
-502.967581363414
971.323688037612
-1021.07297248939
288.438129335508
-1429.934194161
-962.75989579559
-126.361267302611
-1662.17171032152
552.51896558812
1330.74144866251
1960.42840155488
504.62336918061
-703.740593021389
-349.116160844995
1381.53368833639
-134.999624097202
381.153920461168
1286.35288593898
-905.718066427356
-1375.67538410135
407.219198328444
-1607.6274745418
-1066.10872520253
625.104072463703
211.373110394699
-1534.62380320095
-1283.73945663184
-396.55648530719
-184.634584431114
-89.2349358215454
157.815636401817
-2621.00436686319
780.504200900128
-1468.71506470517
1180.70086780582
231.721909539833
-1307.15788921088
240.652885628375
1529.57251722046
457.34045267293
687.418844960898
1568.55073292576
-251.144622800353
-2249.27475757261
-417.844499150762
983.296689749489
459.387171452603
-506.404270893382
1306.0907302614
1405.37009469067
-294.799386303321
1077.19455432986
-1194.63362179151
-501.377860275992
449.209481969483
-636.067972282659
780.831910839341
-1462.22825631222
-647.796167098182
-306.914313570089
1403.10483757548
-678.097359529299
-39.6992791503529
-2713.88207834583
-716.886332377493
-212.69527674979
-1992.59523280438
-295.991846537828
297.791501589504
1648.90339198399
602.235287237116
-9.98498914356338
1925.25882466641
-1105.65079513407
-507.425231953327
2395.21487350757
941.49002187612
16.8654856077587
563.576557763867
1916.52804143466
-262.708537683117
-71.6155115901876
257.815926953484
-1002.98663525952
1446.72755598207
929.408532866932
-392.931708824144
1264.52528758239
1888.56214520599
3415.01639808272
465.142110564456
-242.522730931949
1438.66010129741
-722.705433591768
-1609.70931947579
271.824595379327
-701.838835602654
-2609.66340795188
1196.94580135714
-1387.61210491155
-1158.27830589561
1827.19978682164
-279.309526245622
-711.988419361077
-134.254735874557
-270.399364365194
-1199.86760600505
517.650047561304
-1469.78853738169
-644.045170287752
-210.729997607711
-1690.11138165105
1892.70089834627
-586.872609053535
1448.96810272431
201.807197303098
-327.58413514784
257.088027717659
-355.295845876633
2046.92000590857
-363.266387617644
688.074106082329
181.567161899258
-99.8295357228319
-722.131754665576
-895.018699215485
122.015941642977
-292.728042868835
-939.288764425244
-783.734039647531
409.6987940688
-1467.10132216963
-410.246163229758
-271.8046095782
851.479779259848
-1334.99557038431
1875.17012206777
-1226.05999817885
362.77272123381
-1355.47777526894
-1710.60702835579
2227.29950433186
-96.1406943244515
1691.242831227
-853.88013492232
-2348.01323895378
214.129423485126
115.359687342868
-981.708941443439
2208.86729677077
-1963.69906390417
1051.03863227667
-151.486172901996
-1062.998876884
-589.270104166499
-30.99595970525
-1168.25182451649
1247.32162475779
1480.40756350958
1057.18773267857
-670.651190090273
-811.927619714635
775.835296932305
1066.11669981471
525.487665486455
-1886.25769925593
-127.827415830881
1169.28659551984
1347.534641979
-3160.79957342433
175.83623805185
-249.345816060387
456.975212112039
1647.46950140218
203.966144815311
383.059714109982
1691.09577093018
-119.123256948917
-1479.77867890213
-572.867550109583
-1897.14667500973
-155.39159601725
182.028967862568
420.079220084399
405.654034732708
-9.0545147182703
-1906.9968280741
975.558622280497
-1398.97804270635
41.0575964095077
-144.948706714654
-725.966158886972
846.739576317352
-20.5766903891588
1063.03802172126
-1493.80645616501
-119.633097855104
960.16308216506
-738.996263587336
-916.047164274874
69.0504772094438
-596.22979067813
-980.041728264226
346.191081597023
-115.050808947793
299.472563325967
-820.289655324416
-884.080137269751
-795.951513812392
559.237830943541
997.732798234742
-1478.506090451
299.601540773794
-815.529001514631
-580.502205349893
-241.295707966239
245.904120069106
725.829881136975
-14.6391917835947
-667.240022270766
-25.5665069898359
-1397.34331697615
635.648638671827
572.574622770712
-440.878078870728
-825.081587346164
703.792619929073
526.769161434546
2058.51428198358
381.608244230264
-489.757495360511
-53.0893986627519
1507.70777260654
819.176235473633
-643.918626710314
-104.258408008841
-675.513052241214
451.617525389077
152.41541885152
-114.306159701295
-480.458950603202
628.361122641894
134.494269358124
607.063497135018
-1615.0834947518
-1121.61662587036
1924.41297706845
66.4634820697649
-761.734003971256
-1615.97209626443
390.503002783295
1107.8280150282
-2035.46287342384
893.874122357057
563.651893318298
500.648635850335
-843.027792716155
-986.094533861466
-832.712035368982
-1286.69105168956
-61.6877993311495
-2627.06173676379
1332.21062128065
-723.844764913692
497.080138300545
-1798.64071407852
1052.64020041382
835.302200949531
-1049.63814535791
49.4050538570954
-251.894220721659
1129.87524365855
539.960942891075
-844.025884496894
-193.321674515075
716.653242435261
-1219.77356506219
-1349.26079381461
-1148.56706719013
-1267.41116317391
-908.182409580912
190.456833004736
-959.507576336328
1020.18941009675
603.610804446174
-94.0704785697291
202.899642346914
-794.907535478491
1024.08027549003
-1281.41941475978
-313.676783325618
-1282.72198820657
-451.263628225563
223.26199426918
-205.916234620635
-811.996636957562
-368.026494251001
-777.502870354358
-90.0315727277064
883.559710889649
339.435394924669
1171.94171857275
-424.668247638681
2734.57438259574
-1181.63279205604
24.1289372889659
-298.771259106533
2032.49378192528
2665.82825179433
-1803.48846909069
134.165980465962
284.014968747128
-525.874829758074
-763.251274301407
1255.73433162065
-1719.43261783847
1309.85447571867
245.848759297498
-2730.25851832434
-343.821407676598
-1439.49038604015
859.797127659393
-669.899617481254
-952.992685717489
690.34521685037
750.518505818675
540.848228910335
-1643.81525744432
-701.380296249796
-529.182985285491
-1516.6641667939
890.878288922688
612.20187693459
717.781025207702
938.757702731476
799.02970071509
1258.74767163146
1094.09462350351
2042.03274931856
-314.53684731358
-89.6354793075759
-929.648385799807
1102.42852643634
-146.395561130546
1552.33581431004
-607.962436486738
146.702952056835
-929.431023900588
287.45597774512
197.706858664992
-1175.01431467531
514.892016715108
-929.306534740512
791.467907904778
-116.721432363501
-357.531100496535
-30.7931483848076
453.607104497479
-327.623608280915
708.787784668556
-468.369626429215
-565.423762068593
-241.268997673636
1390.19162162356
-456.736405160279
49.4934985286558
-1043.66008520534
1031.68297043876
-604.560960088702
-29.0657746444882
-863.5704861922
-721.407688763836
-100.935342783442
-273.914693054294
985.193884438509
-51.5726970241296
-527.756537999391
-701.266738987982
-177.692125698356
306.098074526774
782.831147993439
-555.672677025402
552.19668222195
801.463462441477
221.063748789684
-798.473556392831
-572.704348973472
778.540268637325
-1700.76929720706
-175.686408264763
-1275.94767314175
-300.384773488346
-1048.21166824804
79.0373753181939
318.009507415746
-145.017808973119
434.215379212307
1495.26491452524
1597.98114863614
-508.981503802968
-770.105465055608
-898.395580573805
-471.611802316588
631.466225153654
-993.960622601343
-1033.65907134552
-1251.34605844383
27.4439037119345
517.725912167052
1896.32401043351
-99.1906729302688
1221.13107278373
1758.67763885908
-81.1533986913294
-1713.29139742396
-351.352813314017
341.70245190795
-759.423634115288
747.522014144199
1830.64719108742
-444.615828088645
-794.932927848218
-1009.05013287035
-807.597697690171
-1520.60504418294
750.813109303255
1597.98395007665
462.84462739975
1027.16726915691
-1267.00803583927
1581.40206030998
911.86581078293
-144.600286150773
122.381969455703
-512.242095668715
-56.4264482290044
-1112.44757942634
18.3261345425558
953.977394198181
498.059197601052
-348.460805304093
-194.252850075267
-594.246172627181
368.246604197218
1013.20321195286
278.428824751479
-253.96153882578
1248.59964959494
-224.837800420102
453.105734810524
-443.699233957902
-1211.7534255992
740.836232364167
-399.591200861557
-469.416562035654
278.723691227468
113.395633180919
-1193.64075739436
1507.58173239239
1670.86232697611
857.405284150552
-2092.93298855421
454.558119896958
216.587281364232
-844.749791718493
780.595551575691
907.564072627476
98.9666733082305
-1225.47531087382
-558.05446636202
-86.5772408367479
1722.44621593412
674.20430766224
-275.533760044866
313.790269545195
-428.074090074595
254.363463867699
-260.898595381069
243.497507963005
523.354117170182
-540.115548875666
1124.73915149274
85.2174613104667
426.289131725586
-213.872815217919
1067.39021922267
935.559366398663
100.473765108565
274.293327457076
-154.566846244962
-436.952244273497
96.184841727345
-394.539524867866
460.001551675099
-222.19755679506
-424.111705990418
677.766336621356
-1473.33925892607
827.969322074157
18.0282886319668
931.38308801305
-339.097467579417
198.723324816992
-949.456037825311
-749.05516809972
-1008.60522393791
1270.03126122924
570.181728527655
-568.002154376438
-1113.55923711266
-768.097828454731
177.638779377344
872.807657620121
193.537961098603
662.626110725639
-722.829117723279
992.134531739196
679.512813251058
-1037.96349476485
-990.441032265316
67.055683250205
878.389036407972
-312.113198239719
505.60664007424
928.259321575075
-599.030562551499
-754.203021613945
-643.835673987175
-782.670274503386
-1003.66734368944
-1248.69450949934
-774.348809605268
-193.327311600815
-787.510819276954
177.425094319977
1430.30812805849
-1160.36509039987
1508.28028854373
418.868761583006
-324.285230224879
1285.35565848211
-1107.74925859079
1079.1220071449
-754.631403409531
-138.818549124666
-820.522228108972
-1500.48646268431
20.0554385954036
-285.026224555395
-1468.30138707606
1161.70004903649
-632.970382692537
403.610614476153
-281.364493995441
506.503791712952
-11.0144077149602
473.200869266608
210.606720213176
839.277459549327
-264.630246024992
205.250418448507
-327.56613944335
848.455429294783
48.8701073736915
-4.40330933168742
583.676287622927
440.97869974771
-295.865601158845
-979.402809493733
113.092818841016
930.561810883594
-183.078462909699
815.432883452479
-234.326896575709
8.43912909221137
150.280868560499
1085.69556068891
-2241.89642198311
48.2523473006635
33.1492639348214
-146.19190053417
186.338253272641
-19.163729886453
-178.118933868795
-981.472151929976
40.1636184409797
649.31391320717
-239.250357936461
-1956.87467565963
900.695059364455
809.542532333926
-1005.28990332892
-525.872037297975
-678.95880127999
-409.473405975996
-322.469537594779
879.587411179386
-842.216782782008
-692.127365056142
396.390944601079
778.74975385563
-437.283848958448
-654.480017840897
361.248956676827
306.381576836978
-289.471511099639
840.247922967644
648.7581828165
-1258.06530877269
258.462457743667
502.650393455725
426.938885122628
80.9654151098457
-531.86721187251
463.064157756738
1024.89513822892
-298.50724076007
1568.88656772865
