-471.29807205617
-24.4671297717616
512.044112443967
-239.39847536293
149.694856485714
170.647846487222
-105.595276881851
-515.392738745648
134.37883165379
-753.218914207256
-431.320321878536
219.411811899375
290.890304866836
1076.17040537941
292.877199705598
-1019.58623147433
267.682637651335
203.391637170256
-209.503378534236
-407.631902906678
-31.1952881470733
439.00813600225
-522.88632918093
-751.047127373695
160.341325336257
420.403367702204
231.796276893761
-389.046989543178
129.890869589487
-672.918973165897
99.9334435626539
209.655508151457
0.631018602322925
-722.12721211139
510.465748072472
-509.871114604275
-153.465678780537
441.243613724175
661.955999934999
-407.172162866775
-103.602469436285
-254.506813928058
271.18511181258
-529.013999715102
-114.586884618548
-38.7149063088803
-628.964463731155
561.999766750773
328.085960004776
-860.394509995202
562.13981165785
520.698411973278
349.160988433651
-507.459386608034
569.158111213276
-681.289604886617
0.993832854627385
544.198127166542
-4.50837935497283
-598.351344692783
-805.010925830826
405.55609893157
-185.893928189499
511.549660456027
266.384764096079
-100.542085519554
473.794658119911
199.489354763723
-372.405534178395
84.3197031469563
-345.812206375167
54.7533540203358
-444.373644053418
425.3410238552
-993.38091853102
-195.944175312834
314.571377510346
75.0327460614264
-745.612122416132
-1136.33828185526
286.842319951559
-477.859828523019
-1839.60842997894
-908.590840008484
-204.84324738175
-620.664259199234
843.954959657738
-1294.02418629873
190.172836799227
536.654293569235
-187.565786503216
-378.004236370296
272.27738095981
731.431468047344
-470.071791345745
204.328400582764
546.926716179329
90.0199304793152
-810.951653001519
-1481.26017185532
-103.019178980907
-52.8390866843095
-85.1596826011723
-167.085723360544
335.485334128583
-1170.25989858307
967.994183485705
96.0564953373989
-717.113654775069
142.22204449537
-223.931495981727
-502.198826171192
-269.438405638731
299.062766519427
-336.054182523268
-716.256909740129
-469.480299040863
49.319327488197
1159.12981339102
345.681981875012
1378.248564465
777.831169049061
-485.408715568827
119.745953605963
-416.805213899455
772.248067735082
186.978002000758
1030.04652779309
473.157893668621
-56.3261955486054
511.387334328651
113.72837868032
-956.906434837712
1179.10214057241
-14.2992961299506
-417.247640794464
409.363087860529
156.493697680473
583.773958392309
-801.724636248614
-622.160847658902
-917.373920037469
165.342211015913
-187.144680685495
-273.875573001051
577.608528786081
229.630141332817
250.19024055947
517.292773052505
-559.580515901927
-46.7665365834079
675.565434265616
-582.05518038273
411.887949398727
-54.2681862290646
9.16612731289914
144.222984863565
-385.660705515544
-248.452371630019
-250.972198579853
-599.099895799909
399.835817125838
-661.180635600287
286.728431464698
426.199023917299
1057.79925971061
825.297486969029
-312.855260152588
413.961269400144
-570.595250948976
421.718783234542
-143.805822852531
-70.7783835692937
1409.78190897088
87.6623542044446
-7.1159816006692
-1121.44937991813
145.493769056839
1302.28376592679
-1540.98853579037
-906.31437562332
-592.840597901019
82.2634952622862
60.3232328829298
-1220.4766442193
175.813206604748
715.508026110643
218.609878588601
621.383034280526
503.840831472724
-944.413067877824
877.655554904314
-24.792416013346
-661.126694427417
-250.038105334551
-362.894962837097
-529.755024978378
-386.903545910559
-1065.08626870354
-695.077662221658
-53.2160438397082
-425.523274847617
-899.587279454705
58.5415325171792
-74.2035858420458
-498.965715207721
656.704751318263
23.3788525449455
305.972874383465
-143.712893826251
592.526287599503
236.112545860826
491.734657697028
429.52821161618
554.933276429944
452.102428619282
125.325578313917
-1099.48708741505
-232.697190790417
-368.468433218409
974.223671241932
340.179587772451
-237.197416376276
-130.21007910396
926.516990952351
314.844777062884
1492.79880581481
-414.96468632645
-264.95518005911
-289.496959192348
-358.982326967287
1607.45174286507
272.216514882978
-1220.84957275631
-1219.73788841802
1221.15605374663
470.957930455801
293.166303136348
-158.190101489222
-565.672228674549
-900.66182094108
-461.143960493506
372.10104876659
-292.827423728599
-440.070675854491
253.360168484953
-168.130513362021
-580.47129444179
-428.560904333853
-28.5870115936711
-413.545245992607
-752.104174325184
165.457782247878
414.664455546765
-1084.81341398778
-460.344358145924
-294.41935274479
31.278027433189
476.199647960861
15.0513908251407
1245.30758689918
-59.2887815667477
791.967163166736
-332.823292933037
-1455.23386271636
935.202681682603
-372.300819739638
-336.559278779795
806.242250733361
-441.637159719195
1088.6802531416
-724.653982576461
1002.90315123917
451.731828376271
237.611565296927
-333.938854893789
-147.340363938548
-788.496384874325
213.49171222268
1088.45228518677
-238.916318736748
540.003025999732
251.284970680199
-98.6895574832749
-429.756175329363
74.5545532453424
877.783937633022
21.1238598581935
1144.44430207434
-331.607947393599
-699.529827146567
43.8472850148741
-104.709370101406
-46.4358266480863
139.498033911434
-58.9391648243432
324.31384310983
161.570162323175
-337.277398902183
-53.5717377104507
-354.887114759702
-773.360252428946
-711.256267412621
652.888220756188
-220.734887032596
-795.325708660888
-737.503203097631
385.418004498261
62.7389516046293
230.180606946732
-419.851260710052
710.94483428472
9.36249687871477
-180.835321985166
-9.82336710840489
-762.456202193269
-457.542010768119
596.14757567277
753.411897608326
-295.850112413741
-1300.49263292795
352.628225178197
409.46626907042
-502.018208723461
-289.184428450385
586.324707194141
296.849986164204
-983.748166621032
410.772992644872
210.002500109291
-373.631002612345
-737.862806605525
-457.824290979205
-632.561800094493
899.177657063414
-173.503583663236
204.954681964922
4.49297608030497
735.801876674474
731.098197453175
-817.741995059037
24.708799006114
1156.66314565425
-753.15504063231
1002.75033327094
302.0576899214
308.839002531821
-7.41183088055234
0.407132521490581
-451.918730251094
1447.63065574354
1048.60022229308
100.362394082228
3.62930894372823
292.543288676443
741.078316763235
167.449186582615
-1119.53858431163
372.816771653893
-240.790774999947
-628.203889211427
156.304931682946
541.676407353165
-731.90337862511
547.968878291954
356.731250466355
-228.410459101961
443.635214625624
-338.557248570735
-563.442989100751
-412.315524548855
93.9146120688035
79.3673058608447
-312.797825195215
-269.434097352221
-546.499839781064
-269.249461833789
63.3834508737652
-588.371454193496
-118.973896764265
469.094039005104
-205.909615596027
247.19390694489
451.272031713285
268.523847023646
-821.601998288546
-126.943310345124
198.14611940151
-551.38293901485
-297.029591367251
-911.49492802925
636.044254208182
-569.458853540346
-459.101617246532
150.180092424265
329.715893139679
-1009.30250800657
174.452496108714
-82.416140806132
-396.145762210299
-241.397946895695
264.541930907466
259.89798841716
282.346130622909
195.420041148985
-174.843045465303
584.985920236732
-279.263383482224
-2.7700288285416
80.3330294087413
-1128.36332997346
185.301177770382
812.895328959683
150.733751379777
-23.6450169530359
-373.886575722842
-623.81799210296
80.9194850780095
929.629395340498
-486.532104736057
517.884381095027
-563.715984718489
494.410818555389
439.745463101176
437.385815603007
760.604106095002
514.543102826314
-435.463690213608
-208.845047413781
17.5816714918359
-455.294316702262
-273.690447582107
-186.323825373977
-83.257739701553
-181.226235971308
632.714191439405
-122.825301604222
-145.202067018859
159.602568539002
-451.027835614154
-24.5083520508277
1010.85113359115
-930.672989171932
-412.823400772994
-606.795771657
217.933887245487
756.864425974844
-509.301962235873
27.237681326534
-406.532935137198
98.1246402747978
1287.87365180904
26.7119572556151
512.086478051305
214.750299670748
-564.622734211731
207.098127857759
539.448932684252
105.612035375519
232.672768781492
-192.916087951125
-98.0814305786897
-222.815692143771
5.33841923427832
-628.732414557259
-116.515157508911
127.674431860075
-255.234513784565
-901.398636033124
-116.000372486152
359.440159736049
75.9432179539055
-421.54210914042
-242.660934539213
-283.473103919431
-7.19451214019364
-791.753405776738
111.905059937285
182.108953861822
-668.777631639806
-360.314715650345
-642.128808884629
172.842092757936
-176.492944326159
213.168741688195
519.952770222051
-35.3078567063422
-478.171613627511
-332.846451444185
-651.403285242126
811.329145553604
-571.364871853947
48.0498600820975
372.961701131766
-629.359621815495
-9.13126720353855
-78.9492123404054
590.802384266514
-178.873145608704
-613.747174673324
-6.22992481887953
407.776611578054
23.6314434570513
-188.241744678275
203.556879425728
158.360798415195
-553.213303533133
-516.463802915198
247.978446944063
-974.687666106182
-201.913579590837
-100.757084920448
422.576215989394
-160.656481723024
-17.9490719918396
736.983574129386
-368.012527895347
-323.121971130946
428.514999835205
-477.199086101674
-479.328731812033
135.854127118715
174.581991917293
-313.392548250386
-63.1083215687182
409.483658467999
-1067.41530766434
625.061698549215
931.814564028323
236.172488229462
-418.915572664613
-658.639067493406
291.664174023557
-452.304621571659
-520.444065493465
86.9821608485424
345.182041099231
267.688635089812
-590.430488401451
-861.404859254967
-297.3962542235
-17.2820026423802
-67.0470451988894
-297.26510331161
218.34022009491
-758.287563158989
340.091837664507
58.7010223024205
-26.0712506847727
801.066598937061
195.297765769126
250.475949881718
624.864495674451
-40.7892200925018
16.8316184581201
-439.153095515613
722.802562519399
-6.40871019108533
-860.153815059218
-120.103800816074
-334.473898731445
274.443452106547
580.123395987508
-41.4406704312558
-249.863632444066
-94.5376089126028
189.069737821246
380.842661229097
-397.790908666726
-278.810647273979
-711.450462295141
360.252955071829
373.252534825533
121.854395634714
-437.900348624247
384.477989015396
403.24454644124
589.864111333937
-262.341271577369
-374.969791251379
-499.485117101404
288.353627878741
-140.307883066177
-194.463370872146
-482.269988940761
-333.102492424883
-472.82502978745
276.987642621651
709.675927581844
-275.062733795443
-603.42131899012
221.223525684274
-25.7969269732947
695.734640183955
342.917279149138
79.2960699023874
414.026733002377
-203.868815537355
-25.5832532822828
-471.380550536454
451.630374192801
-816.521223948678
-414.872135327486
-190.672560916961
-401.996380607529
463.441237316618
-254.055098923308
-999.355557226563
-73.8180417885695
-439.334369324481
-329.729102892508
1152.61319717535
-1138.87317940279
-87.4173687694959
-202.48985520486
-211.804415873978
102.736592043212
-130.526922834211
-269.825399053633
393.106887599481
-545.827964275481
-265.264528692369
27.8867286223033
-170.05239564268
-268.627438768983
-966.728165681969
-186.483116532305
313.196256910719
350.752991975362
254.990938407778
527.451883339
33.2659144053163
258.62636755344
47.4113389085425
672.608962995837
68.3121245944244
-275.614127992172
-290.897003833112
434.621285559802
-338.395174830989
-91.0242036884583
81.1743468632503
-3.44015775881702
360.687567313343
170.023103673176
110.971151800393
-181.95135125299
-878.005938851032
-310.02723714986
-179.091960586676
-311.075970851406
419.386645157926
255.364335982721
-216.691999530424
104.452037899419
141.646124762612
462.050180247647
-113.288568700872
-391.103191680982
-345.561318110716
-409.405870450806
356.310111772767
385.802779509821
177.301847357913
-267.810637456875
-321.785833393875
-620.140741694884
-76.1122129396871
118.781599998624
-347.139817205379
-618.281436001088
-701.844742509195
-330.071843988334
246.933350543436
316.229581082772
526.278961569367
268.293826191913
439.346129495907
-235.676221518545
-859.602470299699
-262.110557894806
70.0170632610017
941.422859869047
-209.746170449519
-440.570210709405
59.7549280235534
664.431871870395
75.5347526661211
-158.168927502367
-901.170306946588
-344.259462779539
349.961659302666
429.825751312845
93.1918397665638
-907.954156272754
95.5692447716029
-357.277107955586
-95.3558227892968
232.322374701544
-530.127568169882
-121.676912272934
-305.562124862748
336.752002361134
-90.1446133870266
-645.051202977426
496.859075313596
-198.80778688286
115.760758110015
-447.538370319924
-643.795019487688
-489.225037844206
-152.58070843463
153.465085513426
-64.7380481526631
24.9800066448485
174.099456849022
-41.1234052683247
-347.112290514159
-531.599061512211
-766.894055329968
95.1208143919141
107.668827679336
125.256839126178
162.516974166157
-258.128130104233
201.000864367947
-72.2005415569905
-354.534971136194
381.391701323732
-117.145568497476
37.2530474500469
-9.82704044407766
-161.979372802558
-65.9344026061493
-310.518021473039
3.34919011370259
-118.428588941628
520.570502756101
-630.087584345313
-203.8964246311
-123.163882166332
-17.3734987257432
189.926320201507
-267.042498268919
-34.8042504034009
-221.531074609566
475.304189108356
408.749466511038
-674.897631795454
-312.847834710097
115.661538347788
805.391044161221
23.4541927290335
376.398769929103
-369.362400869813
135.198105908339
9.30060215278703
163.24290341963
346.212854937723
69.9426523196043
-672.634881442745
318.660966209574
354.011546528282
41.2988395034653
-491.066926278065
-456.474563386131
185.129928177683
77.8414456744655
-97.5332457040429
-51.2510531116747
-5.31598594266492
331.230871757543
-324.447432790554
468.068019000173
323.037980867259
300.532081346569
-15.7573828925704
-190.584719191292
351.98999336332
-757.081507260948
-582.169393169739
587.51624532699
352.949261269891
725.686952472903
106.092138057944
72.5609960176553
-104.044690546373
496.395093355772
-156.627465064623
226.019297199519
-180.650194776508
282.335330145954
93.3875189253416
171.402392953397
968.225655193815
422.567757361697
74.4495388599684
576.82037352006
932.546522578443
-584.009392760191
-477.929708040518
342.002800088049
418.483411485408
380.304292673056
-475.716996715105
246.564667789506
167.75624529723
-132.316146479705
-684.950490910779
173.411509703788
-36.3425417336234
570.518059343452
671.683194832967
74.4605287697435
-49.4284086621827
-276.360943654468
-261.803833645093
347.749561807073
486.868570138645
562.0339682086
-306.205873059297
224.725449571617
309.463001112525
-512.175155225832
291.81135603505
203.200336251779
166.56897932762
376.472596331745
-747.979642701875
-532.71559682398
-341.649269764275
312.962637634061
-496.132078179526
-25.9942156469718
-249.646728376388
-174.990228633703
-536.303436929186
447.19098550815
-135.115395010503
852.243338212207
223.342231542749
-117.502717823991
-454.543394568272
772.039903030191
-201.353634307758
558.029074236902
-92.8389684435175
-231.144546984588
548.874601158188
44.7125029977061
171.948699799619
54.7417248925745
-322.880558510814
434.181336918536
-383.174937271903
-166.58552150898
-80.9095257008118
213.675610858407
1140.1573823344
361.905292962049
230.40182626935
827.112006114978
576.336207798751
110.77855463689
-99.9566091517029
596.426056704634
-184.389243322955
397.555727996754
416.758810680629
516.892683702142
-291.1899947189
-44.3924771382327
279.97694583434
385.597865127765
-502.637790005546
225.400305840494
254.753214174667
720.483066332169
-306.559212015249
-205.698707623367
-423.089065654065
507.513030463601
386.22326432297
163.847883846014
-27.6719440660538
948.916989011394
-80.8871816971674
415.663317013825
585.250956733855
262.849234646003
-601.579154645275
1132.28366364008
40.7134208705662
162.450844440533
94.9176761629346
686.206162866563
611.241331869336
-343.2171424694
-26.1046887248323
82.1564272487874
-8.81166232209974
-20.9267903604315
-275.277289218324
379.544737665509
-425.507584427651
-265.621130898012
-207.872538531331
32.7495562321055
-69.704025502646
-90.0337627459621
14.6637402751727
-122.408083635243
-100.168811068573
-120.746411993062
74.3255317539617
-165.656474535107
-107.992932570429
653.195875166107
-594.210148574696
-694.171578982928
-121.89484232334
579.91187484792
-24.4517878992741
1068.36383858462
-430.986202094132
-282.510017531783
96.8526716148154
1119.97710748429
-682.284715536871
233.723483821613
-68.7051376374507
-140.778894148311
274.660581757298
-307.563609602633
-144.195575196208
-42.5579163886806
-205.878596973353
775.644964516364
-95.201885101873
-30.3375077505015
-8.40020508490575
-561.116753399969
259.701926885783
394.35353744084
509.548701279191
83.9001389196583
55.1388929717707
123.035273377635
75.6405041742245
-159.454372316084
81.6731732612454
1110.7165536766
641.205009914206
117.543391338694
-153.030612087609
-445.406653421487
246.068079174682
440.005206954527
-196.329336139458
22.8953709514701
-35.5838305153225
266.504199107852
-180.282829130128
456.657796171127
-385.288242632687
-486.789232909136
186.026650720863
-44.5878514066106
-422.255254277288
203.277042483303
-425.479763405832
364.426467174096
531.019917192584
-702.073609247275
-129.721053908872
300.502788056905
-32.5136310920407
199.246772668865
407.094674249142
-328.740607664144
459.51262246017
200.283470083014
-60.4644873433405
-208.670433876414
262.903800806703
-359.544008349614
-90.9528220385026
-38.6881133236751
-64.5574961508126
-279.925313594256
-213.054022940574
-160.672120499657
-202.289208819746
-358.860189167955
-304.14502898766
572.907474063787
-361.24357481915
-129.991572389216
-44.9642374649728
-272.82614850959
-576.040423974687
131.754128745297
218.555231651422
226.072121731751
-79.5727347484393
184.33182418406
396.90251325159
157.037813349323
165.866593893042
326.553855301443
-205.084668053907
265.59214362412
-167.768467687757
417.516098533216
-166.716386285604
379.666419367635
6.42192879264309
-33.0682719813637
-179.514259456287
-23.9524296204849
115.182877134149
-393.34275186666
67.4508274094733
-308.314926772584
-98.8121908361404
204.499747505755
68.2370599093766
34.7321707134618
87.598105835555
123.543857192964
-195.218638750852
-53.3054571688061
-390.733908640865
123.393410248265
-37.6890553115165
41.8561714863084
568.971285690467
-100.707923908533
509.011692261774
-86.1780050573317
-608.695573916254
46.7150682689276
164.79016282802
-9.71411539966589
-6.93407384682008
111.286468088663
67.5097315129653
148.752130282207
-445.955875170638
32.0794199380622
-97.1899323396524
273.495373468243
176.782641880304
-323.053880946088
198.885099234073
16.7367284381578
20.4011735036411
533.113638649034
31.7823732786803
-115.865701831855
48.9576468555306
-102.24782510502
159.794175118044
389.990759955565
120.564916290525
712.127095549239
378.602934902417
698.319371419104
-53.8815703359489
65.087907619075
196.766753098827
392.625042979193
416.882913295287
121.067072249535
495.060128877863
421.232492954294
247.897888789197
-262.315577834904
628.605299930812
7.95215266471494
-211.631984930965
626.620282122047
162.249160854099
111.760809275269
457.511239979691
-221.8514223968
346.34681139531
14.2494156798798
-138.072344073002
118.847731003235
-109.245290188744
634.275065201974
-7.04937879351952
101.420315610283
381.740382968523
395.397802993637
-90.2925500040692
-273.446019986412
243.149231231435
-537.190068981807
-435.981654663582
157.016880300086
242.326493019562
-57.4745701552661
43.3015933169374
155.419092165134
194.791063597545
452.694460849283
-392.800825754776
168.703851362435
-472.977528604438
-300.712955818751
198.43745849522
-83.8249751803855
203.243491477722
-37.2765125520201
319.007852714222
-15.0426183233944
327.163170420166
-140.979510626415
4.02355316048763
239.887111031584
125.181315486883
-318.307586819667
86.204691854488
-128.191006251699
-261.906507252733
-33.3025836923785
233.325365186216
96.6660476000372
-239.147288031692
-6.12821505566733
98.6309691501005
-83.0314763337522
-373.110477924654
498.045904584221
100.648477435473
381.93462024685
24.8687802603697
-87.2734919603877
-113.660710033813
138.704716168687
198.145706472126
365.832119771755
-129.480638924008
299.212317686573
285.937345498924
76.581354568544
390.795362389804
149.330955187044
74.2719047940713
224.661357047731
294.505034328639
-118.516394028918
152.002463655307
111.889122779523
292.590785783301
260.905877344974
447.905283102056
199.918291805797
-494.386004685673
-4.17174224790536
61.6618983702935
419.833660599097
12.7214976844014
-62.4603699142151
-156.363542516195
269.625475682288
-95.0572997326715
-207.068416474459
63.9571853285899
314.022517941248
69.6052502282976
153.786192557737
-38.7426640019264
-26.8537171217588
606.803993633092
96.4119059676535
374.280866498208
-349.334202976313
-298.506404740958
222.845731059884
47.9923155621675
230.892743598711
255.002788728236
-14.8440977640709
221.943905814921
10.7906465972358
84.1770502595281
67.9642568749587
-34.9461318900252
-40.5499672446473
-95.5008855125605
352.802182419815
-160.485783159837
202.750600780286
234.734659442198
95.987375684312
214.377496895339
-91.4706940406734
112.60825158803
108.153413555004
335.122966541211
-142.9033418184
49.4920856635353
254.367262704494
335.627188574449
-118.711299345669
146.104884113785
-246.124695391339
-217.747192240913
188.438466996668
311.184561728334
15.553831209289
182.823469568491
51.7880273013131
40.4661098752869
-88.3609064972607
2.41388556516392
-84.9234113940281
32.9993903961363
228.586163922876
236.240177606808
-5.61230200931645
257.095088917171
-30.141003485388
141.306665654989
-247.863991391334
115.243377619609
-81.9854454135908
-171.595389000181
-176.258941893206
-237.108524269155
-121.082046038083
-380.047473152619
-147.092398787247
324.767614843318
-240.664328042992
135.795431576304
-206.803761986557
-135.559969967901
279.611121425417
184.974637335111
55.918699774992
295.913431923348
70.9304158509523
344.005828671037
-219.995651143379
106.390485555836
-457.570873294042
84.9787768799995
221.461313716718
134.143696360639
-258.637109931148
386.783047363612
-99.0068481644063
-18.1217431797529
-129.767463540412
321.701444820403
-83.1765241169494
-41.0743636993022
257.734522726774
10.959469995419
-155.530920418993
-290.662121097238
181.815974101489
226.397390486405
25.654845812494
184.789038337614
-239.946488509099
-107.072417503299
155.169837899745
328.144973960411
127.952181853418
22.7126000900037
9.72718962798552
-191.467416201752
-491.211016881042
-147.644999864565
-101.76407639135
298.803585619461
216.345107775097
249.797008103555
-158.437900523567
63.9122623284768
96.5255206341801
416.612936374397
111.092962473733
72.6746663032604
-514.330593855058
7.49596622849482
-179.033312412622
215.494026006706
17.8791119111317
174.033117752311
245.179805747999
196.843850749599
-154.908139427606
254.666539414134
-294.378303085093
-130.766140541269
-163.575958306633
346.355941811137
71.9481330427847
423.247072499446
-77.4676325233354
17.0977795478547
207.486983529746
177.013203029564
-136.790690119692
-212.558608616372
128.421238195194
43.5132842309758
83.2875938851944
310.920960896682
51.3445805970849
44.085983562496
151.828102935445
178.191619594293
-8.33154436017998
-82.5120830587424
-16.8519621935215
41.0197172965946
-24.9138905025359
330.617676423148
90.2792792243946
351.660788064862
23.9472243482671
217.941702914087
-317.619516862967
46.2970109963763
-73.6074338667543
95.5360972621941
7.2456971162032
131.973895721418
89.7950918476758
236.605691877914
-13.8611112663856
135.940334751076
-273.609783160047
185.211805906556
-81.6688333107813
-8.55035139657328
0.504063118602076
292.609201801877
73.5114552077675
383.576564264049
-208.391457377333
88.7263113075988
122.048862471002
-107.663047949669
143.038191268329
234.203019795944
16.3591801065923
220.935962757498
11.3068292917961
20.0775924808086
155.144556185374
-62.6689061606757
-98.8590858026336
-151.692656155941
174.399959610995
-31.2798056039306
-111.583568415602
-147.65849639536
65.5314073050888
-68.7889177197417
35.1477433989356
118.952183662477
-313.96293304496
-73.0598395219804
-141.811671355849
493.016222246327
25.1786541741009
161.542843589405
178.121942823384
268.535340590993
-20.120459393759
184.228392369881
-240.916086260052
89.6025231490661
-35.536000195742
-3.5552396566013
-232.299057156319
-13.6170906158002
-116.204249155868
229.133647810252
-111.675570506627
176.249604793971
-414.244915653112
179.361170820349
37.5273354394559
34.8864358925968
9.63397141937203
37.308747954092
-106.888087771246
91.8512073776155
-21.0534784672572
232.978283145547
-138.710699025938
-3.01378640179625
116.215735297822
225.605012224022
106.954202873034
181.689793498349
-62.1091667696241
259.217324779503
-45.2033572998514
72.8565648115199
-273.656714957055
-149.870286491163
-293.47651108649
71.5392823230671
100.079156751471
212.944590118173
179.562346568827
87.9101209241705
-74.4211363391814
93.1620289925118
-368.041564984673
-192.756812697379
-28.9721359528415
89.7939884566765
-74.556247634527
335.505043593271
117.173482223842
-93.736642888188
-0.236061528477961
254.624531182829
-234.590269012521
-104.58511086997
-99.7293094510151
-143.117429477602
-241.444880010869
24.4757650082691
104.061062907603
157.221955452093
-124.885156272056
404.11954132515
-87.1893375577902
292.064013181223
-146.799853863048
195.774014246543
190.478782553931
104.714775839083
-71.8317148149144
205.729714423071
3.20672170826031
222.63436765191
-121.365270089474
-150.730143009115
43.6869362782502
246.475667314239
85.4013712399756
159.744372712712
-92.6841818378262
168.969648840822
-9.18636040688155
123.724409013038
-239.091188176617
-223.611130741524
-206.041254415725
-89.6040287415229
-29.5706027392719
225.537208731644
268.104735344195
180.232798815334
-69.4542691864087
254.38159902018
-275.022445045385
5.87906066067373
41.1915571359783
34.3853643614665
-234.169028803474
59.0256699956739
31.0892636024798
-26.2213350145729
-34.703342713986
94.6804846671054
-166.320356394472
-67.6740731730866
-228.841766317309
151.611396533976
-88.0559938562559
66.3852986130296
-13.8372768031692
56.9095611504192
129.338925690459
199.630204576064
-119.961481713369
7.71029086438033
64.717394544525
28.9554895774612
-70.5401585435711
219.554245210985
6.25384325749602
345.854158213931
101.66097075409
235.542690853225
-89.0983861353643
