0
-185
-66
-198
-137
-230
-11
125
-11
-156
-7
-118
27
-168
-160
-301
-2
-173
-68
-182
-33
-188
-67
-229
-133
-17
1
71
-49
-177
-13
-173
-38
-158
-157
-257
127
-125
-19
-201
-42
-146
-34
-135
-149
-77
-30
-257
21
-98
52
-117
33
-116
-103
26
16
23
32
-141
-20
-158
-90
-197
-178
-297
71
-188
-13
-134
-23
-166
-53
-172
-113
-2
65
3
-12
-159
-43
-192
-55
-174
-178
-294
-29
-71
-53
-205
-6
-169
9
-160
-145
-278
85
-153
0
-158
-30
-193
-14
-144
-170
-26
-18
121
113
-145
24
-151
11
-189
-181
-276
6
-14
0
8
-30
-10
-20
-19
-122
-100
4
-124
2
-176
-44
-198
-52
-182
-98
-34
-11
39
-45
-145
3
-162
-32
-213
-158
-330
-42
-240
-115
94
56
32
1
21
-98
-77
-122
-73
16
0
8
47
69
59
-81
-229
24
-90
-57
1
59
50
34
27
-191
-192
-107
-167
8
-144
55
-141
-46
-140
-141
-127
-128
-161
-91
-159
8
-76
41
-82
-97
-319
113
93
70
27
-21
74
-40
-101
-179
-74
-62
-285
-29
-150
23
-2
6
-128
-92
-107
-24
-54
-5
-138
21
-173
-99
-224
-158
-263
177
-101
-26
-20
-24
-18
-61
-113
-204
-125
-60
3
88
34
74
22
-1
48
-83
-206
55
-79
-79
-16
-38
-136
67
64
-85
-26
-92
-150
-13
-137
-28
-101
57
-25
-102
-56
10
4
32
-77
-33
-77
-22
-113
-154
-181
112
15
69
80
8
173
63
1
-154
-124
32
127
117
69
-7
158
-71
-54
-229
-96
19
100
60
87
-40
-18
-36
58
-224
-98
202
65
-10
20
31
-23
-66
45
-27
-82
-125
44
63
62
40
96
47
24
-109
-13
-13
-21
34
80
7
62
-8
48
-178
-73
45
5
-2
153
-136
-90
-36
74
-234
-130
-96
-152
-177
-27
54
28
34
79
-143
-48
-9
-45
28
41
1
28
51
-85
-125
-153
178
-107
-92
7
-6
-107
34
48
-202
-73
19
3
48
64
20
15
28
32
-139
-12
23
-41
-9
6
-213
-20
-1
12
-159
-69
-76
37
73
98
34
-7
-90
-196
-94
-8
39
-80
-49
58
-35
-7
-77
-100
-5
28
37
25
-5
-49
-61
85
-247
-142
-45
-50
-51
78
25
38
-6
-26
-147
-145
7
-19
0
-79
-4
33
-18
18
-85
-100
-110
-154
-179
84
-167
-24
64
28
-70
-44
-24
-75
-27
12
-17
-72
-2
53
-128
-85
106
107
-119
-38
20
-18
32
55
-98
-167
-68
45
-42
-4
62
29
-32
-68
-182
-150
4
78
27
-9
-98
-34
-124
13
-65
-82
22
-37
-31
-20
4
35
93
-59
-215
-103
70
13
6
43
-68
38
-15
-10
-193
-151
-82
0
26
41
-92
-8
-13
20
-162
-133
77
-40
-45
22
14
-9
-105
-53
-199
-75
-111
16
-10
-24
-133
-78
53
-38
-134
-124
-93
-128
-197
53
34
56
31
-11
-69
-173
-147
-87
-24
-79
34
23
18
56
-100
-63
-94
88
32
4
-6
31
17
66
-79
-105
-25
81
20
-18
-77
1
66
5
-161
-64
-60
21
-23
-8
16
53
1
-12
-153
-61
-61
-30
-32
-24
6
4
26
-83
-145
-99
38
51
-35
14
-22
-52
-81
13
-144
-119
-89
55
3
-14
17
67
9
18
-186
-42
5
10
-51
-24
-82
-78
-51
6
-133
-120
-26
45
-36
54
-97
2
3
26
-142
-96
-138
-61
-171
-120
-66
37
25
144
-85
-50
-132
122
-10
75
9
168
-25
72
-139
-3
54
67
-1
135
-45
86
-44
137
-97
-36
-93
71
-26
105
-36
54
-64
86
-138
5
3
40
-45
93
-35
102
13
131
-90
-22
-58
68
-50
65
-46
77
-10
105
-115
-62
-23
132
-26
54
-13
132
1
38
-122
-51
4
91
14
83
24
141
8
108
-119
-16
-142
-8
-48
58
-78
105
-41
69
-84
-60
-9
99
-88
12
-25
35
-12
96
-109
-55
-34
-13
-154
-31
-23
98
38
72
-130
-39
-140
116
0
-19
-1
31
12
80
-69
-13
115
116
33
84
-69
92
-7
64
-114
-37
-165
34
-28
135
17
124
-5
109
-77
1
-39
51
47
104
-15
77
-64
118
-154
11
177
148
17
101
-58
97
14
63
-137
-6
59
102
9
7
5
-6
15
-14
-239
-61
84
35
-86
-21
-138
32
-23
54
-148
-67
-37
70
7
125
10
87
16
117
-96
498
6357
10042
7522
6356
5254
1677
-1635
293
2146
1362
1553
3272
2444
1123
-834
-2375
-1034
-1033
-209
2836
4878
5933
7661
8322
8096
7411
6307
6230
5453
5559
5381
4236
2194
847
-129
-16
202
78
1257
785
578
1722
149
-2448
-2624
-1754
-1672
-1151
-2316
-2858
-3151
-3671
-3879
-3934
-3669
-3787
-4645
-5170
-5080
-4805
-4636
-4076
-3056
-2567
-1809
-1988
-2356
-3034
-3915
-4149
-3673
-3394
-4042
-4379
-5352
-7185
-8171
-8134
-7975
-7737
-7610
-7438
-7269
-7096
-6949
-6794
-6673
-6524
-6403
-6217
-6138
-5979
-5857
-5053
-3603
-2394
-2012
-1373
-1111
-817
-891
-531
74
836
1616
2269
2789
2687
2045
1628
614
359
409
302
412
610
481
307
470
832
1043
1260
1130
1126
897
817
780
1119
1827
2568
3281
3680
3532
3298
3485
3821
3753
3810
3353
3228
3085
2834
2418
2247
1774
1498
1305
1227
930
1230
1096
1227
1218
1432
1409
1368
1219
1009
771
792
793
1036
951
1060
1157
1377
1586
1848
1963
1998
1975
1982
1765
1642
1318
1012
524
593
342
613
777
809
791
860
679
756
711
813
691
695
829
968
972
1271
1338
1350
1232
1252
1120
1259
2846
3733
3144
3030
3896
5066
4983
5523
5582
4956
3954
3044
1799
429
-461
-1217
-1341
-1175
-1907
-1638
-1982
-1860
-2465
-3020
-3491
-3851
-3684
-3183
-2958
-2870
-2410
-2551
-3105
-2069
-2424
-2211
-4848
-2808
-3055
-2510
-2406
-2282
-3085
-2911
-3069
-2616
-3428
-2505
-2365
-1698
-1352
-1155
-1157
-404
164
933
998
2467
3530
4095
3968
3420
3609
4110
4270
4861
4772
4836
3554
3155
3019
2189
2343
1447
1171
374
-1303
-3496
-6309
-8100
-8190
-8176
-8125
-6413
-3811
-604
2151
4886
6711
7198
7785
9673
9823
9569
8983
6973
5422
5084
4716
4028
3267
2464
1422
505
-285
-606
-601
-512
-440
-148
310
-29
-1144
-1603
-3036
-3645
-3888
-4053
-4777
-6188
-8052
-8192
-8229
-8229
-8209
-8125
-5152
-3466
-3639
-4561
-4979
-4500
-2600
243
3073
4851
5399
5744
5776
5913
5992
6304
6115
5119
4011
2642
2068
2160
2744
3249
3176
3107
2851
2003
1449
599
-44
-1115
-1843
-2334
-2347
-2157
-1788
-1685
-1313
-1293
-1059
-1325
-1413
-1787
-2344
-2663
-2820
-2949
-2713
-2678
-2574
-2702
-2691
-2872
-2969
-2818
-2865
-2777
-2680
-2615
-2407
-2241
-2381
-772
2009
3372
3530
2597
1838
921
1433
1536
671
-888
-2124
-2632
-2671
-2167
-1886
-1714
-1723
-2242
-1665
-1294
-771
-80
763
1466
1352
736
441
248
78
-241
-523
-908
-1342
-1474
-1862
-2174
-2030
-2287
-2666
-3183
-3157
-3598
-3562
-3723
-3467
-1908
2824
7453
10383
9811
7944
5953
2649
593
766
2004
3121
3855
4057
3874
3866
3836
3891
3466
2506
1628
492
-1832
-3757
-5301
-6000
-5600
-4503
-3725
-2002
-195
1437
2154
2812
3690
3557
2404
2131
2456
3196
3185
1942
-400
-3097
-6385
-8138
-8188
-8177
-7195
-4549
-2834
-1335
-955
-2023
-2880
-2170
-1106
2184
1253
1844
483
661
454
543
800
880
-270
-1877
-3533
-4764
-5794
-5675
-4463
-2773
-1577
-988
-103
507
888
1276
1422
1659
1799
2073
2103
1952
2029
1891
1758
1762
1712
1705
1571
1672
1492
1386
1387
1411
1194
1262
1053
1098
912
1014
821
749
726
696
555
584
431
546
358
395
301
345
268
341
190
272
54
202
48
76
-26
-60
-17
30
-95
78
-54
-113
-47
-165
-216
-125
-76
-148
-64
-200
-121
-216
-91
-89
-154
-200
-105
-252
-106
-235
-121
-217
-103
-258
-142
-217
-83
-193
-122
-210
-112
-214
-153
-199
-128
-198
-90
-174
-113
-146
-101
-162
-120
-165
-173
-187
-135
-155
-128
-137
-85
-165
-77
-206
-78
-168
-50
-149
-21
-136
-7
-117
-21
-157
-23
-128
-1
-85
33
-126
-42
-117
-5
-150
-156
-48
-10
-94
21
-70
21
-94
4
-134
-8
-107
66
-107
18
-79
4
-68
18
-138
-63
-97
45
-34
16
-96
33
-58.046876162378
-33.770330403175
-55.2750140523002
-77.4841282064399
-71.6151943160292
-35.5583214594401
-44.6072497086177
-76.6539664226104
-78.3115391103021
-57.6589702409888
-48.2283732389645
-74.929251714051
-62.7124758796131
-47.4413766318981
-85.5306175018612
-58.4576841164002
-51.5468858033889
-72.2580307597528
-55.5257772736323
-72.3658542485568
-94.8788803314125
-96.9983529917656
-114.182943269811
-68.9255933560943
-102.721870631636
-87.6881986546764
-64.8163027745657
-78.1924501095471
-78.6730041183545
-61.6142866011252
-97.2193412409835
-76.5546000486528
-92.6313123248437
-80.4437810141847
-86.5123527634779
-80.800835901931
-72.553525880075
-95.5247605150612
-77.7033564551234
-88.1454511793705
-74.2916880392941
-99.2156089121393
-88.7084458516127
-92.0248554353734
-69.6125892954792
-102.370650549424
-66.6089089712431
-73.2395897540252
-99.58590702435
-113.247634859856
-68.5395176564051
-99.6506044471566
-85.3482570830481
-105.36391774354
-110.245183502172
-86.1396193403734
-94.2328701265422
-96.5533247904898
-94.4550885170233
-107.592874635719
-90.5468062495596
-80.0637497388175
-91.3904211443687
-64.9523930491082
-85.6311751224895
-70.4497728993208
-103.660489775132
-89.9296807460597
-117.059986994606
-111.014034868679
-85.2442116636538
-124.490473043252
-123.971396712862
-103.188968368013
-119.761011976377
-109.622612327573
-124.475471629132
-108.249343131764
-85.8732305029232
-88.5531871194902
-108.86913297208
-70.9064626786792
-104.072984652239
-101.579416884928
-127.815223314575
-127.392867885257
-121.135401146096
-89.5606072370564
-98.4129066195185
-106.180208605876
-113.330210013599
-134.838794432315
-106.027364838465
-124.724918108825
-111.920660983266
-135.148486235057
-101.66206057859
-57.0321627795208
-30.6100621388455
5
