-147
170
-80
285
-380
-96
250
279
293
235
305
458
233
450
-108
-31
384
263
200
357
215
181
36
157
-24
224
51
155
-126
140
-149
27
-131
71
-509
-318
130
-32
-26
-16
-58
33
-241
-16
-511
-293
-44
-201
-118
-115
24
174
-34
96
-11
331
70
424
284
369
487
614
418
582
287
207
726
529
464
483
416
369
358
417
68
6
360
226
-12
118
20
192
-84
41
-466
-24
-276
-161
65
113
86
93
37
168
-425
-207
-160
109
104
170
175
25
75
209
-2
-56
334
312
-7
327
-29
304
-64
196
-436
-117
185
163
169
116
220
-3
132
161
-428
-27
127
185
58
151
160
132
112
120
-142
148
195
194
97
183
134
168
138
105
-314
-38
140
183
190
61
213
191
37
277
-154
-60
16
225
-43
191
155
304
211
245
-236
3
333
261
208
168
55
8
214
129
-41
15
484
304
393
204
424
371
246
341
-15
29
26
66
-239
48
64
370
9
364
-330
143
25
405
379
325
323
336
282
299
-130
60
241
227
109
348
99
182
200
156
-102
-135
176
205
108
192
83
176
55
162
-248
-122
162
76
121
119
115
94
81
96
-303
-124
129
165
-81
121
-36
115
-46
107
-331
-120
164
216
154
192
154
208
136
193
-227
-65
274
89
179
196
75
155
63
47
-176
184
202
203
10
104
26
175
41
329
-331
123
314
355
252
331
272
265
256
232
-122
-83
-4
-73
5
274
233
245
131
219
-218
-106
172
243
72
209
85
45
88
120
-269
-186
165
131
11
160
-102
9
-43
53
-271
-210
130
73
-36
124
-4
339
137
317
4
165
488
523
449
518
521
421
555
548
18
195
443
385
242
345
249
227
200
141
-179
124
200
157
-100
147
-78
145
-78
21
-455
-182
65
-33
52
-147
53
-70
-21
15
-577
-16
95
65
123
74
-27
155
16
96
-193
192
266
313
-29
324
-128
159
-64
69
-411
-269
-226
-325
-398
77
-68
187
-157
385
-510
-164
-132
39
-86
235
-39
391
-221
170
-248
-96
413
406
278
511
234
540
170
576
-227
137
390
408
141
531
156
481
171
449
-192
-86
369
393
-8
299
-48
180
-38
99
-399
-75
192
246
72
160
101
233
-295
113
-487
-318
51
-93
-269
-208
-209
-132
-287
-21
-752
-185
-180
-37
-354
-301
-370
-311
-456
-279
-899
-421
-260
-240
-397
-282
14
200
-387
384
-322
-67
392
257
276
505
430
544
434
408
41
548
89
281
4
729
-125
689
-5
-131
-185
34
-199
160
168
54
-36
-60
340
-118
-240
-355
528
366
-31
279
91
248
-123
180
-464
-411
103
245
67
264
63
380
28
169
-249
-37
276
264
67
265
54
203
98
90
-292
-436
428
53
-255
249
-46
-13
21
231
-358
213
233
293
125
197
94
229
-37
151
-370
-228
120
182
-83
114
-155
189
-201
103
-375
-277
109
112
-133
120
-165
192
-147
127
-457
-179
45
49
-232
163
-329
133
-199
-18
-460
-495
-215
-76
-41
-21
231
250
-180
255
-77
-235
52
398
77
154
-113
531
17
366
-288
37
429
285
25
584
57
321
278
365
-198
-99
547
457
245
392
194
282
141
287
-219
43
317
273
66
171
8
134
27
61
-388
-444
173
142
-112
168
-161
106
-207
-16
-601
-436
-81
-179
-445
-184
-519
-189
-682
-426
-895
-826
-218
-173
-483
3
-70
-47
-222
75
-435
-285
113
451
-83
382
472
603
581
827
223
229
845
684
354
523
162
383
-25
224
-502
-243
-248
-220
-502
165
10
175
66
225
-25
149
391
263
-4
25
-231
4
-229
-97
-636
-306
-179
-19
-271
-43
-398
234
-338
-241
-514
-137
247
488
-16
167
149
163
113
96
-380
-72
207
173
270
485
-49
193
84
691
-292
304
656
396
100
442
19
93
-197
-22
-709
-531
-57
13
-317
96
-391
-274
-426
-475
-806
-412
-86
127
-331
61
-554
-205
-799
-955
-1184
-782
-235
-436
-1265
-785
-856
164
268
726
280
502
615
321
64
377
379
880
441
609
-98
215
-46
91
-227
83
211
314
-21
219
-122
181
526
642
388
339
-65
-27
-415
67
-874
-444
53
-19
53
358
301
569
688
768
353
659
967
935
624
880
697
1037
551
704
34
175
469
478
273
564
244
454
142
402
-100
-208
503
325
199
325
-6
238
-32
291
-91
-6
312
345
122
330
43
314
-30
304
-356
169
301
223
-24
217
-35
147
-214
60
-554
-210
9
9
-203
-59
-283
-60
-342
33
-617
-526
46
73
-127
96
-157
81
-159
109
-429
-79
-166
-112
-291
209
-41
128
-133
8
-494
-340
-262
-27
-139
56
-138
117
-93
99
-409
-441
247
157
43
177
8
206
-60
217
-448
-522
101
143
-180
82
-217
-16
-287
-104
-672
-500
-166
-171
-376
-167
-513
-332
-627
-348
-902
-782
-307
-195
-499
-127
-377
-88
-234
133
-333
110
465
376
177
173
-16
336
21
569
-136
-48
828
527
321
469
149
297
-195
-78
-626
-368
-63
-69
-380
-80
-466
-235
-371
76
-487
-165
9
108
-371
-106
-211
-48
-60
257
-289
-201
-427
-225
-235
90
-18
48
42
260
-189
216
394
653
448
521
447
532
232
458
-252
-40
101
402
57
322
123
337
146
246
-259
-308
57
408
111
503
196
439
174
424
-5
273
356
534
191
525
173
511
250
485
-24
332
485
605
321
513
167
314
54
250
-286
-229
149
405
69
312
-114
176
-23
276
-229
-12
109
282
-27
267
-39
301
61
275
-237
-263
312
266
97
134
-317
-20
-408
-51
-586
-732
-352
-169
-520
-178
-362
-425
-454
-295
-842
-344
-746
-508
-510
59
-249
-1
-169
-3
-562
-687
6
13
-102
252
-250
139
-95
142
-505
-325
-62
145
-17
385
-8
355
127
403
-256
-231
109
292
11
106
-9
220
-157
171
-445
-236
-150
189
-191
168
-29
138
-139
359
-275
-130
90
197
-164
295
-134
57
-191
2
-554
-523
-241
-10
4
156
32
229
-2
247
-320
-262
-37
321
-15
253
3
105
36
140
-399
85
274
342
152
355
34
47
-27
8
-272
75
249
540
226
457
129
400
113
327
-172
-298
-206
54
225
436
183
344
9
314
-400
-101
-342
237
-41
279
-67
209
-77
134
-302
-171
-108
125
-290
-15
-267
48
-192
64
-491
-571
-94
75
-93
157
-98
351
-18
242
-399
-392
20
290
13
270
-42
213
-54
291
-361
-207
67
259
43
226
28
196
-149
26
-565
-304
-265
4
-519
-362
-579
-339
-237
123
-372
-44
19
261
40
270
-75
23
-182
-83
-392
-128
1
209
61
278
116
470
340
536
-41
-83
352
540
179
498
74
267
-63
272
-210
-86
-92
100
-230
397
110
342
83
276
-367
-362
4
222
75
396
75
368
-14
224
-489
-604
38
159
-59
140
-135
152
-69
245
-440
-308
-77
257
106
339
204
400
208
377
-382
-387
-285
-187
-438
-37
-322
-49
-247
-43
-562
-596
-184
48
-172
112
-67
225
58
256
-234
57
134
127
72
57
-70
-40
-332
-259
-710
-827
-364
-492
-270
-325
-413
-259
-222
198
-465
-468
1
326
-27
339
118
284
122
278
-223
-179
135
429
146
297
112
311
85
359
-262
-317
-248
-98
-25
125
-47
153
-125
198
-447
-358
-341
246
-43
168
-69
134
-100
119
-376
-446
-28
155
-64
178
-45
254
-46
368
-70
-5
365
407
54
278
125
596
199
533
-4
4
309
569
380
539
397
521
263
536
-226
-172
108
234
-17
88
-175
-93
-348
-168
-709
-680
-314
-255
-434
-252
-383
-185
-315
-118
-574
-643
-281
-105
-373
-91
-340
-37
-253
41
-551
-503
-188
4
-215
64
-243
66
-293
-13
-467
-304
-59
165
-62
129
-57
224
-106
242
-380
-376
-335
-61
94
364
127
366
202
446
-280
-170
-208
443
357
564
428
637
417
644
47
131
451
712
460
350
219
268
-84
222
-447
-395
23
261
56
314
87
301
148
244
-342
-302
-104
112
-150
125
-96
113
-23
129
-391
-437
-13
124
-46
228
1
255
-16
125
-349
-438
-45
119
-91
46
-214
-11
-338
-31
-694
-692
-252
-33
-159
10
-231
27
-132
144
-443
-411
-27
279
-36
250
-80
127
-21
165
-407
-434
-77
164
-79
224
-109
173
-138
95
-441
-444
-422
-197
-93
140
-152
43
-93
141
-426
-380
-326
272
-27
258
