-192
-303
-298
-327
-290
-290
-224
-237
137
538
443
400
-205
450
-194
437
-179
445
-185
376
-253
363
-267
373
-255
384
-276
332
328
295
-310
289
-297
352
-301
355
-271
307
-7
395
-266
-293
-295
-326
-316
-319
-284
-320
-254
-255
-242
-260
-196
-273
-249
-293
-239
-252
-197
-234
-187
-229
-216
-266
-204
-278
-199
-232
101
66
432
-247
-238
-252
-252
-208
-212
-211
-196
-222
-248
-240
-249
-244
-227
-188
-223
-202
427
-253
-278
-263
-280
-254
-260
-208
-264
-258
-39
348
312
-335
-314
-346
-337
-339
-296
-274
-265
-217
-206
-181
-190
-194
-200
-188
-174
-160
482
-133
-144
-152
-196
-206
-208
-252
-207
-170
115
458
366
-326
-253
-284
-217
-264
-192
-243
-158
-240
-184
-255
-168
-199
-121
-153
-105
-151
475
520
-147
-186
-149
-190
-141
-169
-155
-212
54
402
-20
-326
-234
-318
-240
-352
-256
-345
-596
-343
-205
-304
-222
-338
-251
-367
-300
-408
-79
-369
-267
-350
-254
-317
-203
-309
-180
-249
68
518
434
-260
-187
-277
-193
-251
-161
-242
-122
-201
-107
-250
-126
-260
-108
-234
-92
-237
495
-211
-105
-255
-105
-271
-89
-227
-88
-251
63
391
360
-328
-174
-281
-115
-281
-96
-295
-125
-249
-62
-217
-5
-214
-43
-230
-84
-263
384
-227
-31
-208
-9
-204
-70
-243
-28
-248
32
451
340
-354
-83
-331
7
-308
-47
-297
58
-266
8
-290
53
-250
172
-234
105
-229
74
-188
250
-246
132
-298
186
-299
269
-320
-4
353
319
-291
250
-288
275
-291
215
-284
20
-270
293
-237
314
-240
269
-260
256
-287
342
-224
357
-167
410
-126
409
-149
386
-149
147
533
431
-315
269
-328
322
-289
328
-276
342
-274
276
-331
271
-296
317
-264
353
-217
465
-246
321
-238
325
-243
370
-207
391
-208
85
501
471
-198
420
-156
397
-210
349
-210
383
-215
480
-200
399
-257
402
-278
374
-339
375
-302
383
-346
345
-399
285
-413
263
-412
-85
-90
248
-421
304
-410
327
-334
432
-301
457
-210
480
-261
464
-220
500
-183
575
-132
573
-133
489
-191
469
-220
448
-212
-311
97
448
374
-296
410
-299
355
-354
305
-363
309
-335
354
-315
416
-277
409
-260
368
-292
343
-301
403
-261
453
-252
471
-250
402
-293
67
459
438
-300
396
-348
345
-324
393
-306
399
-310
392
-358
305
-322
364
-293
395
-281
405
-279
355
-321
362
-286
423
-232
491
-190
115
452
462
-133
473
-132
482
-155
407
-151
32
-157
383
-155
454
-122
447
-138
372
-167
369
-127
371
-90
428
-78
458
-61
397
-119
12
429
381
-207
272
-238
283
-214
284
-239
315
-306
314
-237
316
-324
384
-286
404
-258
439
-292
413
-295
417
-241
477
-228
466
-283
53
432
411
-282
436
-291
363
-300
363
-242
450
-230
455
-199
435
-260
346
-279
356
-265
382
-265
409
-258
375
-244
318
-259
364
-217
75
451
372
-296
333
-288
375
-218
438
-206
444
-169
485
-235
377
-235
496
-236
483
-184
95
-189
489
-209
456
-245
423
-232
454
-230
111
447
348
-337
374
-337
356
-362
314
-379
296
-389
320
-340
366
-313
401
-284
359
-310
347
-284
345
-278
452
-247
422
-276
377
-305
72
388
399
373
329
305
296
308
380
371
424
391
456
418
409
377
408
362
449
459
474
444
488
469
442
391
397
390
429
426
60
470
332
-284
365
-229
393
-220
380
-272
195
-263
344
-216
380
-213
402
-226
377
-239
372
-267
338
-287
389
-238
443
-250
442
-276
27
-17
365
321
398
344
386
313
339
306
322
308
386
367
446
413
457
404
379
349
387
360
428
408
449
437
438
342
338
318
42
422
375
335
274
269
229
248
270
306
235
328
318
360
272
320
356
364
398
482
485
532
538
482
486
441
466
446
505
505
186
536
404
272
414
317
457
311
434
242
336
205
313
196
368
260
413
294
437
299
389
261
403
245
433
318
427
317
468
278
82
428
432
-218
407
-237
358
-256
398
-244
84
-259
441
-202
398
-212
432
-246
407
-238
365
-198
475
-203
461
-188
411
-227
434
-197
150
544
415
-227
366
-266
380
-258
355
-282
312
-344
243
-370
204
-351
318
-271
397
-206
409
-238
375
-187
402
-175
459
-119
475
-143
88
455
480
417
386
416
360
364
364
333
314
368
408
381
436
406
367
350
385
361
355
421
459
432
456
388
381
390
390
408
77
467
367
-278
318
-268
349
-218
372
-235
401
-221
338
-203
405
-138
462
-98
479
-101
79
-90
442
-128
421
-178
383
-195
421
-218
-43
331
316
-353
385
-315
355
-308
383
-313
330
-286
470
-230
475
-238
439
-245
425
-275
394
178
445
-250
467
-300
372
-310
366
-314
24
414
353
-362
319
-300
422
-268
411
-264
383
-268
365
-275
352
-297
381
-267
405
-269
326
-330
324
-280
390
-250
466
-236
464
-234
47
433
389
-243
-321
-222
-378
-255
-307
-232
-347
-194
-245
-151
-219
-153
-252
-212
-292
-238
-296
-237
-263
-219
-243
-205
-245
-247
-290
-246
87
67
417
-247
307
-301
288
-294
323
-280
299
-255
407
-267
311
-275
357
-275
393
-250
371
-221
442
-226
403
-225
443
-159
497
-184
114
524
416
-287
449
-234
465
-231
491
-247
355
-240
403
-252
454
-213
463
-192
472
-242
365
-250
354
-283
393
-262
379
-286
317
-353
-46
361
352
-228
337
-364
320
-218
414
-281
54
-280
465
-300
354
-347
380
-356
404
-313
380
-298
435
-298
380
-330
364
-326
435
-306
66
434
343
116
332
169
409
229
410
185
3
203
394
203
388
207
425
204
399
208
356
128
310
85
331
152
378
141
424
176
49
435
409
367
436
402
382
346
404
359
318
408
483
436
481
449
432
372
375
323
270
336
386
336
366
330
329
283
321
280
112
401
374
-379
135
-352
143
-324
210
-295
147
-246
227
-229
221
-245
217
-250
158
-264
350
-258
194
-250
145
-304
165
-265
208
-241
137
518
397
-188
398
-123
509
-80
497
-86
372
-82
446
-132
414
-121
437
-158
379
-203
-80
-249
239
-306
170
-332
189
-309
209
-330
-29
284
227
-333
170
-285
344
-259
314
-212
-28
-168
491
-110
506
-118
546
-142
466
-180
132
-166
457
-192
459
-176
464
-243
402
-231
67
446
416
250
348
188
358
222
408
250
5
277
429
278
361
214
340
201
376
267
203
281
407
268
352
208
322
188
410
260
94
473
363
-334
308
-281
390
-299
381
-291
-104
-357
274
-393
302
-367
313
-322
334
-361
-8
-319
290
-302
339
-288
367
-275
309
-328
36
100
412
-266
470
-227
419
-271
399
-264
-7
-237
444
-220
458
-220
435
-236
409
-246
59
-202
472
-223
527
-204
442
-284
430
-261
86
431
349
273
-408
286
-386
355
-387
343
-761
342
-411
301
-402
302
-373
385
-342
386
-98
383
-345
370
-355
391
-284
457
-254
477
197
515
476
-130
461
-110
457
-175
353
-200
-62
-222
364
-197
396
-216
443
-219
338
-247
-7
-230
429
-212
465
-216
446
-242
385
-234
37
452
442
385
-300
348
-339
320
-331
372
-691
382
-337
383
-303
323
-338
339
-320
413
-644
435
-256
459
-252
442
-241
446
-227
520
195
557
425
369
-283
397
-247
437
-24.070725251146
-59.511972380785
-57.2841698322954
-53.209950773609
-46.8874235515943
-80.628668434575
-38.9674229085184
-37.9972066504941
-102.076073733885
-113.104188645266
-70.7752461386888
-2.36574775681281
-77.3992258350651
-116.528335348165
-85.5704342079146
-58.0951253410937
-166.278378988221
-24.5010782350279
-40.3089873117919
-75.4010953276059
-87.1983427097392
-78.6096185893106
-28.6919547104229
-46.4827950497369
-137.767415368392
-96.0152664188663
-92.1262975883843
-96.4293580432347
-115.731711599654
-153.809845862225
-91.3192204915253
-60.4568703875053
-115.441275895564
-55.0920259452595
-89.3243476775306
-98.8544335679313
-115.731443340081
-133.460374501756
-156.845751529001
-68.5879070464026
-177.605158662294
-138.304101461553
-36.747352561963
-22.0138793962786
-64.2336638883213
-130.472873077207
-104.051246774473
-68.7917593214518
-137.10215726868
-186.159750635068
-118.992745869489
-63.8727624226326
-162.54741100122
-130.668021055584
-78.2954986610607
-36.9265081844091
-167.537562925115
-162.480004027823
-202.64293707389
-180.946630688164
-147.610368233479
1.95854453328642
-113.752821124533
-116.528481955636
-101.183632810546
-124.806479981038
-154.35139699586
-115.522581476081
-64.2484142063022
-121.364325584998
-169.197812723679
-214.521904108735
-82.6558636243376
-105.515859307208
-132.123722430067
-108.009901957252
-218.594779677597
-228.63367324238
-146.232037327737
-129.383047750032
-144.681723538118
-176.662786700538
-112.948447284024
-105.123378736296
-190.825664640789
-75.9768652213982
-137.171797222762
-157.913759388216
-175.131364925493
-143.921516885054
-162.720110784064
-112.257357161675
-104.641709429482
-166.275983282847
-176.225812169694
-238.924813503891
-34.0759716389453
33.6955297013549
144.143324217009
262
