171.076796111711
9.06482849692576
1.35393997242348
152.11260314704
153.304998676356
272.232236176941
11.3371311805775
34.0495340238901
90.318204700554
-315.42957768865
77.6406020302451
132.315817921784
37.8272517199757
-241.854064893314
-202.514531621054
-55.0295442905888
107.214233597089
53.3295721663135
380.803163601224
-114.925440800333
-162.286462419747
86.5665636811402
318.923964708676
368.32449289883
512.512367372729
646.266626856754
438.930800457573
548.126532541757
99.7557097604012
136.290503367618
164.078383902272
-50.5758462228802
-37.2298592689684
-362.88678320846
-439.950352445269
-501.692007118549
-555.376063095533
-411.651844083908
-339.995394127295
-288.861484263262
-250.497839055077
-489.418638714537
-109.243352380964
-272.194068456218
174.143220919794
269.142607737306
208.908384410396
324.442253181068
463.679663599837
470.264594584471
206.26704108651
505.398111297692
17.0774599341641
-75.3151512740893
-66.5111954262798
-413.146264432122
-375.179620520514
-292.996556205837
-362.031550516777
-326.420440692304
-615.289137158769
-371.481954117139
-288.836286391021
-59.9110210457252
78.6413724800902
-10.9294999670696
74.229711071055
124.913068582093
502.441145317495
402.052758663082
436.383097916116
616.105406394584
282.456825651863
281.196532060713
82.3693648299356
-89.4565987803521
-227.72194350419
-79.5331950670973
-47.7978544821209
251.628230422416
258.76057960464
52.3833781459869
84.7920953076486
-41.5610419501897
-119.123817694196
7.10566128996925
-127.67137550964
-191.225356677328
-68.9602403096543
-101.888414689217
426.557890153264
-12.3455486796563
82.0918136258203
-70.2401003471634
134.11174250907
12.4439367104144
120.945653863674
40.0449866425201
73.3592605898147
-354.402814067784
-395.249081189563
-267.473595981642
-131.372823159631
-150.174101543768
-128.035146271491
-95.3417126435135
113.142293352804
-64.4981793248446
-282.740883097752
-88.7943363645484
-123.801627936486
-126.913132431488
-18.3263931292242
50.0958991495305
-49.7078260801585
-131.256239256407
-210.147720070106
65.2741810770106
145.6576925884
151.838389939165
241.412946143138
117.63975493164
200.550658274469
306.686198976357
17.0960397427894
-67.5597331281451
-74.4422619226121
36.1667257159812
26.4993810792069
277.213422277695
352.69304044595
143.695060392381
131.680718853312
125.628928438645
96.5442959799479
-316.751269489739
25.1551839317158
191.325592396965
303.15499341042
428.575833402115
430.148138530944
540.012194370484
640.121554979659
323.260112863374
376.131260020735
262.949781429322
-198.49847990213
-431.855930983119
-353.87328353636
-501.790807502703
-660.493625661015
-953.596299256364
-741.392861336479
-824.535480541448
-402.161751903011
-593.862866199798
-67.1704767456348
-255.42595078399
-25.5189098819971
-248.422889348133
49.4865936345225
434.599370003502
433.472483298844
715.075517775394
890.678865097563
465.500833250761
266.740887277576
-218.588850231123
8.29237466592409
-493.790232823866
-470.839563769533
-511.946088555981
-228.792434974624
-371.009335454784
-410.619319743053
-139.175880527816
-221.352878218668
-40.8687197958368
71.492370095507
66.2473986319742
-169.76304551657
33.5555017649878
30.5712940450544
-15.2252861420079
-102.863020940862
45.6827730236112
466.126636974036
258.978199473284
335.54944241894
89.9076384756338
298.38746905883
216.93689480617
99.1965374606852
-190.054568938192
-210.306325509395
-60.882906005266
-49.0358110065332
-78.9130834170513
-196.745719811095
220.646973739662
55.7374330714349
-97.1924463650787
41.9229893578927
59.4931787447583
93.8388015904223
417.387282704096
366.724950156812
128.644425960719
108.384752881525
-52.9640485214031
-251.655735858038
92.5761679201558
-10.6853318498453
118.588279944698
181.578297849638
59.5514055994497
25.7862311433379
-117.898650893481
369.168655471246
18.0003142508661
269.244669850631
28.4761830234388
92.396513002039
152.451090812601
234.353807608449
4.04922739183485
176.667137351711
-48.7581581788121
-122.025899273814
-167.485897364416
-200.435473923483
-394.541371267369
-249.596909658654
-130.893608775956
-175.420510562445
-143.211670575683
-201.990608560233
-158.94019569434
12.6937400092706
-95.4773412999022
-137.692638371951
-6.88014834752537
-2.6559416443358
-91.5235168252306
179.780287794249
30.7283476220189
226.54998540968
79.302830335989
260.147123079271
207.478803207455
212.627314635004
16.1133799070645
185.374875322114
223.375539047467
-21.8727629090316
47.0107136864303
-25.0028934222345
116.778028144756
-134.846797247403
-22.6207855419126
83.166388564034
-120.712552668805
37.9960542865574
-79.7889036264974
-80.9601547828125
-67.8505328520659
42.1086034931016
68.2332839343719
50.3701542741832
-12.0538956561785
-122.056492001529
-128.107556406179
-192.479545064712
98.9917609027008
163.785724599879
235.729211262293
-68.2959846965753
141.414035607414
168.802291046595
125.162072184483
209.339890931549
234.400087538796
2.65279570237941
186.122472528404
-150.171340405761
11.2709812120939
-92.9477896797433
-114.800735562032
-19.7749774497868
40.2221501531722
-94.5965215914609
27.8199722281293
-52.9610756879248
-81.7579746578447
169.564147711892
-15.4535928494637
-119.112767993695
-255.28892158862
-263.226545769496
-239.176276003108
-185.347253728024
-50.4532924356641
210.225133984062
473.075109423658
610.622274763289
240.763620522422
207.907501883624
-60.0850055073859
357.5553250611
57.8436870216137
4.74030418416794
-336.724367737258
-182.01588711705
-207.841052449126
-132.091748241377
-253.120361590686
23.2165268570379
-171.945212871084
317.533497184223
-121.759193717447
-137.41737193627
-257.967516140696
-319.239138837412
-103.543033781127
49.542621095988
-153.081765041668
-169.016705929618
-118.26443853007
-65.181209564979
-312.26845851428
-333.941041244132
-365.479759010044
-367.782873355509
-305.725550668947
-252.23223181085
-172.843536397862
14.5318901148132
-52.2879454489246
321.219665364161
224.261233053162
277.552749279909
746.192770556399
297.774638755449
598.880720154819
427.180401274666
564.783186452442
296.344974700407
520.628980776737
247.519850443957
688.262071027823
648.245419272595
719.509667476493
127.056267974748
114.170482947612
-70.831222072112
-571.291342575757
-252.915186166633
-403.329451868632
-124.259340905603
-245.630376643866
-363.320753202343
-381.351598554464
-828.999201859383
-543.918399042604
-698.886191164334
-241.177219532714
-303.87375862642
-246.361867783429
27.5418127378701
-281.699398608364
-133.167812649199
107.257794201239
163.70046903639
-88.6797036000186
206.581681047823
142.439874951484
313.239381315777
500.597265918426
282.280909583095
59.4138830264126
192.675410474127
152.760573361641
-190.132749253441
18.4144408656471
140.517835087436
152.326339838962
229.6973860343
393.149245003852
55.4079876756502
-200.974721604862
-396.671221646915
-406.182512120612
-388.381463318691
-280.757055236542
-142.981444084135
10.7145096709504
215.106514339849
-15.7237400865427
-141.407998202531
-138.201011626649
86.1202514483949
-181.370710827533
-104.060604676294
-132.171949990243
91.3882846631796
-109.161488653932
-156.759787452622
-14.13642504152
-327.157435675214
-340.115593911801
-287.854846854164
-107.920588174267
-7.33928708270972
109.441220774639
3.54650492451904
46.7278838808123
343.793429084633
54.2644960908254
186.977804963812
246.921857398387
135.700367645271
151.770575707296
267.341273760889
81.8846357058823
67.6418662996509
168.485382788995
108.579736509121
-54.4154558042987
82.7386457890904
-133.436896108417
-13.7888041548211
28.5796898997242
158.344229868846
-33.3840833797403
-109.918155761249
105.11173774949
-65.2746002324499
89.7275134752063
61.9247256808747
202.978900651817
-79.0209099644013
362.985530836635
25.6634853588698
-73.4755589187249
104.624654176902
-32.7708886160302
-42.3034180172057
160.959826589921
137.150995429406
404.228454116104
478.171195556703
-196.204819752528
-104.915522368018
-127.157036940704
-78.6633935102055
-8.81367996076631
76.6002856665137
98.8769232110744
133.467717893997
141.283714039971
347.186235962515
128.611664809716
404.685733101736
308.61232897488
158.53799586163
-88.554787432127
-305.379544945758
-289.709047214413
-71.7771467525521
-308.483199012536
-336.041884772179
-451.25647276161
-311.799947024313
-276.109157032094
-211.608110775087
-168.886279959818
-289.439543428614
-182.289644789299
-79.0706962792761
-112.625734161965
-171.620908124048
-116.290990582117
-121.850982842036
-9.34220055974775
19.5818892764394
49.3827467792354
55.3304943889956
32.4468384476183
66.3484463966518
226.861089718831
299.631708896749
133.086617525883
293.364629296608
-101.39939020496
-132.110692996306
-125.425203031812
234.835678247767
259.766660083111
166.812413649292
-127.939506130114
-39.0539374183311
-152.237524578526
-238.158469631044
-46.5093152815013
35.1734511314284
-32.9156534859542
-98.0527872251158
-1.00795927644022
-173.2390499033
-101.408488749712
61.7759320676119
-19.4602675115961
349.011553552627
-7.56588639978123
-52.5313416761881
-87.8967913251376
183.637978821358
267.517268738853
204.720868780181
277.81457884429
430.97625884721
302.882998201391
-228.013723288034
125.154128584437
-32.5522242833444
-144.979584811397
-47.2135033211454
-209.015165411863
70.903448621905
-127.415233147335
44.7141588258501
42.3625387850742
218.324436074135
247.154852285332
63.4473087145556
-264.570852334434
-126.449299929717
-154.107302259631
-224.499080865439
-230.932429034073
-323.050692377746
-279.548673120463
-240.783761136693
-159.927273808278
-88.3704717706375
-95.9485738181439
206.012617635061
15.0166008387093
12.4596916248389
88.483429551996
164.134998914582
-318.223399603406
-382.946870678093
-487.474847056596
-407.654875539143
-340.024259721043
-371.044213321537
-232.882239451225
-37.4236672896876
-75.1364605020118
-197.566213179966
103.903504406397
168.513642658165
121.228731721433
378.669519942949
292.194501764893
400.819350805667
165.520903916496
251.32395064526
60.0181201384768
54.3473437800076
60.2908925859474
68.9616932684364
350.431565432029
962.396242482068
659.260392197654
399.953632384386
271.992712736022
-217.303616762118
-341.734177172439
-187.919734593271
-36.9469823217335
-13.1904292455153
251.843036487175
80.4957769125468
114.521309849483
-229.548227336698
-312.566552057734
-182.520664397624
-243.588724232217
-154.668912946569
-223.481490904704
-31.5108267998789
-114.008746652758
58.6384713150926
16.5540169371671
5.70682611295686
-95.0520214671233
-98.152879207299
-120.751879810631
-297.189056965409
187.981512753469
-94.3337971996674
-72.4647960710921
195.959112489254
58.0786193486847
97.7469399634392
-165.622415695924
-22.2370794949445
182.464040283415
-44.7012809379905
135.834732161605
25.4418515591566
-156.765989195729
-31.6319301032893
-256.66277128925
-134.923533692449
-37.4929948266131
-68.2898643903215
-131.688249233049
-1.24854509850316
-80.9030670232086
182.955627763074
144.104716825623
104.337220548234
47.5708436327796
130.824178112193
-11.2458417127892
13.0576858345987
-99.039042206525
-131.378724837006
-46.766485402959
-70.7990213847418
68.4715816741141
379.996306411065
271.504955414393
-0.0950198424316326
102.767644597923
34.3405301259361
-137.661437433388
190.93410827084
-29.0230729427505
-105.957000245105
-311.929280235076
-71.2335487941774
-112.73766316256
-251.684856432768
-137.715695835451
-250.392639285712
-392.579327146638
-221.896361763965
-16.6150220350273
-181.807735286445
-24.5223471560386
305.374555720207
367.412572631283
419.425278065022
402.74331363113
345.120576075813
352.695573366159
465.877281267384
405.129459047391
355.336856133159
138.394691378747
-60.2649060771321
27.6392174901002
283.8709746917
-24.9580337817267
-302.595596220155
-426.399799421224
-420.581807605176
-530.586203301995
-428.407848791958
-550.138602185979
-458.420464446841
-331.71491522187
-299.735021375964
-159.516842095182
-156.618271492271
-264.137901794046
-174.016402070817
-193.395335131367
-151.151542884981
-57.2668849152818
-52.4052595685431
166.542390454562
192.266478171568
176.068508668503
136.751074733702
48.6427365660776
49.1657663981494
-62.0769951614897
-212.049208268825
-222.976059281352
-77.2238255009381
-228.724522111734
10.9262239055486
72.1318205505729
28.8156482929695
48.4891411045281
156.400186188238
282.065152196724
78.4031691991336
204.359492158311
408.478356427471
290.884523070399
258.427168021778
249.1844978617
-44.3908228826326
166.460299011013
25.7291247735353
290.587712025675
229.461347457621
402.24185994487
227.996683607013
159.64292880357
93.0742539528149
88.0423821863833
-299.333717368503
110.658214318156
76.673213155871
101.473257328872
-66.695958776047
124.484198163557
186.168628560244
197.032020806591
465.332655160504
562.645173911994
347.835189877627
275.740253935972
18.120088950733
-58.5718316088266
-194.288831279801
-19.8743220547758
-371.024912490744
-77.4819965247132
-239.645727047222
-239.179725543989
-261.007624204133
-31.6854877071538
-252.276933758083
-10.2971532289914
-49.0409269825075
-140.145674490689
84.2268302603567
69.7940782730607
-101.163874257687
-169.330610585627
-6.40085689089075
-141.336822454773
-19.2052022285776
-75.7011647471892
62.2369736537173
-127.179535416221
-16.8996769273877
-200.187421604743
-99.8251833442358
350.856216199173
272.108779579635
699.240356522906
783.455325403167
238.109161223866
-36.9670244938562
-69.0498093981568
62.7560964736751
-38.7824647840826
-91.0655669430608
-120.859327847918
46.5958162711244
-12.5841207394828
114.606209179832
-440.421442145328
-293.980536791673
-382.592372143267
-209.836438560923
-126.843214195302
-405.579121866613
-210.467522483348
-629.522567469312
-212.286472569042
137.087865999962
217.341495907929
306.072124653685
225.918461669066
95.4897133244913
105.378059731658
-169.163349571933
-77.6532673887069
-212.149647094916
209.058887728549
-23.8805745560043
255.261498105046
142.201881890453
63.2236161681288
-53.8485866537503
156.309045854533
-238.136714393724
255.745766270415
134.688551472846
-71.9874189023403
-270.934820637554
-226.798226030232
-351.202674852441
-252.761071682331
-319.370128889762
-251.34279091188
-264.873280238827
-24.9856619578691
-191.00934169696
88.3312245752204
83.9790823191684
579.039739995775
238.625341444825
338.656935668396
385.328949584694
411.970916132185
249.715709154797
-84.3628877843707
-148.316352493647
-407.892790476315
-152.649186702661
-80.1548642636677
105.944365035781
-9.4835359228552
91.0283745673359
165.483185911216
17.6077901325288
-88.2307465721112
222.492657455801
42.12709474562
30.319271381169
-11.6909418507232
-81.3146271218645
-97.5226009034778
17.5792038821126
180.129623994686
-119.377616271994
-119.320764279076
0.38855978105705
-239.814950828902
-255.652140898093
-47.3248181873244
-15.6958095591669
-36.5797585271793
229.338672138422
49.034814116176
188.610188868693
256.739309774744
370.745977107104
384.232181586561
306.58364367437
291.642666244713
336.599181002563
196.450275968788
-9.34894107585543
-289.234865700413
-238.486678226767
-404.456505307591
-211.917006060362
-288.158589909975
-351.417961156888
-69.8404439280543
50.440663269903
-12.2248758373661
-174.461270017617
-101.411581375082
-374.351471127078
-242.030291873533
-321.30296651153
-438.630339648415
-91.4595412595267
-46.9725752536457
-132.587808050997
-153.359311310068
-111.970879752879
-39.403276096252
-255.843771753836
72.7915592925878
45.9443395785498
137.488021442649
261.050689988116
142.506117976823
140.457664047906
-24.4083929681714
167.589841647674
-179.32542470512
56.0393424017747
-10.2849398478977
160.582721774368
223.762454557347
625.013185992295
523.30664968364
520.662703362505
527.957304090016
437.702790098986
-146.820445016063
-501.52576639109
-255.984491620186
-383.856996236192
-303.005017049852
100.213178065898
-1.85360549365194
353.146418430836
119.587556880656
447.698606659931
240.171556941447
146.752638719868
19.3800004799074
-224.014168236095
-431.442864317077
-89.2528103979647
-10.481124252818
-292.748964777927
-44.8456297667382
-128.14807768677
-85.7278546593392
67.3370440358024
-493.751154813437
-261.982967690338
-103.678211400834
38.5206498671814
140.011002175227
251.757448801963
332.80802582847
114.938455640206
115.393790746624
103.583744069266
-73.239300689447
-159.079107247235
-347.17820799112
-380.816745580308
-489.946412991769
-432.259594796172
-272.050532768083
-109.723471419558
-270.168586381972
155.579070232732
-201.575647147192
151.70727713511
98.5745066532821
-7.17488882854394
204.456384269436
281.684600663926
241.659494801024
387.213468959534
194.481575950686
-19.9198853747764
-217.565874983171
32.1157271012796
-51.5901861569442
10.167929784015
84.1121259436463
-47.1459394549876
-148.580574295808
-74.987762375397
-116.319660951326
-13.593477164465
214.769861413823
312.7565071863
217.776203094172
448.083531859421
442.196310259037
381.111651265175
525.703727160006
147.550066150884
-55.1802571716723
-42.3017771335999
0.396906455228034
112.742259646571
265.573960113505
343.8781013158
-76.3968695766361
65.8317397234674
102.609524097026
-135.366367389671
-396.969861296507
-165.366819420785
-291.089632541211
-331.209520457338
-325.067353679587
-290.792883337584
17.3550110293661
-98.1716615224765
-26.1373148800278
-77.7670678694658
-78.6060948145596
-6.84170372164641
-116.654092921913
-68.9373120045818
-159.673737164541
-225.983751554412
-120.035467963589
-27.9644925713778
70.631934490689
-157.592976031991
-112.781135810881
-19.0414328825533
45.6193322493817
152.007562465757
-44.2222619901918
-89.9435047182328
-90.8615832373877
192.42530313491
244.049884909012
492.352915792559
213.589929776097
184.939531122101
260.462326996312
168.875744877055
280.660731705296
20.9272181857675
232.79775832314
86.877372286486
22.1298972735769
48.8449813829108
-24.7833711601346
203.861690757388
202.715976097946
249.524654877199
315.859279554463
343.984524389486
-42.3162856309862
328.799419245092
317.142687808555
415.493391345586
31.4570011883389
216.623584397661
89.5797059334867
25.9878009244833
-60.8870041562834
-7.85278656349555
-191.024368459521
84.8083907290331
-180.991239828834
-126.544476874491
-208.224795585524
-375.353571146701
-172.478041761222
-135.360496168705
-184.270907303881
-101.417802042854
5.34892917153496
30.3205911950406
-40.2822633127366
-130.368765837254
120.662944579228
24.4518477503051
-111.649079199067
104.704129420915
129.939874880129
392.065728068112
74.4416154136358
-103.941640201655
-213.562523220227
-128.875416341224
-240.079766963114
-288.084264118653
-239.767617857794
-206.997169183479
-250.299671938025
-190.759664950133
41.9654645050704
34.209897779248
-286.694110274787
0.365282030366437
12.8224019910317
173.205423572703
168.831887890726
423.309352543109
432.143893802457
327.337922911976
329.170868018593
210.139632465798
-149.256235529611
25.003084263456
51.320441928369
68.3384427514083
253.445824924324
236.025688459142
8.01081166600498
33.1965530144
38.4908828828278
-61.2347518388679
-177.021046054884
-198.532488133929
-285.502370569599
-336.395667765458
-264.224025908441
62.7034823300822
-39.1001533387031
-377.115071765305
-91.431682261694
-425.82677047574
-207.256341946972
-343.15136679403
17.624099959879
11.6445808532845
269.10439935077
326.524628482571
177.137660414315
73.6461356328445
-134.339071845634
-203.83768779858
-29.761834409234
336.634623152712
856.155810545868
259.94963274901
261.555690538663
-28.0382027093833
8.48377337968866
-251.78736239147
-421.252288384299
-315.525854667697
-464.680466433606
-717.689180939444
-357.052125390116
-396.85737295087
-429.479742351369
-258.177106459766
-435.522570532859
25.9943834510207
-154.478194433759
-15.362336256198
-30.0292582156491
107.74847010577
-96.6235573778982
3.94133592424936
429.314479097959
453.834598637594
267.37980772856
399.332552161689
302.858790867037
523.720911059856
368.078575053879
275.582667689789
169.866006023921
192.595555843163
-275.095992339932
-270.247289046278
-175.737191568768
88.3877235628921
-257.388905307705
129.579482258047
28.7019814541419
434.270731620575
108.954372069217
0.768894722907191
-179.866351365904
-184.918109952831
-122.137951888884
-274.494754300532
-197.633876113425
23.3274440338422
-51.3677908565551
-89.1621711248004
53.2845825922346
47.8242483058064
114.860124249629
171.779398741605
-56.3231940045828
4.32061864963564
382.346292480693
441.246123216704
170.748916836208
317.903820406102
-24.839113667244
713.570873892411
607.195308725148
302.456419738546
202.4668542386
-251.672297552268
-400.187056211084
-211.119467459135
-224.203772842628
107.295706815344
-331.174790856913
-593.787273583397
-439.33921897215
-709.184743584452
-362.255851444693
-576.166541247824
-457.705027145912
-37.2800222417384
11.6966357561255
-384.57233111321
-128.625714339481
25.7493116442963
64.5920279979081
26.0847301787551
36.7833404724498
-91.8980338166578
-4.26871602465734
-37.1648574101629
22.5627032738952
227.130630444836
434.043260799922
404.963685583692
340.39573648605
331.454748441104
-130.245977991702
-92.8420184833076
-198.433095508557
-117.138493063606
223.449406857695
488.117248111443
50.3231357473531
238.777051492243
46.4717819384416
-6.26677836112343
188.424348273532
419.327895348375
125.317813278514
56.2435102007569
165.355275195337
-38.0748632784106
-48.6255002196284
-264.27711506183
-343.233721673005
-323.026803827908
-327.517295086606
-533.850457560631
-403.694286868393
-432.656292818606
-463.544091823181
-269.910817613042
-73.9022781769352
18.9827469755347
-221.611248217267
-45.2318672522549
-33.2583748357652
-9.90848693378415
-34.391326303338
11.0016414321695
116.405844757446
-24.3240566779474
34.0243546190736
-157.071459238967
-137.629751023325
-112.498832188803
44.6908121444044
-37.7388027804006
148.14583541381
-54.296243066121
101.957999504309
155.605934166565
169.082777825559
3.67933195554991
17.8705326711552
4.9157760512733
-71.7517329175041
60.8381212356364
-18.2895360229796
14.1565482500011
210.716334931041
369.765178033194
604.777014083928
410.894658371808
551.744968164908
365.206627809761
530.522979814157
627.930646533569
708.24980829106
393.381132627411
75.261579493229
57.8843231069675
98.1092046593463
307.725624594283
19.9769533252487
-276.44216788091
-298.707624008713
-446.795609510401
-574.325061455629
-507.565848070878
-589.046985211672
-441.50824227488
-181.439334826631
-16.5645025274637
-171.547045174048
364.418882444235
207.262723906261
327.114542243443
284.559117210074
457.212970829307
51.1465619702638
493.531369865645
72.4413912645492
-317.97862338061
-364.63779201342
-365.283691692514
-528.368979644895
-321.832004499974
-332.562502930944
-146.29507223792
-200.934034561262
-77.2871757657305
72.3617916850113
159.445072491965
-78.4978716973584
31.1043636504717
-153.489453909782
-175.51096327362
-426.202673052113
-161.688123876533
-174.500667927993
264.229954579084
527.964300922259
251.130220635
173.008497138915
118.334205708068
65.7226113831971
-100.521093877771
-306.765626369351
-286.577191367012
-262.567697719545
-192.677607372814
-56.6954597145472
-47.0047481909725
-68.2781300009001
102.89419592392
-69.4282188142035
-67.1796683220882
113.152283511505
223.466573656647
-206.532654542696
-280.607465208708
76.4772916761726
-315.971362266868
-142.280100150376
-343.644969824704
137.557069413814
383.324820541182
249.671291653904
264.062444838673
353.270207788436
245.220247593131
292.045951461248
783.863021143383
632.508821536455
444.702480424904
-118.297850030317
-128.97492860941
-416.14666931147
-278.586334934107
99.2652816729333
-97.00891919389
-5.67945308868053
-111.401359409746
-322.532845924111
-275.025867424981
-282.508483614988
-288.330386923182
-668.464802748877
-449.115429193907
-219.773519166648
-272.510732337099
121.078977369049
-39.1875821463097
185.635110545573
334.911309273147
64.9820504627523
560.270437298156
194.912480644825
550.007770895334
393.281231664703
736.559311729834
275.586568370043
242.015383240781
-63.2703221775058
51.2764124950994
-107.961495386863
-281.78977678432
-346.252620389136
-230.803647478703
-344.552354034929
-153.98656547158
-183.675407654273
-124.127872421791
1.06339192607132
265.531075663807
149.266763854921
321.878917749932
523.223375823175
294.422955339852
280.820519105214
322.602422697037
89.2163680663111
-88.1529868612118
-258.374675923188
-518.968207506992
-28.3947444852478
92.9473353199019
-170.017899395314
39.9805462417398
307.07168649155
267.696676154701
281.268692357251
-168.585209642556
17.3942830153296
-333.379424672688
-475.181242183919
-415.201064224867
-170.36992539734
-166.222741847137
-177.260453711228
354.277736907114
411.871404566658
393.286452275377
15.9503119284384
-68.9795763752876
-348.536444342618
-176.637655399235
-125.116828371925
-324.357779757733
-102.496713760604
-199.360236890611
-274.92541120995
-65.5656077195107
79.3960709102708
339.076361753432
-86.5995996331146
-159.409490444539
121.899774982191
-55.3418173898335
-53.1472099392869
68.7251908978202
102.23380801112
202.58363291575
702.277045986307
725.680759111113
819.566774273937
624.242322457842
394.677606759648
55.5433360565738
76.2520162129343
-197.134930141568
-259.252138012576
-94.6480539465671
-219.936319593828
-142.737558049367
-45.8110296685876
-141.467493076019
-329.532812271823
-401.427240540818
-261.750749595724
-242.286621156565
51.4028280025513
-26.7748747461104
-108.966737666843
156.730442318076
-54.9283542836525
-30.1594580088969
54.8143701233242
72.0939717626915
3.28009004028725
379.195054936231
287.148083074271
284.504078912843
280.917253343869
309.483828259937
383.690463829726
601.805724223328
498.319952182238
254.537825954867
387.707819993539
220.646716217547
131.355989013311
119.328111564847
-245.291450450041
-423.61047651665
-827.156862988778
-538.334848592498
-531.221299798541
-501.19380155518
-192.999884967962
-125.600717272338
-130.911617133141
-172.913852211315
-45.9907810250229
108.138868619302
265.809421225709
48.9953765170492
33.3910089181854
-89.5201424626267
-50.6545221058489
-86.1044701884854
80.8963702488242
67.5788337332658
-158.777083788685
86.4024071842662
25.1848520698533
175.295553252779
355.301813045363
225.512611406582
578.94931182728
1033.05053551529
588.285401194603
717.796066915679
469.383224566567
521.501210305363
-165.343929773912
-103.532354654213
-419.558457557591
-366.310803393361
-507.466156527965
-377.463033532809
-296.869642236587
-348.864282881381
-292.915695842104
-88.1082244004216
213.999063175521
132.806539620963
-109.069764580005
199.189190446972
253.557094666377
-36.7911931832453
18.8533396536339
99.6592150574306
37.3236360668194
206.275579254179
-133.869447837378
152.099896843378
-210.766865735403
-182.396529638438
-335.033355095277
-193.850036548371
-162.35876404008
-59.6836757971143
-80.7001703553642
226.586575373579
-38.3617027284574
-155.632263192169
44.7567387172703
-131.925206923702
-6.27705724620374
-182.282607300348
-0.106495705042571
102.223727467266
24.4793653554419
121.59359303259
9.38711578142407
148.510179820932
304.329354024924
-26.1285775031414
-66.3262808058512
-2.16694767279556
-12.7507988622422
-147.110738440449
-140.047620262512
-66.2716884298376
-163.385430291312
-173.204562873495
103.596238378109
112.120015402924
274.649782117727
-16.7090460855749
214.157849208302
26.4211905076567
114.875327268574
213.187371089071
613.029875419319
297.249416059679
321.899382493435
100.169137906759
195.540876218367
-138.163662718323
-243.048084972841
-335.417142491677
-368.976062744024
-263.236695246538
-259.580895190376
-113.893114707884
-335.761385858805
-55.4122991587176
-66.5177394500544
-217.793559860299
-86.0229404402043
-162.138952012493
-200.688198763488
-111.631110268958
40.674263847554
-99.9284564202099
15.7000646087184
42.8809508117325
47.4636209682404
-81.845492334128
159.284571585
246.290038399814
121.20600868017
308.812691605517
171.965026461342
426.482487942626
310.212688716704
329.644921693927
18.8438629885907
254.922805754829
32.5104820018738
253.249589111552
41.4916768080218
-172.276580615652
80.8254088294163
