-153.032129242345
-82.5571026353699
-122.639713101111
-133.231495989913
-87.5643901744832
-132.751672785127
-54.7032218625579
-106.042688589121
-81.5429363288192
-106.502897897902
-129.890584987876
-232.388747778052
-87.0996380539347
-44.0048026947924
-115.204546361764
-88.1013719903908
-124.307654303192
-68.749410061881
-113.843005140566
-142.748688601818
-103.168766897029
-32.5129563058846
-131.668236524501
-104.178266818091
-127.757403040356
-105.690617449192
-84.981532641932
-125.399984145502
-199.891143047729
-113.202353795811
-118.193816949444
-107.783278715393
-87.6421649421985
-152.75538638573
-186.111153619591
-123.811815849199
-83.2509513809475
-150.579364959879
-74.5501202968746
-107.903110182573
-55.8612514452983
-165.410391840821
-153.307467005043
-72.8412034292895
-154.696297221694
-121.779875706113
-84.2254562953728
-103.587973170224
-191.410796226913
-204.403231438707
-117.723084935028
-111.274923970298
-92.8856395122885
-117.608888390463
-124.26658268999
-76.0872492470057
-99.8015515892298
-104.171901825319
-191.763215230245
-149.045965607887
-86.1533711067385
-148.689827013965
-58.6223941579405
-140.479718263326
-180.395242351627
-48.0512553855549
-109.801548302058
-86.2229096175928
-126.77548372268
-165.89372349407
-191.341997246558
-187.078324905565
-142.704584586638
-69.2086352567718
-155.796528176882
-137.249783874284
-151.991584653869
-156.771380103667
-100.640505822181
-111.011244559186
-158.821036953586
-150.594501169647
-96.5820839270508
-107.451605798826
-125.31541751476
-155.762416955335
-152.133312396533
-128.737956050395
-111.322466490568
-108.950875598507
-160.596751190449
-87.6846060275284
-101.859824505033
-206.255067386306
-191.005295751479
-114.359581892905
-4.73143402020276
139.384953296275
279.925008448143
418
418
-215
421
-218
355
-267
21
-264
360
-279
390
-227
433
-226
387
-244
79
91
464
-292
344
-339
306
-357
324
-350
13
-315
364
-322
313
-322
337
-318
393
-267
88
-251
432
-240
401
-278
368
-282
404
-294
99
127
350
-278
-317
-222
-312
-249
-295
-219
-640
-201
-281
-168
-218
-121
-203
-93
-213
-160
-49
-142
-242
-146
-245
-108
-228
-101
-217
-110
122
124
434
-68
-235
-45
-228
-57
-219
-3
-529
-25
-208
-42
-239
-78
-300
-137
-341
-174
-102
-147
-331
-164
-363
-164
-385
-213
-382
-199
25
43
344
-374
-288
-346
-247
-262
-190
-220
-478
-164
-140
-197
-155
-187
-138
-153
-132
-169
-423
-132
-155
-174
-153
-177
-145
-165
-144
-164
123
198
407
-210
-174
-222
-154
-215
-180
-269
-536
-244
-229
-255
-186
-226
-177
-205
-184
-272
-537
-308
-281
-342
-265
-335
-266
-338
-258
-378
-22
13
335
-285
346
-262
282
-276
311
-249
26
-228
401
-182
442
-170
402
-199
393
-216
67
-208
389
-238
368
-231
299
-303
299
-276
80
132
400
-254
328
-229
409
-181
448
-156
142
-157
437
-148
401
-123
477
-126
457
-129
89
-199
332
-294
283
-266
311
-285
306
-321
-2
11
319
-288
273
-283
273
-302
258
-276
-24
-188
404
-177
453
-126
410
-150
427
-127
176
-80
537
-51
573
-60
511
-125
426
-194
85
81
346
-428
189
-451
205
-435
228
-415
-112
-377
266
-374
226
-365
264
-342
315
-272
83
-208
420
-222
388
-196
382
-210
458
-150
198
209
443
-242
378
-222
407
-223
395
-260
-10
-245
377
-234
407
-196
436
-216
436
-253
36
-285
333
-276
371
-264
387
-247
333
-315
26
49
388
-316
292
-338
288
-328
341
-280
7
-242
381
-255
349
-285
331
-272
374
-255
42
-244
379
-271
342
-278
358
-248
398
-189
151
147
389
-247
369
-214
392
-202
343
-229
-28
-231
318
-210
390
-195
380
-186
372
-215
2
-527
335
-206
306
-201
348
-230
341
-208
40
40
332
-319
-302
-290
-315
-286
-274
-261
-622
-204
-200
-180
-162
-158
-165
-168
-176
-180
-520
-155
-144
-143
-126
-176
-210
-230
-220
-248
80
102
398
222
268
236
302
278
304
267
-66
243
224
177
218
195
224
265
305
286
-16
302
282
249
288
266
292
296
325
338
83
108
360
-35
327
-83
334
-172
339
-62
-13
-119
433
-168
432
-104
432
-193
344
-277
9
-267
346
-249
354
-244
340
-280
271
-325
-31
49
385
262
294
240
262
-63
264
274
-86
261
323
298
320
260
309
261
307
315
96
395
444
403
428
366
374
322
375
356
140
115
405
248
216
240
255
306
247
304
-106
259
224
264
224
273
264
333
302
383
44
393
311
379
331
403
404
464
394
460
213
208
450
-235
333
-228
294
-272
207
-354
-248
-378
152
-355
177
-346
197
-317
209
-326
-16
-315
215
-274
286
-267
258
-265
238
-274
88
113
467
392
167
340
200
326
171
393
-163
383
257
435
236
406
116
348
146
344
4
361
98
421
146
393
57
289
-106
220
-62
-20
269
-404
-25
-398
-74
-340
-24
-301
-284
-242
38
-243
13
-201
84
-181
94
-139
90
-97
140
-149
17
-171
-84
-164
39
-144
139
187
395
-191
-207
-217
-215
-187
-233
-228
-607
-211
-198
-181
-157
-168
-163
-160
-179
-200
80
-211
-197
-202
-182
-205
-183
-224
-229
-281
46
25
388
295
-291
245
-304
260
-294
333
-580
398
-236
389
-215
338
-260
324
-255
393
21
372
-210
402
-228
361
-247
324
-242
350
54
119
366
155
-264
71
-250
249
-223
133
-609
187
-234
177
-228
152
-220
179
-213
189
51
156
-266
132
-264
115
-216
144
-216
162
69
64
377
-304
-238
-271
-213
-272
-211
-268
-591
-236
-154
-217
-155
-186
-152
-233
-175
-251
7
-251
-199
-234
-211
-262
-249
-304
-266
-315
0
47
368
-383
-305
-352
-251
-283
-211
-235
-552
-213
-160
351
-173
-247
-170
-230
-163
-230
31
-214
-172
-246
-194
-254
-146
-214
-150
-203
151
128
410
-53
-128
-29
-138
-2
-134
-61
-550
-63
-168
-55
-173
-41
-125
2
-174
4
-507
-62
-208
-31
-163
49
-159
28
-124
87
47
80
379
-308
-212
-323
-191
-346
-222
-359
-604
-338
-212
-331
-181
-312
-198
-306
-171
-274
1
-238
-87
-158
-34
-126
28
-130
-16
-140
149
251
539
-204
-64
-244
-87
-264
-145
-316
-491
-339
-152
-411
-238
-422
-191
-364
-94
-316
36
-263
-7
-267
28
-250
-2
-224
81
-199
220
181
424
323
93
385
151
377
78
332
-246
9
107
391
162
431
282
440
197
445
108
392
262
310
177
327
232
303
217
300
-59
-12
288
226
161
265
165
227
172
233
-117
349
279
330
274
351
243
292
232
285
-15
330
299
375
303
378
294
313
292
319
136
201
436
-242
269
-196
336
-152
412
-101
114
-62
438
-65
468
-80
491
-49
496
-106
168
-124
346
-236
259
-296
242
-324
237
-309
-21
-31
255
77
223
194
315
105
220
193
-23
307
379
294
410
413
484
381
421
386
-344
107
466
447
505
465
489
450
401
343
58
103
409
-169
313
-209
329
-221
343
-186
-12
-201
346
-206
310
-199
317
-190
-219
50
-96
391
-107
351
-112
355
-75
463
-79
151
145
374
-139
351
-79
406
-113
366
-147
-6
-168
334
-137
380
-120
406
-81
368
-117
9
-47
391
-13
471
12
473
55
507
21
141
153
504
-194
454
-206
397
-207
370
-218
80
-200
381
-249
405
-252
306
-302
288
-282
-22
-291
321
-262
336
-318
280
-303
331
-288
74
100
412
-332
357
-283
391
-274
439
-223
131
-241
395
-288
377
-308
346
-284
411
-284
82
-268
375
-291
376
-295
380
-279
408
-258
88
137
391
-237
333
-217
361
-204
279
-257
-56
-278
243
-270
316
-252
325
-207
315
-258
3
-219
344
-221
386
-200
381
-213
367
-203
30
131
438
367
389
321
402
309
435
377
78
352
394
333
329
258
305
251
314
285
20
330
370
323
376
277
348
294
368
386
135
201
449
-137
385
-86
488
-105
437
-65
93
-423
487
-77
474
-88
502
-45
518
-56
162
-56
442
-93
411
-119
418
-112
404
-106
-50
-23
309
-355
288
-360
243
-404
234
-383
5
-301
365
-243
427
-187
377
-218
398
-193
136
-176
435
-161
435
-188
335
-253
354
-296
-22
48
332
-375
287
-364
315
-310
378
-272
63
-225
436
-250
434
-238
433
-257
438
-262
71
-249
384
-312
366
-313
397
-257
411
-274
3
52
343
-307
355
-265
347
-280
333
-234
4
-227
429
-181
441
-183
442
-194
370
-248
20
-626
341
-226
414
-236
383
-231
380
-248
26
39
380
-298
267
-332
235
-338
284
-275
-7
-224
418
-192
381
-226
339
-241
371
-211
51
-216
379
-265
298
-273
302
-268
343
-226
70
113
351
-323
253
-319
241
-323
168
-367
-195
-337
218
-295
352
-258
314
-249
321
-267
-13
-245
359
-215
364
-216
326
-270
286
-248
86
155
465
-268
182
-255
251
-201
250
-210
-124
-207
199
-220
141
-254
188
-243
163
-240
-52
-245
119
-242
86
-222
85
-196
129
-171
78
70
47
-255
364
-297
408
-298
273
-333
0
-300
340
-280
432
-243
448
-272
410
-268
29
-289
428
-237
451
-280
413
-292
344
-337
29
3
339
-379
-111
-403
-58
-374
-64
-340
-510
-313
3
-259
-110
-303
-230
-294
-93
-279
28
-241
-239
-218
-183
-249
-265
-259
-254
-226
85
172
405
290
403
358
407
333
372
255
-76
215
281
252
305
226
300
263
284
192
-87
262
370
330
429
401
449
350
422
387
154
187
548
-170
381
-226
329
-243
324
-279
-17
-626
327
-260
396
-316
259
-319
298
-305
10
-291
400
-258
358
-283
375
-282
366
-252
109
213
429
-205
392
-186
442
-139
454
-135
32
91
400
-141
393
-161
442
-118
481
-112
37
-163
368
-208
313
-197
332
-247
262
-302
-121
-32
249
-361
197
-330
165
-312
216
-287
-56
-238
300
-222
346
-206
347
-197
381
-157
90
-127
522
-79
529
-69
524
-70
555
-33
189
204
478
-273
-277
-282
-346
-338
-349
-352
-730
-344
-383
-374
-385
-367
-344
-362
-342
-355
-155
-638
-290
-261
-288
-244
-272
-213
-244
-233
40
40
341
312
324
315
401
282
328
268
-7
285
404
345
433
394
467
346
436
358
45
427
511
450
506
