-123.733866153381
-222.798919683722
-152.126282334469
183.651867472598
-291.376291582105
107.197660364687
273.386093482287
127.743383779061
232.276132869075
382.742789031104
377.602678296884
80.051226086811
162.545122671253
-96.7647722535543
-48.6261976913631
-361.939435084382
-98.9588381145466
-48.0827531540422
-144.234007956772
39.0679648079321
81.732342952203
130.262891015832
49.0347746505105
318.897113324607
142.370514225048
476.901458113584
-141.409934649944
-225.301704283631
-405.724601415809
-439.55747563913
-351.614473079293
-394.59256756913
-297.990777446105
-368.572754256742
-725.260160317116
-536.201927915442
-495.666781454769
-478.245019613035
-78.5696609287979
236.462029051404
725.375381720319
468.219010269068
822.678677049132
723.863752430138
469.020505892005
395.392182440144
236.69183636288
366.051858551738
659.518455189782
-119.267086711569
243.677866829153
94.1377493913556
-44.6548363764289
178.641139122588
-444.528083684654
-15.0470842689974
-632.059379285611
-402.498582083733
-518.246987590475
-340.366812925874
-108.602738803368
-38.2569492244253
311.384746608942
90.0678185064064
183.852344903426
145.477501312674
385.949682526108
244.583720680072
292.930563340995
-55.0336175109409
-192.814700552868
-496.393990571498
-119.850520715897
-297.228260594358
1.26654939173271
84.4346254303331
591.023129525512
380.528683554062
247.182195899008
682.735104319355
386.632553851556
163.161635449978
475.664553099917
129.425719182982
50.5620344360476
258.330598546903
6.12137669148027
28.1265287705011
-18.4471874518487
-89.5395409543772
-218.95095257063
-432.950243581592
-79.7823679123071
-267.722339290152
-2.82819617710959
-23.8662176715028
-237.464962131243
-47.2551620115713
-57.5530248032254
42.7547868949022
-162.575727846463
26.5806268808612
166.649376801151
-33.5739511130748
88.6683214081962
86.9244201715169
-87.2978112440303
7.70866630521846
-93.1588358100396
-285.938917895716
28.2416498285737
-273.214783767521
-529.72037884
-531.188603882248
-422.530756806242
-822.613599629428
-790.093775352173
-578.996711646193
-282.462959588213
15.6896193283614
115.56581799484
177.218630735702
409.703940431435
395.836819215618
542.463848985052
485.76552171747
676.406307991805
93.1391826037117
339.940304867899
72.0821133649413
444.67681904721
-53.3737786068731
76.1169650826968
180.824781206444
-9.53095922593863
-178.550724328197
71.9561611849995
-153.51777819291
-324.162477533723
-530.470814989641
-93.1372205297275
-225.882213694214
-92.1757750502833
80.2508586554801
12.3066927925793
71.5213080819756
-30.2990968069882
47.7591214181976
209.109727479969
130.407832916846
-36.3390422936676
-213.911741823601
-118.493762780071
23.3917000906088
-22.3152699360336
37.5920507794352
91.3353267066795
-53.7951701875783
-136.227475093759
-165.333380117494
87.0985916927728
39.7569848207462
174.595221250095
-58.1002583335991
335.126164209629
9.67545840969602
-22.4079674982948
277.743329577302
450.796356822268
245.436572210905
-59.5959674245996
201.132345920407
356.211474134546
209.438634874256
41.8826946964459
-60.9490500434605
-214.468437105434
-53.4168317203758
45.1755349319125
74.9175751032773
-96.477419618594
-6.90236552865179
193.122390920196
-19.5322360837928
-187.575534330572
-396.568691227209
-318.593360613832
-515.250647695802
-577.049424703648
-276.541437070059
-231.147995105993
-245.523257827957
-135.482547933099
-46.897904819472
17.3646386001342
113.012566894668
318.269593810614
351.295364649233
403.870543091806
366.971172946656
198.347169291685
103.150060574234
156.832594586443
-38.8806658819923
-243.757231632447
-311.488753567639
-526.537824018979
-478.561645240654
-375.603662556057
-84.6922001475452
-247.035370631436
-273.290149221666
89.0581545057217
100.804417458985
321.94768349323
514.492137883953
687.184434468825
743.929830736065
719.246333869309
495.522017419966
386.482677086764
362.817301088505
28.3623253400837
17.4553683516264
117.990636833074
-201.589365630315
-409.770850062049
-65.3986740717168
-63.6552668640194
73.8450985616462
-433.700178932572
-202.624457622599
-627.40016283132
-458.078680646824
-503.006923777475
-502.85800877197
-297.866602011216
-537.651730761621
-638.914526493961
-485.852878540958
-474.607783164721
-270.052215836806
-143.661721330954
-60.6459902528365
108.571712183808
-35.2859243606019
568.690262227826
289.753980151025
323.457833621101
429.452322425426
261.50046150018
340.994341016346
200.619160285853
173.762464578653
-39.4502492014245
-225.223179563107
-226.581139291806
-484.417774767544
-408.637983616663
-473.274801723045
-598.679114273921
-623.375464609892
-469.421303163163
-140.979360495165
-449.35714657121
327.355073697555
555.911455815811
388.351954378158
184.918328161302
565.074176163371
522.615560516704
290.794981901128
348.650078782626
160.520867381392
101.916252823023
103.374114288358
-240.391094728981
-148.073019559672
27.2721617068939
-21.7544045881797
146.1686067647
32.3754897321902
203.513287611462
102.59210250405
315.405743501038
77.1839015132419
208.463045923701
-56.5961193241554
88.5162510434256
185.328604915313
220.103709108142
36.1877738105304
-258.124686107525
-126.952794607287
-248.625079538593
-353.175942109996
-419.304275983922
-384.499515100563
-409.454578371069
-315.527149969478
-389.19946896597
-513.943713103801
-281.063039842992
-268.211854197139
-274.845035541815
-269.605786679719
-408.067224209273
-360.119807166652
-345.925678680911
170.026751904122
-29.341997199627
551.084422737219
342.715684187166
260.853474113737
301.32277149529
58.6988384482881
164.564904689206
120.047100992396
178.538570562385
-124.906730302904
93.9825699221745
34.5421267357563
-144.646539017726
69.7055141789688
-115.743185544441
-8.12596407181738
128.791325921764
-2.56317273589471
201.901443510132
133.601111655551
99.2038146548308
95.7810943829577
157.586336280938
-16.4483141349113
43.1925361941001
-73.976205410424
-193.227883988578
-212.553758395026
-115.165290000554
102.478208941988
229.522511680255
-44.0063680802226
40.6617019845078
225.068555477645
155.08796033386
324.461603745501
144.722914886518
373.936442435613
118.984915592373
-27.7263090856062
80.232244360332
-42.3554525713178
-95.0426322443343
69.8211986177284
-262.425398803334
-192.912847567068
-335.852453925445
-94.2973263704267
-271.777747080183
-36.7887743591311
-81.3268752936128
109.117266168455
102.787198953112
-95.1554149950423
-207.011858388846
-248.679035489993
-73.6151385917664
122.707884247607
-189.465567386002
-41.0104730814902
-91.8384552290627
49.1630435206363
-270.976337286688
-262.649870756126
-71.3893915918316
-326.234249265169
-281.011232229024
-143.958975554468
43.4361968189402
-98.8830529258584
-24.0445624307094
-3.59143100553477
202.760152536252
69.988819382702
386.714927980907
172.257753113695
250.866622247669
91.5979263416027
112.881176334667
-176.628220682753
61.6644646026712
234.555569077852
263.659969080153
29.2853923462358
-59.1382657913869
127.077574916355
231.648823553244
243.188787887777
156.027342426143
237.070516359431
-9.62717639818914
256.003618429075
68.3578363599165
185.007693599587
-62.0578388762862
-246.679775535204
-185.669895157942
-318.19390923507
-433.416872779774
-453.773424930135
-406.5505877321
-364.309149244621
-572.349422309491
-144.58759433911
-62.4332055435316
467.265356867565
403.494848948404
520.659644607547
136.656180542886
108.303391675679
170.574373453163
-113.218632544336
-182.52080991416
136.329759879821
-195.102983524605
-100.61120426971
-46.6961679325678
-109.936098580078
17.4429157778719
-153.452460039448
171.674187056499
79.075406638535
-98.9649047247432
-56.6886474916497
-163.681632309754
-29.4067771919191
-160.029839386029
-49.759859458282
-124.381552883064
-11.709929239566
-143.073192627267
105.010016650837
-29.6536223652119
122.637591364599
147.367582670471
151.223763805411
72.3316038684293
127.709399265449
59.7078362923727
-72.1317723982052
0.768182928452596
17.7791222839021
-19.445554466653
-82.1309555369175
-44.8514684490083
-121.487632829974
-182.943900090538
92.1782327484213
-220.768021427096
-263.439867298657
-362.98313594097
-482.544814858193
-208.228955898189
41.7525408804246
-156.420786501259
-11.764681523307
-66.411649145182
-134.39079963837
-85.1241207062899
-59.5731980091766
-91.7116493370842
-146.210806656277
-97.7630988431061
-103.140151985952
-110.864832737102
-189.338036748784
91.6026693479602
472.514707220019
-23.3761887757957
49.3129222828422
376.607866567606
215.050484350074
381.226218847624
227.171481999516
-79.6488047937806
3.94493369783147
4.45426784861218
97.6725787544234
8.88052049296079
-58.580343398564
32.5915254008573
-239.021413386202
-192.00726381594
-450.268445746083
68.2419085181365
-66.8419687085014
-115.040940896971
217.699720710791
147.301508858633
254.32427998578
384.181247823782
416.810015242357
245.197627942191
100.686503429233
107.463663547897
-137.653309119568
-39.7973819246972
-232.941442186986
-411.093625311094
-127.346317265601
-41.0233519241727
-140.01861720522
-326.623043626774
-293.69768797641
-525.421901767992
-609.242839868871
-494.357723674247
-334.822391181202
28.1533307167471
161.845502388137
-199.354328311846
-144.275666705231
169.295955788891
338.082111353385
287.214724808163
163.852057125768
178.744473683094
37.1162533489409
-136.954052131886
-102.215974767304
54.6513952537037
-230.883604605037
-177.459219350907
-22.4391764764119
-55.2284078826696
155.076471306784
159.374406331384
-283.011794515159
-197.207606061557
10.5299800363395
79.0614187720846
296.73070177662
394.168220702723
626.730042431589
488.675266751042
466.013084759159
159.665158247162
119.923368356916
7.21473338262539
-75.8530504884857
-263.859031027329
-52.8798091008433
-365.274976076079
-373.881999354551
-619.688084465741
-237.686866431952
-121.605761978249
-512.527547110563
-147.613480894039
28.2362823873167
-10.7385220356706
106.615952955383
-48.3012935156796
-43.4348392966149
231.530024777422
211.442705543569
575.719273626298
536.852770652512
129.788058102968
-90.6749297503069
-152.373980025244
165.7254415137
261.942917987252
155.730515620337
103.168165690102
303.612860578407
263.288454770804
-145.851360375178
98.1620495231577
86.8356320707116
-246.395397555559
290.20928255426
189.504550888207
214.032087405594
-9.27875550264456
-222.70013788693
-194.753518867999
-258.246818360286
-198.269044886661
28.6959365592709
-191.791612765864
176.267465078877
520.410499638136
190.015031698984
349.569771063776
268.294664102603
128.177410822388
338.56702858386
397.755346038865
389.745745658646
167.495408977579
25.4305528520846
-16.4213412089845
-27.5666644817558
-54.718923630241
-59.9559594721977
-27.0635235659478
-130.72548942309
-47.8897762924604
-476.563702420784
-230.269981768393
-477.261265675635
-398.222696195254
-780.618568216721
-669.617898904596
-510.626582402026
-625.539496228828
-220.091170922765
-68.4066838124779
457.582062622508
132.911941103026
-87.1335993953286
-283.222252197672
-576.934135270215
-324.689648651261
-424.073742887498
-231.146949801498
-69.4185716093388
405.893286673654
452.839814089134
418.873778894724
207.785193527211
54.7941815817996
256.708692750497
167.978761408358
81.9814307017355
203.327271477644
93.7131353504957
105.557374848116
104.814897438838
9.19595347310889
-163.049671609137
-23.5522484690871
-210.438073892018
-295.757284659296
52.3366931261241
-110.047119972964
243.239661893493
7.60451080680433
-33.2456214634033
206.235443110151
324.11834630062
438.370858407666
392.800878379944
375.302639668116
240.487760301873
94.844630634632
-33.1427961198246
-268.352747937736
-327.212420054275
-416.039111869511
-367.674338158686
-240.021083690843
-215.344863543782
-192.407552348389
13.9147510056833
-200.086423048457
235.687946109547
100.944341833877
304.231178697381
122.758809926605
60.5105970720948
191.435237134366
178.316752980541
568.362836322792
109.562438231522
196.210249016835
454.260898448465
232.634910815287
-16.734383088816
116.851367435738
-130.185482293595
-160.905469637168
-135.213092403416
-9.13273056449892
-176.315940244143
-105.849875036916
21.0414924220027
-62.7943868969026
-196.756684596312
15.9419613013132
-188.847782788504
-17.0926540860208
68.4438910408232
43.894878201797
-96.2119230820438
157.224644000326
-8.22747554105291
-12.316057512737
-269.189333802507
49.4285259622216
-130.005058892373
-45.3423836979437
-58.5521626205633
-311.212244773031
-363.255737354689
-470.829136094897
-517.785949010978
-653.019226504844
-603.708849615947
-544.577470978768
-33.0008747517713
-144.550581849188
-51.79079914504
168.24588860399
181.483453733852
86.622634463669
231.40250030524
128.94706650262
248.465762400942
659.534139904112
411.324971162006
364.536399197185
415.670522478775
-192.349416687615
106.318993414096
-114.635748987193
-152.172553471358
-157.771567404312
226.03898671816
-65.2365546360526
234.270570382881
302.393732553242
492.163802646885
485.083545704236
462.276279513013
577.396169754076
477.956364203949
326.52423214025
227.816404930001
-80.9183316300747
210.425147595741
-127.044470712861
-84.9241205815155
-438.58566666205
-578.155449959838
-384.992905600406
-779.101879004508
-483.13060700876
-514.605685833967
-282.266723067057
-155.796250509335
165.849621258057
-52.1906813735788
-114.337182807995
-1.87567817141392
157.411205584335
47.5197213647823
124.752106825478
-35.2839321011107
33.9508451356446
-11.7041643734021
-176.892607444626
-109.127617207028
72.5483400476626
-432.631336323366
285.343360454976
-241.190295281388
541.056114897227
295.09404378059
216.467818432516
514.287496145685
431.588243409582
366.058369527431
-12.7507592434057
43.0595891028945
-291.693121896747
-283.695278925216
-460.830413350039
-282.113635736514
-411.777323437272
-470.482824237434
-616.537991533858
-3.14562213858179
-217.831022786815
-52.5530235886136
-467.568287459614
40.6594498383272
-138.679458963541
211.652302648784
-150.502574983536
275.896942499935
231.395915109058
413.373774887502
635.548867168702
725.005567595011
425.523367193643
193.712016924967
309.764776223765
-81.2159533593986
-48.4382449096721
-363.680287380755
-119.347232898015
-445.977386380694
-329.963645843473
-393.965408240613
-195.495521985824
-217.538585277038
-204.690265183621
-158.313160056549
-110.261261966898
-108.077625024308
122.441651378024
205.702192154255
271.762061800093
478.775760107814
700.741208337829
94.1258097596047
203.23572455389
-36.8149603741069
126.802205504386
-190.626235615108
-353.639462303157
-399.46738149668
-241.530271166218
-282.102444568873
-416.342451083773
-207.853766234045
-166.995847065239
-293.818077110233
-189.554125647682
-236.515127966531
121.578570865977
133.242631871135
-82.0291934392392
28.1690179431777
-61.9363946503324
88.7551545388225
-22.2691222388897
-138.382560921051
103.542237174233
10.9514118257609
207.013843267876
127.448419817672
350.705328575258
59.3427706209365
-36.4342425511969
10.386313477099
-15.3502127989583
331.746424976163
-4.00704976904933
116.894852568055
336.12203786384
186.805695325514
-66.6812522439573
97.6859781969409
-101.404108713514
-35.3609144597567
-78.6402994907404
-352.853880933089
-176.353325420448
-191.385477980181
-279.983236705299
-61.8338296088713
-83.3865416552505
199.345893802471
388.775047994058
244.704075802892
-6.36910875270348
337.738562198186
-78.2207385019561
-176.401386018634
-180.73260547801
-272.83328832027
-445.218981505814
-677.765922276485
-402.954922687745
-1001.39938656441
-616.007316530633
-494.74424872407
-557.469409779661
-286.531330206344
-222.852476842737
-63.8106959387878
233.502387875197
470.001465935322
632.275649595589
436.753385385599
459.372994149246
464.329027419039
652.441298142452
55.6840414320188
588.65306081045
170.374248656726
203.270829553862
-18.9854577755052
-29.8679279057468
-184.85206382026
147.013596195203
-127.270630385622
0.125563789958292
-141.111562738063
-256.616903680756
-185.901959376292
-145.095796007665
15.9797482848312
44.2383605932525
176.687038713368
-60.5848169416307
134.694445991752
179.013629699631
315.140684925454
134.998993539455
234.276697760208
-86.8654930809264
-122.963670119981
11.4622959931023
82.9464065459472
106.358751908852
-144.928589608776
-6.32147986409093
-285.1109644293
-118.458359933507
-28.2023075918025
-428.458836781122
-162.813214426756
-63.6572691179148
100.769452280864
248.52118409118
150.956291988034
-193.249286470888
-213.573233364456
-460.912391022801
127.184212946099
-450.856038336512
-193.756786549141
-403.764060521246
-452.19890178686
-235.135438412832
-157.205119407223
34.34945912731
503.294720508994
627.491111647159
706.272441821411
561.397049219642
433.486924628236
314.988799234881
291.299175441721
78.7806210408973
76.9645131432979
28.6848453410424
-246.60508713368
-358.520137770311
-458.426507316251
-463.175978214017
-317.590738377125
-471.126208201996
-262.335263868668
-284.463873965115
-68.9259597834348
457.504555747043
81.4390527877421
311.866268720819
146.43524374174
-17.7488065497152
-10.5537433648691
147.967117317859
-175.845718945723
-137.300156194479
-823.340948789698
-604.148803893873
-551.842572701563
-667.109444296449
-658.614996146189
-225.525071969212
114.057802822198
-124.714687080513
-225.068750590424
351.315441876515
255.343876668288
246.104287302305
580.239572504591
594.792498301242
443.322575576152
200.858315091777
686.483034302856
255.240894842302
358.816654728252
-97.1010141155251
90.5042014552362
22.6754523758507
-70.4558055223683
-222.322106249445
-428.600888462885
-99.0544122878966
-177.652334089335
-13.8361739137553
-154.928064735665
-384.706257109148
-362.724444614277
-393.804737987526
-309.834418899891
-20.6814036587867
104.362735743753
-90.7116352526658
-84.2577502374849
225.839145260159
111.769745693085
-136.935639455665
-34.7693213532984
-136.772052391849
-350.06913048093
-883.243724870988
-206.078417740137
-611.517247932528
-423.868978858705
-102.341453412396
16.8668075921021
136.799227958136
398.964845351688
557.182541055907
995.24435117734
760.576199174167
668.277237384038
394.785278294043
353.977627653223
176.636273651381
224.633691934751
424.844675096052
113.850060016345
291.349402100276
100.635878158245
-5.7811082746034
26.0087832858363
-327.372911157345
-191.912123798547
-116.973578502935
-326.387103313567
-368.317087247056
-295.291234482171
-340.86663038348
-521.429801728894
-455.714133759712
-375.580703468478
-494.012152883316
-715.547382985758
-1077.97304819402
-647.780225299847
13.4032427676318
172.07822366781
702.752203294669
300.503329516226
201.056645660325
447.068614091903
96.1216539971456
142.195330879798
225.695360892637
-21.2801842645563
307.30803288458
1.24565472290706
55.036594491474
339.520617715157
-116.153933236228
-88.3416223749284
-565.903995638323
-562.910218594461
-444.878256900526
-268.556357602372
69.9845423144367
-37.7008291687468
244.557741743139
189.893117479252
188.408345941192
719.380263757074
134.304233965209
279.171600667858
212.478072103423
265.46620936227
267.908207632752
190.824594414155
-176.208075198688
-125.281395641785
-125.241303383566
45.086118858999
30.7129914372018
163.263207319348
192.179215135683
59.5118003397851
-141.552284797861
-91.433370993972
-427.732552027031
-380.231900701503
-535.305037813908
-710.425305218545
-443.291179799317
-647.964321679655
-294.477606939397
-28.1394646662722
146.155614518945
189.618750235934
348.761582236438
543.000828329914
215.036019064308
439.858650377435
-28.7897511169971
219.01703610049
-493.474071322497
-371.018515358133
-253.9289235117
6.06882202463046
-24.0810264546068
-4.37095666644353
47.4282282267303
260.074302170051
387.840017827271
366.109891219784
367.40695392901
301.211843808497
45.0952090345139
87.6331784014136
-156.881233777431
-305.04443833597
-128.962983518052
-10.6870024438106
78.4934917159101
382.047361415531
243.640396539113
365.235481114569
252.493391369803
182.69318590306
266.894024094536
-56.0436146054859
-20.4520352614346
-219.175814803622
-366.868751880921
-460.509289934045
-443.866845891112
-812.06024102587
-1017.25747242767
-469.064279461145
-652.55247055769
-468.500962049226
-16.5397864986248
312.664942424428
321.523249843013
585.662841469539
676.104019857441
532.067326810913
627.363619517995
591.176755320438
429.19383496314
1.12883195306043
-188.048086114675
-340.186393244477
-545.239104581138
-387.867842369503
-449.714558618698
-308.687120795612
-38.3960299876232
367.667049760252
425.4223553407
602.270254066764
-72.2541918291096
-26.2706628257622
-83.3690330110549
180.593656624741
-83.6377981413216
-28.5731828577015
-133.634849931154
15.6969000990758
-26.5515851360682
305.476665083276
241.82511420018
531.088917335571
316.579533079611
456.00655872546
373.767484172282
244.317707608151
402.050578691093
250.406441112971
234.885336101639
-296.831736809069
-111.096414328496
-621.43675152844
-494.827844096754
-583.708498286737
-345.41418741511
-691.371318704878
-604.29830829608
-1051.60385760436
-867.22106767769
-907.446676948498
-713.704478725833
-278.713753471801
41.6991471938429
190.940660709176
386.068622961016
463.309259634871
435.987128260069
870.83872609121
551.161398793397
503.710270167237
489.757853696117
168.623169978648
40.170761753058
145.247689857603
-71.4616281746929
-215.421650813621
-34.5323981235619
-344.332044621431
-147.608239782927
44.7381004005553
82.3658678874512
212.190756063095
187.347394896882
320.882160988694
164.494196632312
318.909905598165
115.084965305636
-67.6500609086479
-255.347149658993
-182.891808052166
-437.631198197668
-260.918177329071
-416.348329896197
-584.109860790799
-411.597311678186
-474.870429673724
-342.140487086113
-99.3214867922502
244.368379683569
294.804590268148
426.735830112412
152.541394611214
179.477760988045
152.034094984048
-42.2838507703276
-210.122739645443
-29.5338234414174
-87.415749000776
-461.311716864404
-462.068034939516
-51.313010078589
-115.1513454817
-193.712116192825
-324.109969736098
-191.351989557182
334.847157330079
400.70062601578
500.895743219155
188.649454324951
309.394346778506
178.918237992663
-14.8713908540147
-129.489720070708
-80.559968746807
-48.2268282676295
-333.151112572707
-43.931704178443
-29.3720855119382
218.500912999521
70.2625239297036
76.6689992706332
88.2102550504944
208.057468851218
212.251256630756
-69.3010358505336
95.3095170521798
-51.7033905962659
-33.6459802070079
186.803033977536
35.7039749907033
310.473787989546
239.851534956781
188.422852665875
-39.229216356253
142.146461758907
10.9119445302594
84.5012843793081
-175.242252107718
226.235924644448
-124.693257164141
-31.7933721115176
-203.573984340095
-276.847338960333
-272.762892229961
-215.557602273227
-429.017000877675
-342.730464706744
-304.602116614477
-189.935248304203
-218.005828403509
-105.622824506483
76.6585079386499
12.1694812623257
-174.151666131897
-110.840289513908
-21.7900468004196
-254.664121708282
-390.087105558504
-284.69146828825
24.5255762140369
-141.106220319328
65.6797347084622
-120.270701724243
-210.625670918466
-169.372058986299
-178.949538735659
-29.3841315308695
-290.798500318158
-25.6180588773149
86.7233422652803
425.89075733487
379.844919419885
141.272684157674
183.910347705132
119.67222449719
222.951552321906
-38.5223759724989
-122.347516843204
-112.965837011812
71.7816486639724
105.700861735538
331.187028333728
242.190668817912
367.698510535068
250.850276972609
118.999437310191
26.4511492101322
4.27095470158653
16.1688245281596
-12.0075664026525
40.0724622138353
-316.83789995138
-226.845050131338
-57.4781557386059
14.5009440102894
-57.3783349324077
227.274913441986
414.352460121209
454.060842084119
212.212281706999
438.619379265169
413.777081410155
365.88648885003
369.605275422273
211.449869498131
8.28117466260016
-16.630584985606
-132.512700873188
-56.7033710886874
-101.117938817858
-145.313837037006
47.7420498763737
-237.308134340509
-23.5744417619978
-102.3764342165
33.9697997965005
104.258827542569
60.2001401319129
-63.884852637166
-37.7659074064278
7.27346150533322
57.6692997617032
-100.665834983509
-174.317868952422
-384.213958371581
-377.408211302037
-325.49544305757
-244.545571970292
-101.452934621597
-219.761925498224
-217.915758678064
35.1824825983971
20.0943550355322
193.053571909025
-59.7228034528244
-7.3393857935897
-149.856472683503
-269.632591128193
-51.5602436852703
-169.1954932898
-54.951896770912
-178.852156406351
-135.086848979815
-364.471692616461
96.7013449309628
-228.316642784252
-102.91907220726
-30.8535434230602
49.9588956432155
113.556296282413
-68.7984672296707
152.668486041661
8.13186531106591
40.623531134114
283.504797253291
243.916618414477
-442.513214528699
-484.669032790237
-219.203151098506
-455.36111411688
-214.434732410142
-86.5040950075223
175.620267525248
-96.2081627407836
276.384805809519
191.462871700385
311.649425858711
332.11993141246
474.247110465569
336.161135741723
451.444694956133
392.869348889948
193.704435912168
178.901484018617
8.00375667324384
-105.455066217413
-31.2310467152453
-60.7697486160524
5.37985412256113
19.8480096834438
66.5089054599464
22.7472726028243
-26.8995237004406
-341.012433191463
-407.432775433355
-504.215444891186
-511.340265124893
-591.420027622873
-115.509493376218
476.492266611978
115.966308570264
437.415292500302
515.347314585285
449.563113161755
703.225053027249
539.585305498838
474.846608394006
438.454473275567
172.879305643433
188.085527226292
94.500684299022
23.9325784958376
10.8703279824063
-196.393508746814
27.4178423414876
-141.855061499031
-251.873453501369
-86.3658035242486
-255.37824501514
-311.797000265479
-110.1471926349
-512.759929678936
-311.119720573953
-381.370471339262
-438.625630924443
-479.464284582098
-592.101319528636
-397.113756257326
-208.896634218675
162.217869662491
370.113916163547
222.011308378313
555.854471840508
48.8877769640394
267.415763827351
26.333496205669
129.0286127045
87.140325067637
296.096236541921
26.3744117313135
-57.5101629305486
246.08561118882
-101.89188646763
136.312231370467
-129.462169254318
92.3903784850467
-212.874769537093
-209.976452312258
-151.978186286088
-180.718652291229
-12.8365974330884
393.481008022436
459.855782025968
751.260473503619
292.846951815864
399.103866110095
202.338221664305
78.2465495438524
68.6650632844052
92.5586375209798
-149.438343724003
-242.650745787169
-382.244226887029
-224.075574381271
216.319028936962
-128.975999745216
-87.242601746989
0.939170988544788
-290.870348342178
-216.387080901335
-456.448090746936
-21.1927376935972
-283.280350498603
-699.22667574015
-300.850574234351
-394.599727665784
83.9558686663819
209.613137209046
-203.161280923873
21.3359887375725
-334.098789289917
-431.52289108573
-393.240954296796
47.0377253637932
-12.9036663059929
144.251744598468
129.53366755382
306.86554564721
436.332162867957
488.15648418896
504.394015436482
383.359821672516
383.856800915644
328.45476130377
288.348356805397
137.949124236747
182.263973496269
278.851078993164
378.956355656396
223.162932586101
-143.796267971468
-495.965954587965
-790.771203404213
-950.194748875629
-587.52531812262
-903.198050749388
-818.775967017459
-769.772032731923
-674.761847120593
-341.393969729608
13.5259381245229
120.567995142276
149.083294602239
129.460073731218
438.275706685902
237.595026397456
449.714926077949
308.429279431579
550.014695771086
610.363358611619
465.928443696363
753.797592142963
579.226387783127
668.000798703049
480.636362867561
135.08689026292
253.347655415088
304.945765360785
314.049725474814
128.16066478681
-186.960485609281
-13.9207240730682
134.890988002009
-49.6444820564208
-271.005227007963
-101.223228389609
-215.081391297899
-51.3308821928659
-224.420508137913
-83.0127691560077
-53.8636112639107
-447.670145179847
-457.797870379898
-516.463477112975
-601.276052084505
-481.660621156536
-320.332769579518
2.09244559657562
303.640176710515
-1.22047268578265
-33.0108469708945
179.482670818436
134.563101727254
271.083737053357
219.155730509271
132.843404176991
424.561415205718
59.9677488836545
343.779100159051
-3.56298140841454
160.583210896033
218.310331953348
79.2123315891849
-76.6956038940927
3.60475191018159
-60.7008461698944
134.871878823295
39.7642168810486
