998.162778156891
726.288209666953
-1204.41859246455
-1493.95094719329
-759.958520388145
-529.579257764993
608.279320877116
-2466.00071727177
-1999.23962886962
-3557.4344214004
288.412132826132
1595.50289314198
3783.72343025986
3669.87651151682
3932.78305394223
3301.8716056143
2226.53757766164
1604.69926694602
1557.71587117403
1315.85630214245
1564.10901615392
1148.36755052351
852.580920139541
1719.8781789448
1109.15166729605
853.232166661636
-26.6564367312437
484.84861747253
311.846377883009
-575.680705581359
-1992.50086172881
-835.321828021121
-1583.55252385657
-764.197953589824
-1246.90556726169
-1453.23538791465
-1278.13049711938
-950.937470199905
-1683.75113019078
-2405.12325405399
-3080.21090634815
-1533.9143372461
-2098.62616334927
-2910.49440101451
-649.644254975678
-992.833474772292
-1111.14591931779
-607.079035005771
-401.132619395959
-1244.40917608329
-79.0231289094689
-677.315859541298
350.539867382963
-1543.94914080874
-243.468898936062
1338.47507670456
1315.79381236751
40.8522177946489
-1359.72149834567
-3455.46496127689
-6888.63878859812
-6941.33529683255
526.434398694273
5711.0576800226
2469.71455195438
-2428.60656797103
313.001871634154
1158.77043377374
2433.03744734411
1487.46055005973
-3651.37468078422
-964.541287959234
1177.39881663105
2095.95102264785
-797.804261701001
2651.77801854596
4318.73723638948
5254.96879112229
5934.00522483102
4314.58476384308
5454.37278445139
4470.83515763395
2183.88204344773
2634.30747062587
2000.38754410807
1603.08584459721
3166.63261239567
3124.64489453537
129.655429199904
718.941853125801
756.84504490993
-766.660589184525
-2079.34000439662
-584.378554536197
-379.798065739528
-1442.66595692875
-694.988551579127
-1814.81575848397
-1912.09917399647
-1050.96821524461
-1061.37052677498
432.960215415953
3090.37003022445
934.340128653784
1290.55391047154
-331.191254512693
152.822045621317
-628.574238656591
-262.718006570906
-1139.01160888265
-1394.46661604428
-2061.45215564215
-1704.90754318268
-3284.25807694422
-2015.02800688874
-2724.99421527154
-3650.16775868481
-3551.45980008235
-5018.17884540672
-2780.5658953765
-1736.20825450109
-1475.35517083889
-887.87571082406
-51.6351268018198
34.9589123214387
-2324.01730528043
-174.548178537639
-3148.30673109386
-3424.76904653689
-1378.77938307459
-1307.82191684059
-654.594772825317
-2116.28696130678
-245.163586291697
1665.7223059786
1382.61658655008
3568.26288586309
4021.15033581082
3422.11276249624
2531.50928102183
88.9636415944907
1438.53853678692
130.370903292945
2487.14338862858
2927.10748918734
2206.38067278371
3471.39091230384
1554.56501529772
846.89686787347
757.000717834816
724.709597438907
237.840645663205
358.001736231415
-854.276540328288
-1221.16241514633
-1814.89831804005
-3676.07776238241
-6876.57411571034
-2644.25771534265
-2372.02747516016
-1681.29640058055
-3144.27785594934
-5923.41574965545
-7657.12707860162
188.363872785696
4082.2652554113
1090.0755281737
3467.60322233043
-1348.1883709928
-3383.37581089072
2538.37215339685
5655.56135199977
4213.65906050153
4234.3024161128
1710.01220225923
7133.18100161553
8039.27885335969
6012.27102145878
3046.97145827751
-644.425756054004
957.526388964299
2509.71859990627
2016.8688020852
4132.47521726651
2777.20980378806
585.806130640114
-727.390269412748
-1854.90927444752
-146.13590753089
1530.31453444252
3796.74605396527
3267.1367151121
1935.85373035533
481.863111429583
1567.28663108427
174.257391577568
-1105.90507001991
-801.276139566245
-624.472634983413
-1169.67865625867
-253.194575860982
-90.418617095533
-1081.13104514122
-890.357521502536
-1432.39642081858
-1604.46146386156
-441.996461345362
-1827.25204800174
-813.815470986794
-1291.28874763333
-1922.5432109313
-2948.04427922253
-3315.77195363127
-3751.44433356673
-1956.29281427179
-1887.94497698251
-1837.71523595405
-399.303851078158
-498.295043169143
-834.70945746967
-707.750722259678
249.914968261123
-1194.30667531289
-490.593003648801
-456.725214213072
200.669400144207
-1107.18749614861
-1593.97166434499
-1121.02831659898
-1505.18213145697
-537.511192704439
-1271.66277213972
-580.419348674358
630.508632744845
-621.487549548345
250.843237298639
-703.22427252811
-951.806781273844
18.3934872628954
-349.938674833445
-748.971908563814
1394.47324538289
-1052.86145814069
-551.632533143933
226.34723806556
-1085.58860875605
155.37516057057
1430.73805846386
615.398028651997
1752.51217179069
1993.61867478398
2612.41572985217
1642.03255374542
2130.91443769366
1837.29087869695
1506.85253758995
1303.49884646289
1157.22576871817
-297.01211803053
309.992030721406
14.3715201696672
-657.094077870174
-1038.87524530821
411.345884358563
-570.181471425881
-182.293070880681
401.54360296155
-375.00131634297
163.384035446755
469.610403349138
140.972970454946
-639.392337639345
-254.093086003617
-671.94775307501
-1457.85241126551
343.466595465888
-1355.84475009217
-790.808409810295
-1533.62695598056
-414.858882191975
-969.905407520954
16.7473559668625
250.09137295827
340.91094411883
847.555042696928
-156.631714336709
-1106.16704278634
-486.461470305041
989.659471911381
598.333883217947
877.782533764462
-78.653516381606
887.982600812656
-568.253946495871
-2019.4738779107
-1899.83853997275
-1574.85572133057
-762.716993944889
-1213.83030335327
-1235.85736643155
-556.933766200594
807.211660372747
1828.66677078687
1182.26447822058
-111.888409854306
1711.48652925847
1401.49500597475
-561.218889105873
1291.14079377438
1219.35249706671
1804.04933634178
1035.1945031838
-674.102775123433
-392.700108623558
-241.295336911239
-709.104515289538
472.192983328787
1112.91869819904
-103.696936733892
702.789311094408
-347.51489993914
-1060.26739496246
-2972.80468423385
-821.681602198158
662.232003962449
-506.010603135188
-1442.33968229092
613.393970946525
2162.98020251432
808.163577766525
1041.32138251201
812.078340848538
-202.68125986262
184.734589148629
354.293252758445
306.94468101889
-1028.57496781432
-533.250969838564
-341.478150487013
334.046371815036
613.419469492375
258.672150281527
-838.971312517776
1166.69562966839
1100.82083972951
1025.50377934464
1319.05383792412
1866.22023798377
1180.64213287583
985.80285890394
742.787356196182
1148.81675590935
-128.254137283047
-140.826857693387
-720.934412238964
-452.229126609291
-728.863466867018
-334.566893281742
-1050.57393236211
-1134.39390047564
-1190.83451878973
-345.916788021893
-836.611888001634
-1657.88607185795
-1078.19320011464
-456.12212791969
-497.16011719786
-1256.06539899932
-2330.85859117543
-2177.70795200043
-755.351051299959
466.932538368013
823.958438346868
-34.6113933498204
1368.4921273505
742.431186560096
-78.4222524680803
-2066.88554982582
-4211.84672550258
325.827270277701
524.573337494165
-51.3552280176345
-841.836772892421
1372.35905142849
-353.549807645946
393.63729992868
432.108246204841
532.421114280705
158.704611647368
1223.58543468338
-147.428525821331
2978.66408956921
2159.65399885605
1698.01284888957
1490.89945089005
695.895462246434
9.67249858856252
-66.1957428109803
-759.308129267691
-858.377036262444
-461.899775748444
664.709981225851
1016.30704895103
1122.07302895161
679.783958552379
265.428327912222
836.086068142145
469.067189848169
-914.127306291601
-32.3224106195703
394.188982596764
-142.045525664261
1079.17056279707
-739.247993267832
-718.809199679474
50.3582456953279
908.590344694444
-1507.45196855206
-22.9125831541618
-1161.06869184732
-708.097215479176
-1536.24905764211
-3213.76805074752
-7679.24168682622
-3823.63187787971
-1395.45056277996
-2177.92561838071
-1119.57976921564
-2953.94694651965
879.616582654755
1570.01702313889
943.16374731399
1941.81296141367
2519.26363717782
2261.28336788424
771.701060897478
420.884757173334
1841.45882700657
554.830303676771
1054.59383610044
276.581627422386
130.829387849328
-6.55233730887662
-851.198808368593
-421.047054303964
-130.896383009001
2139.17624543799
2559.69938515061
3307.28659402425
1658.4428251688
1611.5087058274
1041.17578689406
2384.3324181035
1281.84172265194
-1046.42946697736
-975.37562689753
-691.31330897694
-421.997054448953
-456.173593888336
-1295.91604343984
369.601066469309
337.374437913152
370.960890230169
-2291.83781676393
575.052950904724
339.988291519317
2239.39372466305
912.898485283755
2484.77866807196
3833.92978350491
1608.40299686711
1610.39764567782
908.613085001975
1258.21020776884
-183.340265152796
-208.925947605839
-144.861064019642
284.837047943977
-72.0223908398872
78.6612255434255
541.623449976672
656.849403256957
1401.31996415648
2502.32155446133
2056.8820053668
2315.16567501229
446.504042478311
60.789167055749
991.067501657698
-240.072284919491
-1318.7163044495
-697.966133577999
78.5516787766516
-731.29213527993
-793.698565990951
-121.419421089225
-2439.56367211794
-1396.98312917244
-1618.39388941688
-1161.21516201859
-2082.86072510185
-1276.79689491774
-2269.56024751549
-2939.50518022636
-2976.32427903156
-3355.99601613658
-2962.33236705281
-2739.81770628698
-958.353089238311
184.36077921841
-1177.90782841669
2636.68501003552
3026.43240597435
-365.652085163633
-1707.34696239205
-389.578559537534
-465.76259067256
1143.17746898471
92.8735220252545
317.861415293223
1456.57663930032
3365.48878127368
2434.68349767724
1972.69216195088
1575.63127613272
2270.44326631676
1129.33907216614
503.499397518573
342.886641811396
-680.259976292627
-100.452676902248
1110.1073862116
1828.18326363765
160.593009779168
634.593733142138
2001.87134545209
2482.00889300577
1655.02991796393
979.535037358861
400.75031161085
-1274.83551269509
-2036.11568460384
-3870.68014420924
-1815.85408483719
-1486.7338878596
-1460.74546660006
353.119680293813
-551.687734315011
-634.267711401428
-2541.99942415544
-4390.30438383365
-1813.27047153086
-2288.95319013782
-2217.80556240812
-402.12368313276
194.353918242246
-452.648664268918
197.04595287911
1441.56560622321
1260.4182945701
272.933642999753
-825.236928314725
196.173375826954
2100.89171552364
2372.29811937185
-115.029882019934
-1112.21150682489
-9.47917546610506
878.188396968003
1707.10183169024
1655.93186067701
217.291048544716
-722.211700751761
1249.92361415943
349.787574130149
1140.91667974879
500.071600123997
2893.96983942974
1275.14287346092
1544.76246911893
1219.20883182001
829.323912540917
1061.08574411801
1663.01360002994
2097.5868265145
2349.86674098773
1989.4349990084
3221.10297820569
1745.49862216342
2420.67078111828
1961.64272298143
894.551422793028
602.984270377671
491.83879209548
-409.257704738482
-889.93862545308
-1415.44926752669
-717.157427689963
-371.973943353548
-659.204421145483
-1213.28294288228
-913.842909708286
-847.941618747015
531.416336983208
-854.971695115116
-673.663050814506
-182.468644459557
95.5803720551126
-1007.00023291628
-1723.67434654461
-1433.83743537243
-1246.3498876144
276.13226388504
-734.525371138949
-90.792252294242
-1421.69658906228
-1211.64975481772
-1301.12268002829
-2122.69502615924
-1392.98815460531
-1277.32511875265
-84.7544757647238
-2692.2343260518
-1644.7194150185
-3325.07895483831
377.866302586634
1008.22046257661
1550.06031984821
1559.20070599634
1096.61508894057
408.711827642951
805.958890048996
221.62868277671
450.741495177553
-846.068844048267
134.77553465929
1182.70091381078
1935.03507925633
1289.00997481073
694.123355076665
-62.327777341658
147.645180035936
-754.389512650589
-1633.41212410694
-663.565832567357
-1474.15006327347
-905.991700571606
-35.0829360986686
-239.793794428824
-285.756846816735
-68.1737622831492
760.210505568159
990.944803996063
-197.651131050785
670.623694511819
227.384132136828
1713.86837674356
893.964811989353
97.601665003346
591.603563216679
485.781881749446
1610.78239643733
1315.09524037437
258.029361646623
64.5642041251758
-1492.20468146806
-1530.88711754013
-2392.5105290746
-1857.45384191009
-687.152283531686
-76.1309167871972
-287.47503675873
848.311957793898
384.879626905516
473.057757510713
119.016472221712
296.169860150952
1166.42600985539
685.824608616785
-507.534685518791
-1046.56905293278
-505.768963632422
-1379.28929855953
-703.76091646363
211.323261077444
-17.5438852113601
461.689129941112
143.63823656339
54.5895416384153
-1191.70328022632
-300.301511733591
171.761027743178
-790.940197909063
58.7778230738555
-653.193197775093
-489.232549225977
-184.298202330409
-533.037216189981
-595.234580526856
261.684860327342
-416.172734636538
413.827109815128
877.069209830819
838.033944165526
142.266101959072
-2056.63266164558
676.861741783009
1815.188897237
1483.20440998014
551.148770836518
-98.4651857719992
793.39770176928
359.769591615325
-387.113139157213
-961.572833685955
-3007.62847982028
-3754.60787549916
-2445.05112451395
-1929.4158170397
-1105.65866877126
390.919156843081
-390.641048153186
-176.529749477565
863.580239031456
752.650959075279
2001.95971715503
-263.407550371626
-29.6043615878696
-165.957257348997
-364.958574499937
-623.752888120765
748.591111433695
-537.148841660172
286.359301600548
1961.83351614247
3359.21804127
2306.8783279847
2414.18733991423
3148.47881337285
2158.43064762908
454.355223603554
575.660550192801
-2639.68744854164
-2443.21331043545
258.63643058923
643.734729563281
2846.95189731602
1590.24285982726
149.357244963498
55.0609057238738
-1283.8908725495
-1939.83162134266
-2061.07385944718
-1200.79768418633
1050.0449148003
1568.50116399448
1681.30901607844
2347.23210978151
1869.0353980648
1472.56189640799
1158.63779042198
1640.57881970514
2220.45879816993
1592.6040466364
817.776034793783
971.563231618912
-299.157889855629
-859.751561776091
-1147.49136893246
-1600.24946426463
-1305.33679172387
-994.515848520883
-662.939917502241
-1470.97684269222
-1607.45893675751
-860.057909129557
-699.788852336106
-363.026860080311
-723.581876456533
-1609.68727444936
-418.04225061901
-918.075069072125
58.5709278583834
-138.597020193374
-303.557088170194
-305.465787970528
-282.05496902731
-504.770726829943
-859.487325623922
767.635196625078
-525.220653899813
-741.712871015907
421.695248746829
579.001344230867
1124.14033321833
1205.06136600005
1482.94209096545
592.221740856716
-59.3622314291268
128.779999865403
-187.070063663959
38.5315968482992
-87.1952736305279
-425.637675461576
-207.398408491682
-803.771388810182
-53.2677630337134
990.020053991104
-68.5944165381825
744.974328688802
-808.077862130494
107.879941106945
671.854985777432
55.6792917416873
-593.769028768495
-106.922699334146
140.840175717024
171.693645185138
664.096701408826
295.903355212407
299.203112446754
556.976668528392
516.431909062242
-380.581242715398
26.9730927759557
-91.0754663943892
-128.850538926323
117.722323712739
34.7381150568675
134.544770022957
-1373.22949852463
-523.080674538721
-268.023362956996
-586.847773512244
256.89539801478
-156.817929242036
-297.282344228131
-965.345174397175
-55.7603556315176
-404.287433490516
1094.32258435022
417.947454315967
494.255182436814
30.2781569996044
1147.54903505497
689.460940246754
89.6416603015142
543.180881743972
-318.186690831163
-248.080179334053
831.805954737878
254.677125710453
715.07941916388
352.74409801566
411.381174843308
734.899483083033
445.215184929952
261.373715233362
362.483159897899
-857.310635421441
-575.352741465415
-1129.26688070851
-71.8116611838122
-110.416850396696
1141.66628917917
744.778417377514
-153.498117715698
-377.806945560644
68.4433102009491
-188.503842504097
210.485414892848
-367.731938030331
32.1842689681452
-146.785260329923
-81.1815555014728
-18.12262173167
456.497565615065
256.364163939966
13.5255636913629
242.225497052691
-1146.52543609119
-848.802556846184
-1020.75106220515
-712.338129630914
-511.916078468742
-89.8689675763274
-412.877034272216
-870.369642307568
-938.687888647548
-148.532180948733
-1280.17664942404
-2043.21265835926
-715.732307630404
276.197329280225
1723.26971322486
155.926487375167
-600.434988515312
-1187.48876298536
-80.8098606460917
60.0232963386978
796.643734782081
1473.17112426983
1574.38618916953
1194.59848874627
882.681687775283
1093.4505632943
741.394797613809
560.266186937599
-41.3613513332129
17.4592716683359
-406.398401738782
-227.109446482422
247.816628501969
-167.297618545528
189.155839980544
147.008455097238
-529.586767062021
236.463823498437
433.00872390289
277.891532111746
68.6420447848608
-1158.05293947336
-667.116275336072
-808.228718102591
-668.084765802751
-1465.95684326715
-994.12743606694
-104.691597182221
-1153.81607792664
-3367.05986037136
-1873.79898204061
-881.942197462163
-1567.14586746935
273.560074741946
275.457911238057
703.154034412504
1075.17699075007
2470.67957014291
1295.30780910536
1792.29343470569
494.19194812711
1410.000908402
504.595342584892
-313.012317000904
977.061009374407
1825.76697169317
1118.91984530799
780.679359062193
711.021846929959
357.060050049232
531.854978872714
-458.168053596007
42.0179465108587
-651.640679985802
-237.492193970391
-4047.57950322911
-3052.24467826801
-1118.57404579117
-1256.39537962533
-1104.92905805674
-1950.56869783674
329.22994715929
1698.85680671398
1312.18633296936
2010.39777792419
1289.35728820286
2711.08710094833
1281.52116007457
-172.628017848284
-425.584625478525
-879.103740105867
-537.911565263767
-1960.2677990122
-3059.94921439611
-2128.70734268019
2421.28157390987
3328.37683069808
3587.79477183215
3963.13863791198
846.151314841293
46.3620189162532
-1015.13619227309
-2269.34972255942
-2644.52009913326
-2055.80493610227
-2434.22361842669
-1159.93362496432
204.428049289102
-115.660239788619
-1649.33249806996
-1511.61914128988
-652.197315008543
-773.316938268413
601.291306523946
408.715431269638
-1119.45414573257
-410.90494059354
-523.551654188911
-753.931119289778
-1007.1466734499
464.545261240745
131.196506912919
153.362820529255
344.585707093585
377.098211769157
-98.216451680945
495.554063018439
-331.09972266802
-1407.23343444111
-73.8739315476302
1.22709598649163
2068.12973946939
2620.76429678528
1279.60598019261
1537.35284655836
767.846126372202
298.498374784279
-651.901614810045
393.532154905336
240.14237781181
-232.017094927658
-197.186000230536
-731.806346556148
-175.173458344146
-993.047221907712
-2840.77567886772
-2460.08041810883
288.183572907641
-508.291196971727
-1113.45038340516
-2444.12572017317
-1996.6108116836
-1475.30511123687
-2615.52490809002
-2383.63795316248
758.006879102322
2221.55103068631
3787.08036149084
2538.73579989635
1544.29148041807
699.379802233092
94.0207217395357
913.310845639275
2968.35795066661
3457.63536882854
3806.71988748154
3055.884097124
2659.87326621101
156.495553492856
78.9849889601574
-1140.60354547716
1390.82034458206
-15.6696521223103
-567.770498403904
-120.649992302823
46.0912505280029
-841.244821808873
-99.2437209669981
-1246.90790010883
230.808519453206
-1815.07696595654
38.6400743501482
-1002.9890876435
-2655.89193063793
-1876.36182695645
-2495.29792211562
-4688.9810800092
-3176.07613840746
-2940.854962817
-3245.84937438752
926.695163313463
2369.06694460189
4840.66947505088
6335.83450300458
3315.34628759636
3497.44469010141
3275.28763018109
3452.33583480404
2105.53348079961
1178.50187766758
3101.33260344989
-297.612273033447
-1516.1770106331
239.035450130639
-2522.3230311678
-4906.27974539822
-1790.60335397124
2248.06099843622
626.692243058498
269.509048524716
-112.097144261024
-176.216252936672
520.593713121706
-3102.85886400243
-5226.34402712308
-2289.88901218175
-1354.23219827035
42.1462098185995
534.32269329048
122.056489395761
306.037620893767
2308.32632189997
2813.13480763595
2561.91300965303
1875.10543062543
1356.5641477696
2225.64620448163
2620.29601363874
878.770361354875
1581.47067627806
1233.76401099773
1594.02660276761
1740.80746889169
1386.89850509177
961.462326492387
756.437696930881
-383.8240653149
-712.180446019376
-3471.49678062508
-6330.54997889368
-3715.15869823056
-606.896124108657
660.130891339751
-635.62236014186
-2512.7077522764
-2222.9950156491
-2132.05438126246
-1241.35357760752
-1287.18169657247
-1395.96355929011
-1585.86348856466
41.0553342453835
1183.42547328782
1240.35130035036
2140.73390433219
1627.53520297356
131.545934580707
265.022412666367
1240.36031166278
116.296241086414
1071.49362995714
1170.73193723124
2798.5442080373
2038.21000799707
2186.46042268854
-194.065911903566
-346.0557724463
-633.521610354413
-525.606958807295
590.212699675807
357.799843767269
579.173105195174
630.500101113107
264.219113761892
-472.544809078062
-165.878706708678
537.201423122489
-263.252367878927
-718.681080124064
-1172.24610688711
-490.318953249264
-274.582562549136
-2904.57782251307
-2441.31364963057
-2712.58463934082
-1948.81147350289
-576.609785110714
-1941.06663112924
-1830.34799912466
-1143.51777560378
-941.070924332378
-576.299980695192
2314.6524605102
578.210227884007
1907.67863736068
1343.51110406545
3516.77669263946
2969.30707143901
1788.59802291979
1895.71027514846
1205.9424795279
1531.69741982004
1164.40132611424
686.038010963992
216.568134054975
417.441161482719
-327.379220783405
-659.155371865455
-545.117963666095
774.422804895449
-490.731719775316
-1658.38702187315
-386.548370565422
-1374.84200548949
-878.185708441535
-1643.86681878306
-438.953156948347
-1720.64197289265
-1125.09232326005
-2671.29954654637
-1749.947332918
-1006.57792570522
-1181.90786727903
833.357893799988
964.921173370529
1492.43584285601
1917.55338432502
1650.89792145794
1804.28724367088
307.46076752245
-1326.04627061193
-120.661988766125
-493.551982426262
542.432003939918
553.212615586169
1349.34918122346
53.1344133360423
-469.718330491454
-151.629597912369
-580.883318279804
113.611739895791
-698.25470870991
-1301.61438969052
-891.190041469366
-733.979911739484
75.6720405675095
-746.844338782742
-507.564632621813
-76.391462257333
-827.868881737643
-435.220947738639
-1737.15282563967
-1032.15180693056
-1662.40606125256
-1553.07023964342
-429.589713951122
199.032603857224
37.8960626589903
1473.53273286674
168.837337750737
331.135411950461
333.251599391826
1533.06827037481
1978.9135778182
1428.39789392335
1409.3977949084
1498.78898230429
-280.754461383698
-1279.45994414538
728.316978154314
443.340432102481
1294.91974045122
-152.538298212325
-710.856644003002
-1092.94774684583
318.425771985493
-983.07752072527
-1783.98849808887
-1541.40333755148
-1494.73424550358
-1186.05941654343
-620.528053368016
-565.592816572569
-1009.92583641069
131.349786314196
343.357096047087
57.8509810637665
-567.782022089573
-1875.18021463799
-927.933512666868
-2242.69293644633
-3847.93140240433
-4247.04984693159
-1926.5727840695
2069.92046414196
-535.217803153839
-1497.38316035004
244.454255806833
1534.20288761184
1265.42964170436
3460.9315058645
1430.37540211367
-1082.54082375226
-1120.05075665969
-366.223508740716
-145.390729334462
-1323.14164708164
896.527713026083
2662.82739383152
2251.8197892909
2078.71494336797
3464.00125442842
3387.93385358345
2349.56120556341
2325.4497946827
2700.16853727485
1721.18686279486
1013.29219004384
2803.11954363993
1469.62286721857
2557.85099991697
1669.30585859372
2252.45729551659
1614.99951180232
2367.90294968744
1736.75733201327
-1325.994351799
-1610.58160772664
-750.978091636669
-1654.52263635051
-205.892415574605
-1714.24466306596
-2227.65692100143
-1954.04339586021
-1638.05122531843
-2493.71932537233
-1876.91557647742
-1820.53905047552
-1621.00058852368
-2380.04821941336
-1135.04621893117
-1055.95398914712
-1051.61670587593
-548.975635792621
522.118551606806
-2287.69946228152
961.485733313836
1757.35064944424
1459.36687664406
1841.62278219801
616.533427307662
693.235347817363
-150.551628227499
-185.688725476818
449.386011658576
-834.060405419607
-1101.23441701981
-988.604496177356
-3027.18652941146
-1660.45667191686
-553.961283256433
-174.047278164878
-353.431544127811
32.3358108895122
59.4463139122587
-1474.87900042842
-2528.0231144429
127.745192852925
-1341.77096985609
-1663.08607239191
-1252.50935853747
-490.9787260744
961.851376232487
1516.18180370088
1337.14883935302
2383.46377171758
1135.51749266769
570.237861058287
-3781.80470699243
-2738.58429725254
-2343.81453577983
67.2496027622196
7424.84286302459
8220.22426944233
7177.1278615823
6148.53875757305
4870.33707410846
3837.69558176312
2684.33680335155
1385.11262775325
-644.428705225131
-328.034809625008
-527.556673298299
-1631.67377994566
-948.810571918408
-1642.48214350278
-1250.78464890772
167.131163039628
404.268556371538
-6.22393083926964
-1020.89181527899
-1378.04541229517
-1531.52338114792
-2060.24485528305
-2919.50250816311
-2740.56513491033
-1577.63082375703
-1746.71417727716
-571.183930320932
-3887.03585446356
-1640.83379680502
-106.052633053307
-584.482275615387
-1814.1658315063
-1341.45902550407
-400.313117204954
-3236.5760340525
-3184.75512930521
-816.628333687762
-1953.40792981313
-3493.5013247963
-1908.98500427264
460.665631160845
2096.23369945613
3919.46422622089
2908.14919157796
2478.41859339641
2707.08136217313
2807.1132358019
2580.48855438953
2221.26930636604
1243.12085636584
928.641597195378
-833.606819512792
-821.295415018197
-502.813736274476
-609.282529722394
-704.678688704629
34.7782944977331
-1237.28130064358
-1974.93026193045
-1140.4243675253
-590.129920803945
-1555.13415291925
-994.161395115361
96.0761653781702
943.954825291528
1482.31411554217
2148.82446912908
1908.39764355216
1113.36127187764
1116.34183488693
385.798146459524
696.927136474081
728.155893334512
753.980306499423
-171.617168794526
-574.450519105272
687.81357090858
-132.024159464796
-592.50804022747
56.7658253837285
-3251.99670630487
-2380.90937753151
-3179.05495689524
-1304.18694409698
-355.829688248952
1320.83630741132
2559.69676042567
314.708440580998
1312.91575121988
1105.75905568494
705.892290910484
-355.093495569975
-775.432776165996
-902.513404077653
-1268.66806621048
-317.501169993391
-565.647919982339
-508.315385371743
-961.864731745088
-667.94824327621
-758.004880440998
-487.967190898188
-125.044090935793
-1812.0831528111
-619.104687901505
-1083.88789341721
-2603.63950526254
-680.499798622707
-564.524948607516
973.202509852422
949.620942366658
1294.9445982367
1794.10938000396
578.565156462665
1355.73994176354
-141.773187476228
1232.80778764275
162.62399481887
353.621230499197
586.451158188672
841.143282607737
-54.8442014790556
-1481.6990588152
-776.81777575226
-649.819245749534
-1495.80839460688
-801.538885260239
24.9892258493693
331.222154572428
-1026.76796079821
-1046.1726991463
-465.188397938622
503.816623639664
1275.51525427756
644.198518050812
676.600547693215
-217.604959670378
-2496.16739796328
-2535.78544770451
-2789.06976476513
-458.41364162151
2017.37393148369
2292.31657912311
2084.71020227619
1912.72198553372
1447.49355352062
949.191406460642
428.652510516007
2673.83875585206
2386.38828142457
1407.09293069255
1067.8002737109
500.143034225966
337.65907474957
126.678149872368
687.432333680772
1571.84247896416
1156.75082645124
884.537016930062
22.4109430507386
247.063708671048
-392.05701643234
550.490899460111
-459.960628248711
-90.0987627466007
-854.71652182474
-510.386107740525
-1494.15535535333
-701.166779182554
-765.068693255525
-936.326290631965
-695.477801882786
-200.81817693123
587.74962050074
-658.966666354604
-345.259003815881
-794.444685065614
-713.268285968522
158.848388415146
-278.715396573546
-568.052027427078
-1566.59552345219
-1098.96595491655
-1110.18042334869
-165.476615957385
-274.67399234238
93.9361333685887
1595.35915097674
405.632633054182
-551.51611541895
-1059.47407090407
-1368.05923688738
-1534.54441117686
-573.339050538629
1040.70982656551
-442.231248272849
307.422894487997
-1466.3255062012
557.054184231616
348.849720182734
902.678340124829
1445.035473255
783.129605711146
826.691675077292
994.06534009011
878.561993395935
532.688553930282
-344.548955833374
-311.165618234528
319.308072075639
275.994271067483
914.28591368355
1576.4847351144
195.728808021571
-1051.75282328616
-2122.06003384626
-982.408885979549
-723.727580752492
407.38525355451
-310.086326558438
-791.572756985246
1588.91025581168
923.145905794184
534.704250637524
516.545774247783
-492.986571491859
345.324803191066
-578.783700049689
-732.52254607466
-1503.68027548764
-1191.69576230307
-336.397523892277
909.634236791374
-390.118644639482
-186.639585889837
-255.522062534718
-18.685279536189
-1444.98355278094
