-146.095093714152
-96.2166343193561
-286.421122959448
108.723513168737
-266.599547784541
35.4652814698663
243.023724788497
115.072693114186
234.960566730174
422.350724113996
319.896451161052
179.641325531105
93.0302777845028
-211.419121091714
-203.246427351556
-200.387204375057
-78.3912669777931
-110.768549038947
90.2935596658563
52.9291109542513
-130.948299369189
-45.5633559555579
227.209912123088
262.296814613755
97.2011419061042
213.15608912466
-210.392653712696
-233.103864985306
-235.694943325642
-298.519616429788
-320.347554263852
-269.258954197322
-360.24070647268
-505.716685967087
-294.07017954677
-580.140553950648
-531.375939268988
-408.638229154132
-173.156856378011
234.113010440548
663.891152186392
720.339806126465
1030.48146694361
651.814566339387
599.034873414632
399.873679154808
313.206027733129
559.322750925428
704.020404765843
131.469384046144
238.611308575226
-84.640016750787
-9.84247182968666
34.0800762666506
-327.896601481486
-173.020646687107
-618.954658574713
-432.233561386448
-206.921506635874
-248.956724527664
-127.501314920379
-80.5640215439132
192.386215541266
152.361439048878
100.185364792817
332.173328372332
368.915503845932
358.304691354101
260.622551240533
-67.3417396025486
-248.372498056888
-432.68813901576
-224.533151329446
-29.472095026845
1.66585228311911
-162.367583241315
330.772376177617
346.983879562987
242.216317866947
627.942800320707
475.725979940642
199.501325125981
419.972277251711
133.116273953023
85.4435686361923
168.07605452472
-2.14359087810091
135.450578435495
261.02652931067
76.3950840909124
-149.993213623966
-216.620351236521
-298.675890748729
-333.557109995923
-26.967256957824
-247.6471001072
113.48200579279
-103.580152678497
142.627265638466
49.5920878429548
47.9880264885538
152.786911069523
30.4289125337131
-36.0061048672393
244.700582813153
86.0937669610611
-122.599144810293
-154.075347053786
-33.3920387384804
-263.157850423917
-32.4506967882074
-364.701328055903
-570.216571478142
-317.736871981493
-397.435425912087
-742.275799929624
-818.53020993885
-518.462884647112
-242.591677375268
-76.0627384243758
47.0126640004819
195.762975371823
445.082533610931
274.888135462087
503.617632215136
428.861409041784
537.704998754089
233.698705175533
310.035723178333
-25.0284970402314
260.671231994345
83.3291305747055
40.8539145757894
256.331545195569
-176.932221237064
5.2317474656965
175.164025084221
-181.554204603728
-442.377230777781
-226.893603241659
-250.413150963663
-302.091961763808
-283.584999783888
194.206715561607
17.343564655262
135.034110906228
87.7967196936735
202.644726602568
149.517475732195
150.798765726209
-16.4278744529469
-46.1375599127434
-125.947324026245
-26.0189105132507
60.1602161106697
26.4791813344376
-44.7816540180357
16.3007436749041
-12.5057184691976
-18.2224536139745
38.4179540531653
-104.252726824063
41.9211381573278
85.8496904455118
80.0841000602691
50.9138647326959
85.7585659699953
44.780767845343
121.696073647484
227.084845017953
273.043451492745
64.7656234562125
157.39886429537
146.641806125162
39.5174899155489
-51.2680592432725
-87.0645600436898
-185.856859785997
-67.5881007529925
-26.4833215168586
-39.7765538498234
-159.21106334401
44.3872302603546
95.7669805856194
-315.503625293802
-551.90200635379
-303.456390675228
-388.740659722073
-509.168232392618
-436.289316093747
-117.930752737055
-350.153828980625
-386.772176959569
-130.595802799822
-11.5359272667046
-18.6233325496799
265.500511869529
242.411971271376
363.651578297739
482.990635790851
354.053860505504
198.924155415585
195.261455858964
-203.988216281748
-209.423043572149
-305.687175173598
-354.566249953258
-165.92708536538
-252.951952736306
-111.891495233831
-16.743206720153
-188.026542197962
-18.7854667399851
62.9866613441039
343.245229836319
492.971807463252
599.379840817371
700.767174890189
635.657148197632
622.829523160945
396.93333547927
284.463453602493
167.43137573656
74.5363450235754
-109.039075146945
-373.11435557998
-187.863193153445
-98.5467377204425
14.1586885451148
-91.029476128837
-243.644372594101
-228.954495161623
-277.658784308614
-316.888627128777
-402.986729104687
-434.402259966768
-279.982662495437
-440.68914261156
-425.317856423885
-421.705634126755
-366.664674022428
-417.795758968702
-167.183238863915
73.9165951019274
55.9248875421977
82.7091796525803
467.276889052407
476.393845297831
251.113091658817
551.494720432691
271.898780793723
356.263356224125
220.953511353932
39.8380585932836
-78.5396247915775
-409.906303670337
-198.402850507011
-347.123936275544
-449.686652063569
-468.725904261459
-698.492895339362
-514.518001501212
-435.458733966218
-266.03255228451
-263.592788111013
153.263464227936
195.244249355906
541.526779590792
212.724288828368
612.020415087931
370.844550155689
328.476486312541
307.293049409531
238.146066098777
66.622932276012
205.205639969625
-164.878242552708
134.145589049092
-26.9584420845931
91.282492099651
88.0707845902509
78.7279882429397
86.13536630816
174.943184869256
161.173265543956
119.803382377718
87.3898326061838
285.265608908016
-20.8816478932512
43.3078588192833
-27.1237108452901
3.84481467101154
-41.6670365740615
-178.984803400139
-300.937969325473
-264.158077776025
-254.521559870369
-463.64342557735
-547.266577003404
-456.050767686554
-258.192657493811
-319.482380290795
-109.398606901345
-357.444237977097
-305.136210082936
-515.51695792012
-303.496053420354
-300.660073228405
-176.977541692113
278.937921619197
5.43303175493253
449.731378170423
550.008433795838
185.112970879756
441.595245606948
39.5296063039954
32.7831762032382
122.183029123756
132.444958595447
-88.0636014940842
137.573087908776
-51.5110684167716
1.96991162812898
64.5141184006106
-179.574428362338
57.6287719515351
185.81651398945
226.362762617999
230.723688331991
186.97541187505
154.437295182128
238.621549241903
4.72039302956917
95.6143489371561
-56.4053228446101
-219.807094522283
-61.6915060216305
112.748738309503
-28.7679583833815
156.515588722411
102.152373786743
207.573184908707
162.937671293537
210.300966986734
209.357614149758
328.309284870058
176.934041947039
178.876780876968
125.934175630704
68.1672593694784
138.235467953348
-52.3302853701176
-75.0437463914023
-5.96078731580314
-420.564497023898
-246.196928835059
-452.194428663915
-211.667084405066
-208.370630440417
-148.505274610919
-22.2426345587639
-2.40506391672658
-88.3009732807933
-151.129640098416
-218.646063964757
-333.857533128784
-59.6684374715378
-164.405931015437
55.8828495145164
-75.9510026207752
-32.3738598837025
-41.0841498039667
-73.0532149302927
-336.077041667929
-323.961561115604
-403.125134214864
-138.966558579873
-310.313346109498
-48.2775816740508
-103.574415088206
-19.5845570970373
-161.508292622985
176.879083780394
281.692200188321
297.052986766615
197.925834202421
272.24457127972
21.4821983993495
49.4730831187802
103.393343979553
163.309226951326
245.312335897148
372.01542329543
115.49003467972
110.280277507521
24.3172028236571
310.348839818819
301.948641497662
174.051411414883
122.800548568243
44.9718496728157
262.148717974325
39.8260783633043
-116.721469384122
-130.64898136684
-300.273101002607
-233.979931702218
-317.292084482611
-413.013939953765
-485.605278640361
-555.832029586583
-358.171390781108
-577.887196203367
-103.22378592539
-32.0119098679853
322.527469016759
426.511698435401
367.328725622628
63.7094781012064
51.1001659778623
27.960151339769
34.7948365263172
-158.112159394502
-116.527210544819
-215.713539058171
-109.642325793118
-62.6240088474139
-116.93571755671
-22.3977911637564
-92.149248261228
190.125385239056
223.457968101752
-24.487640704777
39.1402788233199
-89.6605110336745
-115.003160815624
-83.9059749204749
-74.2378906824427
142.592015009805
-110.463451405978
37.0047823542153
180.557813824138
42.3322738889442
8.19851623857619
-131.402234506322
7.23510471446643
-36.9016628756788
195.859482011723
211.789933354767
123.357372607311
57.3680668173329
3.3075465949338
-142.550850631298
54.3556485076004
43.9670789247254
-95.1176065542616
-114.979760840333
-99.4711999010896
-120.867107245898
-72.3525588510578
-307.702432845005
-297.971436128908
-271.659086107954
-26.6141977264167
-12.3638164640842
72.0083050879398
24.0597333267968
-95.8701648526525
-207.365922647827
-200.778514801495
-214.302132278838
-135.039076998375
-261.334636853637
-82.3819637155092
-128.386181427427
58.7360717289621
5.66565932371323
354.867827445641
73.1003077183228
207.983683240925
333.14317717354
545.484061826869
241.564973979143
160.276946206962
28.0975919275453
126.502049520117
41.333623610559
-71.198557469197
-64.6779336262024
-66.9212872797619
9.15295243308465
-111.233981818953
-223.806928638374
-316.723186441671
-109.178173003101
-245.395555047233
182.964005653361
70.3708884910482
268.863035364202
287.70908202517
387.876116480384
337.41518180273
569.801872949677
200.830256671434
148.581172448793
170.619617281034
23.7649029696488
-56.7352096626754
-91.2977445614445
-295.764288202119
-418.705544601278
-244.350097987032
-334.50302341924
-603.453079564925
-552.137232675592
-667.561042284012
-405.753366774502
-343.207198619267
205.306683676209
-40.7662769670361
-137.062869082477
36.450297022918
100.83248573314
431.846820766113
276.20724757194
220.170237368833
198.45269558317
-14.8699862424498
-245.386079267717
-98.8885880687949
-113.81262117338
-114.61161788349
-244.879909170042
127.258256235916
27.2795372062624
137.613576752636
61.5883502147067
-246.278090773706
-49.9443116579047
43.3695903708377
60.4977072872388
232.094032775521
386.172589367376
314.97843678738
402.482092582039
512.633455839079
234.688426624699
126.264068408972
-19.2190623820368
0.221211893956031
-371.660185676419
-263.287453882792
-220.519351220897
-454.999740490886
-464.500593543982
-328.99997933293
-227.131589100495
-175.486778152728
-178.70153950633
62.6325865524366
-204.307036284461
1.77619282225841
-65.9131042657856
74.6008802694824
229.27281427161
345.860067249094
458.472364420383
527.222429293591
14.0677067748474
-153.608294415629
-75.7096384337791
-116.386432931478
289.864823209423
207.337105721177
256.453624799678
83.039275566977
-29.7864544576623
-126.426394354878
-35.9159854544783
1.84441817974099
41.3310488455054
251.985360957978
32.8842863901988
103.714267571111
-78.58623318121
-268.851516170362
-268.655605933474
-254.342091399122
-229.315737312761
-147.72033659824
66.9198269967981
-122.176580898973
249.462477231131
68.004810681274
296.363721443833
444.227311708386
294.415813829608
291.429344482959
147.661777634497
166.114156654745
253.245062052694
33.1982557848592
140.19553945557
-151.645228720361
-61.4351779380918
-105.188984378887
-185.121870760143
-48.1992122762089
-56.0516903048708
-158.867145052385
-343.535858465497
-492.76269158225
-330.03764902314
-546.493083041915
-673.672786150844
-515.363812785587
-398.849475643362
-185.750407637036
58.685423750532
164.398277946837
51.6320701288058
-55.6011638203371
-308.86628148353
-514.864849056657
-334.085655761254
-355.646453876624
-341.490660124408
-71.4872860419888
261.946142140476
486.958531473217
684.786961039636
504.169535970169
201.971806407157
230.920583232585
-54.0603215835785
118.396745341539
144.003237148107
132.707246218712
228.099769525251
181.034103489306
87.4423820701222
-178.296977524979
-11.9663932329199
-313.373074070368
-263.090642891127
-172.437809288704
-12.7537368859658
290.987378694417
-52.1285129597629
121.375671335476
260.376747614011
344.027173094942
316.435387499077
315.270668830523
324.265039884578
392.544356501222
222.996032038002
1.44422938861973
-240.676825037122
-383.999800759214
-284.501858776501
-280.500132007334
-231.720437132669
-295.078326092172
-97.6363308200051
33.3705718474257
7.86925631869712
122.821499721697
56.325544459777
183.880853628186
201.179647025622
166.953125043559
222.398872148506
156.159738376039
256.783194690181
204.774575883858
95.5207666261134
262.192166480226
77.0510239737488
-72.554441042194
-8.83417899711692
-11.3055378761785
14.8898741016331
-54.9177589758062
-139.459714920392
55.0943518721735
-91.3450121150618
-59.9568138209135
-205.729610504419
-211.563717229971
82.7937488335278
-80.7054493617521
83.0796588983031
-19.7428164215416
-57.2996370815632
-52.3235346818351
25.1261032646129
109.157888084316
14.2758479008121
-192.759664855576
32.1629100741041
-117.675817927686
-144.002908240627
-133.801958493539
-215.089845988889
-275.910849100912
-571.928324434486
-678.419321826247
-717.930826148294
-457.057769952016
-439.702512874947
-48.5524271388877
8.56379455370968
245.155461795633
201.784502546347
200.655097871884
56.3681112022856
140.721571413115
234.49730815569
197.986247801833
388.119911249416
279.84032383658
318.804529348105
419.043346090214
-92.3949692317066
-61.5918159232813
-132.109916223431
-271.607939200606
-41.5243551004377
248.723452513533
-120.901280426353
197.030448192095
374.3850220106
407.44670410517
465.668334340283
516.750393008906
496.251808013124
536.216725626029
285.561830739892
242.565985835326
106.181937203032
-0.083055873764124
-106.311474933369
-216.735235185728
-392.170501051762
-545.889570600306
-466.262531401185
-814.704372822409
-536.771617896469
-139.541501959113
-239.993105917471
-43.2377431470198
-132.948629592866
-49.0718985818791
152.819375504287
134.588379621725
80.0847508025376
47.6220155334006
-2.18127887002002
-35.5186144652786
10.7901647855355
-86.7057423882958
-197.346792639888
-82.9016289953554
-150.833968962591
-294.915812771621
229.784429895983
-118.856886816581
443.951853733675
172.065183247981
473.279576212813
393.822677189012
422.473515358781
354.96294320116
-55.2226036269454
-30.6790126603797
-145.820922634394
-238.083197781295
-311.61609942789
-290.59020615945
-459.713887934856
-553.776897642071
-415.897139095029
-114.172690879967
-315.58438634872
-163.351359595137
-176.931858648138
74.6476239313811
-213.714267525158
48.3145779756123
-48.2499997357834
271.223419100338
293.78376246174
611.568782194373
602.015087012644
556.377765343798
348.347186317394
147.868467380521
471.432127392462
-98.8778413866276
-23.6602573463454
-449.567675708578
-255.616984899496
-483.175206922535
-416.940698891712
-162.549112527902
-276.249127026989
-179.92504220719
-310.24973855331
-322.187900924821
106.318380845442
4.36111719449563
270.120068184446
142.485871221176
471.834607974635
537.472950820363
614.007938208886
184.172740911268
387.421103735916
155.623075741469
-80.4070253535953
-150.902505460806
-201.029280063882
-407.190514547621
-398.512115410717
-457.113396770099
-513.0597974116
-124.236483112468
-328.082005531655
-9.74931905677965
-179.161458962145
-70.4493231648507
170.277259291764
175.342434878556
72.1102608545614
-3.72127877344842
102.681488944326
115.612749750916
-112.928236361956
100.793056704742
134.951340041747
47.4408529334019
-64.9595942810071
74.5907070418495
196.578080440978
-24.6231809373112
-72.0162399880261
52.2637583137412
321.782942053402
173.075859430742
161.65517562211
191.593463888825
97.3747635241412
124.187686614288
205.340469263262
58.2975671895939
89.6915196125986
-21.2819139848855
-145.7998800145
51.3133289890451
-27.2708770498101
-184.331415088131
-154.280653175368
-272.981191194352
-17.7577193332369
248.209948751437
250.18412946379
344.614314466657
-3.45757741484222
236.019782269612
-79.7270106932813
-121.473059435561
-335.742062301628
-678.858792139199
-663.371610502352
-874.451619600734
-449.18221480638
-938.20452069164
-610.148273951673
-801.558798011429
-633.313001912058
-368.888864237555
-164.411024179261
-66.158602587835
380.548933416699
332.557780791702
515.361234955201
389.560767820905
526.91580517989
419.9026944569
573.70783276971
205.400760273033
463.13724763781
301.041759237138
287.987446218649
120.604141763293
-193.453814823438
-117.809383223554
-25.4102038924505
-235.231015605457
-80.9104066778533
-127.663471319548
-219.409145758317
-373.027438098349
-92.352672590587
14.6103278143119
1.91704331548035
190.055936684917
81.4157440235477
228.553714219329
119.800780480234
201.085092759367
233.006426066802
143.756160070954
43.8172912142386
47.4543053047533
66.4320603322576
-157.469311010832
-25.8621243507364
-154.034734779733
29.4788161548689
-33.8654382487195
7.78282138151921
-158.668318020947
-310.032414337461
56.9219243091975
-103.553966902341
125.878445840846
-29.960882445509
27.0592083851011
-177.033335665014
27.8331822768871
-463.337929406714
42.6940152638851
-730.335356042881
-417.080932260419
-354.180242244365
-452.530083274688
-265.242498363705
-184.334834626783
293.944178700988
389.862642735459
457.927088519585
684.373019180839
663.699223550086
455.929943236577
499.42476394387
493.575302239309
293.238076183176
247.767521626559
-135.416867607331
-193.19181240835
-466.819684120528
-283.626859702741
-527.833955394486
-350.484468560389
-391.409396853542
-174.915626031456
-197.331087070824
-4.53822606949348
398.421554810947
242.89228924189
130.254216658284
68.3068975309413
12.4468284703556
85.9185377827197
-84.5686859929866
-219.25952438156
-274.298588474774
-599.658536126874
-493.459223781624
-641.028857685861
-493.823341957086
-536.18911486053
-193.516427097916
-24.6451697235221
-79.871945522832
-73.2671075433169
492.663364073018
276.657844030287
409.845089258606
739.630205570296
633.09159271757
590.708854738211
500.134857405273
548.183751123152
291.732480941242
210.439190046311
104.388427440373
109.809031958507
102.488049180922
93.8976502048614
-94.5132541816637
-254.627030270924
-154.384715390272
-162.336677551873
-146.961771916245
-171.361548982673
-404.115450024538
-299.566013805016
-364.433643770314
-155.082183523135
-129.351786903599
-124.324545883705
55.9101695901234
-58.549851178035
33.5378793766128
-159.53753619471
-153.921751314365
41.8167499963902
-180.908742030253
-436.733996894123
-594.919691771486
-378.421647386042
-602.351716676179
-314.010841358498
-197.365428442389
155.822834822378
275.765365772541
419.730684798509
479.418859471218
947.780121878622
492.957483615797
498.223955583987
422.857898891342
412.594598285027
463.467868794165
193.765518834643
276.180994097728
-11.8569482332646
255.855922494157
310.448038889701
61.7620613929971
173.356918225266
-101.050098369614
-252.030072093912
-365.434725333945
-217.70470294263
-300.372341599518
-361.402942987884
-232.777204024523
-462.940433327619
-367.202208018588
-315.443835676737
-509.873163635817
-904.456295837754
-1072.02366061217
-709.525800647967
-12.307136518457
473.134485252815
631.995507919515
331.604203393152
222.452682628909
287.31463794772
197.53029787596
177.627510681938
332.554355249238
59.9600813870563
269.457731161435
142.445247648221
178.19435791488
281.295207491484
20.5787246016092
-79.7784756763725
-455.228347326091
-470.966663290373
-539.07666351148
-428.023060457266
-74.6019673502283
-83.5169173601489
126.594490837294
352.401904443199
301.118944464831
654.23384863486
336.309319944927
339.545117546389
158.393053004516
167.119820513438
98.648876771508
100.404955426328
1.59631512868503
33.8400009981697
-127.315454406113
129.778651419605
-115.128583578425
153.33292015467
-16.3326734166529
-109.162421540068
-150.755582403514
-449.277401346931
-657.335160750688
-431.238817524356
-578.128109426715
-796.461427361154
-365.157790681657
-675.340204209164
-208.945034478201
6.14620156008843
482.852634189704
309.347896349745
481.851726588376
618.837166971086
234.714772335864
295.109511079641
-121.979321477751
50.9783909502681
-285.394234587077
-317.786546043423
-284.489218820321
-89.4631711173073
-80.3542347050978
28.3008402254195
179.640896856408
302.871288325271
486.665453649393
307.205816333332
350.412987526995
490.043080221604
103.233256373426
45.6155651091507
-61.7549468476678
-307.194315545292
-125.760117607319
-101.282785696236
52.5938041975166
350.619241533881
339.245242442717
494.599824689116
398.676244619286
265.487399754433
196.942098920862
-13.8712930376025
-344.714127309926
-282.121246129649
-400.515766204326
-454.416293766776
-620.418723929436
-819.622300572917
-903.853491593563
-591.528706169846
-641.664518575426
-404.583998538411
-63.4568317134842
37.6367242696627
490.493856451154
609.316604477994
550.578929270935
709.408239782692
581.951374220831
406.879259437414
297.529420211323
-32.690267816986
-52.6983650840443
-217.136424724564
-646.133504394213
-398.136452970369
-194.581118472743
-203.719288398604
-46.7093491094554
275.772167254041
402.022255434633
512.11355373572
19.7449764551459
48.3657454673716
-158.202504433135
106.236831792287
-278.25317849012
-48.2545983497552
7.52672127440627
-51.1522048874085
-74.4745365198558
228.326116023369
150.250201677788
432.763745405074
540.412269400107
419.871134192027
487.358425608241
298.290042262393
240.075855827556
165.565006151986
121.518289638556
-373.39234594044
-78.4343247800316
-316.450390800402
-599.2507471678
-630.731323471435
-384.684308149991
-683.519016218147
-647.102236417124
-830.862732238982
-704.612854425472
-838.214238140787
-733.403466365971
-225.130909522246
102.133024524029
200.576536273532
309.393882870919
525.157150756349
490.572580986285
592.161392430615
662.739233340686
567.042848658645
256.815682577253
272.577838615563
174.25664873345
39.8301603741609
42.5232955000056
-17.3055635907429
-306.31053331152
-450.002644715822
-129.043171848045
-99.5994234950631
202.888921387608
396.701700416685
209.068866557953
318.507135141906
312.886225554094
194.365531822577
132.287520585376
-43.4299615473954
-277.719188149842
-421.44818001094
-381.894537799252
-276.800212423379
-466.505134142521
-591.88371602622
-700.603400253594
-413.969671905396
-433.786455157681
-56.2993034843388
247.032155665131
336.992653225646
217.942074495677
175.887877082409
137.604932026707
-13.2568160237763
-194.093495562425
13.3795305677544
-289.282025802229
-162.738022730006
-383.053706767088
-484.260520934314
-142.36233479236
-243.68233549211
-8.83247885457439
-238.378584989253
-5.47052483402872
321.110304480025
475.35329139703
431.942915092357
373.95051159574
244.699892335161
150.131386170447
-6.44058007554847
-238.067059749315
-144.082701222643
-29.7996718954992
-84.9116515826752
65.9334258179514
24.8165004220547
61.2556522970168
155.996722424034
156.727689113757
251.499714024652
171.343097466165
-17.2161956414258
98.9746758636904
-143.235275035688
-21.1900562379632
173.407113265783
35.5659694945327
255.484742672319
364.296570832492
110.69617724733
253.065782838253
237.002203051982
237.253454176656
106.77039292958
-140.531396563183
-63.1255068446326
-39.2783498543416
-115.259781033301
-57.7883427882973
-105.098164108845
-230.704410108302
-117.33471964893
-431.508969247047
-250.232008324842
-354.656363311497
-203.095973580425
-155.460988171485
-194.541776584593
39.4142508782377
37.1165028327733
-93.3192850579427
-0.227417135082511
-87.9539422941987
-28.4769233029465
-267.586900035079
-274.599595967144
-255.657460331472
-124.587281402245
-157.491977956642
-86.4739968496981
-44.8580187168653
-113.724373721913
-125.120525805231
-75.6133563090791
-111.949734503835
-42.9117905442384
-159.344499285264
-9.59254743229565
219.967889282972
420.361435385785
81.5354200309482
98.5169102342292
54.421566700513
142.424115847411
-115.697810407409
3.41521551064552
70.045059542521
125.936540538703
121.555976618732
244.22853992352
137.474350794214
264.603620203529
239.86634221045
127.804748500311
160.969008925331
40.4212838939049
15.0162629513025
-216.513790689763
-91.9833191192539
-206.52639580749
-98.0771689392279
-222.700381101651
-106.90988471377
-133.381836952423
181.960483397182
383.25642394702
381.7600700053
131.250629742283
321.35781087462
306.334266864817
484.181741565352
479.026041829799
199.242176365362
19.6144632643597
-162.207940315682
-299.735890803586
-177.240000134635
-275.232377454964
-65.7391148243512
-0.527988351933374
-150.837296219276
-244.070246068104
1.2310237179037
82.4713441273939
33.2447535640376
-14.7598476058769
-70.4048320931031
142.307964229694
13.7938296946781
-109.045440549856
-45.0685311774351
-94.7876220718004
-316.587741988215
-413.506108129193
-460.199176672334
-172.13835824768
-152.313240426577
-101.988278115824
-71.9726276349038
-74.7180495572854
95.0796029738013
46.8248058200126
-173.90120407361
-55.5445946543288
19.1126602643053
20.3520716717821
-182.108519843897
-109.843848389967
-155.971715631724
-284.604737071718
-100.198311976322
-148.001592336308
59.085814204447
-189.086250172998
-8.49051248106515
-27.6192443948017
-21.437655774104
58.2547099696099
-62.211888923578
-27.8277402318523
216.327473138996
143.546457200873
187.950746401858
44.7428014633205
-450.34364460457
-283.098963553004
-358.713629596697
-265.397703398552
-276.593877966289
-159.545927978262
184.205536379693
42.7320710634296
217.634383037116
144.650465044405
356.717150473291
393.895503457511
503.691916886169
349.907303458653
273.639263982537
402.483786965382
35.7368202934194
41.8964139691713
-36.6874712082235
-301.326840729217
-85.9718546949448
48.8017071455273
224.313642321425
162.479888870716
59.6779516372312
8.64180037274456
70.9856074210928
-377.711994300773
-387.744085885596
-465.654060093643
-622.596023192401
-336.306801036953
-103.998564362034
408.593372883598
139.163761571321
515.199105915159
403.613543008216
293.283458240899
482.292058369066
398.52715205997
347.100345723399
370.4497905442
221.866424448557
221.029068383586
78.9087505170744
4.36996640555523
-12.3085507321298
34.4480764273574
-37.5262566544857
-85.5919491866081
-238.360865715727
-200.354128238133
-384.148849161963
-471.957224291835
-172.98019962695
-404.212201510137
-344.176490277359
-467.093481236311
-356.891284704241
-606.999089091694
-539.06517648178
-415.231575991336
64.7487988269683
155.036484440732
354.788317768091
195.469670984023
447.503832418206
183.368951416945
9.16980810355037
133.327330479111
81.547820947399
260.096835371351
167.312348137047
-86.0749227759648
19.5296673412374
149.515086598459
-126.563420464732
-37.6432634131311
18.1439951106268
103.908017597416
-254.209992832185
-36.6611247836863
-172.264012411383
-49.6139636171369
-137.812163220084
293.593537791587
315.042551419365
596.833013504316
489.750180042473
359.316347181947
240.921693230981
344.686006297157
24.1707820760521
-118.776599767539
-341.525528988737
-231.474221412811
-133.502737374706
-134.999742319825
161.084879898637
-264.7897661048
9.71985425293673
-64.3189990682994
-220.252977810518
-255.460971851315
-486.782893478787
-197.37982758294
-274.199370674641
-429.703251977464
-314.30799297724
-286.945960458165
-36.395857908203
-180.400968655081
-18.1212113761632
-127.058074425536
-245.294756951263
-372.120180030194
-134.302357083961
-122.149332439713
4.27504538004911
131.087478405241
161.625270602121
296.95157997294
415.615815786355
565.644697721154
467.309540162176
209.079216513961
564.209982789408
264.533644167248
276.125005127772
114.694557151019
195.199788812976
210.450857459712
377.737779033777
180.541883033252
-40.0637310043451
-584.411316728787
-741.490029402319
-919.788010169307
-510.562491731339
-828.403949177221
-793.066284491457
-655.430639164204
-475.221878033871
-329.256423017877
-282.386288654236
333.728753790501
180.625738062205
270.392805842759
547.499783378023
480.198039439916
310.597307984689
398.85088833043
339.441224051833
380.595367059721
635.339361048792
569.946840819029
573.100581527158
422.429171981063
387.290266509369
241.788389862066
364.043492990042
241.073556052071
292.374934364467
139.90111298719
68.752913706181
-99.8045570274956
-66.0513710126888
-110.760687029333
-56.9638386794773
-100.612270292611
-111.746609836748
-195.771069297617
-191.819084533709
-89.4722997028265
-184.657177909057
-319.296633901516
-463.269960259332
-520.114456119772
-333.795459662876
-432.694512665064
-268.18545760326
-69.8364775320617
337.827831127293
139.262056762827
-72.4236701128728
203.918090868948
110.283053629413
172.710927889246
198.568866298418
136.15549724366
351.331630716526
-1.05234614592374
451.538060074054
116.654573129274
273.740938065453
206.134160058011
54.7285196751846
25.2265295415315
121.511535505003
97.4435969990536
196.65178412959
124.809682879578
