620
667
342
271
140
144
134
164
106
5
-121
-313
-104
-185
-69
79
430
258
215
73
-30
-346
-404
-556
-737
-457
-486
-835
-857
-583
-358
-105
216
383
452
624
853
662
706
563
451
349
310
229
252
195
123
254
86
123
18
29
38
20
24
66
33
19
-116
-93
-240
-275
-325
-308
-353
-155
-151
-146
-333
-209
114
-6
18
117
-175
30
146
284
476
391
-22
-50
68
143
268
170
81
-16
-62
-44
-48
-28
170
-190
-124
-261
-84
-174
-159
-225
-252
8
43
90
46
47
246
300
194
193
432
306
410
490
91
-12
-119
-229
-64
-38
76
79
-74
-141
-322
-208
-124
-199
-179
-232
-228
-47
-86
106
148
91
122
114
-247
-177
-94
58
53
-110
-337
-45
1
165
312
261
-42
466
-30
218
241
308
457
465
633
191
261
107
146
109
-40
-74
11
-109
-154
-223
-125
-137
-67
-227
-70
40
213
212
114
29
14
-53
-152
-200
-462
-439
-211
-506
-372
-313
-253
-80
-390
-316
-467
-262
64
371
562
930
508
521
475
311
-89
91
-118
-132
-192
-278
-293
-291
-475
-346
-220
-119
-98
154
8
375
205
537
304
293
393
99
229
138
60
227
154
11
151
24
-14
40
143
131
69
150
25
-6
92
45
-14
-218
-100
-268
-333
-499
-568
-463
-371
-375
-297
-218
-213
1
35
129
331
387
256
243
146
122
-53
-50
85
249
390
404
341
283
145
27
62
-27
-165
-157
-121
-132
-21
-14
254
16
261
474
70
144
-121
-176
-20
-285
-289
-387
-596
-956
-698
-888
-435
-367
6
294
362
591
430
699
605
607
532
398
429
372
240
40
105
-82
-149
-205
-142
-50
-83
19
9
6
97
67
51
-88
-57
-187
-334
-398
-299
-126
-14
-49
-540
-467
-748
-135
-199
-227
-243
145
512
685
644
854
590
762
529
417
130
181
-149
-190
-290
-187
-226
-132
-249
-339
-309
-358
-284
-225
-552
-506
-476
207
637
704
699
232
293
-82
-183
-299
-338
-238
18
180
347
388
286
154
181
-61
-40
-324
-344
-342
-244
-394
-301
-212
356
22
453
255
-100
121
-60
32
156
234
280
71
147
153
3
191
262
167
268
183
171
203
152
32
22
-62
71
-52
-97
-261
-240
-237
-224
-208
-162
-219
-325
-307
-369
-388
-477
-226
-422
-357
-152
-223
74
-65
-66
-131
-197
-83
119
194
289
283
235
479
675
449
580
417
419
287
357
234
285
39
157
45
71
-53
2
-227
-306
-384
-355
-357
-369
-424
-381
-246
-245
-310
-291
-583
-322
-186
-159
-18
218
91
199
441
210
325
218
224
329
198
292
339
293
301
91
70
119
42
27
10
85
78
-296
-94
-339
-242
-429
-404
-393
-242
-323
-207
-384
-272
-360
-326
-158
-66
34
97
109
307
293
107
182
184
199
58
299
283
-55
62
-76
-6
16
41
87
-45
-315
-197
-115
108
184
174
-87
379
-66
64
121
-7
84
135
298
452
412
295
235
222
86
170
-154
-66
-124
-98
-240
-247
-403
-260
-241
-51
-119
-49
-177
-169
-8
-269
-116
155
156
155
94
147
99
198
55
28
1
-14
-24
-281
-238
-286
-257
-186
-200
-95
-44
-74
68
156
365
334
422
304
290
38
146
108
-274
-242
-339
-474
-376
-380
-394
-480
-400
-559
-237
-252
-40
55
275
498
506
538
504
341
484
-43
-59
23
-68
171
0
90
-4
257
-392
-618
-821
-822
-719
-247
-68
122
-16
135
277
402
641
778
577
614
501
422
173
-101
-130
-18
-198
-433
-500
-575
-439
-422
-262
-23
200
226
279
56
-144
-347
-242
-160
21
83
253
238
282
199
212
-169
-302
-202
-351
-251
-355
33
-91
386
491
337
129
53
75
174
99
246
218
198
261
304
192
315
61
-3
-58
10
-204
-119
-154
-87
-56
-13
-163
-101
-75
-90
-189
-233
-327
-342
-204
-112
-69
-131
16
-36
-44
27
-60
-200
-162
-170
-187
-198
109
354
498
582
567
391
284
48
63
-127
-278
-348
-201
-183
-95
-150
-186
-159
-218
-369
-284
-323
-345
-457
-288
-165
-95
-141
-215
-107
-96
142
76
158
186
282
324
288
255
175
158
238
192
217
193
197
98
124
103
13
-268
-301
-423
-519
-379
-366
-231
-93
123
346
285
342
305
175
172
22
-116
-264
-409
-237
218
95
341
18
196
217
192
-180
-53
-237
50
10
165
166
-50
135
-45
-30
-59
-90
-42
-227
-398
-396
-393
-247
-250
-38
-13
88
43
201
185
204
220
368
332
410
298
362
172
-6
235
78
174
98
104
37
56
-63
3
-115
-425
-431
-569
-504
-25
6
54
100
283
368
430
299
172
322
18
21
2
-159
-19
9
-167
-9
176
24
296
316
211
76
-55
-139
-270
-318
-241
-274
-247
-294
-398
-481
-322
-356
-321
-163
-468
-247
-206
81
125
299
361
315
257
363
541
500
521
370
303
76
20
-225
10
-157
7
61
-91
-61
-101
-57
26
-128
-150
-231
-101
-184
-81
-159
-278
-100
21
86
252
108
83
429
435
410
325
282
298
215
145
26
31
-28
-115
-125
-157
-425
-296
-617
-658
-708
-527
-772
-638
-262
-221
-38
-77
327
360
548
647
598
594
580
482
398
285
265
226
203
92
-89
-61
-102
-166
-352
-333
-247
5
-87
121
141
137
-83
-140
-277
-353
-211
-247
-176
34
155
652
651
582
249
158
34
76
-186
165
-41
-38
-371
40
-109
-286
-696
-386
-209
120
383
595
723
518
500
366
233
220
-189
104
-343
-222
-224
-300
-127
-373
-207
-188
-75
-246
-147
-244
-338
-24
54
257
301
122
128
227
84
-8
93
16
182
87
138
107
151
249
349
221
-6
256
-129
-144
-57
-305
-350
-534
-570
-550
-509
-249
-180
-125
-129
188
17
273
231
-7
25
-7
-207
142
-46
-127
219
137
323
435
362
231
291
177
254
202
154
217
170
143
170
86
123
102
121
75
67
69
113
22
43
-158
-156
-279
-421
-350
-396
-315
-318
-176
53
49
140
151
243
279
118
148
9
1
-38
-70
-164
-267
-401
-312
-404
-191
-339
-228
-108
21
296
338
294
356
115
63
24
-194
-230
-218
-294
-182
-35
113
394
479
419
322
222
126
51
-106
-79
-34
77
357
201
348
118
22
-109
-313
-236
-202
-132
-106
-210
-406
-374
-821
-668
-722
-14
137
264
413
616
407
438
471
330
463
236
398
405
269
325
253
126
67
-19
59
-59
32
-76
50
-167
-128
-253
-182
-185
-80
-177
-231
-379
-291
-316
-228
-214
-262
-135
130
-49
-112
-125
56
36
310
359
446
456
521
525
382
315
312
103
112
162
26
26
-19
-11
-69
6
-20
-38
-71
-13
-14
45
-43
44
-39
23
16
-23
1
-132
-242
-98
-63
17
-48
-22
-111
-116
-79
-123
14
-90
10
-175
-117
-100
-100
-62
-5
70
239
325
441
354
329
248
165
12
2
-189
-347
-304
-662
-706
-863
-671
-531
-444
40
220
325
313
438
428
438
406
422
390
342
258
172
143
-66
-164
-455
-651
-592
-496
-366
-23
-34
299
294
361
139
85
136
55
10
-48
-114
97
318
164
291
387
200
0
-79
-3
-74
-200
-130
-121
-25
69
135
179
99
243
98
96
67
-79
-275
-311
-345
-167
-84
19
59
131
288
367
523
404
355
69
82
-138
-175
-209
-159
-386
-335
-462
-516
-298
-343
-124
-2
-78
2
112
86
47
1
-22
-62
-123
-3
-126
-5
-81
25
287
248
260
250
274
268
331
344
385
570
345
451
257
279
-20
92
69
-44
-153
-118
-78
-18
-174
-191
-471
-428
-479
-470
-396
-179
-362
1
-309
9
-229
-25
356
605
610
398
242
100.438048166552
132.372250480191
68.9354071085801
41.4338870187248
95.537379057608
-6.14628653782823
54.8781165930622
75.7407627412282
63.8049909488472
-51.1298763498132
-5.80874602235211
-1.74873619122424
17.4706225520355
79.0924946373445
1.86948743332435
-21.1191050410612
26.176147975024
71.4502344622039
-20.5648579074586
87.5331134918167
77.3869878549553
-4.241955612807
-1.02600332517995
-48.7446233233679
15.8460399279034
60.8333224374701
23.4691614387251
89.1190764732237
-19.7484714194556
102.357268938866
93.488693409606
83.8424732847453
84.0230671749971
90.0085479573887
23.4183135850202
22.2088665336724
77.7613534539334
67.3917555751508
73.7065733411647
84.2898453590713
56.4603887222421
56.6167967395932
1.34025845347255
42.0230573139633
83.7378650439153
82.3842228023991
153.098760936687
106.232393571949
139.518005804108
-51.1333881564405
54.412733505568
105.801310620125
25.2092264023096
27.6331803368556
32.5524497143309
120.153184143635
40.0068771371308
-9.84993344839046
90.1774389250624
-1.99690157436613
-31.1189578599949
-15.6913606808293
6.11610321111528
124.718597937037
43.6949006357341
33.3848034887445
81.5444571357238
8.17077007735742
56.4135804602182
51.6767370841664
84.965019172173
17.7432671916812
117.114245399921
105.448882677629
43.3576511350408
115.706214339888
48.1132870170755
105.146167592849
19.5370672666903
93.018144267499
21.2341372774564
78.1535697614963
37.4057366405034
72.806141141887
15.079172601975
19.8362357790809
119.562954092305
-6.24956327924065
147.470652550014
17.8259398722192
-20.5968163741337
83.6329912413083
74.9929042611372
75.1682913178189
176.912643346542
72.851587706686
126.766687810376
47.1979969159451
17.957277196978
99.9747472035679
70.0613643896852
171.388221992057
57.9026820851441
133.774027606961
51.6218542569614
114.901721217548
127.551652018677
64.4949818148653
121.0132888855
130.290225324961
44.644648269905
62.2086260913612
67.8781106824407
39.7674864876695
10.8185931498783
152.741405710113
142.672432563167
64.9166084948478
55.8883596212368
13.4433414716042
74.1673473475685
127.37009046786
53.8233155588763
83.0848430998418
43.3282992695282
55.3037051284939
105.712043906461
134.228605542888
86.5508802404545
156.847642756475
36.7691848353117
19.930264606987
25.59048149413
100.372587852958
79.1177800005671
74.0702036071969
67.2719513978877
54.1406257104612
68.0185741563639
-85.3031735030037
96.1337432729494
34.3638094751062
44.1170203970245
27.188496320365
-7.29513463003837
-7.39509017112581
89.768122723597
73.224148476813
89.2554075616246
69
