-111.425577254708
280.541773759898
-1471.78080475575
423.657101230066
-3557.38313529255
-2322.08605928962
-2077.04113143321
-1874.22395874966
-4206.72304246317
-2378.90652408212
-3954.82093174737
-2476.71849741158
-3947.12717310033
-1491.19922322694
-670.631402893744
-5596.99280965498
-4346.86877665103
-92.2653043320085
2576.55352887891
911.82523997609
3965.0556602813
1401.11069044559
936.008362943987
1826.05445751133
3328.96753149475
-1348.18235283198
135.255218623347
-1971.45584168439
429.669398617941
-2947.71049904039
-3347.32189775266
-2649.63226488957
-4359.01182086868
-851.07539878228
178.667436535675
-2556.70093005531
779.198156641668
-1127.70181948689
-786.784494789508
-1460.53243664331
995.819070730471
-564.274391197039
4032.99821500356
1843.90503021823
2290.14450274249
4463.54542951381
1942.63330997835
1984.4705416236
987.694882531647
2169.5770603831
2223.14174369589
1860.23299860234
788.229553246804
-218.505288143331
-2152.048445701
-2284.01851087995
-3097.1769149569
-4904.28792417257
-1444.69760751404
517.994098054003
-968.665072863909
-3221.44525764262
-3046.33426208431
2480.68025880946
-3189.25474390418
-371.623056429457
715.989867523509
-1074.76717030731
2787.48069868555
2091.83721635627
3797.06909081556
7308.60461809492
1425.9395344187
1005.15247062599
4479.90414870816
1195.33412600849
1397.03877001406
2257.45141164097
3926.3043721259
-482.806662716947
-569.527690413603
973.834096966842
1450.38458349654
1432.7373871705
1717.04235793306
2434.43247052309
1995.47424912961
783.604799788316
-1302.38081641556
-3499.8232637251
-2734.52202615899
800.922043100972
-3553.8957697764
-4464.693292434
1437.09127955579
2774.62265052852
-2632.03990221475
146.46454692526
-2035.35565055077
-2295.24317289064
-1707.85026187859
-4312.55674128021
-3453.95564818192
-983.538154846156
-1637.77554680658
-1869.12052577139
2875.86253258223
-610.692055747958
1585.27343311413
3152.04250768218
6637.97149343372
2049.62514309844
4559.47778939966
1197.99072989212
671.837056505746
2303.09687800284
1802.2664657804
-1086.67781930019
-1333.2722574411
1237.85747721926
917.556447497111
1470.54563735834
-4282.69074878687
-784.391069949934
-1911.63879004283
-970.643978997188
-2362.58783558904
-5542.90409749524
860.141435278456
5441.45074220653
3047.28313962201
-1534.4533732466
4901.04676228757
4307.6013457772
1343.04080257247
2080.18197424004
-2865.66271658359
-886.304912394584
15.0324767516571
-9624.46067052408
-4074.63007299525
-2285.54133529166
-1263.93351459366
-2641.81617245012
-5064.88527395265
-896.280398009146
-2680.54204664346
2685.15606016497
-2534.88889813588
-4853.65706797281
3775.22817269879
-2573.93353544657
1895.9162999002
-2149.29229293267
-44.9897481839627
-2696.50972442353
-1169.06145969663
1523.85900413905
1206.47579093536
-557.567040165573
4593.5185016526
-724.063505160015
209.871624565957
4873.2344093154
-4818.76988691423
-6377.97170589601
-2708.63269907162
1794.49185405785
-933.357771152857
-1346.48005438946
-337.186664159066
5282.91287986496
4704.86403906412
-2442.35254419393
-2777.10373543909
943.837858573134
1552.56465582291
1988.81716018006
1499.66941071976
4570.56657461594
6251.42704598771
4193.66039671529
46.0726456845849
-335.558297180159
3034.25696822759
-196.051769174588
1564.65530470227
1646.41872196396
2282.99514236051
2641.97422919452
2180.23383164504
-978.790563682435
1006.4091097424
1645.68367990663
1803.86161866651
3.66138174760522
666.270668466836
1645.71175560517
725.630452747318
1389.65765931684
822.995922661617
446.376436056753
-2709.55424861446
-3290.80698640132
-3438.15536199731
-4887.65153498471
-4424.02636705865
-9285.60172255508
-9107.77367562853
-4703.2853913926
-4230.99225329455
-7461.83980381058
-5401.44357783103
-67.2474782415119
3483.15236079399
425.959082105137
-634.689201202274
-2491.46221340401
-959.74937347992
-2108.59927509059
-2043.66689666107
923.087501906765
834.316081184833
2409.25616214738
793.459941349115
746.489986024466
-449.742858362692
4569.31633239344
-561.767136800387
2465.95320314134
7289.63912317745
1265.7174197062
1841.07545229195
514.379180894846
2850.38421640019
3281.57815773173
2679.18935066848
1148.94419723263
1858.88755503777
2971.04854648597
3292.12421534396
161.853239845606
5268.71081417534
-2116.38514604683
-2818.44702340024
-4036.07639854191
1378.90792572615
0.0575253321018181
1968.19205857402
165.594279179045
1287.04287190078
-2121.92822528076
-4532.11260189294
-4322.96198175801
-9940.29594966374
-9697.27160906114
-1941.29779844421
-1243.71430129053
-5121.15398801271
-6904.74349976526
-37.4274424440482
-1178.56348324087
6431.9887954624
4576.94596071569
4600.52935166402
3970.28191218787
3560.24897267941
-1172.37369379801
-3961.06524942727
-6041.52842852905
-1333.22477497025
2674.84873094325
3142.53810529497
3563.7947437885
640.730399390154
1232.2664924776
2084.44996612717
5554.11995052951
5823.50745023568
-2973.15601941028
1515.82297785561
5330.52617683693
9036.05054320938
6664.61104073472
5965.18074640667
1851.49464687201
-1646.02674915473
-4602.81993935103
502.626990820434
816.670856701651
-1962.65796307527
-1882.5717443946
-38.9014393097882
-2930.28639457788
-4820.36349047986
-9225.83163356736
-5329.26065598838
-8265.2861441006
-1174.40802792411
-3483.73852399089
-5338.89967455981
3890.27862291444
3212.9871728446
4073.84655571765
7240.70886527104
2500.98840264117
2798.83978967127
4848.85848218999
5329.84240698856
4237.08040744225
6054.49349877105
6703.51321396011
3727.36337594307
4448.09786992001
3923.46635607767
6233.89062278851
-426.892974402828
1700.57377771431
-2653.93712970478
-5467.6897919132
-4459.20631447501
-1097.33957602258
-506.550321129169
897.447342648052
-4895.47351269688
92.6702778489207
-1529.17504336861
-3293.18164075728
-3298.17330934226
-8574.79203537118
-5457.76523803443
-4648.12250128292
345.926623047884
2302.42274517923
-5304.19943143745
-4400.91701127683
-5363.4363005703
56.8714533832805
3631.74521741394
8070.28207478131
4460.88369017237
4273.00575440763
9209.10676511088
11920.6136516948
3473.23849276929
3834.5552350942
2442.59935824956
1924.53524669809
1880.67168037357
2080.56253536933
1985.86751041301
1812.16668898632
-2762.87438333682
-786.364156059087
-149.639152010208
2701.81438994782
-1370.13261992024
-910.540503209513
-2315.9008607145
-4153.38169022943
-1781.56382448503
-1998.75827812624
-832.857113436829
718.726045391296
-1045.42099005193
-2314.96780747225
-2699.47124660191
-4148.16625236006
-7430.66461987861
-3732.16967563674
-8381.22895661051
-5537.17601283497
-463.573914230285
517.371184883728
2691.68268775205
3697.01671865545
4632.17323950742
462.461732082534
-906.320322135459
-6048.35671006352
-1707.12478903811
-3089.98259103
-1532.18120497387
-1154.65829335043
-2728.95642448413
-7741.33056837624
-8781.49178964554
-4825.02256537249
-1632.21600768557
423.981405663481
2332.6361214287
8604.87107316326
2687.19375019126
1314.93866839433
2342.42412728903
3277.24928204301
1291.60163529516
1753.61390789711
1681.17939165561
2234.27381507047
6020.57335341947
-506.363884595844
4660.77310656597
-1118.0884153511
1976.68087088943
899.525612536132
806.204530050388
2041.13679270154
767.13725574469
4460.74848332562
5127.66846599492
4393.08960171083
2632.25192256284
-588.55516030644
-1556.76030709928
3293.8836182905
540.144736238483
-3044.42430494012
-6304.66891077536
-1630.21628753842
-435.57119068166
-3588.46608069062
-2778.75914188461
-4319.06676983781
-4933.74756253433
-4080.78582203784
2306.34149221442
-896.340837280974
2114.14314200942
765.991489803852
610.712741760325
-179.830195090677
1027.31264479977
7.80645482092677
2508.66953700318
-1662.94389239589
-3588.41193024504
1624.89968182042
1020.05390611477
490.888643042912
-537.712782522715
-3146.4829197248
1150.14117703787
1707.22733532492
5655.45882095349
6521.16456363559
5139.11779146295
985.635171784964
2248.18197628955
-1243.59544513447
-720.296317787669
736.583535524495
-2477.85459092177
-140.807376860775
-23.9819142383733
-1316.77489612022
-3924.12531963665
-4102.80557835417
-1427.82823519322
-3970.53721102221
-948.283122232202
-3102.668572628
386.662894837343
-404.328373368512
-2414.14510468076
-2191.1621120788
-4033.17193025564
-1277.88483129915
-4716.7657063019
-4955.22163870034
2746.78593004122
-2598.72054030758
1208.69300289132
-4239.39048497373
-1139.59889364625
-2632.13678350841
726.017578374772
19.3810066850942
-3138.1467234345
728.384746889311
-137.345134708063
1640.29949448934
4059.17686056141
-1765.46572201201
2578.89252026481
-1429.10518337569
2232.88025379805
-2569.64030250498
4804.71621696207
610.592825067442
-1115.35187032667
-2.23070860765876
2446.73735176701
2778.14151256806
1359.33413381356
2825.74330568255
1353.83113356487
333.037109694934
-2196.27322905488
-2589.3953082314
-3571.4915028969
2133.92000919349
8960.85499941729
578.590126135504
1780.18787068109
-2408.42008787009
1103.36356386864
263.478222892974
3006.70547829155
-467.169362718137
655.369299670627
611.313882174607
312.05781204684
-2018.24693949636
1122.86718960219
-1582.23513449375
-333.784475004812
3013.59328685945
2620.62713741563
3120.2853858683
6180.53640744149
1264.33670915787
-1951.51898630288
93.4815661434714
-1679.79215522599
-388.110988413492
313.683744283873
-901.565158574073
-1481.91256304964
-1318.729721279
-1497.59064689731
-3525.43467769913
-966.635886264705
-6222.68497449355
-5599.61146486503
-7143.61719559361
-7619.17892944376
-4470.69740167848
-1423.0201040905
-3970.7417499119
-2475.40450421148
-2454.37101963169
-1217.87892026433
-1125.61012265827
-993.522732311214
-1280.87299897807
3268.2156752701
3665.61480946582
-641.11207325751
1090.81185532462
-2881.53528482682
1280.04703990921
4135.07198306292
3109.09445800891
3164.30908770261
226.855460929149
237.08089112858
1537.76169108491
2319.23556059881
1718.75790369747
-210.320965947868
617.226209533619
3906.83218702571
3338.80449631638
1929.05076449604
-1004.18134185227
1233.93914946636
994.875676534846
279.979124804019
-83.0356247255193
-1890.99849467863
-3360.04066808797
-472.46218001907
629.604502127941
-2909.42017588361
-1093.6965222368
-1600.2736408806
-1133.31506732566
29.2067837589467
-1441.30508166443
-4715.33939746278
-1894.90312469191
314.346973046389
-1443.64066693588
-988.589664488402
-213.464006085477
-2911.05277778682
-2883.76148021746
-2196.6802949668
57.8836725372618
634.883309157658
1125.7398699102
-389.599729777323
2235.0043302802
451.67544831856
-511.205135033145
671.481392589065
-1809.23588813611
3012.5364971733
-93.1366911080124
105.134387597796
2725.08776297865
664.084864250246
-1756.2243051867
398.939010355083
615.561757837596
137.207497312662
-84.509131247619
-2289.60010860625
2304.0995874199
-3149.7409460907
-710.823808119248
-156.949234191037
-2851.1301964984
-1344.88077236809
117.510790930809
2519.86624992121
770.024144087183
1612.96750080689
4247.37170612265
1270.49933817239
1086.06807507052
-1697.46707449304
-3491.6517607247
-1227.54444773602
485.74089542785
-2315.7077717059
1437.63027760952
4141.89436008184
757.936717776044
1175.59926230091
-1705.84317423678
64.6755689438123
-1028.92563115425
680.891900992851
852.536647515152
-683.160874283832
3434.26449545712
-4231.54320552815
-2884.06595601212
-179.09459852251
-1477.55574456864
262.306728748913
-1781.8364393618
-944.546268771008
-463.40089494329
-1201.89504965729
2647.84298870122
61.1004964504091
-1029.19301428095
512.313077040382
905.262913992794
-2699.87039189935
-1127.4928460478
-4226.72530090787
-1451.24140429944
-5622.86779384283
-4465.99271774993
-1282.42204192942
-2883.24345273828
226.301077685931
-704.354641091348
-188.102376572038
-1181.58534306455
1248.45208029445
-750.094756545041
-671.263345006422
-4298.22991896
-5680.87347570605
-24.3966818627263
-1060.28374620724
3336.4223485943
1831.74323627373
3095.25077764585
645.17292121216
5000.25131582949
1841.28192706201
521.754533423482
-5092.30398490745
1150.75431780499
3392.26749156247
2447.30611496148
4365.0544884415
-729.622522177784
4838.86690555615
1165.69564765247
2530.19017093383
-2910.47838496242
-2322.83634753267
-232.987482571598
-1521.33381412246
-1822.55631779135
-3376.78778861773
-639.743421551284
760.325098700578
-1015.79618444845
-43.88304454218
595.990521748547
-4511.43829206643
-319.558826546981
824.058704071462
582.395896212136
2318.26015993882
5345.01818795477
1011.56534373807
125.886207778874
1147.2468879434
-230.538488969491
1555.96534907645
2986.77690307568
904.798056981906
1849.21840239995
4007.01115756728
2968.70914673121
1997.12607142959
1777.9546573739
1142.34451189631
-2665.73391699837
758.622555476033
867.411054332699
-2666.96186119403
-4908.4041502956
-5367.03871247768
433.900551490226
-1117.39985339191
219.775449751515
4341.27332747525
4399.50961418293
2182.84974181124
-1366.39706073175
2409.35974846764
-1937.19456471312
2215.45908446847
2056.58963425205
-82.2221986046045
6863.49202644357
3624.48119234726
1886.51059986317
-1457.65811277081
2268.74528240991
-1554.82400396171
-1866.54166232679
-2024.0598307035
-4233.09944696172
-4312.68556889887
-4366.97890224785
-2923.80023215408
-6362.88775490624
-3815.12369279802
-2757.00698406547
-1327.04892299959
549.44527452236
-1835.85031271172
-1797.51305135669
-4133.48728515957
112.096649044184
1463.00441275673
2285.2266236459
1630.62504099223
-2101.25843223482
1271.29796466648
-3243.22050147746
2214.50014659667
2159.78403783216
-1845.55824033595
898.654084969329
-1234.21122238758
-2344.92118424818
-895.577715100339
-1815.29663225587
468.192044835197
-2167.32046458398
4005.96795252509
166.974139367537
904.005884978973
-1192.18344400411
1479.92070758818
-650.125361928432
-752.786863692659
5105.86102582369
1505.35863886815
-3828.44359142705
-1612.45515260541
-139.091006764609
-2037.50906451046
-580.685735263446
1068.45118629292
2840.43779800756
-386.212524721267
-1400.64199642773
345.301557984586
-4513.55858643687
-2937.10816732054
-2267.16329542724
-875.687402064511
-19.7448301089421
-2422.90263687119
-3027.48143223693
-1083.52621899175
-2646.88963948828
-6368.4949298614
-2105.10776731295
-2280.77538073023
-2625.38120954893
-149.891340576529
1634.48312889328
111.907928650754
911.769120304628
1394.23423318394
-995.887806270115
4097.71251620546
2014.50024556636
2004.65157988639
2662.11632259855
3900.14455158079
2188.69564827206
455.170514797547
1309.20006122304
1165.58764703393
3768.63654231942
-723.204193021916
-4599.75185216986
-186.535729864104
-1910.25098811637
-731.926610679907
184.354737964603
2634.82874586541
-1226.61598967089
-4518.13660386758
2374.39687221809
940.919389924954
2597.09002027482
-1817.75483136923
-5250.22386102178
-1837.59890395201
-383.698448684448
-1278.4460265409
1006.00622454741
-168.726308639179
2524.3267766595
2306.08286060134
3754.72282995002
2828.8860874463
1730.64642133652
713.522871018016
1112.25311966251
2373.84127950465
4224.49609849425
467.18121741779
-1292.13991590884
1606.49565745982
1308.73214734791
839.942190515967
-637.649744132967
-1993.7335677123
1377.13447903141
-2112.59372619106
1003.15849478481
-4356.83302062278
-3729.14465387229
-3599.33693586957
-1392.68845887367
-1113.66359494922
89.4120663250958
2249.15442026487
-702.302091343156
-369.677894637116
3577.79503299892
-3124.31866147878
251.386873791487
-4366.46735588588
-1439.59359112702
956.069727775716
1519.43647490708
1002.15842278249
3640.37188933604
4328.86413171248
1484.4129525902
-714.302781458317
1004.32099251637
248.03548411713
3905.61321357718
4876.23225059395
-386.316190231639
-4620.7498511894
-954.673142825223
3025.77841873192
2457.38145336024
-249.935681615394
-1532.79907138503
2272.28789846711
-2053.0533823737
-369.308486161993
-2583.32291741244
604.038437009576
-1242.88813275777
-1160.53503433095
1156.01595357618
-2071.62236161933
-806.474448047501
-489.006263393887
1858.51586727824
-2912.74528060463
-1027.93920368561
-4710.18037367507
-2471.32961662484
-2453.71866699936
-4246.17645358036
-5348.95087567356
-881.541792254989
-2641.91475785066
3122.37552909689
-1371.83081540867
1129.24360798762
2016.33072549486
3429.78112398297
3663.96124928057
6283.59816372194
1573.14905933587
2473.53267717398
2237.46699346186
1164.2178268226
2052.24531532861
-4585.38538352964
-2764.95554494595
-2122.37232485095
1615.44697687125
4059.07940712083
2762.88766097098
2547.15280432987
971.484245615358
855.251687295027
987.324584642479
3036.4526624036
216.032854942642
-2487.18395718493
-1578.46089328132
-1486.87025029713
-1797.79687272755
-318.613020108681
1191.61836332802
-1294.10636674679
159.182051310334
-387.757440010589
-3731.2832444275
797.701168204259
-605.387103847091
346.513995997495
-794.702562215956
-55.6351783207826
-1858.32836481952
-649.427537825597
1760.92736550186
3213.53939840186
-2139.63700186866
1517.70057817102
-438.734448788771
503.015949749541
2062.73332609153
-761.244308523052
-1000.21995456533
699.700918831073
1882.66988530295
-1637.25618501722
1653.4825406817
-399.1290523269
-120.031828007231
-2039.10521140432
697.194141879176
-1063.09288118984
173.877001886107
1685.12758519053
969.471541270189
2291.30642448571
836.173061226946
1434.75376691736
-43.8202736584606
1254.06827613824
-1354.81807181554
-1835.84242406844
699.466402547056
388.626915749063
1857.05312857053
-348.100582645038
1628.16002867275
1767.05469986724
1436.91725626449
-725.497106966576
-685.774057746741
2815.39084348617
230.50678843893
-3472.41912730385
76.9988773194227
384.729968981075
2530.5698004751
2737.15140473111
-1568.41894682587
-3437.50179980758
-3332.52139335806
-313.659476235677
-3026.36712654738
-3175.15125632393
-3545.95977844939
-2051.92948386833
734.096233000284
1099.76619293817
5034.21537299615
3195.97199531783
408.021079594324
-1261.2726386648
1206.84952197836
12.2226582838725
-1396.77991558552
-3016.88153472536
-1563.66365329118
-1410.00826789402
-289.630356453324
1366.62638550859
-2404.99427566623
-1076.6501559215
-3213.12204569483
-1880.02641850031
4039.26906945995
2823.72718305105
995.06159644929
-702.874964809908
-294.823660951742
1230.33850331274
1660.75618807314
879.701537504446
-819.875800963305
171.833799252686
1024.75706288763
2927.51475547147
-761.28253635195
2813.81017751366
1813.22795528752
-1243.38024365613
-3527.34313928389
1705.12168783585
1548.11204157392
1985.72250849691
312.840176598155
-952.136552074576
4991.08564976424
-2136.28585170019
-260.926220355287
2608.31962570173
1354.00404289571
0.404317950461319
-498.879100861229
1749.85819069384
-748.767367797998
-1350.12267116146
-507.633550605452
-1934.78306102754
352.160789068062
2673.50908168422
2821.8667154336
568.069001242335
-1768.46111671776
-3243.46824558184
-4056.98471901293
-5625.17053372397
-3390.25203691924
-4303.28496712372
-639.697852376882
-3028.26010567575
41.7153263266166
1363.60908303066
6326.99077541905
2909.56967495823
3269.84306259161
1723.873004546
2471.94568061419
-2838.78272970844
-4522.74799450818
-4153.32207141375
-1354.93362761416
-1027.48454902186
-2220.09351786142
4987.79986195596
-2349.83763667116
2154.88216016575
2168.22378746163
1926.8147634505
1479.97423729337
2485.41217463761
2704.09820356174
-215.113688377449
1921.44888974169
600.856198492633
2365.39965322191
3032.92665138463
5027.42182795544
919.113395315738
6388.09432478372
4204.00197230426
1944.48082276228
1693.84145263559
-2667.52425946623
-5241.15225556778
-9003.33581570079
-4927.64758556115
-4640.32009844358
-2851.08420958868
-2832.16798426915
-766.980544413678
1551.96454041836
-120.062618517909
-609.612088586467
1238.15836332942
747.76695899502
-4058.41387228744
-4267.0199084984
-350.992386196278
-2082.51867671789
2803.7089898158
1860.72208547881
665.98811062491
4023.44157822483
4347.47567745905
2263.01694333313
345.127420353974
389.70080599674
-1194.31482623557
1166.13573215827
-1121.48729681532
-2059.45364992228
-3944.37166665607
96.4958254446287
853.884592083865
-883.761793246916
690.654138163134
1384.1093708927
4040.6177788352
1088.33549678102
543.746248813147
-1458.27133678946
-2911.01043615316
-4835.10667193605
949.507895101564
-2139.30490003945
-3003.0371972269
741.079318873502
-2898.87565055216
679.24316972492
2420.96182508059
3783.88429804176
-731.496944996962
2068.28353339999
332.735395101017
-1589.57898477605
1407.3139850054
2120.3650067177
5284.3728461413
2627.08861074369
7397.4849842453
8817.54097039742
3705.34100236517
2688.02245050207
-272.39355454313
-3269.60708071505
-10030.0204267955
-6885.28940392142
-7602.22894347545
-572.584279330689
-592.63897904175
55.2662415521297
-4914.53287552803
-3644.33966110447
1351.93615151169
1955.00062037493
5948.52791891786
2365.04781270824
-307.981206678082
1141.20786120009
568.677333409556
472.902993627131
894.770656389746
1832.0200403118
533.316482134487
1383.46393240916
-987.561069117753
2889.34368925405
1429.94449839253
-1164.17422808463
-662.791957841308
2354.85923158387
-323.472893918885
-957.194176912804
738.892557927011
382.781014700741
-2153.55675260949
-5554.44404896488
-3292.47669408028
1631.62981125788
700.368219295465
1747.05374557123
-1023.36556873948
1448.69735816948
1855.8725821954
-1766.69862097372
-1605.11548028001
2256.30319519285
1988.91401165323
300.184450165124
2925.33196026294
-1096.08666165579
653.065598461864
1775.57519622625
-676.023930238095
2464.64756992114
-243.399384456628
1864.17792885968
218.985059931664
4120.73242965487
5014.79244866237
240.827586259419
961.968223109226
191.905133247668
-585.202294905998
-533.016689960564
-22.0988754577329
2271.1800268581
-173.96211432339
579.523648181427
-504.554220016695
2199.29899212377
-116.386325950501
-2547.06411362824
-1298.72539930058
-2805.94893779744
1001.86871710662
-1219.83026385171
-172.913361323003
2500.89574860237
-2810.39178672
-679.226369784079
-3717.48076244509
-3575.70835902467
-937.010401612732
-934.561949575855
1065.5410566641
1100.152009572
-2696.40326425464
667.104295550372
-3311.03769712547
1279.53813965024
-3111.97015854106
557.430509969696
3169.03057480658
2505.0865583439
3954.39562274365
2913.18427769538
759.132974891742
23.2508589740555
3086.86521005051
1131.52399140897
1241.38351639846
183.162427465841
-3492.19168726595
-288.978234200301
-2605.22164094537
522.90175662834
-2369.36638584566
-204.675217124264
2458.62627710758
2273.24705364124
848.658576499323
2016.94857878109
3834.30769249769
1511.36313094423
39.2998385526344
-741.160689503412
2918.62709488929
-1490.30509761883
726.776159919646
1648.86051198812
74.1532914318612
-412.003984581417
-870.943665051449
-863.054094383189
1675.49111015734
-1462.38838869034
440.559408671104
-426.218003895061
-4486.70821688389
-1425.8060407338
-588.902012961444
-314.852850435579
-5000.98540221894
-935.497582247681
-1044.81997457608
2291.19245953806
4878.52164782463
2357.36758558083
1198.37897538021
2626.60190255827
1270.97650792651
2427.63287572564
-1122.01150614216
699.32388180607
3265.4806149678
2055.63636285393
-60.3968371690571
2822.51660939176
632.160233947615
4453.12370365455
2694.08157001558
767.129309814877
-2863.6636625459
-3026.87624127102
-901.871371350537
-1150.75487672244
692.744046712034
-627.246189625435
-3608.49309625823
-5947.43323348026
-1532.19813335069
-5346.16288089462
-1558.4380584713
378.646408118492
1047.99421147884
2881.40750119967
3412.51222937752
4463.62799119492
1186.30902439211
3541.58895217311
1896.50597581639
1089.0900186065
-2795.57489364007
-1331.48889250754
1381.24265898728
1393.90743850724
654.521126009468
-133.294567841631
114.875176408557
-434.360556083943
930.029418313447
312.710511039157
1144.55144199362
-499.443084336763
1545.57238568717
25.4394363588049
1845.4249145526
3120.46954953161
-1144.81323205279
-773.72079678196
-3622.06762643467
1703.67533899666
-2390.02164290529
-2509.63697556291
3553.23549790355
-324.722920684512
-2821.8373090415
2681.07933200737
1464.00909495604
-899.980796992899
-1087.86625365255
-4033.86888201501
-815.872725581042
1948.22363108959
-85.2375580545459
-2483.20549037845
-1999.99600521923
-658.119796509239
-790.592269170964
1107.96361282277
-549.624172690514
-2142.1412432934
-4490.68083124899
-2564.48159565157
1185.30968956537
762.225803238186
1714.19303557028
-818.37506619969
-1182.0760918006
2330.00339211236
458.995900627959
4195.25064466464
347.695822167295
-235.798349990381
-229.411953432703
2560.61676939194
1431.08160971801
2599.97786237808
1699.9061683678
1030.79882828934
911.738360231394
607.009526734061
-1006.3085976395
1520.37145988068
-3072.53521367207
2609.17954208666
4079.6286675368
-2859.25661624709
-2903.05640520603
1739.99944143325
-2007.90505660271
3962.00248503207
3605.75071295764
613.13668404629
-850.486332106054
-407.388396278278
2163.5835497558
5932.52424598131
4727.38637321253
2465.69224183204
5155.34721508164
-3661.9769763279
1686.88732285081
1023.163245253
3384.49651526126
-102.376712037864
649.471573181719
-4027.42605300531
-751.662632494798
-756.640533850535
-2683.47307872933
-1987.88672050429
40.8339288487686
-1272.75272665543
109.907338640699
-2235.9173120749
2292.49003147982
2205.90495073268
69.8152956810117
2638.0158106072
4966.30577543257
-1668.156914616
3095.7979816286
-661.747175320913
1197.58909096349
-1234.71719714687
246.907981391039
2224.38061040843
-4428.86151854016
1215.12638993984
719.234891257338
-376.360186272517
2462.63815958317
1611.19275821928
-1832.09822090045
-3402.54772728738
-5572.96121372914
-8121.49348046282
-4524.24646989216
-554.160508246466
-2930.8565452712
985.948245551743
-3099.38267813976
-3075.66973407929
-3456.87936343211
-2160.62969267887
406.370363149329
1695.12822169023
-1426.54498199095
-2737.06512742046
259.628264687126
768.246283393735
1435.24012599391
1581.61312366233
1447.75693619925
2796.74903693784
6034.26947564113
4179.98865037464
2912.2336378857
2121.47615168409
-316.112275530995
1946.45906437403
-333.174561124537
-1104.4490477372
-2.92847195199727
-951.213494554955
1430.95018772329
453.029123031564
2188.20666301327
1152.47479556571
-2291.04171678213
-5939.63791016004
-219.51608007494
-4943.69023993694
3043.47622126273
-4843.93718596099
1524.48345606994
-1326.49091104292
-5939.73275022574
-1811.25115455701
-1589.42605317179
314.374278699226
-384.602658849413
4126.00699827448
3659.12497164786
450.234565748531
-3032.26102474323
-4115.14099723422
-6814.22242325139
-366.16854595462
6153.04193679566
2805.08927868171
6156.1976982172
5420.55351542007
1580.52476492589
2035.23902012093
-243.862810534562
358.76300696959
-2397.23360289528
-928.828128174886
-2316.71763517672
801.658464365046
-2697.06852677803
-3710.20723623981
-2665.75207837844
2063.82995759811
-101.955142099138
-2104.62422785342
-622.404062348584
-4494.18971529089
4849.93713430446
4029.19610977164
2552.36770934774
2490.74972857419
2931.07526627277
4401.52899533885
3641.07170124902
5622.97749562297
3617.79598483009
2852.69233943572
3482.61735783097
3419.92059002643
1024.60169462379
7088.02924100022
5318.21139261826
869.671001659864
-3664.73346058192
-2574.59002047017
-5322.21317768913
-4330.68096527621
-1278.0492568392
-2352.63515605227
-415.644395898374
1205.32875391883
662.557519410537
295.711823327853
-2267.58554710874
-4561.56814408928
760.839717219359
-3225.61912592182
-4583.78167779675
-5771.99662230947
-5615.44494386862
-1823.45021048251
-792.163514568068
-759.468105041738
-1034.39009339637
3611.15413502615
3054.24437262534
5339.92462846491
8290.79941453661
3873.81671260174
7762.5442813849
4886.05918223366
1401.0007590688
2373.63611603954
417.060864392958
1597.48940689635
1664.75105807623
1502.53848370035
-347.919972159008
-484.380160056546
-333.170025634082
1907.41240429548
-679.236786292862
1508.20043381627
-2177.57022794033
-3866.48035965604
964.04089628664
-1388.24666057798
-2908.73691251122
-3544.31173686228
-2028.05829925169
-4310.42105991647
-4941.80335640198
-3752.22445632763
-2528.91693282111
-1791.0512508463
-309.127342881229
1659.07879744812
-2584.64531998217
-3797.67677019704
-1872.69671887704
-1012.33644128301
-2767.12434154115
-4710.1327371622
-1933.48069177042
189.870808579709
3579.8642199871
1349.4016686152
476.947199197057
