192
58
34
-2
-48
-198
-108
-172
-177
-170
-217
-108
-67
-226
-190
3
-90
-256
-278
-395
41
-326
-167
-64
-50
37
81
112
311
428
61
124
66
91
64
123
-31
-79
-287
-378
-245
-414
-126
-469
91
-218
-459
40
461
440
553
235
431
282
118
-22
-116
-13
-103
-164
-172
-30
-88
-80
-271
-165
-259
-58
121
46
21
79
278
476
571
84
350
-82
1
-32
-206
-264
-143
-246
-87
-387
-181
-262
-137
49
38
92
-42
-154
13
167
376
720
766
681
325
315
22
-401
-295
-624
-492
-565
-649
-102
73
349
374
125
61
93
178
188
70
311
371
295
179
80
250
58
-112
-70
-354
-540
-507
-779
-569
-548
-447
-283
-149
-23
42
137
205
298
365
502
473
432
492
507
278
112
1
-99
-152
-110
-82
-172
-374
-165
-438
-394
-437
-579
-380
-381
-308
-203
-18
-130
-17
111
214
497
215
288
37
-5
141
101
119
159
201
255
283
386
402
314
240
339
297
165
114
19
64
-1
-75
-22
-197
-255
-168
-229
-268
-325
-201
-176
-114
-112
0
42
250
200
145
-13
-70
-161
-106
-179
-196
-365
-378
-392
-418
-394
-348
-351
-179
5
285
508
346
589
345
309
213
170
113
-4
-13
93
51
97
-51
-59
92
329
237
250
33
-48
-20
-118
-172
-66
-157
-133
-272
-320
-249
-159
-75
-26
65
167
137
195
91
37
-12
-19
155
97
117
75
55
128
77
-384
-234
-258
-225
-98
-122
-46
-141
-204
-150
-82
77
78
145
358
341
326
299
168
146
70
-2
-133
-156
-181
61
38
-136
-29
-263
-204
-150
103
106
250
166
255
216
226
165
56
108
58
46
-25
-40
-31
-52
-149
-195
-269
-150
-291
-371
-334
-299
-301
-208
-119
-186
-92
-18
293
228
239
202
151
182
113
144
85
121
29
135
39
152
29
214
125
119
-21
49
-34
49
-38
73
-39
-139
-227
-264
-249
-12
-39
118
-58
29
20
259
216
201
17
114
-99
-292
-360
-447
-373
-483
-311
-95
302
221
138
-116
-244
-134
-131
-17
-1
90
316
-32
171
115
320
251
302
380
262
255
372
263
253
124
-74
-179
-213
-364
-312
-275
-210
-213
-48
-95
-162
-3
118
146
424
176
258
327
331
258
96
238
151
190
125
245
119
204
67
41
-103
10
-200
-109
-173
-115
-195
-76
-221
-143
-221
-175
-348
-200
-259
-178
-108
-106
22
-35
118
71
112
173
45
-32
21
-57
0
28
18
51
107
182
150
91
1
-6
73
-65
-53
-153
-45
-108
-109
-259
-221
-331
-212
-89
-102
-83
-47
136
259
245
223
101
-100
-331
-229
-434
263
-296
-624
-394
-260
456
6
814
286
745
544
272
154
12
-28
186
93
216
271
416
551
565
494
435
283
220
103
119
108
35
-57
-135
-260
-257
-368
-366
-314
-197
-202
-129
21
-398
-124
-238
-126
-217
-110
-6
-143
-181
-302
-345
-455
-601
-562
-296
-187
208
242
296
305
410
268
477
238
519
365
449
419
356
341
230
87
16
-104
10
-8
-126
7
-65
-80
-99
-318
66
-125
-134
-199
-155
-543
-408
-482
-517
-488
-362
-149
79
328
79
48
134
18
131
61
253
324
188
541
318
373
402
470
412
434
356
356
208
203
-38
57
-134
-341
-312
-199
-128
-354
-110
-510
-334
-313
-157
-102
112
212
461
428
425
370
537
-174
30
-226
-25
-269
-55
-3
-103
-101
-133
62
42
-10
21
45
-10
7
160
-5
136
-2
-174
-672
-690
-716
-276
-158
244
707
769
371
273
515
228
359
-70
-141
-187
47
-245
256
70
498
154
273
299
262
355
198
332
320
58
212
58
150
102
-26
-324
-216
-126
-141
-596
-438
-523
-327
-316
-221
-159
-144
-255
-48
-119
70
-91
37
229
97
93
-26
170
88
59
22
-23
22
198
117
74
275
155
271
240
105
52
-132
-55
-51
49
142
161
206
309
196
264
109
101
17
-47
-50
-57
17
49
-18
-60
-57
-121
-234
-240
-102
-78
-24
-128
-89
47
92
145
266
246
187
118
-9
-14
-136
-65
21
-46
2
-102
-167
135
-181
149
266
58
313
269
249
184
180
379
130
379
-11
93
74
-192
-93
-141
-234
23
-89
-100
-79
-57
86
-22
-71
-93
-90
-3
112
172
362
499
419
506
213
179
-2
232
314
216
81
163
-61
-89
-323
-239
-451
-462
-453
-394
-477
-504
-176
-69
155
225
507
476
209
296
309
186
134
253
338
85
300
118
-147
42
-178
-181
-16
-185
-111
-118
87
14
110
103
-14
-69
28
-1
9
-77
-125
124
270
372
185
254
213
204
115
96
60
50
211
155
-50
40
-132
0
-86
14
8
63
-231
-241
-388
-185
-73
-8
-60
221
392
290
85
1
159
43
37
56
141
112
-81
126
147
360
64
61
-33
-46
5
26
58
214
111
183
198
268
251
235
216
164
57
-119
-250
-589
-676
-632
-616
-366
-167
146
303
417
340
230
261
381
279
331
134
138
361
323
425
400
233
411
107
350
-51
123
-283
-200
-249
-215
-163
20
73
176
137
138
45
63
-41
-60
-130
-119
-259
-312
-425
-353
-242
-227
-360
-58
-422
40
-129
7
133
223
-96
202
-43
86
142
271
291
347
557
450
513
378
335
408
172
64
-104
78
72
108
-30
-153
-133
-186
-252
-103
-19
74
4
166
203
285
243
277
146
61
-69
-203
-256
-173
-240
-280
-291
-433
-576
-412
-380
-242
-66
68
137
239
52
198
133
321
136
157
157
136
147
298
167
172
171
47
160
146
117
120
113
147
50
98
122
151
0
-103
-153
-185
-220
-317
-395
-333
-409
-160
-57
-10
-176
-57
-183
-223
-181
-28
-204
24
159
25
39
114
391
387
357
588
364
368
225
214
178
-34
-45
-108
-81
-368
-190
-195
-121
123
236
89
150
129
172
166
34
78
61
74
93
39
71
28
164
12
176
355
284
589
154
365
120
136
272
196
0
-70
-277
-207
-249
-191
-266
-245
-238
-318
-324
-275
-328
-324
-288
-169
-309
-200
-426
-287
-200
106
249
367
607
373
414
482
451
349
563
277
195
-8
26
22
31
129
115
197
105
183
84
197
64
22
18
-86
-20
-2
79
39
49
-104
63
-95
-218
-162
-291
-186
-219
-84
-120
-207
-313
-308
-346
-97
-237
-181
-58
-88
-122
42
98
221
206
413
467
584
530
578
433
324
219
81
51
-42
-222
-415
-554
-580
-617
-872
-790
-638
-265
-132
-173
332
171
637
887
779
754
734
659
571
433
352
99
114
-206
-128
-276
-99
-226
-173
-194
74
-32
-53
-77
-90
204
224
510
220
129
169
-19
-57
-235
-73
-161
-205
-89
-80
-34
18
-82
75
-92
-67
-102
-62
-128
-108
-217
-230
-204
-73
-37
115
91
-3
-188
-191
-504
-422
-220
-185
-180
-54
-187
91
-9
26
51
17
153
157
208
312
246
355
167
456
348
241
236
362
378
239
169
149
162
241
296
386
154
58
-153
-30
-159
-336
-334
-354
-356
-128
-98
40
50
-37
10
44
50
46
-18
66
-86
38
-10
39
40
58
43
71
-17
35
-94
-67
33
154
8
-75
-114
-3
-248
-84
-147
-27
-79
138
48
212
60
138
45
90
-3
-78
-244
-175
-288
-348
-349
-418
-298
-342
-65
226
373
441
348
540
487
449
425
107
-130
-109
-184
-158
-17
-243
119
-40
282
93
249
235
138
-31
147
-5
18
-38
26
-81
2
-20
94
118
88
28
-60
-101
-169
-274
-171
-170
-179
-27
48
27
81
97
119
58
-59
-74
46
167
237
183
202
297
295
389
231
192
46
-63
-35
-69
-180
3
-211
-274
-410
-611
-482
-696
-467
-315
25
130
267
67
4
-28
42
-5
-138
-682
-575
-611
-16
141
669
563
622
613
734
530
193
243
130
30
-109
-205
-272
41
-2
58
73
233
251
270
226
308
153
140
112
-44
-17
96
-59
126.078233227955
-12.5200092756618
-7.13122381167015
92.6584197192781
41.4688226828983
-66.0574683869197
64.0479209765632
13.2612228237304
90.7551985110442
11.1840617196022
53.1378700486457
-33.4014264842988
94.9270873598665
36.7001778921671
-5.02490120585621
41.8692428745615
-19.7890853123623
25.9476632519139
-115.181963098784
28.8019732518309
-41.6749379144676
-50.6886818428844
68.1110323832812
8.14737810220224
21.6251533399067
4.85219837097473
-10.215698058664
75.8095427960416
77.6682923280754
-38.8870366120983
63.7421985251203
-48.4280750236693
73.2629740080935
-44.4732368186871
86.3428610437496
-12.5575179584993
44.5664564161186
7.12289692612687
49.0639554500463
53.7883026255374
21.6196009241647
48.1127103806298
61.8458674950149
-40.2304315769475
-11.3010191406806
-24.2280700138316
39.2984041144111
25.2723727429268
60.1358344189983
-52.3699042775752
86.1690276069875
1.69979727011483
80.884119901884
35.5717783534121
-17.6600368628825
31.2313461700684
25.6781667843554
-10.3672429676043
-27.8403349025449
-6.73624675702758
21.5961619400135
59.7635470720834
36.480592005119
105.73899785874
66.0616334544995
-57.7633896414819
32.3770367784316
20.5797564470677
9.79883481678182
-49.917400014
-12.7052472987361
30.6382707218694
39.5214836000939
-12.6182024909335
33.0738670454417
-25.6414432127587
46.8543440899197
104.336800919191
34.2515581256781
34.1117547148826
109.893768638463
18.250695821798
34.1034248618908
77.9139774378991
-0.150592715821777
84.6054378547474
-16.6317044057166
27.8229648314946
70.4728457937957
21.1828933837073
68.7618344611981
52.462924909664
-16.1826222379821
74.8737496007281
61.9869738535185
161.064421166183
32.6514523965145
-98.491890041245
-131.821399148494
-198
