-527.276782445771
2922.90410250581
-1097.85309571412
-986.489354219166
-450.403926555405
550.673312002746
-262.036646612062
-2807.87365840505
-3939.25013499477
-2042.22458548087
-1230.22865464294
-2049.94754194957
767.367313333709
-85.0885265321511
-1280.68771898469
-1663.90940232893
1519.5958731717
93.4378059497776
1384.25790182737
763.595793764693
788.212197699209
-745.101062642713
720.109762404511
1532.82359310948
-1573.53323517575
-2463.74900732979
-2147.92347231744
1174.82483855017
696.619156716692
-641.639296946018
-2874.35113743055
-745.882593039019
910.883673953529
1882.98896017451
1048.39092994046
769.260853049239
2750.61720168583
2095.14251697956
-663.631621519485
-326.335447632402
-117.206502702021
-136.722696690288
-2225.57620312788
-1071.80201147862
-2145.95722146559
-1801.1376008884
-1506.81412508207
734.672216887067
-842.889233743428
162.770753344766
-810.162092776304
-2252.28405696833
-1299.89481673079
929.018584420377
-1490.71255672036
-1832.48821227201
1153.48199532609
-266.987407671986
1264.38681228187
112.565409041813
-459.997172468262
-564.461462274938
451.41032605117
-449.763726286876
2473.99292120543
-486.293833240662
297.000425824917
2139.69244350151
-2118.92588481912
-3795.56441724534
1583.79695612888
-855.659115585281
455.490313556724
-2313.00975241831
562.27402954887
1062.87706196038
359.339115193187
-39.8502096056707
304.338006496574
1068.90022170602
-144.918824320411
1158.15912000611
-462.181952633067
616.82337098941
-1436.83889983023
119.469140221011
235.297441410159
1398.76810749688
-1872.51070238335
-275.161559782004
-1115.12680622511
-167.641573419213
883.41335572362
-1647.44224172545
1153.84834123292
-359.02278012299
2868.55064483241
-772.231220430826
743.29871351035
270.818331892781
-404.287096869812
623.809994181835
152.773287696211
732.3107847626
-1278.1849631412
-1073.85308302887
-1177.21402721181
-55.9692235038601
18.4751956465878
-683.594581494046
310.710838982719
2714.98027422221
1141.83148996589
2267.29718377616
1796.17465794185
-1781.16261125978
2879.30113562945
712.528501759648
1264.76800085868
129.313338330293
986.269422107829
-374.941271285788
602.645505049722
2506.98579649585
-812.536601101355
-1556.36110700008
1126.51706689142
-962.597517750434
186.97761319387
-428.904754803954
32.5057393032685
-1533.39396990127
-939.946491475313
-585.187157793685
-1145.40540729481
-1558.25905381033
-853.98423636145
-76.5364887403805
-1449.2802111663
453.273902679946
2679.70034949845
-68.9208598560234
1707.86693047486
1316.1236425732
-434.20768008102
1335.13935244926
-1501.50460244589
1025.95977807123
798.096980599232
823.884280186761
2102.63593162715
167.837020855565
1389.59596827701
-587.197562723783
1274.02248150158
191.941327840485
-1191.30664849169
-751.513172568903
268.309489207209
-1782.64266979842
1025.28656540018
20.8039168594108
-449.033434829867
909.408563870609
1760.89744335883
240.306427311037
1256.29930567663
1167.83337042938
598.040478444131
-2196.39330404492
2514.11871060306
-1508.04135357901
541.918806315367
-1023.07967208536
224.381203039945
1171.80572906147
2051.86698205281
2712.0479861667
1711.13166536041
-483.743357965411
1568.99683555542
1149.93967808337
-631.736849632446
-582.063267093738
-1052.28617361342
61.9365936459492
457.121974765631
-821.363742233305
-3036.7324489777
13.1330615029208
-590.027493252208
-1802.92285545813
-2533.39967278926
-1158.19633995823
-1874.81839425076
1411.44187472455
1926.0873145642
149.213087184653
-3316.78775119225
-2223.40622197623
-2282.05331152866
21.0979209545188
300.794387925762
355.01465084699
-660.452555705796
-2844.13565200638
-1066.88365892641
-874.12215513821
112.616037534983
805.805800682049
829.890282419756
1125.75751392154
-304.350699848626
-254.101651385704
341.568643598055
-326.188820813767
2409.09150086658
-738.923626706158
1111.89454180642
2318.89178193868
1875.61706094283
-673.9704168555
1152.47783782443
586.570858202859
912.582259221515
1655.54880728905
1231.22747368098
2616.39512941409
1429.72786663193
-1020.89983470108
1701.60539058643
-959.083788910691
3590.58901279496
1423.36553231436
964.340187373809
1386.16050128715
0.126820693053048
541.348995765216
-2592.53311125713
-4682.81476163589
-2151.84158008799
-3432.77284914108
-2985.22975973758
2065.28405402154
2356.69371848832
2211.82553194713
866.513300753226
593.299329288107
-3163.55871308778
-1751.56953490098
-1637.34693729244
869.519060240999
1981.47979225163
3177.59991791843
1085.79119655542
1118.27476391606
2458.81981813306
-266.806135370367
4309.21762536745
3982.02788800724
1830.49964269618
1307.77467865475
67.3497634645466
-1004.88721805134
1100.7667048843
3573.20655730148
1524.91608626588
377.115825207506
2211.10121263851
1760.97667198245
3877.51579310323
-929.375803279091
-190.448668245073
-3698.13534420379
-1120.68732113767
-5484.80040170436
-1387.29183119144
-2818.52506698606
-3532.00133820345
1062.40531473461
-1550.33945584587
-84.98709908917
1550.5739644136
1280.83489554331
98.5783117363131
724.729353296308
-917.828879317741
-780.797649732736
-1048.3546107729
-188.128494747815
837.837544645179
-2760.23423826372
-1718.93965945338
-1529.19912161547
-2586.81087726847
-1591.34859508975
-1052.60531542062
-1005.0676959245
-411.834490751172
-1830.69450064719
-2331.97895205885
-1457.30934736501
-1025.69020776589
-206.758421061372
-426.938860823184
-989.852956994772
-684.816331330339
1307.22919906252
1967.0033395621
-703.437424760831
-674.833769452763
-376.32820899205
3257.18641415814
2375.67630291607
624.559092661061
1540.78487861821
835.30021960005
1493.90839001565
310.650768137188
273.737742308995
-1162.64682678975
105.693671417065
1989.28284647592
-2979.35197354143
589.068043507699
-931.696815312751
-1362.34960830733
958.951033006939
203.486916989603
-1875.2169441917
-1479.77561587139
307.692784877574
0.974094584857625
1853.58703039574
118.597475319983
2021.05699458604
106.892545951422
-426.084433390284
-1393.21368950841
100.803590843709
-1274.82701335095
440.02823711788
-507.533921924069
-857.474442567396
-63.8030403755736
-4594.05298918025
-5454.46955914695
-1413.20644141983
3499.36616662571
2021.97178597177
1349.26438190466
500.52555383107
753.002408836784
2059.5326990788
1849.08202532881
402.228544808111
2115.55904413495
3443.893651598
1446.36809183702
3254.58742299891
-641.17698156782
-686.438948289063
1249.81714916881
-451.296833949839
-451.065347792363
-71.4354481195314
-1519.19136375324
432.430358849854
-1589.49212667611
1222.95964822065
1182.47596282311
-51.5156899533446
2481.80486957046
1550.35493409449
1566.09801223063
-1112.28296382224
1244.24471589752
-376.781196954361
681.36501064661
605.907598187168
-86.7482987296852
1335.58309672476
913.213394398684
-1662.58258331961
1730.23818325713
-856.839797657416
372.724866809694
1557.36151193066
1548.24545792751
-623.439051327392
-119.667640607711
1229.67910667834
-1975.90981833846
209.924668914522
1368.5048532426
207.347304758239
-2236.34508895391
726.702294494371
-286.129591294399
973.839145765601
-444.283735942165
-4140.7456089686
-1494.68930540356
-610.860681783631
-1832.57308289531
2148.70365292852
826.133835017841
1692.58834489366
-294.170908454203
738.354154697995
1857.52305713454
456.601838989525
2146.85323449166
1905.24027353193
-1275.89126921191
879.474292275576
1712.34019555933
1113.15444245278
-231.853714320081
3441.83885583247
-2007.28451324783
646.257815400365
82.075429487497
-290.562567793354
-230.867892164939
871.738539635973
480.348747282565
-1011.63934783944
460.577876001864
-1397.00749865886
-343.534563471282
154.567974631257
-1754.32802351506
-3334.07676549338
-570.669331119434
1236.08311848163
-1299.75507019306
-1261.9330340911
-1172.21275386646
-2280.96468131347
-998.269830664793
-1548.35952328193
-4959.77863472507
-6064.13600060688
-7295.92244191833
-4950.05095712294
1340.13950094584
2368.1649834973
5260.32024582774
366.946350470518
2068.60907010737
2569.18546125179
-207.204757851451
864.224595207937
247.18029101332
-310.808210017013
3616.58036342149
2079.2622030584
4021.18599388616
4535.56512272744
1422.31180344511
3373.71120997791
234.407195047159
-2446.67624830638
-1293.90890714781
-1659.47674747025
-3940.37557703398
-4340.35867531778
-1800.32396325652
230.831137894755
654.901948457451
-1261.16573232775
-1473.41335010028
347.859230318253
2994.64487226341
-866.462772708659
191.11380195583
461.255735556775
2841.0961222
2000.76452665295
-1019.01682672569
984.41688060218
773.201733328133
769.893100669476
-566.77678360746
1515.27509894654
-1713.64233572023
975.968033331072
2539.56508192662
2469.94850013535
2951.45433545617
1436.71997784392
1756.78782851918
-585.928401572036
895.81403425343
-942.598639554941
806.351046612726
697.652549167067
2926.64930791399
-392.644594946364
338.328513463064
367.705724294843
-610.429245115348
463.662891471654
1446.05533113195
1223.46884456426
2399.97468864205
253.810202961587
-452.131770441591
-1307.50788817152
415.625677582008
-360.868584123383
-4550.47223236258
-6689.0190540804
-6716.31067677267
-5287.54406727689
-7188.25881776359
-9146.51681359218
-8064.23777789002
-1819.18077396079
-2147.43941691205
-271.055708370303
3046.09410634498
528.295432000894
-110.803945720299
-1963.82105790939
-1547.14055837766
2966.4125237715
5801.35552331183
3779.81299771774
1762.38169022827
1378.76134993221
298.3655819137
3128.17689663919
7729.2169342405
6669.18882619807
5009.01515823471
5066.028893517
5150.80570437285
305.26827386336
3456.08351143306
3231.90711061316
3793.09680909383
3138.66627281706
1112.88216250451
1694.8103741099
-552.541922430849
-97.5809712152191
-259.305349560446
-3416.42285393344
1412.01545222988
1577.54357983362
668.477613602765
-3431.22703703323
-1461.80602114061
-3113.12404430822
-1153.22159722212
-2217.11184005314
-2238.39142790098
45.9486117981446
1130.18939310223
1847.61370970808
-16.7653130285154
4948.26119996359
2005.74622701958
275.638676635226
1097.63534038559
837.562177214388
1478.24266788717
1209.7273751406
725.719951937433
675.0554664144
2640.35436754849
-96.0835810098026
-1209.09573353537
-808.726684277048
-3223.02198056256
-6393.53103620547
-2184.29953050639
-801.816010860607
-630.772376538795
1414.13045992094
-1203.8412806626
-1264.97446656007
-2781.67576189764
829.088843981849
-444.06829585311
1093.14560327913
-1422.46909198673
-1364.38024848164
-384.176768717727
-735.46562330479
-1481.68819577351
1471.49153180887
3337.17364861864
-511.672762994546
-1160.57828688363
-1273.62893136881
519.270730049582
-959.863026083326
872.729473248436
-89.7748549285706
-2459.73272364542
-1779.73105986662
-832.603018803384
23.2989421112986
-2501.29752028288
-2697.22671687229
-919.291127404389
-1905.41844069487
1878.74540346027
2610.26008554486
1814.15557290063
539.671816447937
1042.83974834536
936.249644619076
310.349190239015
-757.58686635374
-2377.01346913518
-1615.54932831088
-345.08139831005
-406.873022057529
516.752618321992
1742.01810115929
4172.42673318855
3774.28180717699
2128.67071138091
3261.67690621396
1194.99537061999
1447.98150544936
38.3597438527631
344.567823500794
-946.018220770209
-1058.93761067481
-1715.35273408411
661.875739158733
-1476.08034824637
-2081.2700991588
-3878.30213058116
-1596.71597825343
-5452.44121872041
-6822.51466352331
1842.29275621079
-1240.69359603272
1161.56655571884
1193.45086049685
3718.41698568376
1506.43255589509
1116.58137915744
981.879743561472
1020.45131834156
2533.36104275083
-90.9581631457512
802.393542766781
-280.47376643096
-786.34557746049
1592.07466318945
2180.70490375534
1470.29225153842
-1878.05258460882
1701.41727324875
-100.88064201807
-616.050703452504
421.73808897363
231.177697534075
-484.689260867286
-3533.31384855339
-1665.22800598071
-4618.42424230843
-7557.00850208157
-6197.26561618697
-3751.36588407237
3096.85780903442
2417.36146963907
3568.88276516143
2630.21983229307
3254.50277746271
2107.13351919764
4573.5228018182
2112.09626538078
3402.23614183993
1448.39705995158
1858.38074089413
-639.185474762699
4021.12201867258
1487.45652695994
91.4242315590304
-1500.61280848173
949.63617709969
-2673.27309313054
807.825079656152
3634.11150732782
1941.83771900063
-33.388062289952
2878.97251829292
572.82298294071
363.563230633452
384.129769005695
-1139.98614594344
6.22046771233829
1456.21335302683
172.550504414281
710.010983546413
1146.76447388613
-2206.82085730128
857.89388576122
-1022.34641993378
-1783.03824987628
-544.475063024411
-3698.86408485622
-4003.86178552651
-5180.00120517589
-4205.20872313522
-3575.08200633977
-5093.10325684123
1745.38190906829
2445.75631365581
1725.44517708607
6314.44800063273
3327.87452939946
4520.64087723601
-335.312687949986
178.546388159129
710.488965183563
1331.52953242526
2995.83379832961
3611.03909709268
1813.94342387656
83.5784193234244
949.092994818619
1894.21008077732
2606.4365217983
2043.86570632726
2563.02697782156
129.245841113913
2420.73847719324
951.533569556333
-590.923421880032
532.320239869268
159.197996748208
-840.221218856046
-1051.9557263871
786.340065085352
-2432.38572741122
-350.663765121204
-3975.77380063944
-3877.88329366015
1839.74133546119
-2290.73492910727
-5625.2479250392
-7252.06251029708
-2191.93896163791
255.393699090932
-598.725552156269
-636.530250493049
5935.62629215031
-194.073388259782
3167.1029400672
-1614.97571753841
-599.145446711797
-1003.22669649259
-1524.83957346828
-2726.56734084634
-1477.82073869989
690.591283894455
604.338275133908
-150.138470773376
3816.26963643518
-1129.06175115841
-1651.13637414475
2868.97231874538
1394.39492807427
1934.36201737938
-1746.28810111266
-270.988429853681
1327.21842834252
1310.43582394077
3547.69519389301
2290.06931919823
3667.43847886064
2318.91932041986
1597.93511882012
2622.17100293016
2896.39344507999
709.397999528352
447.886083475941
-335.549147126205
1331.76746046171
1047.51347940735
-1261.83157999745
-3605.24338594201
2732.39661750881
1379.08913965599
1154.33030256272
3366.08830871863
3278.56038495436
3160.31829972604
-1279.37415886227
620.728019618337
536.607571119098
583.790939353615
-1148.53518904135
-1344.76741002369
691.956119220909
-1223.16012001391
-1884.55977356159
-3174.72808545983
-6860.73502504186
-4638.89193719834
-865.199888688871
1060.5041418095
2869.58639657334
-2068.81629173111
12.2704381453586
-1063.49080131757
1078.58301677251
-1216.55584877943
-3623.98968455009
-3327.52577947861
-2319.56886605954
-3026.59452118391
-920.453920984304
-2949.245116627
1097.65844973997
-465.745626022287
-520.139332088047
-4004.36003617545
-757.243935487873
-578.842490565085
1429.32552491309
976.605026747985
-412.014350108374
-3020.78997939389
2368.81207039775
-3688.01637675128
-5210.67885566363
1809.41666623775
-1199.99246754284
-914.503645964599
-1148.18426145842
-2974.80661546236
3651.69289936342
5551.67199983009
2571.88586268228
5401.33319682613
325.847907573172
-1428.55423768901
955.376747135405
-2008.60185131742
618.348397056285
-4086.52135516207
2972.57074556831
-915.345420661658
5874.06642888267
2692.17468658149
2639.66250954421
2415.92487822321
678.769378146827
5389.9707154549
7617.95534304688
5302.69881443376
3620.20682042597
1582.3425265608
-882.804299914902
1030.38123932862
732.491358550276
-2561.05422153596
-980.80335634856
-3205.33343812404
-3107.70737348741
-387.968761017645
1535.18760554056
-1458.63272499376
-2344.60039595676
-4887.70792935403
-2832.65954061947
-2577.69918952854
-4550.35423487091
-5480.74692067163
-2381.69597366961
-2421.61159759808
-166.666196870216
-3543.90035271776
2559.90714254522
628.660773331774
-1076.57721853644
-3199.05046162663
698.139420593386
2042.72155045721
1598.38170220807
2907.02047430561
6338.20695896789
6789.9285085633
1034.63429843042
2400.15252111017
2090.01149246329
-144.397476170179
852.808422923875
-1777.6046944227
-2145.10112264235
3031.21524798932
3608.28286504453
-16.5137458584287
-1633.3036569335
-1001.98518908235
747.430419553452
1417.17380275838
531.632191573951
-583.822174903805
161.246304421805
765.10110188649
1014.50193922882
209.984736255473
-2146.89463500938
841.595743612624
-1292.77401050839
2753.65991395749
-339.147407956476
809.959869018908
1099.63000144682
6247.36419933819
142.656969388341
5701.51436828931
1143.81939010096
143.468389577836
304.195726607474
2493.76024393142
311.779047274784
1228.73906020379
-990.578255779214
-3582.72903279798
-2119.18910115078
-4013.56128792999
-9353.35069949299
-8386.08474024124
-3188.34140144324
243.495754898261
-7193.04766899551
-4743.84279448392
-4077.88893097497
-5393.32386549583
-6349.33613642161
-6195.50618825678
-6043.6523995245
-2945.79065297273
4754.15547893845
3610.75695823596
1194.38329380983
1837.26047070623
3641.80290376172
2871.65579905021
1362.15479348104
1455.58501038174
-412.59895535566
895.416376764525
6002.49506103931
5013.90413789168
4509.96785176193
6430.895408639
4609.84582302807
2818.70870902509
1758.92035868168
2762.51521270108
3918.33231048431
4823.92793301429
4426.90270662724
1972.32038688892
-1714.56230001952
1368.27558773368
779.918766829558
3423.8973965796
-318.471844397698
-1310.94455152917
246.748101484132
-74.1574968605538
375.328140636393
-496.945364862953
4676.23975687043
3228.45540807785
399.395213050823
1102.6563785027
595.534906543672
-1381.19994421069
655.635759116447
-690.400020133589
-2271.95934665141
-533.976150379099
2068.68853248566
-1607.85460452744
-1319.65960876758
60.6204667436647
1128.34736088391
907.92732097478
-8552.43808851469
-8080.82164734057
-8478.24986759905
-9776.53488936884
-4844.37867743748
-601.187238483551
46.3415255793518
-1131.05185850418
505.644763090663
-2862.22679031451
3103.96729144476
6048.58844677813
2709.71260123074
926.384797034934
1345.24145941421
-3190.92375031028
-7971.42837122056
846.619496061359
2391.5173299477
893.726393945295
-3939.44903128353
-1806.38124166849
1215.77834563995
-215.320357203753
1481.32925244351
-385.087754989818
3118.90969116633
835.369073098264
412.174167142566
-710.549858536874
-5016.23667168996
-3706.45135814231
2050.92303488634
4448.96071722123
2606.11209765528
3434.31113688263
2431.08911592183
2249.65952699612
1924.85995277917
1667.75208033477
2537.265043959
306.276453349637
711.756830282786
-3944.02960870914
-83.0925850675528
983.551960118188
1059.65536088133
1509.92427206973
226.430204103758
2786.21309998992
1488.18566929454
-2289.1846110627
-519.181105230731
1328.90884944753
-795.519383170279
1823.80664248474
988.827262321005
-133.635235064884
3569.86283296691
1004.88518726994
-329.276552392554
-898.46285121449
-1305.42825785636
1124.10505284941
-266.959968621848
-401.004768324365
1313.38111791536
1165.85066000642
-4753.03022860879
1239.20341322283
-1827.68763354182
-2615.99849343397
-2758.03984098518
-3315.47171946838
-3399.91427466453
-2057.63649735564
-2030.99188262777
-3907.99500077844
-1811.32264647227
-68.1829085064946
482.205253502935
-1388.91273893261
-1764.16931425749
495.429173018238
-514.475682798892
-1009.16736251745
628.200096182986
375.517069550608
-626.317881605821
-1217.83695355794
-151.341295026342
2809.25323760063
-1072.9635967601
-1158.42143511755
1795.90120618615
533.249519350988
1007.54905442383
1443.55629767357
873.188447831614
-79.9210068523541
3661.8148450332
1355.1102274629
1470.51798995715
2866.78537799347
2804.10604059281
2529.28206932736
1084.4076306712
565.886074691987
-2325.4579054501
-782.881025233023
994.02481865634
-318.416436750579
922.216961387819
53.7862434570227
-913.043332330027
-593.493630945702
533.610818715664
1500.86173509568
-948.237581709092
-696.981379295572
789.16364121004
888.037841002864
-1314.09908996581
-1589.8251574436
206.106745790975
-1079.40709345396
136.410365779592
-1393.73392954839
1710.16789262689
283.31141853639
-593.833678248768
-2630.64983959516
-2156.79551711364
-780.679689754817
363.106925492775
-740.423692943204
1298.71239460587
-617.775610261569
1564.57652783372
-433.630437946738
1480.97851802627
854.298277367678
-1946.65896251343
346.9944563203
262.383446274383
1778.6039473238
-1304.54715427927
-1592.78624412579
1872.00240803827
3664.5920031819
1898.12755310834
467.233759247797
1072.99213815363
1794.03682183598
674.253244766659
-2119.64389657171
-3536.59801740483
-1520.39338709724
-2161.74660845993
-1336.12667825133
-2923.80221091253
-839.875300118173
-4426.15858742045
-2545.72205296655
-2831.85436407616
-3263.61674979069
-582.06174380315
-675.994813362228
234.264378631683
-164.896390524447
301.419735682106
2436.98823925792
-797.670286161557
1505.78161952273
1430.99878148186
-229.855509015519
-4109.54937112072
-852.501075657905
-144.211830228696
774.812935948253
3624.3350494438
-3213.02406134256
-1872.23669535451
884.685278776132
-3610.48048219577
522.258402962431
2635.2164590037
3651.86546846088
4106.8959126471
2230.93549601616
4845.5333700387
2640.55551066737
2958.38671218557
-864.595575883768
-4607.00437091018
-4584.82747624332
-1806.15454237953
-1403.49392830399
-200.79877215303
1717.86404197831
1670.58627093339
2317.01215889829
1820.08016103039
677.432392428169
548.051000716097
-2167.2945897808
-4351.71934688724
737.503412147622
-479.050209486762
-216.078181471875
-80.9740949571079
388.948183989044
-3145.1708639155
-192.95488746712
2619.64522921254
5111.20038884361
55.4186920100371
4616.23340748115
3098.67741680428
2343.54388045563
4502.77228895124
3764.38505392919
4099.16715579296
1658.74041725919
2169.09624761536
2320.15330526167
926.580258474035
-18.8856524621882
-2055.6851491995
5.62328222886936
-938.72630747861
2107.30581553939
2152.83648198076
-107.154007530505
-1218.57181572484
-7939.46215906756
-5561.01946296829
-4877.41368696479
-8022.47120250069
-6835.29760550821
-7797.03027595411
-5669.43953450427
-5612.11409874596
-4429.76590108798
-4050.9721537671
-1581.39573010889
-412.673650327991
-559.36922881657
5708.83743158841
5256.35297650695
8868.94737552973
7158.62217140429
4208.41908000269
6078.98427187346
4634.06817405673
4149.47706112338
1446.21356652593
376.432922114406
2763.49839072729
1014.10002738918
2062.64796321508
3067.3563927449
2348.38349563883
1382.91074433702
1356.63611365816
1232.75703773418
-143.573191482187
-179.643644640684
5372.29166197009
4021.82355647624
1730.54074414749
3835.66769824304
2543.4728818428
3553.72448749329
2104.4487755984
1625.04834399136
-6696.72746513666
-7222.99598746151
-7003.84811477538
-7694.35029322203
-5978.44912600899
-8340.49161901879
-1987.84789523203
-447.850611004477
-2013.28237197806
234.299047926705
3448.40357173859
1839.89271586943
3184.31649323103
4259.10758221489
1621.56068729657
2971.02798945023
2477.10263731773
2857.3233307581
1687.27878437994
-1231.78388696461
-251.252915248352
-966.956369515916
-5680.01747250366
-2394.42061559109
-6055.74559171897
-5882.92348885718
-8010.58617676764
-5423.11827832045
-3983.66373044606
-1943.31052627135
-812.998673365719
-75.7171733451175
656.057581997046
2327.67243753201
-433.635547718793
347.136235751475
2498.1026600777
-47.8983303391481
-2205.79448416984
1180.43604598902
924.566589715152
-1442.28819442307
1468.94737655712
1842.03965657387
700.874724658895
2892.70322386362
5014.82210501455
-484.183072389499
2963.71467038852
1430.3673841443
1927.09535947526
3913.97003384001
2751.32258085506
2363.39613829446
2051.63166348866
-374.664666259295
3429.1427749281
3223.76171471564
3016.85041834233
-3808.52094819712
-1875.54001459691
-5340.14745662083
-1559.75441416559
-1917.96497826577
-5553.44943338611
-2554.52623083582
-1931.17378571784
-35.0953099290887
-1103.57278043918
5649.36201433598
-14.692183471212
1446.72480203991
2245.51592909945
2456.48324633706
4164.8091156455
1746.56798992773
5533.71697363791
3895.12015179291
2134.49407780706
2838.58428683197
110.952453162055
2790.9504344927
-316.972361541445
-3834.88445894015
-3397.13094640577
-9237.32704974384
-4313.66121172967
-1012.1011797854
-2643.65461951339
-890.706865284252
576.834359130682
835.139586691986
480.13105164965
1387.92998388403
2666.94245524949
1142.20254329501
-1512.65446586912
1613.67724918279
-1766.99222303505
-496.97520785321
-5426.62942240738
-6371.75983524861
-1358.79210664151
-2034.47046127004
-871.978990752312
-4171.60817478326
4359.59624002515
3524.18278405152
4146.44468081928
4726.922224871
1410.53908871285
-1259.98593648953
-729.599571322194
-743.694022659659
161.471252868297
-321.797936916634
-2775.06505841158
-3165.88548217019
-2299.85641477619
-2033.11834230115
-1026.47529926823
-852.20219666926
1676.0945084663
-1771.68753132467
2108.35943889324
-2981.7270039943
-504.909635969864
-3010.15697426899
-1115.15611138913
226.708391865544
1727.36430775942
2704.56826764697
2290.57503847931
108.869747126968
2437.88733930566
-1013.6424462865
-2308.87019729849
-2814.96208086363
-3567.76622274555
-856.227505614596
-179.127494603532
1926.78691342444
-1326.64960762602
-4914.26930488429
-1755.93086850523
-68.5401909131403
-2093.93563605076
880.014165310956
-4398.4661623073
205.169135757916
1911.95824771731
-1539.08379879712
3172.52841507387
3662.47144553916
1332.97351499995
4287.36066074725
673.827493738209
824.175282135395
188.422236598155
6773.19474406137
3453.30019356313
5614.05511099106
4627.05191700731
4570.39071661283
3453.46300996793
2864.57885727613
-1115.43047067007
-1399.62951285399
-464.808146694367
1886.89611606494
-253.498292057253
2538.79129793991
885.665947910907
-2376.26059004453
-2005.51928241064
-3480.78889408335
-4090.86810734947
-6809.67905814016
-7935.62735753639
-2992.72860302506
-786.096868558049
-1811.83979306942
-2151.52200133208
-3908.12710652182
-222.515158782996
-657.263648149016
2447.84131220978
85.7186392342928
-274.382128207422
-771.420186669295
679.358688019702
1800.00965497125
1238.47466330248
1732.41415246124
-1448.52076473924
1712.58522804368
1984.95010205408
1084.22898632425
-253.194827296807
2802.80789598787
904.919888567786
-4.67080831900518
-4332.21870838193
471.758229632432
-3036.22382229261
1341.80428946974
1063.82619709818
63.7933981548462
1975.34503621584
4798.07134966519
1637.4736255746
53.4475447548391
47.2546599429129
4376.05855946123
2320.64257297472
2640.24198586775
2945.33539246294
1170.54634290043
2964.52690052844
1957.00196366318
576.92487169403
20.5263981468725
1008.75247446203
1452.12004782227
483.046971320499
-1570.84853784764
-1491.13328271726
-1010.54311273196
-897.186185220959
-679.31701417954
1272.7182421119
-31.4998648425787
1050.96076615728
-4125.32927858175
-1840.07642271789
611.59099845616
-1377.84374018324
197.477966908119
410.485728722954
-1523.99459468517
1016.13047029415
1477.44434419978
802.867539149757
3601.75169653949
2172.58579711365
2383.93379177405
451.901847356259
2449.97729299114
672.134858648836
-286.864829028937
-3519.95691437104
-3241.40116783552
-593.055935181339
-3744.21661374059
-2248.10039543948
-2800.43224515551
-4839.60285054842
-3913.20285980558
-5912.88039256026
658.121328595651
-89.206447427785
5073.9479948238
5975.42224658284
3255.3374201553
96.6371901462709
-3.60269468326601
-74.1149811224679
1727.72208172022
210.890759275381
-704.764327789107
1485.45172263731
595.574549133768
684.633153859492
-415.809675246637
-389.441644018984
-65.4439669450786
-1895.75543868109
169.636332950944
1123.47174444138
-20.4631732098424
2975.96515162344
1215.37892644169
1169.35727801023
-114.910114650022
-337.297371275203
1077.48712954426
-783.714834623139
1927.18637200851
-844.44472248622
-1186.19925148866
-355.501078750434
394.747902540566
-222.977512016306
-1587.95843932537
938.892250033074
1469.77490667303
1313.55755529628
299.111513216382
-2191.92123893125
-1345.39009069359
400.358633559903
-2189.73642809768
-1883.75821982788
824.64008661244
-553.236335083904
98.2691464071152
1110.78464867866
296.986519385711
-151.317831191601
229.168882565449
-1275.374755955
1171.51670321002
725.963261119712
1277.54677562885
582.824961305551
578.983054049646
2035.1130973037
-653.686845971844
769.581936821284
1858.99048992256
-143.791133029681
1133.72169925468
1282.73804411544
263.238187393515
40.1031532197736
88.9542855606539
1001.87173209708
209.726632412221
-936.389472084921
-233.426112380317
2998.78501116915
