-978.953022175771
-907.012344285073
34.6001604285612
-414.678507679927
154.59790244255
1370.46950842129
-149.026730466957
777.024860599793
654.078288816824
-32.1126686590138
357.301764990995
744.383139850058
545.318446475692
566.45663140791
-700.009549176593
-382.555644060703
-489.256076510899
-47.0690609342617
-210.918578568626
-208.8827197777
-111.085695158015
-230.935666738028
175.289399049821
-487.587463306035
-542.642130889459
52.707345847082
-271.390056466627
109.1284590123
201.125522958313
981.433035459045
-79.7591053774291
-332.340390171949
125.542012770314
651.192386351698
-863.630159930389
-517.277024069375
52.9409989215089
409.381306027915
-112.630457046672
497.532166460298
29.5909051247512
-497.971983982414
268.960696048259
-855.95130265326
-356.165225237667
-495.885027746142
-205.127371122502
31.3533978687869
419.970086664205
549.16422400655
-216.567290843862
288.423896753062
63.1097320901022
-674.962063574211
-158.613585022619
-1072.75997458741
-210.720632665223
-338.334892223034
-135.404306614352
-357.416999448364
-59.8587123294888
753.23207117306
1137.31762477291
145.529230951788
262.416879622754
-77.9837185099118
-800.146355874631
-268.889895617675
-209.241516835246
-22.1138045975864
-205.903708762055
1238.10556255385
-518.062947361881
-197.114446509342
-1025.85705657931
-2780.22888698371
-772.555874578578
-856.491915764511
287.107597810637
53.0286421650018
-201.516226212531
-650.593075398006
6.5206622904639
-189.543741155355
647.336752589475
21.8622478985276
-609.192631931388
852.218777024
-425.899661419866
-711.390853478133
-88.8536069217663
-35.5052646826033
-348.99678616043
-99.7285750171357
-108.248117621004
-776.95541691534
-786.884988773457
-302.62766681643
-374.638519091346
-841
-841
-1892
-6054
-8035
-7826
-7635
-3363
-2020
1268
1824
4354
-2681
73
972
-779
2990
4232
5637
6954
8158
8971
7914
5568
5557
2971
2190
2842
1436
-766
-2288
-930
-2422
390
1062
777
-1829
-3807
-8219
-8313
-2747
3004
518
1652
2109
2251
521
957
425
1341
5675
7500
7434
5862
1946
-873
427
1989
-37
-3396
-5002
-5025
-3016
-5881
-6262
-3432
-7129
-6052
-4715
-1765
-3431
-1843
-2010
-886
-1518
-929
-705
-479
744
-2293
-159
1771
1855
-462
2244
2478
6653
7470
4721
3939
1672
-1008
2371
3049
5108
6242
4887
4028
2317
-6075
-6528
-3489
-6944
-3758
-7660
-8289
-4450
575
-1986
2500
-3828
-1021
-863
1741
1447
1128
-4700
-1761
2507
2932
423
-1517
3125
-4716
288
-927
-606
107
4609
3190
2496
2764
2830
3750
2571
-108
339
588
1451
1747
-1156
-245
2755
4671
4091
555
429
-260
588
2886
1603
3265
3056
-2053
-2138
-8214
-8320
-8346
-8314
-7533
-2106
-2960
-756
3093
4101
4434
5645
4919
4393
3136
4144
3297
1284
141
-530
1309
-619
139
-2660
-1077
-598
1239
-1004
182
-418
1664
355
442
857
-772
-665
-2680
-2893
-3175
-7729
-679
690
-2946
2718
1173
-226
-2798
-2823
-2978
-444
2496
-11
-945
873
2074
3427
82
-1068
1084
2662
1500
-905
-113
2075
2047
-255
186
2380
2759
-2095
-4644
-2872
-3595
3367
6027
-4414
-994
-5711
393
4324
5906
5865
4673
4404
4410
1876
1415
1541
2494
-141
-1190
826
-3934
-7256
-6444
-8310
-8257
-7723
-5362
-2972
-938
122
-186
932
-851
-472
-1038
475
3419
3619
4136
4812
1673
748
709
174
1029
20
-2011
-3163
-1846
-3609
-7336
-1583
1774
3589
2392
3219
3808
-335
-2158
-2681
4205
8870
9436
6778
5548
5025
2453
403
2019
1538
999
-1749
-4255
-3343
-3429
-3196
-2685
-4036
-2456
-2973
-973
1103
972
-419
-560
-1387
-2322
-3685
-3908
-4547
-3836
-2627
-465
-2394
90
1591
1722
808
2526
1729
1468
3177
2016
1563
2617
-1811
-3653
-3889
-2202
-625
1404
1073
914
-313
4254
4144
959
2140
1301
1834
-1394
-1841
-708
-5945
-6589
-6122
-1984
-2388
-3966
-457
-1110
524
673
283
1535
1290
2118
2917
3407
2851
1822
2288
454
-87
2691
975
-823
-289
-1060
-1302
1440
1644
1406
-837
-3567
-2944
1204
1540
1512
1528
5440
3050
181
346
-124
-3126
-1456
-2766
-3095
-805
1753
-362
45
3457
1082
-114
-970
-1559
793
-151
-1651
246
748
2241
4512
1912
-2852
934
3611
2022
-1544
-5505
-6168
-1518
-171
-2402
-943
-1209
-4350
-122
410
4300
3544
-230
599
401
1408
966
1091
6061
244
1580
2261
5547
2967
4435
2285
3072
-2619
-4837
-7474
-3458
-8081
-5495
-6573
-7986
-7800
-2016
-147
1032
447
-2072
-676
4604
4903
3714
3927
4144
534
4374
-1760
581
1422
2113
1093
7355
5932
3540
3654
2506
2760
1901
818
3033
1000
399
-453
-452
-372
708
-684
-412
-3143
-2542
-4939
-3099
-6261
-4798
-5833
-3346
-3573
-3092
-3486
906
-2780
-797
48
-113
-2574
2058
2914
502
-588
-786
2383
649
-980
-972
242
963
-3847
-5945
215
714
-923
833
3154
-60
-1540
-275
-2390
-544
5633
5052
772
2904
92
1119
3629
2811
2374
2736
2483
769
1351
-48
-1430
-2073
-2904
-329
-43
74
-1418
3
-438
-358
926
717
-13
1547
913
2025
964
504
886
1059
3089
-217
-632
1441
-353
-4051
-4578
-4452
-1625
-2459
-1962
2504
1526
1610
2802
2407
1827
2313
1398
-369
-782
-799
-2437
-1773
-613
-706
317
-317
632
1481
1701
805
308
879
2824
1382
1008
-1149
316
-180
-353
578
-669
-546
-77
-490
-202
-1388
-2182
-2244
-2071
-2920
-1339
-5210
-3404
-398
1396
1620
2015
2323
2089
391
1897
2204
-137
-3227
-5926
-5962
-2115
-1247
-4781
510
1459
-1257
-1354
-947
-305
3386
2394
580
-1860
1
3220
3458
826
-1740
2333
3016
3225
2192
-498
2362
4788
4170
3730
1098
773
-3323
-5382
-4861
-2890
455
550
-30
709
364
958
33
866
2396
2573
3234
145
369
-716
2178
4604
3781
2567
2041
1143
-803
-559
-1961
-5575
-8296
-7242
-4441
-4153
-743
734
-1666
869
1886
1404
352
309
-32
-1026
-3250
-272
-545
183
-896
-1352
-1620
1490
681
-150
236
-331
745
1576
563
1694
1645
818
498
-188
1656
939
1417
636
1377
702
1943
1358
2051
937
-341
-252
-89
-559
367
1653
1496
1554
1726
1082
654
123
522
-973
-1502
-813
-1620
-1637
-2084
-3010
-2931
-1417
-87
-552
-191
-2061
-2312
-2963
-3420
-3467
-2981
-2444
-2308
-79
1116
2000
1003
-536
449
1569
3587
779
1088
-2896
490
4537
3755
3278
1051
-1110
316
1117
523
1591
1387
614
948
634
-1061
-3884
-2908
-238
-1135
-4504
-3554
-5358
-5533
-7578
-7466
-6040
-1915
-3848
-1948
225
410
1310
803
792
3376
4515
5544
5475
3789
6062
6821
4690
5086
2857
1011
2050
3196
4284
8330
1720
1724
-754
3638
1401
1517
-785
941
342
-2147
-5651
-3241
-1842
-4016
-8212
-1077
-3067
-1078
-1796
-1948
-3434
-4271
-4101
331
-3103
-1081
3090
4819
4893
6203
7418
4018
-1679
-1738
-1322
-1971
-610
-1678
-2180
-1895
-625
2858
1103
216
2941
3934
3134
4334
2853
1652
483
-98
-2813
-1543
1143
-649
21
836
787
511
-3684
-3274
-3374
-729
333
-91
-743
999
317
-1321
-98
-1386
-943
-1447
-2977
-1883
-1903
-229
2376
778
-2402
-1842
-1458
-303
404
-135
-3110
-2112
-154
2240
2672
4314
4632
4067
3683
3925
2476
2885
1508
-1888
-2010
-2742
2922
1300
4627
2497
665
-1372
-1013
-204
-214
655
1328
-1043
1916
-418
-3818
-7819
-8276
-8271
-8036
-7853
-4858
238
1365
146
2506
4487
3519
4392
3444
3252
3507
-57
1468
42
2398
1026
1724
2973
-1875
-4862
-3113
-5943
-4223
-2593
2380
2776
1708
159
-1152
-306
152
70
249
2597
1460
3693
2683
4037
5216
3721
-1188
-382
3270
3703
1562
1977
633
1179
-1154
-628
-542
-1975
-3194
-2917
-4659
-6870
-5528
-4100
-3872
-4114
-1535
-3501
1271
5592
3074
2439
4042
2583
2813
2225
2299
2327
3911
5407
4513
3148
2387
2907
1860
1933
1257
790
-996
-2067
-2145
-1831
-1274
-1958
-2710
-2173
-1715
-2375
-3226
-4000
-2586
-3300
-75
-46
691
449
-260
-2000
-1642
-2770
-3665
-3202
-855
-2940
-1963
1198
541
2828
4476
4206
4733
3947
2914
2691
1273
966
-297
615
500
935
1591
882
-642
-440
-323
-1088
-784
-1221
-2049
-2584
-1366
-1936
-571
-1769
-2530
-1976
-3388
-2561
-2826
-1804
-2707
-5128
-4013
-2916
1629
-1564
-1342
-269
509
-987
4126
3101
2115
4480
1008
2382
3263
2967
973
2355
2340
1617
936
775
2070
3738
1637
434
-1083
-121
-1636
-1882
-4629
-3372
-412
-517
-1381
750
3142
2138
2519
674
2412
5876
5474
4417
5552
4538
4141
2320
1383
-48
-1696
-2223
-3485
-4110
-3790
-3841
-3162
-3190
-4817
-4219
-1457
-3335
-2565
-2464
-2994
-3162
-2007
1348
1185
4409
3261
4645
3683
2236
3587
4581
4231
3114
1091
-2064
-2057
-4328
-4206
-2937
-3280
-2472
-71
-453
828
1114
-147
487
475
-450
-1158
-1247
1677
2941
4613
3600
2481
1947
264
-601
1293
1236
295
1708
-101
-527
-304
-992
-2404
-354
488
1465
1325
152
4
-257
-58
-1052
-1240
-1012
-1492
-871
-2186
-5243
-819
-3793
-4821
-3080
-5261
-6757
-6949
-6521
-7364
-7233
-3521
-1924
-554
1120
3454
4672
4286
3088
4102
4557
5815
4068
3671
4037
1113
1232
-2186
-554
26
1155
-1066
-159
721
2106
4855
4622
1640
2057
1079
1975
1347
1732
2890
-1084
1432
690
1719
-801
105
-1572
-1271
-1224
-1552
564
1213
1791
1929
2626
989
1860
712
1231
-550
-1415
-990
-3455
-3197
-1718
-4166
-3505
-1568
-2706
-3040
-2323
-760
-80
1091
1406
67
1260
-1907
-1879
-2334
-1140
-280
-1129
-110
-296
695
-1473
-337
584
131
1416
2813
1011
-44
-847
3776
3152
-2786
-3464
-2848
-1819
-1733
310
1828
848
1368
3228
3514
1539
1982
913
-176
-1168
-742
-5278
1063
2476
1363
345
-403
-3897
-534
443
1970
1508
3154
2879
320
1682
3450
440
-652
-1936
2606
1907
2454
2064
342
-1694
-3028
-2275
-5712
-2971
-1800
-3749
-3197
-4185
-3054
-564
-2839
681
1272
-456
-3209
2342
5941
5510
5251
4946
2774
2371
-3193
-7603
-4326
-4386
-2335
-37
4298
1548
1526
1835
1390
-212
784
2759
991
-1965
-602
-341
1869
4249
4222
-93
-248
-1148
-566
-7923
-4292
-4000
-5649
-1010
-509
-2472
472
2570
4759
4383
5597
4697
-46
188
-7819
-6161
1206
730
3712
3899
4995
2594
3205
2988
2111
2940
362
1466
-325
-2862
1378
857
2292
2896
2867
3189
2082
3283
856
636
-451
-947
-322
-537
-1446
-2351
-1640
-4729
-4976
-6864
-5782
-4485
-4307
-8128
-7975
-7803
-7590
-7429
-5920
-3013
2702
5964
172
-2691
6076
5367
5463
-1499
-7198
4600
5526
3971
4500
2167
3257
3349
4304
4625
4131
4631
3278
3495
4441
2863
1471
-659
-2301
-245
-4238
-3532
-2210
-4012
-3088
1940
3996
3256
3164
3312
2849
128
889
1462
262
1129
-16
-1040
-2078
-3394
-2245
-2435
-2062
-2703
-1831
-1258
-1326
-1218
-672
-1374
-1149
-4769
-1681
-3160
-4514
-2280
-1369
-66
-99
781
678
-907
-1587
-1901
-1685
32
-1615
-3730
-3989
-2174
-443
-407
-1976
1424
2222
1652
2380
4740
4074
5185
6857
3121
129
-2317
-2250
-835
-745
-2207
-3930
-2779
-3982
-4246
-3437
-2277
-580
234
2685
3499
3074
695
5912
3303
1370
-550
-1275
-2640
-656
-2064
230
882
5561
6041
2392
321
1253
1941
2627
975
3804
3249
3694
2538
