448.942306269644
-216.652197623192
374.934130947294
-100.764712157662
459.141954939316
-215.842463870362
-24.9668456382231
-380.191204717242
356.687210859041
-133.96282715924
401.101751593172
-313.319649555668
385.460692218759
-250.660270008398
381.591965700854
-111.072286277338
11.4452206498445
125.390012175769
577.070313424173
-317.249098268568
250.242188811873
-244.993533642968
189.348252651344
-376.124541330438
432.680016620891
-323.721078156487
57.7810620353992
-375.409224996148
316.548926362059
-370.300855939966
172.059099188197
-446.178411210679
454.801890306202
-262.997429468854
389.045091059262
-135.289517340901
17.3019084362087
-394.373531835841
374.974294155295
-234.656315998332
522.079793035405
-401.020323734846
313.478801732984
-298.482910831889
283.242529316256
-366.940607672278
115.236481348589
159.875188682427
454.732608332869
-47.2499706582117
-461.210573554584
-308.233215541752
-536.687048486855
-337.761535248755
-248.125537299484
-74.2809034759004
-632.014650458988
-334.719793568231
-259.26402009822
-176.570469855371
-228.583250444501
135.088632158381
-176.339198483634
-109.303693664049
-147.981343138086
-289.572475180147
-142.789980769815
-20.254405037039
-440.982674286663
-175.610957942143
-132.674992259448
-118.690278476761
-156.80500922537
-60.0900780022175
-72.7590125113011
-142.876793943692
99.3426203996909
212.682628605001
379.781349129298
-155.46079163928
-229.535576389212
-154.127544189386
-311.551642685693
53.6553025757524
-121.665341677421
-9.07513363658267
-634.665924022683
18.667221646954
-406.035756835718
-206.985990942912
-219.074845652061
-252.077777134927
-308.491121626509
-64.6907504668826
-307.264002378298
-150.154704378631
24.8268940741794
-212.564816846871
-381.2493437138
-214.321749458388
-506.513433642256
-186.976142430423
-401.391203081744
-349.201375711664
-433.079006141904
-242.174432372142
119.069994511936
-43.9673642398336
382.152878987768
-407.020419156899
-302.784361604173
-233.020433275948
-111.850275624916
-388.548629056276
-73.3082841274254
-308.479429846396
-484.550174963322
132.428530731637
-177.718950016988
-114.808724608118
-172.972294480274
-59.8130998033639
-186.492470310357
-75.334306640411
-215.714048160935
-177.820404232052
-470.299911287218
6.45981995364068
-23.8560782979311
-244.039337339469
-53.5602001292431
-225.508513137683
-240.632417592597
-137.562965206889
-222.049150299514
-174.560042384256
263.481511155182
136.874211789745
308.531076308213
-128.135530600442
-139.462765735293
-276.261633239538
-234.507286086083
-224.493077542956
-291.734284411856
-479.815545980076
-492.304036040378
-275.054344875724
-115.527891345556
-318.095415560778
-70.785557795663
-278.494471305858
-144.055929635145
-221.317755534296
-112.149501812922
-182.373776860914
-472.163292747597
-378.173067151261
-42.9434261969413
-321.23428048397
-293.675398646139
-336.123355296009
-326.211519081539
-296.815677930141
-312.193029896458
-372.153171523341
40.0423829189436
85.6407643588308
401.200689378787
-243.53161973122
248.518604068827
-178.828718492115
251.830019589793
-249.802283043509
382.144611794368
-197.822446225869
-88.8279191487794
-381.512512940946
464.191314544336
-88.8395427363126
309.407339294991
-290.976542295403
322.173178227894
-156.31326761351
432.246819352176
-282.276290389463
-7.96650205842877
-336.920424011994
309.488067360219
-244.674744402464
530.230174747677
-312.623613621043
105.885028421414
-302.74713987606
265.719640392309
-16.3166153277596
142.151869494137
116.959792891504
488.804889758286
-180.983568899739
158.080060283063
-347.405611925905
495.518434205839
-341.548697903606
427.764269596869
-262.210795018215
-44.0405987053474
153.087932812519
421.251461419155
-137.060041935337
420.639514681953
-92.7111701277583
582.744271980523
-213.677335546135
531.437586372932
-7.57199551189974
180.071622200996
-219.131592854154
241.304975393492
-399.806951103733
228.252570102803
-258.77294400318
354.744562413588
-259.150612681923
415.860943424392
-341.029394238101
-6.57756410173081
65.1883136591802
292.169607665783
-283.290767520814
220.725238637486
-307.117678877844
359.045516411115
-425.448917768641
269.873275877456
-443.849487312095
-252.771930057136
-110.591729167858
309.365934807689
-265.707778552435
533.414293993105
-322.220173789996
215.391100951775
-114.606835179332
338.954690480276
-82.470121575773
208.988412312229
15.3635247735255
622.704481432774
-109.723693174585
653.990293181055
-177.293976340807
507.958508443746
-315.53939910188
531.885322640903
-44.2598979096554
261.355887092117
241.822366294626
327.193361979913
-458.009280929687
166.617802461268
-343.18108998266
254.766155607434
-440.850728105629
155.963255852105
-406.335022960967
-103.628447619818
-420.388288307291
56.4890230734066
-378.891649139438
154.487362602
-331.551065505506
412.136442166348
-150.368826823933
127.039998742536
-312.0833935827
71.387075881113
-125.268828144678
387.381011238469
-162.882418739189
200.915942249649
-105.23897836931
517.632932139439
-229.070484638499
394.320177767077
-209.345020562076
101.951781942105
264.219880755393
455.964622224291
-305.17594828681
410.794405658465
-193.308136877235
510.219584891771
-271.703409630533
300.756610780987
-480.729264254203
-67.0907089954026
-329.617212531188
325.885766971763
-179.096851996872
611.972321484
-249.759366223576
534.766118064753
-80.4729257454499
224.462889954704
-261.189419118667
-158.838231108878
-355.716777999963
384.236103284002
-399.998889859811
363.493116737459
-337.964042199602
426.466321840175
-258.302283239634
354.39723705194
-398.713795788148
-154.121089989657
32.3387224312027
229.395968894881
-275.825535569409
333.041992616736
-383.385774706398
494.179168998343
-224.695431760275
236.002697564122
-143.172607398773
64.3973747580573
-327.219024212304
443.532436780788
-261.175102439004
396.685738693413
-258.128882081223
402.427216594485
-284.217881901506
201.904044938294
-269.621626589159
-62.4294638538992
-155.892964681925
261.033416544353
-433.581418478061
264.697231206987
-422.680204545507
343.165670997185
-160.015190927909
470.751915788432
-156.419404938803
16.1040800759916
56.3348817392313
286.785891661294
-240.965827600717
298.723630368752
-236.896151869223
284.589239987876
-104.923130916603
295.53943015445
-288.449517645183
34.7825322918019
-312.1518615013
348.067048805037
-239.862578189727
367.389308157752
-121.601163923212
343.618789972479
-354.661933212338
416.904271764318
-282.195432651191
119.204805484598
-535.207717832381
484.68566260582
-101.028126760986
469.85620972891
-262.066107487333
133.290891519322
-289.755841596151
551.789187041048
32.3773289699334
104.083971295252
231.013509406233
313.125627585959
-377.680970096197
-152.157388596312
-227.266493221917
-408.5663649062
-386.653642848828
-383.563391366384
-385.126421093417
-788.511344946148
-264.393428015892
-150.677113203083
-220.9930914147
-6.51456887173075
-289.711369360264
-3.84143364580487
-189.908623946254
-116.973310045256
-288.430785054276
-603.061194848439
-117.120695739552
-330.375775790263
-151.802444697311
-63.4619675265078
-219.295918659038
-141.852238597301
-202.529151072076
-382.08212421059
-135.877354756132
40.8619655971688
91.0386017485643
384.72647892178
131.496032140246
398.451769065155
216.591679312031
397.251229606191
296.605533692868
232.622924690478
232.857532604952
-169.193799189696
257.62251242189
129.494779679585
156.305074104872
181.260685875294
102.433626253876
397.135150752898
314.285747928543
451.485993004124
331.897143311854
-104.756524551362
196.608182467602
390.572918614306
208.221886399946
247.466485447866
231.0531871207
176.057227179075
487.878534075354
260.419259277981
372.463617526997
13.1654883978651
124.337314832259
380.527365711304
86.0660684582342
291.031586313986
-15.9865736486173
267.124232801337
-82.3582334223823
373.267815860682
55.2487400618389
-119.789818737066
-76.6921082191219
280.991272963585
-408.017057653447
342.505200470866
-5.50799333134492
393.114705440062
-167.505629537127
358.579693156523
-381.153174810172
62.2060823934771
-155.503013225644
348.379540934443
-428.56415857991
391.559859606188
-237.340006831502
447.655037625913
-315.140642839478
302.110322819433
-289.246400476907
-1.8426277823894
-99.6148569217978
482.688485003292
81.6621575081383
344.572369633263
172.135397076492
313.235062113144
-11.7855087419309
202.256473235381
261.86997280614
74.6112259202427
138.887690663382
248.96722030657
475.563553158941
374.182167406728
389.095692275773
355.065421239867
402.198780885499
125.555718452185
410.924176656318
147.687861959079
435.534461384271
434.430579862288
423.706196581085
315.814459697296
407.070649521828
279.656002349068
161.318400451549
489.142984017814
252.401837075465
227.604878000129
25.9084236263557
373.172062721589
482.969492406704
296.458034289922
209.523269924852
245.001455861008
326.989897685408
268.30867731416
133.084650241046
-213.784800933445
151.137691900555
3.06896662195783
182.199198380142
82.2826482490381
358.681443570512
471.539345950247
121.498242051877
429.567009381974
331.323485192709
86.9833551787677
406.235435024145
285.776337513595
490.306305696322
447.534727318285
451.028788150249
387.219093122234
387.005612274591
407.250813770682
457.051687885985
279.003948328395
152.702721607429
549.980931767627
-239.181731933372
339.977221522054
-309.37835513857
341.27122399766
-417.747759692012
144.400078914466
-438.329003069334
-171.722816200041
-282.868958924653
172.766349119102
-470.590979019596
171.334460895682
-543.431967090161
358.535076554646
-350.778724080861
155.672065223383
-413.478532199549
2.97373633914908
-388.425675453871
174.375922089047
-366.257221335959
175.52676268971
-128.868002111179
259.378880249191
-215.066062534383
323.64496496674
-318.516187626201
22.5231462244795
36.7849874466596
658.576866499932
477.89903472544
153.024886137289
265.682774327093
145.230344767773
328.024862197677
243.417711927482
447.749318714008
-205.422264085517
333.290260331202
94.9409705090012
511.724250451725
300.019184875874
516.740776549919
230.480705558001
302.771196119124
197.247101316974
389.843885064374
136.817601736393
398.194631222113
119.701066126286
270.495442372853
26.6007971055602
359.577309282308
41.3159006974924
420.173894890087
-124.057962570269
197.41019651796
-14.7810643927323
152.480590611232
344.765693018056
-323.328648863516
-133.077914047605
-567.628280798266
-189.435637160024
-587.229137113272
-53.8026470893611
-357.133170167338
-197.900041919943
-138.220500820618
53.0170866608352
-158.523689192163
-74.9505999864958
-161.055058674226
-95.5198326953085
-309.198308446901
-45.3985422735352
-228.34943549419
109.953368094003
-383.741768753389
276.617750037723
-8.44532070301773
130.798155599562
-144.084935239784
-94.5016674286231
-270.551686696554
-17.002719264342
-117.492901658784
202.074841201399
176.485333429664
365.911788440966
-173.206931295296
-121.04883284556
-276.884121106427
-220.039768690756
-290.300684001749
-139.081990119702
-181.594839670551
-583.483345143759
-261.354384691943
-30.8960735561432
-100.176700428202
-241.651378867069
-256.180906483972
-53.3138422082217
-200.097243366617
-198.93987574438
-277.863036881178
128.181242165785
-260.094224657825
-243.921993192044
19.6264973023129
-41.694769995573
-78.8410773462748
-187.752000533505
-283.769983197862
-343.161619486467
-279.64385224686
69.7302569815127
-55.8017613056783
202.085057787568
198.484173035891
-376.252273737783
310.086462532697
-391.837266885653
287.871442229418
-344.182890013809
297.287491489301
-664.30668251614
319.955213389174
-254.336893250062
515.089015360778
-238.375058014483
487.924046312945
-195.354852891581
92.0165932355278
-212.41259115363
378.766540923214
-0.77645175812361
446.328485254136
-249.128417711268
435.080037134441
-126.375943715618
294.479587211062
-70.5099153485451
423.52445759393
-339.841205582058
347.910971607962
-36.6290459063939
214.983331412871
369.667186809082
111.617199812247
-278.202163762099
-105.703673132898
-162.443034308237
159.058923323649
-371.558356374669
-41.8284723471986
-658.377418876747
165.636640853651
-181.760082307538
212.518038155139
-275.504431439872
141.8099861878
-303.357432919778
-4.32604627381016
-216.724106273674
176.014947735298
109.975085504131
164.462421486106
-262.184389066138
76.2038565909067
-476.709063080057
-29.9286809094176
-159.192650259761
61.4684551104447
-356.355753844607
82.0157626119745
64.1167669620841
189.938454465405
338.205279333992
-256.642403666679
-104.551089498083
-155.048989242208
-352.289569328729
109.126086212861
-65.6894817232067
-139.015851945388
-817.72386958927
-238.190597821631
-76.8668815231057
-135.430968109913
-117.723645803849
-209.623404410018
-263.877323902178
-286.531487670302
-65.0978454293564
-318.488165564984
-87.8542642622482
-169.389554507035
-338.812745624511
-297.215436010505
-91.3333125027718
-315.843767966342
-252.346337799229
-332.748160810547
-409.375759809087
-405.647479539242
-25.5520387474759
109.512681639956
323.626091040077
-330.141457580251
-205.911536472664
-474.34274806846
-174.527996075927
-159.507280245594
-134.054790271343
-166.662258049699
-584.362667212398
-262.753479196226
-237.286513401845
543.136869326001
-127.570818945679
-221.768600632547
-168.562642211518
-252.961816427465
-94.6358290902284
-57.1203296567817
37.5465332519908
-245.729393842232
-315.21422629949
-256.290590388339
-203.246826184537
-180.005509368855
-285.733967200154
-200.373881040296
-16.1865607865687
-367.407283364909
88.8669415419182
96.9943869853145
379.553845577556
-104.95797889142
-20.4521557343781
-244.549208929416
-164.69584009978
173.904633880187
-15.314663472619
-12.9616560875458
-425.767463639731
179.382975581871
-126.798468764002
-76.9446444813558
-193.806179459563
-195.760776706011
-41.4288081107822
107.296061053591
-291.064615287589
57.8967324744399
-502.725091222837
-151.977874840801
-259.175083810708
-35.4585510241303
-76.1814656898914
48.0841172306266
-154.453942631447
188.214046700932
31.2453280520879
171.232561068872
112.754046476304
-161.049369732778
388.902380910703
-249.840446544723
-192.651125182515
-254.287264436235
-267.916274244965
-299.234052417137
-140.089394580735
-233.233056522698
-556.749317595054
-411.273178469945
-434.259890006741
-318.876484070141
-306.462070770372
-317.007340083731
-42.5415166914219
-242.39163328908
-182.534796238533
-354.93503329013
-51.8793365480613
-290.531555943245
-108.249717670177
-161.442362686891
-13.2379359498115
-108.99793683609
-12.0240621100771
-129.212178238668
-100.366193305948
-164.269075477961
305.681171656977
57.4277354454933
581.230375447574
-206.191626826752
-359.981752100131
-291.094748779889
-155.458409495261
-390.444842336566
-317.611188178311
-372.511056346451
-555.186545777221
-487.944939294513
-151.654894754447
-336.935561980537
-327.079042648696
-407.370564594931
-139.246070603299
-320.975069744968
-55.9190966238054
-300.185192325267
23.4157244429248
38.8617797081842
50.5022396580314
-338.768295831986
-94.7374195557581
-291.293445827185
-5.74022902529261
-168.613963286133
164.898876558253
-14.7909882988658
78.1893276636881
195.517162843542
434.731809498101
406.493353950757
-44.9396646645724
501.126396703224
27.884327111786
351.33670610021
139.569092342447
350.216373251668
-180.692541066363
70.4293594838977
-6.16031761409299
413.631493572812
89.1703224716886
440.814453822879
299.73611278706
566.282300652706
58.0190217399279
372.881664456562
-34.4488157202077
277.940158346073
283.347301077208
366.795723812579
235.74157442441
175.255457000574
-59.2863608727309
219.139598399739
91.479191946276
316.663396477598
-30.0037545633181
37.420282303144
272.561725727769
274.642924880757
291.867208612759
466.939880116165
56.5228418793225
285.667026383405
235.99957182137
99.3506742066995
-98.2686639118218
439.565046620449
227.709080693146
427.03485345952
313.451652946032
381.061203972844
441.973450273177
289.01367926513
339.279230877087
157.346285357897
-53.1980693497012
363.064237622037
123.069682459503
295.006389889947
277.33054443382
364.08480809036
331.701748815004
310.416521191857
311.955621069331
375.927641107929
270.511956474663
283.603889203048
428.304482229734
-162.09399346363
112.144497533597
-283.866516732299
285.840090497077
-228.899600457454
331.58182890935
-155.344219309922
203.067910419178
53.3539976059406
289.921937699772
-254.956189469836
549.428658676996
-136.92523429654
200.0209827185
-22.4586870967149
377.413585929858
-213.76015512435
-0.85010032177405
-225.981895698712
474.935870903533
-34.6406880816382
333.207689148795
-336.203396395053
363.126135820753
-470.324800585825
383.139150789072
-259.083240243735
-109.010965162135
-78.3375882446282
362.365294908359
-58.3155888467622
327.092596049893
152.162226098546
330.391219795377
80.3977261694717
172.543141761638
145.613209065593
118.909177973945
467.151390034042
465.496992865458
468.336066990408
448.895587566537
363.855810694401
611.005812726402
248.604529029094
432.51810991627
295.955887827652
-490.222964325712
-28.6847203730584
493.692043398468
459.22952388984
530.781213803169
476.062547374927
587.64106269572
509.557163329559
469.671631983159
462.991355513664
-156.272790427297
96.775376479434
507.706901101053
-36.9807247858247
333.171369782682
-313.062071303431
214.16324107414
-167.782838341464
287.75652717777
-247.482704252778
-155.283445229211
-231.609873713221
476.968950342195
-329.810307330329
149.13436141457
-305.196271197783
345.351900591228
-175.712099508412
-9.1217110122243
-179.832449791124
17.0443729675731
338.12246682745
-253.606096183304
257.74699876232
-239.984454760879
561.078232275296
-29.4400601655221
442.241067350614
-27.0613888925118
39.5503034712181
262.227833555542
280.975578779907
-206.430065779392
381.950853013745
-270.785694921575
252.48016605884
-64.2238795413125
180.40985971288
-284.982215597909
57.376331158413
-449.543094950658
388.328828351304
-167.774985108226
395.989738623149
-20.7251227081928
464.304522855735
-31.1887010058152
249.536450314657
34.8493636793622
1.97883642763531
-111.888254578149
406.702858363992
-36.0152456476772
539.385799767228
-143.000458397732
422.024381854868
117.81825618434
443.414041258468
19.7128197417244
192.564377786668
215.525252355963
429.980492893242
-292.943763411769
612.063188197364
-267.709039773162
433.594398533676
-124.539049726463
322.06248243991
-157.264952125355
161.078430541683
-320.842115453826
465.262378353525
-247.128816382791
470.593398721515
-323.929814669535
238.785123848397
-365.933740998853
165.001545005821
-356.465623508895
-104.131046888575
-236.16332573981
398.977537761046
-208.889989307932
394.325790537065
-374.564207917262
153.644653363283
-425.236600891231
402.513152586901
-271.422951423529
68.2861734068056
253.090426582839
484.962261317832
-451.51880107111
346.862696141079
-371.2330282608
470.140843682083
-315.12760602929
343.775308127973
-288.866611378589
99.3661383012235
-241.480704215627
449.709232765905
-289.836396955923
244.900854877032
-379.08891879826
461.068451888848
-82.0885200997981
315.013052480558
-311.696709740944
-13.1734565424226
-289.478830107318
370.864882349728
-214.730856810511
307.715113357339
-224.849205377476
313.534187888759
-108.895624942306
300.221629560595
-392.253641523405
70.6583183235837
-13.4457935353261
507.811672442071
-392.434551446335
585.102889864691
-121.834730949918
148.202551287441
-240.148525382762
422.497049158298
-353.336770879569
-177.253550782262
-360.3455983263
195.200339518079
-413.544278141772
370.61379015594
-45.6452568730724
277.031435475345
-315.762853219852
198.89981074352
-331.928397897452
86.6423848031311
-263.350953481162
337.328812169981
-271.588883659235
407.480155699065
-122.741108112129
457.14838343796
-133.754580121955
339.357267372585
-421.516986253554
153.851612796402
204.155802960237
490.713473945996
577.312874184442
665.259522073415
317.252174958438
448.23828542589
304.897027779897
388.269530040554
332.040205949956
69.065121809149
385.616436569286
288.96914745331
238.725885375497
279.669695943058
188.841660397109
384.47091563238
227.718200612471
449.628023678954
206.468091132457
-63.505332065908
264.867460574072
434.907842483152
352.968800752469
351.57564687612
180.234062719122
194.873901571283
207.244863751462
457.602904933375
320.542793603097
-29.3217948196494
212.310305609157
379.762855241969
-53.8463128218212
613.469800786566
-98.4043624535621
586.534063336579
-29.2500124849706
631.341379338416
-263.624867737995
50.6623157506152
-521.621297552757
384.712262743998
-156.84711992511
379.50810103561
-303.258769892254
414.487432243807
-63.3566357849124
576.222882193088
-37.6537386421171
133.99250365863
-115.298451079167
402.229776088665
-138.580222739928
219.91245247865
-108.994116356621
354.808387904704
-123.219662110704
400.316466434681
-240.221063515061
-12.2190809334941
-110.649823340504
273.682735006756
-274.74732615374
377.020286789806
-462.664265461992
323.453771571308
-475.924632213777
226.4250691161
-247.85027162714
-1.96300406834612
-191.314415440566
453.116724178359
-316.772734120006
491.401327708904
-30.1226601193741
451.301769610159
-161.042562457413
397.834456066999
-148.527560982712
45.8189364934758
-236.057486008261
563.143500121662
-170.781092073103
368.983580783974
-296.623729453884
312.881984646533
-374.495601760893
465.200537520797
-335.910430498688
-25.4101355937671
261.117642588686
384.086913102178
-367.087646881612
464.858011341597
-241.019288478349
435.121319024031
-340.134696751288
393.04935352993
-307.927630677173
-25.0046117451211
-245.342543577474
335.331984373506
-245.496328658812
478.016020081604
-90.1372564939043
523.287254643203
-161.012087630806
432.679740606964
-280.713742975653
146.651085674006
-130.188801026674
363.349709524149
-359.688145805836
431.725874795487
-214.638269720363
412.112692910176
-207.79921818228
430.711002081944
-248.531778099835
14.2273486471259
-8.39399169456465
520.925926439377
-214.243661510731
382.620351705731
-170.801667152485
133.463093667584
-255.183089450773
270.219421447298
-195.574756901005
37.8235290265165
-187.105290038976
337.77343060679
-204.94612387965
314.217647523047
-207.594980312709
461.236075785036
-166.330702306066
349.313197641402
-330.641500037125
-55.5741176550708
-622.196023855624
364.282842693327
-361.163994234852
273.327083279847
-329.903959284836
390.446757016982
-303.063839017999
377.302077871944
-329.974565202233
-179.026348634758
-17.8743152911871
438.640445375939
-290.081882611772
466.260601552189
-281.780282363209
238.034510816704
-470.964409183474
452.506955168295
-250.971742782245
85.0786269286035
-152.008425922371
405.820313865993
-310.286476389104
368.348117104417
-113.474401879159
217.01434766783
-281.199111048158
370.761377486535
-173.001417685372
79.7529034173022
-343.645131120927
465.046423302242
-309.773047827256
420.085878170905
-146.557117175157
139.108898850425
-247.057071881619
555.77951547295
-359.801914548701
0.98628615716099
28.8869456502337
281.794076413691
-169.81378949465
92.2816599341178
-442.26035948956
143.723306012302
-317.18529051903
159.885536207397
-199.996160869232
-396.029828083699
-401.808600200839
30.5783721137381
-329.566562268604
354.160476322429
-289.937204088951
263.553605121157
-525.404162795026
221.250665839463
-305.849464214904
107.28266994554
-160.695291308659
191.267539783373
-194.657856099463
432.606209352908
-188.1988138771
287.066320736138
-398.739967798454
202.94198823259
-200.042443617507
142.195712179987
20.6618666499448
355.466584276001
-165.427117768091
215.003896632793
-399.790143703975
213.006496718363
-343.731686313237
297.460140643805
-266.656931040027
-189.476294091487
-231.218015159723
74.4129600636368
-304.547027859113
107.038756391076
-313.37173524045
-73.2903150300167
-289.384255292235
64.3925729093221
-287.123003086139
-24.8744127833413
-314.198670382469
68.8116738292657
-336.733980219359
209.74420179895
-426.48986023009
-13.6222570538367
-297.833163013979
-21.2113303688531
19.4145540304616
231.093823724384
-146.220597574508
-54.2037308322957
-193.352375132889
360.265456172568
-294.492711788479
320.928533415406
-397.815328296845
345.820605828725
-436.519637082224
39.4564029771267
-261.90127782715
300.547220633216
-214.759225162891
569.799686709967
-209.766382748459
551.234036394954
-410.658544466075
525.919823050437
-336.244939249147
18.4292250062998
-416.43954243347
458.652555041355
-395.083454223563
425.504279276124
-276.947642704847
553.904439948423
-310.749089035113
435.94652376625
-304.990290019096
35.568392859417
-42.554948821507
240.53338694537
-397.797397239459
-202.632643732761
-450.646487427441
-43.9993623929115
-240.14127345863
-101.896980586337
-287.947122263266
-491.192015273576
-395.931796638118
-30.9283119858851
-145.186581045115
-45.6401251232761
-76.1710295067183
-267.639388673198
-343.243830468411
-219.615377783512
-318.150734381038
-234.381902849985
-337.673830944746
-150.667276881912
-328.473264291372
-131.234961499664
-424.252884214082
-549.158117543419
-332.176193997474
-249.758360230329
-369.059719854913
39.575042593964
20.1341320518731
502.287781161848
255.74530029118
99.0780434358625
305.415927664714
570.599838882507
412.351721397285
360.25335610974
273.989988218002
-107.683008509577
254.186482495719
245.343144995152
443.010427746727
263.687491052626
440.977298307587
532.007031950245
207.762596886197
367.046359637779
156.873681448757
-5.65423805981288
381.123961731716
394.188831555089
191.032172671318
567.930401037348
507.635095937643
584.679066018665
371.407347015775
451.361737311709
516.558248935591
83.9258803399618
267.330925821226
516.864919845693
-118.250393033557
491.934611861296
-174.612195193079
179.243297176249
-396.270386626261
310.672591238576
-283.360128527562
-43.1151367207674
-527.502648094546
316.659624769145
-394.375219183611
295.318697255701
-276.222774949999
347.787691740064
-422.53739361517
185.4573084644
-500.541926278876
-46.2354143084365
-314.762161612904
296.735768674504
-580.822387686301
391.855180836876
-371.341176259026
412.466493576716
-234.286329623073
273.906463495651
-221.797292983538
82.1672867078539
281.275677593751
503.241932603278
-270.729984944798
318.944920965531
-264.232237232341
284.914178312746
34.6083846160796
632.031032360857
-101.936555570765
32.6838035238369
117.15574861552
289.359128918091
-95.9343312918111
349.675951612469
-253.385477044991
522.026956940026
-110.430315589312
537.87767467657
-178.497673027593
109.548579809362
-280.30199002526
461.304911381726
-249.948943407834
261.389142204624
-98.7106020270747
336.598894982932
-256.436053362887
308.813077348571
-272.928953008947
59.0487552803251
-65.0071385479564
363.850851134257
-311.926920640858
56.5789533421155
-306.874456947234
30.1634797992822
-121.29786690254
244.338694446626
-347.072069305604
82.0422436124401
-339.804146261643
233.525143078138
-138.124138813552
204.248695652374
-158.124939209315
494.366211242359
-344.565502106099
420.851711380005
-189.171312561515
190.16487965363
-284.415693493557
439.299492126172
-205.857791363397
438.436543920651
53.8200689855863
585.648285314703
68.977155370262
559.351534185468
-122.297393771764
240.176504621543
318.502394528715
485.552094923671
-54.9854694197891
-222.963814066966
-295.014155197669
-278.907474026551
-346.278470159859
-248.619332001862
-366.129714025482
-694.372281461791
-301.040059409032
-485.104683292173
-424.520834425972
-411.691091638215
-467.549407164014
-192.382373251666
-262.406704560471
-290.390462972647
-106.303226803099
-89.1769531399821
-567.018323435137
-379.677655075481
-325.378544167982
-223.134394099481
-156.866197153234
-180.449168320051
-212.470091911793
-326.041897258609
-362.391799953082
-91.9375230631909
24.2009453125506
364.253619341133
286.868656031969
233.084850957094
370.859354451902
376.548629932184
269.542054328895
316.854593404652
266.162968525662
-70.152148436687
458.803180452814
300.931445859484
539.041968843663
282.956952860026
423.897582986573
433.888859524141
281.228624950753
535.921110158836
219.929308461779
34.6520210564424
411.296068064615
663.60463476671
288.867422932338
469.0689290335
