-378.945438420236
-10.2350263241973
-0.018601453849044
-217.539140029659
19.6816926142828
1048.67395579047
-191.079190510833
-251.611997477378
-927.695232181828
608.477782361036
20.9952376628636
415.900976833261
-332.046437004493
-531.765499836599
841.474714294236
1617.45098814092
2118.85518835395
22.2257488547392
101.516182782502
575.158108556454
417.827378337627
129.482483064001
960.333484469331
975.516698073929
-844.198965272337
331.549485276894
1047.8853760797
718.082683628775
19.3714351628776
394.112784795979
547.805979171576
-352.040827098197
148.943249055165
-637.868315651714
-1246.88856917265
726.211178067451
-171.757773852215
179.567148378125
449.717991353303
-676.071277262286
635.247895101146
423.674440183274
1474.41634627853
-750.821961938572
-568.848059819623
-2508.96035950069
-1211.20766325867
-822.704244840535
-99.7331318233887
876.420120723445
-7.50390810791356
-1397.3025843932
-469.767779884079
-753.600110573926
-607.148830261683
30.672183211779
97.1311990798219
-416.944884242633
187.065966220601
-704.026890509876
-316.106319807302
-665.811979416192
-1857.00610128972
-2087.03580514115
-1481.0679859692
-1417.45005397231
-822.1537227908
-103.514718931309
-2018.31918150332
-1997.53695728529
-1064.79899129113
-2117.33995607913
-2892.3427651004
-672.303453497186
-490.811876888098
209.801617434738
603.461792564156
1356.93130457915
1310.87420712368
859.700092641515
2045.63176433895
1908.7014737793
1880.79749849787
1832.58548186798
1343.07948706288
2226.03400033633
1601.85256078598
183.519253288113
-133.794266568113
300.795067119023
187.341050807902
-370.567310888515
-1920.64707423652
-768.790986200941
-212.617509162338
-559.894108006374
69.5876935505852
1067.65856328941
469.988837112434
325.078257346639
-449.765268053672
-327.412911406559
-1648.17450961292
-1470.18988320983
-3023.101170098
-1093.88747752967
-1142.93237563736
-446.278471144736
-159.448794960753
763.199934657492
104.758439676002
-1629.26764983542
-1420.90772881856
-1088.77865573101
-1401.0293831378
-994.62780962535
320.919548652119
637.708983762993
1090.29818092148
2229.74366591023
2275.80960389977
1573.54823836947
985.47766860468
1143.65775912177
579.41332880554
1122.3765159814
-28.7904950512005
313.34342909368
606.455608199836
651.730584301733
875.65208732789
50.1389441142749
551.203515469898
1374.94790913631
448.807519779232
1574.69609215533
1721.22000338568
1791.0235309415
1450.32961996386
2394.2755879177
2592.62981224766
408.41491799954
-1634.07892725119
-2066.93019490923
-2843.36877670968
-3400.29291666221
-2794.82215661551
-1774.07576989084
523.303605830004
1282.72364974335
1215.78015077729
-701.449471548556
-415.751042064575
374.250303614896
410.070484559641
-695.75233771801
-1800.55070614119
-1204.84240267157
-1341.68176913282
-2206.6173903886
-2952.2670517992
-2234.75416203454
-858.318359876557
-1122.00837754741
-722.669927418887
280.737237863914
294.207142007662
-2298.80955632081
-274.427460387325
968.674172577448
180.444268917634
643.917040778955
1129.42826387698
-120.350872363159
1383.03416774214
-122.08492082723
1073.18222427853
1285.61267529064
403.533692632437
382.014862738317
1188.57783273127
782.815058181971
1049.39781961429
1058.7627644236
1457.55278288209
-1043.60043846727
1061.33216043048
89.7513704436352
192.485662909373
990.234584419779
-316.779299414509
-739.587237384578
71.9783497372923
-87.9776209861449
-108.175367164922
147.700087703856
612.979418439864
17.8616757670652
821.161815383115
840.229065401723
15.3931330276989
753.197514123808
591.846968086028
-1496.67130156863
317.705355657124
1125.89329520445
212.690367651072
520.212263585091
1397.97243306811
-212.978847304287
961.065603565672
702.474645971929
373.814010213023
918.540813199198
1474.83735126783
940.21918900974
748.01340404704
745.996902347541
750.306232667703
97.2206541020532
478.275536477461
780.961618652001
840.278244851198
473.497369659354
196.446758512107
-515.253162190013
26.9925343639284
-680.528410501172
-108.994995834735
-245.574080634893
-1613.19887629743
268.031789987408
-809.133448917582
721.666941631471
-800.461742800723
-460.448011540948
-579.50387581822
-20.4159421663718
-214.713591895145
-843.669693744398
-344.596672933642
-816.574473414525
-983.26163512259
-873.734411708282
-441.759155327311
-1150.54124676462
76.7026414975489
307.942159176726
596.984896379572
-56.9839111795998
739.770435229066
-2056.85937791677
-1161.08283711471
-1321.96229672343
-730.040930499659
-553.987088519181
48.4064455610387
-549.945417524112
-226.370098365665
-552.887224853356
61.2021098560321
2.26362197810869
-364.716688037735
102.00494901402
-485.084695890753
-712.89691858938
-150.243855655636
-822.852332522234
590.51997250776
-57.4704693073351
522.029055505053
585.278859549681
336.489464312231
548.71007289331
438.763102360172
432.479986339817
803.77486255041
318.82844390987
544.909325657556
199.348988242356
559.700576168113
-92.7215417814123
538.754915830506
505.082528776981
794.413253645026
105.33424751611
416.976603986838
397.368633287012
243.175651900747
855.229199818149
174.326909261671
373.218778397726
295.546815968893
641.882809133754
344.940514199009
-321.831571728386
229.623637415452
-313.030332700879
-319.850431592232
-1759.45323700242
-643.147776753837
-938.549038984793
-437.533766552254
-1291.61537418284
-977.910264937054
-1064.33128526555
-1583.81928492539
-996.143937688644
-1421.4756668098
-2242.65532742502
-3127.60134100987
-2761.47429244768
-2294.76136834016
-1369.71247881627
-296.101073935595
728.040825056398
909.593829635076
646.171475395394
1323.99388830716
479.26284844583
604.430972583856
1324.20811663411
1472.20152377073
1454.44957692357
1183.93393391479
846.647491242046
889.590262478749
1489.19718704514
410.89524475794
464.234802285388
-6.89664275010037
4.47267734171368
39.5298459229872
-8.84484421569957
-750.812581015677
-278.196443357316
-256.184515334764
-58.8653907197452
-468.734394293632
4.62988278075187
6.95733878653351
-193.119610435634
254.92280245435
417.729268312829
127.864081576926
-425.451476848753
-340.335687447183
-73.1557454643799
104.703003619531
373.704143379901
241.3570053399
958.252999872202
-656.568577289645
-40.8751793717603
136.549370638794
-861.159888049911
701.647948178114
-81.7679403184908
143.381008089812
101.208380632319
344.167948697655
544.049661562824
690.524304827543
-121.084597756359
280.932805371437
489.118864815608
-320.434335683348
-892.584789105815
-945.871867898428
-815.600639599654
729.961708416033
-1065.6252625089
-714.031774448774
-235.175219387541
-812.750807471614
-231.99342296932
-46.0809304077862
276.547658730583
412.337155347677
961.725796363279
184.487236843013
626.635782969186
222.290290444956
-211.726060413944
242.749177855545
382.873977427305
514.264153297362
885.961127120366
1051.37417500012
-279.095605986003
-1187.75887970703
-682.741736992617
-715.295120914383
-384.225521528863
-304.829560667524
69.3677032187305
42.825412237939
38.034151973232
579.208823071953
803.700507206132
803.036300639176
1532.56901760419
749.821295075181
637.797963958252
1190.81745673866
848.757783390682
1046.16091427523
830.688160449987
646.765915436129
362.679112294072
-123.973825541452
-1385.83032078876
-676.257841179022
-587.35310591811
-635.199090808866
-474.260912397443
-530.173561325795
165.1087792897
-668.603704045432
-314.581006483591
-972.003445015177
-833.421312377062
77.6428855934381
-465.142080950731
-52.9233067826221
-292.705275851595
192.387917746438
-787.6707388551
-483.289012455598
-469.182560991127
-604.449063403349
-148.18540186209
-860.675408238115
-208.630946169036
198.790395024314
-805.33374954406
-523.53355665955
-894.74118525744
-513.782933698994
-398.98807542587
215.299047822857
-248.378652661684
476.871209367314
-624.887191008216
-352.375179924098
812.564598578834
-374.729643678853
-697.319625440572
-699.264487432295
-48.7281133310709
-267.996753959189
-41.2553223436484
-347.096579001034
246.403135062066
-923.913066503571
-3.21795619802413
1250.63639355958
-93.0536571353043
226.656924409515
177.8684593418
551.507768678435
280.894947818628
413.453956546747
472.749873314271
146.892417501039
189.635482739608
861.688552662853
398.329765180203
-187.78022107909
333.165995124404
-14.4840855954321
324.530030678274
93.7136823458949
238.975939717661
-270.709464403278
256.145917547161
144.118180111746
-594.442538153834
167.191383703058
383.954140320619
292.572892261599
-94.3060064021803
232.639474120037
241.19925588668
-343.003399301271
-27.4306845910244
549.049502751872
-378.129445862439
-103.688268524352
493.591478493625
333.877822186124
419.686939619624
-162.060694640872
-541.582447445379
-224.452068285188
202.516471497276
-590.661857784939
18.7772712279973
16.4041214035766
-749.951073247108
53.7616646357576
270.028105364742
-414.803629159844
-206.55725043198
-201.092687315837
188.037798524684
42.1750311630936
228.604894287641
-62.2802384024773
-392.79044514133
269.44959620014
-98.2947532601211
-34.0283087053076
514.542025363277
-397.47380482659
178.368147990026
-346.833087408018
-69.8423332440568
-250.091710321241
380.255618727707
194.835278969096
436.531721746261
331.644260656127
296.988603552811
5.18948842131934
-0.462329220034867
-65.8069618386583
-17.4227589940803
-455.07461046395
442.647511272056
107.250732184931
483.708608678543
292.67087475491
-432.595205401234
-307.460826694029
-194.181161783506
172.871205537342
302.980515850191
420.16145231089
398.299378812841
-92.2908332404281
502.170265966251
74.9151565493947
36.6162514964692
84.4053436228596
-180.49320364162
-136.184944808665
265.08016060358
-124.061291087025
-281.222494954169
-381.185341257217
-467.889508816846
352.203272426354
-316.277307723326
7.87104494009336
9.95303243770283
-238.430998222105
4.88301368036829
-9.5109500406391
24.5811734257946
-325.758717490048
-284.390157626558
-127.28059306022
-473.508644161639
-321.740278332689
-525.721072011422
206.72623732031
-576.22727305328
-38.2713689528676
-47.1109138179787
-311.637974993179
-156.069901149523
45.3611461466394
505.7999346958
-459.84082277345
412.803190436245
466.372359431869
192.293410646218
161.697596939654
113.020926693969
339.699167354866
421.042754732658
-135.474498571986
256.686439772288
37.9540757726866
155.328653919618
25.6986139264318
-224.758588380606
-103.995896540188
-421.412849180522
-231.161850489737
-101.678071606863
-247.40616276512
-78.6055084557323
-244.322312355743
-614.74862097911
-558.224618730958
-982.333389296682
-607.295713531798
-872.459864521948
-1458.95619912625
-906.980995666662
-1375.67249983722
-1294.03554712634
278.867802217692
115.148962107621
61.6311749375118
263.677167257531
707.413927817115
455.075703947317
741.79388085191
484.741048997618
1058.54277819132
834.034176540808
-244.75647885478
947.012762282763
969.616635426152
471.47509577173
379.344842149429
388.936930721308
54.7579051047638
-306.079239519502
-916.396939173176
-877.319171365657
-372.657702717518
-409.852504392305
33.1855025788386
-301.889090839316
-973.652862904809
185.013477046983
68.7057891456149
-75.2569079113423
970.387378389254
259.331910473822
223.958875734576
788.108527602893
1468.2402168859
1138.38938216311
1264.15960909728
1149.10056237289
242.13072571409
195.702223577729
943.826141548842
131.297536696103
835.021498014811
435.758553926408
1288.50879723259
1539.75327118978
102.483044599294
-392.882616429632
-552.743399642259
224.879279835239
413.277113908404
-180.472887150702
-1538.80391221855
-1513.37336894711
-486.318274108935
-639.154820324997
-774.035608338668
-1547.72231597689
-872.319684300473
-32.5852013777152
-181.883979903128
-550.867927953349
-758.845717229749
-1535.51698039076
301.027283712894
-262.971243675228
358.013403723769
-602.391215894503
-1659.74651312167
-2129.17139326829
-115.760668580906
-182.010197235574
-959.100571571498
-1118.0485437927
-555.066630046814
-2060.13766037414
-326.639521579509
-548.813743093761
-972.419041283204
-1137.56833536578
-1808.80209045366
-2582.63390137044
-503.446645936858
-788.480798201919
-566.539508590348
-807.585957352871
-1491.6884463641
-1906.52061237052
-2788.61067802799
-2689.67984837606
-439.654630534799
-152.431251493708
837.090876198309
31.4199989581462
2191.60574559007
2159.15799359379
1568.81290595837
1633.73150990934
336.391178011845
-488.683386010985
-3235.39824354776
-2826.44301099397
1215.80206363511
-351.6663735434
1035.62301867419
333.424655038503
1401.12682146091
84.5401206725027
1016.45778431039
-773.869055256045
-81.2604635547607
-858.957346061259
-1865.78554447578
-448.0113005747
2039.1097098236
4404.65636934423
4401.67429024625
4277.87754907074
4647.2767120234
5126.43193758168
3716.178582117
3199.40818342279
3592.31928871423
2743.1158372512
2626.23389881865
2799.11141164422
2822.92515268991
1337.03451425254
-64.597988210082
-1565.64707610612
14.7428038491203
-1038.23591014709
-1485.75145005692
-1029.48223239484
-1548.22202708802
-2549.43308771073
-1214.50156916248
-867.154816696169
-1023.86897104401
-76.8432514083506
329.02730160574
-298.334654143671
156.193496741415
665.198178232569
1227.1846111631
593.699479645724
610.577399056018
-428.111049138467
327.00896712064
-71.3333565088073
-499.794410442403
159.731435819236
472.661792960124
691.287330168732
752.157515261596
467.707040878432
608.548133843892
163.223208140824
340.55248755254
1157.10124375301
363.285557124086
1028.51010461992
518.202344503392
-182.85257746662
480.844142382268
149.548506643087
379.896067780492
231.00029308781
745.84477814922
354.84107324032
835.684085389126
867.324271809124
299.067995615966
161.277561627812
126.74171394458
-456.580821760285
-414.124042025994
-549.104785347579
-822.846875811466
-698.137731301686
-605.317921412374
20.452236643598
-1335.22968094344
-654.484087007146
-869.506791734987
-664.702539305768
-1274.38585896421
-1379.79395848738
-1206.75793555836
-927.814705702556
-894.645000439503
-774.253754621367
-368.737746989135
-669.03613498294
-610.78600509999
-972.601129219536
-855.967350660508
-810.229922158379
-792.955606741299
-1278.99813714626
42.2682865149446
-185.110055417461
-225.054931685668
-238.224864821648
-224.535837880755
-231.058853234897
-670.394380038251
-429.969582982397
-158.501371404786
-263.379988827005
-59.869495935047
-328.253965095219
-297.622334301238
-901.677899480005
-601.505809922324
-1373.39420480985
-965.228764937167
-1391.50502524159
-829.228581633203
-748.608935060303
-517.73415167031
-497.129901829492
-443.158059104579
-489.742544325182
-801.845840371091
74.1850344198351
57.1799338240338
133.458327627624
-151.041466090638
-60.2653440804663
-567.672559472487
-336.376319562774
-101.244837767823
41.9786893383601
-718.310589267097
-414.915622809718
174.263950931372
262.539176698514
243.360062644305
-345.176014505276
496.740740688375
-69.6101480046364
-116.241663009803
-34.946997588066
113.750287395635
-82.0348055235804
68.3222001822442
-81.1988042539481
-209.712469485577
246.786244292343
603.735280653483
333.422493132227
-191.599546696186
39.3691177852119
-696.930404346129
-102.871261036461
116.350238418065
-332.885913068478
14.4352330909714
63.1222428506799
-611.217552202841
370.342272018133
743.131151616249
232.336685597072
68.0858394256892
-217.750679386657
-115.422455558442
323.187114259362
-35.6997051314073
-94.5464595585835
-397.206268470995
449.89441717793
287.502483938908
-510.365062727386
763.63262376145
94.0029309754303
279.140367746012
251.635045090555
-387.430475235507
311.71886360144
-1573.01679155664
-770.556347857408
-361.672855533779
-683.814381619873
-78.4232408411732
-732.720394347953
365.262200171561
40.8774857774781
796.008078927318
1821.58538608783
599.766195222378
-431.040403272013
-292.66659945575
-416.507053057857
-740.623658055425
-889.954996978765
-712.734705210558
506.725028725812
66.8315547283205
1068.83494172994
463.553474541707
796.321639014486
428.261335910185
1142.47776593073
736.964027885041
932.356904274461
354.248611916648
688.889694842925
1068.79828585668
1792.1340405417
813.051092741199
695.210715398492
18.9486612913649
777.137675032308
-70.9620960773592
164.393320045674
-64.8998926869689
-387.290188935972
318.448224578111
193.969016674628
429.185908231343
784.991659800991
677.593354966242
575.792547106636
468.792717787352
-349.520059980673
1103.53990610611
877.393659621134
619.019840306097
121.843378191163
477.501795059167
180.616586248893
950.027514460351
88.6137502492253
507.004256605982
112.788241284882
597.483719795322
-462.984321468346
418.104193432073
76.9710348692119
43.6565906263315
616.919100870881
568.828923807938
819.983428830227
973.130992032914
288.445976737244
256.108355203283
77.7001480757671
-337.749643241144
85.7592018556608
127.909802251724
404.443554259469
-353.219685169672
-345.640880367555
-1051.01727182437
-1103.44186907785
-1289.11818595193
-434.409378353526
462.814121312821
615.937718070799
624.621888798888
204.451507331824
591.234164548311
172.967928804819
-74.9368994577462
1063.2633843471
620.486942279054
609.759685005968
366.989635404706
-190.063070603232
502.797242954757
537.862528318551
-168.233500635521
95.0405231493778
-750.631414783059
-144.161768381937
198.752197582683
400.142114897528
-122.00441913192
-212.036308562843
-393.432173252526
-98.7851409957872
-369.607458286002
-844.079474019059
-220.710836851539
-839.835088070122
64.207621425318
581.40353838996
360.137881278627
-498.650571043267
159.937409913846
-111.148070260621
-382.183341000931
-769.408929235342
-237.357407546608
-1643.84330421159
-767.666232931082
-1002.56560595199
-1178.95882621407
-2465.15524087159
-2431.5872560716
-1650.09166026365
-1814.40870493767
-1142.04953246928
-312.301756424902
-269.666411837958
-509.469450905165
-143.008511613867
191.152054245137
-869.426073254619
-408.651139300619
-354.534126392636
326.007983786222
313.956124224885
447.317650320118
542.928343438259
1473.85620187976
874.524179799791
1441.85110418704
1395.26961544018
1195.80936067002
494.766442158774
852.064080912353
981.181908112555
904.173727811582
163.123459312534
-315.429881600618
-134.125877634266
639.579322188063
-804.010621980225
-169.810206549013
-397.189274812744
-207.946367225229
398.67570935969
81.9205866668401
854.340330020123
48.6034713215333
-211.764032785516
159.49737649108
-98.6313107777666
282.235909812929
-43.2245421109268
209.250529420798
358.828234582686
-67.0384556594519
-31.0551730254949
638.556315556398
192.415351031839
-55.8857049616106
-672.729915163219
398.819156275998
-57.5154026068909
366.155338534481
630.900184709411
166.055192104459
344.043946422159
29.8103969750277
-562.143491815276
-60.1873817629825
59.2121347093909
413.742482983097
8.5630363507849
58.675719659847
23.847799433093
-72.0979293450124
123.249820616206
-635.936639260621
-363.742205990955
-799.113646860514
-1305.63312148939
-835.065159379168
-397.582701205607
-250.496506658381
-1117.90938519707
-912.752061803934
-691.243775331494
-866.026360802065
-26.2418755928753
392.888283582873
-275.305815715173
-170.551985657319
-456.211584497767
-404.310387980225
-648.571153325932
-391.589212077564
-141.380651465441
325.946544623608
586.663668497471
1285.07368430088
1521.49740599406
1133.96244068737
1131.0503062493
174.594789134752
459.568904957024
896.437496036838
628.029984904884
128.079893950019
52.5115942536164
467.080267751142
419.886617558059
435.489706928846
138.531755927257
114.898742119103
-877.223788985208
-290.269903320817
183.085405322483
684.732841129953
133.798888439069
-273.287265927315
-138.307324079139
232.162155996116
258.18304761215
78.9111231110314
519.609938289487
-24.9873235692984
-327.001200207422
362.357212563768
-357.694405210584
635.387807011525
190.050728946422
-27.936949761206
64.5889167359908
787.716755993212
92.22884472277
117.714702113729
-391.447562862704
65.6490084343808
-209.323217003502
1084.29522978497
-495.903978492913
493.600727709459
513.955694837252
32.0754683172033
189.947986772998
-269.764876193513
51.3622799693634
679.579846180407
-713.790020131034
645.901537809658
-918.309038790502
-175.396130083249
-996.010609303741
-397.109814518345
476.216005308727
-530.233558581539
-414.944022280565
603.517770138453
78.9655742448666
618.306563307671
320.103720287063
-188.570142387057
-67.0866123235366
-828.062976874943
-17.9711621681867
-145.337751252096
44.3193093534954
-898.899638732082
267.349017430088
-297.711877371169
59.0379066952377
-167.452358018979
-353.644240407289
-481.893361569101
118.645303193864
-22.1946401230533
885.191659214544
-3.12345259051521
414.111615934842
24.9680100644822
124.949520905675
-48.7160494206957
311.561587209398
-1293.02697932606
550.155868218521
-137.731330713478
537.479774935998
-388.286756227959
823.083062312257
-1120.83065786248
205.676288358302
-274.035857385278
-754.294130872201
-62.5960827553872
165.096071751716
-955.213085797292
-110.070309327141
-152.000809120119
97.7636348893687
-59.1922262482881
469.386121760545
-277.233248003886
180.905119976428
258.174425875709
-59.3716118095693
192.499439836342
232.056435190249
-1269.61768016425
132.320216525929
-72.0018782879602
53.5084361705382
63.0212350779753
-190.283487609134
-1193.18429985129
-423.959549296781
-729.859457338772
-1101.20962409134
-652.52814150038
-533.849307381961
-745.176728210019
-694.092439988975
-382.9008262033
-23.4263689543102
-210.255471093677
-389.858321269482
-1799.06538748159
-431.760118320872
-839.931225199651
-524.440334486095
-221.599625769893
181.227223810568
-1051.13590073419
89.4274898819525
209.789378243945
354.547301983754
11.2752275769383
416.457544527357
407.902880963733
349.597620294097
814.649799511744
988.099794812134
435.552364632599
451.889373750582
-366.802104604518
400.973269704977
368.613433125034
283.232772818244
775.969267355514
344.167583136265
380.552016387762
932.743962749018
254.618741489091
80.704973631399
342.378171607549
863.682455837423
1074.10183213127
451.350429031266
1651.41409843962
1188.69737240429
584.588530089589
644.709861419182
-255.607320649895
304.811001336389
637.290737782235
433.102796656999
-220.348927186145
392.338421009306
321.390354214627
816.767088956134
469.151635437759
774.020534691605
643.614331932914
1855.12197412583
334.678450852291
416.775677700015
-367.683646915771
-354.428314025419
498.162974073221
-139.985345871487
-414.018335515966
289.603051707979
194.535725751853
-195.397538974086
461.467838961317
-1538.63338606737
-629.658335817753
-623.174270317499
-1094.40995976564
-563.198510418462
-480.65272405061
42.8295051328391
-188.734639294773
247.36557253636
-497.698737480975
310.549557747293
-350.990490123163
-207.955265028646
-179.278370325293
-136.282481891596
-260.327090571596
-262.232083888482
-1035.46737592954
-857.974435367977
-260.924054832352
-564.088149831352
-481.451788363559
-236.180477455675
2.70450495929725
26.8992967394153
422.647380761962
-283.995503452916
-423.258045410649
34.4486613553452
-728.200640530947
-1397.79997816552
-777.483697592306
-714.493625999821
-1434.46692977757
-148.808949971712
-898.846209767499
-347.438077290137
-1102.75273311638
-1038.01619800481
-869.656102658621
-761.768666334511
-1229.07102893688
-1166.21437653808
-403.950567994172
-505.602667969302
858.870027267916
454.104448768341
1224.90097204514
-83.4883846934366
834.974649064295
1662.58859038552
1683.96908302357
-333.738996909391
-85.1943974198003
-814.926357377456
-1702.24266274932
-2046.90442591786
431.066756818284
462.896390664867
168.545924351513
-679.996350416921
-1647.9449302231
-2915.62340821732
-3075.29315861256
-2232.14898649032
-1206.5479845328
-312.918798391899
-260.534503764008
213.139973403461
331.54227093811
755.900004224974
871.9345162545
3350.44576588761
3642.60452168822
2190.16269181886
2410.62371661326
1514.24766651351
1062.34921559536
-879.696564692119
-1850.87465698388
-538.013076905671
-187.144396685971
76.9993784627832
-192.860209839344
-621.284590446588
2151.79629988552
3236.05493691392
2129.53840999185
1947.48220465496
2234.68368327921
2996.96178750459
3220.07287396915
2961.31322115188
2262.80204114006
1261.76237963047
1138.00133963848
773.978683446539
718.553431554079
580.264568059629
-101.390803810385
57.1420860016368
-640.035516389489
-955.039475760418
-603.010392210743
715.870229318973
1792.33402366524
479.504185202799
1176.95644817463
1229.23162660087
1114.98919354049
1297.91363883582
-1247.38071810997
-2031.12515701726
-2731.83282421147
-1383.49753919149
-1472.42426994302
-897.279593152415
-295.19268961406
648.871012623094
443.161046882152
395.051315129332
505.932993239053
59.1893318860871
-669.519448543245
315.91675093509
215.587220030132
-48.8281711138825
891.578142492928
280.324115289686
39.8406464550798
558.224695261996
455.185172709939
246.944245730504
-82.7710486824734
-853.763850433264
-491.392042808083
-421.071949768081
-263.485255128412
-436.436125970656
-666.267530263223
158.392409743101
-1018.72072225789
-440.717870077563
97.42406120284
-269.481839769825
449.753507980561
166.062445344191
-356.523074473871
-771.88805850071
-690.614793052529
-1043.1874751942
-2158.84170230145
-1719.75063814032
158.307480031055
204.945753610465
-186.15297843363
-311.557511080666
-313.284749540003
-724.060897938168
-904.549309698849
-69.6808344706275
-212.051294303848
36.2374909629209
-26.0669299922161
573.668977733683
149.5455980407
660.581640459577
494.922905268151
-449.500881404099
-1042.35999427892
-1139.20981511827
-2221.84190579026
-2155.63901183747
-2089.35979622483
-1887.8349207207
-205.093602767711
-319.150882412074
-1728.92754172874
-1073.85374128756
283.434762528202
-672.279965348663
-535.882085271115
93.0665359093741
-115.634339557856
-159.382330513288
-490.393059348627
-227.178843216645
35.1831220929773
23.2855137015421
3.67807739890587
189.040358739426
-154.05225761105
-404.838452960693
-602.53771528843
667.959023372445
522.134299823906
845.204457562965
613.702376800332
1423.26726723617
488.367647400866
359.790321385337
281.885780929728
172.177300830709
673.553334738187
152.284571393713
914.787434329817
668.374856188204
169.287933575509
-144.165085602978
-68.9293090317654
-1030.52918182495
-1105.58307718386
-846.020413921258
-1535.42544842224
-2469.56640707059
-1821.71782386447
-149.656848377157
175.977691044767
-363.930584334442
463.945823662621
1024.27081072366
-478.719988638496
-290.044049641457
-793.507596294636
-548.565519066051
-344.520449018233
-280.331618126938
1586.28333113608
1299.39841317173
973.802365673001
1131.48782872408
2257.94357475463
616.188866820397
698.173884918928
932.865332097725
698.749827755691
543.783131865982
-973.170605765202
-280.104310655749
-1531.45343025842
-409.685567552206
-1428.46431740166
-1070.99474265081
-1596.22617383693
-1088.14713847163
584.550259123275
196.612431003373
425.048690891023
-27.250991819613
860.873143649123
-14.9650412845219
1264.72097504596
1262.25619335794
-130.703673294345
810.57324243552
892.28250251778
1342.70157014072
680.850240000295
373.609069307095
296.037698126861
619.861947488132
382.936129645883
241.44680999015
339.38786741265
1292.38708619165
707.413848445464
129.253539605068
-517.313234342457
-302.040734545169
-100.815290519001
974.658227218376
317.924279202697
-46.0762115146755
59.5447032437237
390.857841453737
-202.610682885656
-522.042691034174
-85.7401962556804
-878.412045315785
-181.586005015279
-183.634569995869
936.822112541396
38.3882337126107
724.480497122828
778.702663487207
804.812957644865
878.935452934335
631.716004941772
141.288420000585
-622.85056447282
-549.033054500356
-585.41439743848
-287.694924655531
-245.062504967008
-93.1992807721266
-263.727434852941
-145.692895632275
1054.88440084591
233.163933558146
-267.402903291483
-544.002869058075
-1437.20981423538
-1167.02475903123
29.2160795527025
-686.159987889779
-42.7589444430816
-313.070423556744
-88.5490698983423
-715.771363152448
-576.548567529968
68.7543962563732
-489.845366671642
184.336619524128
564.043868422056
-288.477318886529
473.086140037215
-75.412762445566
-955.844170989434
-123.92899454231
151.302181827595
267.320645792024
-451.134071387789
-380.582363811983
413.259048597379
744.601306703502
