-21.8166382214485
-48.5857647832725
56.4446532712331
-125.143308956831
45.2683641895565
55.1830316973834
146.255951488083
133.263566580162
-151.162447867776
40.3926265398289
-168.343843657157
104.636579793594
-188.508534191875
79.725051616777
171.975265503598
-5.68971238651427
103.753570850901
-72.1986040586345
87.5687226136596
-31.3873702508717
86.1687791876118
108.866808117477
42.5995436211777
37.114172243778
194.228354170246
246.602353080748
-5.1354232404441
107.499681844418
67.010965287092
-18.4138343383386
184.099179653472
-77.7362578898309
-187.020680248132
173.108505280688
-21.9686062433127
85.8917927838389
97.5158483223216
220.333085570048
83.2159447895064
-104.165140724304
35.4872498215252
52.1850499631504
1.14070717023671
-9.8907459139496
-36.8644677052067
-86.113207052703
123.332965646835
-24.2768347605287
66.1651485071646
97.0475824698165
-20.038103830487
135.028179725561
188.029794103363
-76.5902396758044
34.5888895493259
189.545815414103
2.18259498909697
-45.27841772568
154.392023970488
-81.3224937623333
68.722580361176
64.3644215650904
181.926202968431
164.490994867451
128.472952548071
-85.4808787357838
-84.9195864253912
64.3141574403376
-95.8225020882078
57.6825756174888
-287.462289494222
-190.197884070926
82.121633833716
43.4130252458478
-255.78218424608
-69.3416219423034
20.4279027675108
18.8983515933959
-23.1884973074959
211.723381159102
94.0185614291036
-74.8364019725837
-54.9758040062916
-22.9653293432807
81.2131781012202
-111.733360458739
-238.105186893675
127.23332079235
-274.962334945123
-97.8905591565457
32.1534471497489
86.5821225183572
-10.9170895371143
40.8333749981183
-241.422861621756
2.15293628874539
156.239774599418
46.3746576757498
-140.756889110848
185.821551072322
-68.5044138012352
88.2084565945667
-65.3527724793279
-106.790657377935
24.8208617170325
50.3975553991891
-213.987519775804
121.290085717738
-168.956708685245
-133.878424282659
-241.004090104883
107.00836010609
-130.480617669532
17.3030605470521
-159.940361671238
-12.4594533638982
100.023145530809
53.6217955663717
105.507961672198
-17.4250250921887
225.210093343492
251.005575602735
-13.4973964878111
165.250536390234
100.911951459456
29.7725200583686
78.0932121215425
94.714662221904
7.10280296223431
139.408449565444
-131.681513662333
-97.2284321650052
85.2732492578386
118.816442821251
-6.14162020561326
97.4490482520809
-159.792751898747
112.850905472214
-37.1723613365596
32.90265912114
72.2271414899176
59.6633271122958
-224.210511515422
104.32944316645
68.6411054510836
-61.8893249076178
-154.306954544726
234.927125282209
29.0000654159919
83.4575580039266
-14.4881667899237
104.510097647156
35.546018165503
135.121368839854
-180.394996798295
24.0123503069853
-6.57056717859922
36.9829595107782
-154.329369832113
142.099563769895
235.870980002212
135.194549825067
-15.0600108911159
53.4381266046736
-13.6101774685549
-60.4319537762214
-91.4383381086989
156.847143719307
-50.4340246775127
51.2147277214827
155.730889027828
-79.8947561590882
-17.3500711842708
-180.377841294707
-147.450010500115
0.288956241137612
-131.005427967002
103.568611298458
264.499024228615
-66.787962210946
145.477289157887
-136.181474643905
-27.738867937672
63.699604961836
32.9672482194187
64.0885368361781
55.1184443289513
186.880554350102
-56.670002683125
164.847535204499
91.7471668563687
83.9667604141916
52.6760058539261
63.0662096684716
-63.3080926234374
-87.7764120459667
-40.2741839736858
-46.5806379596013
1.23788971172139
244.659444530714
36.2480695433458
188.616819247161
-52.7296070494478
-94.7551008785152
-156.168156059777
-48.3768076343851
8.68587340270547
-114.662061157112
-12.5527688530928
170.748443777553
-167.993676732592
-204.576197689827
-35.3044812319669
-46.2262030450809
-92.8054172268177
44.1800767749558
-128.119279348191
165.776504144436
214.99907002318
-74.149487034717
-2.62398319951228
162.670925906488
-104.875187550529
120.716933211678
-213.071364155402
133.374580544762
5.69540316711945
-149.018752558723
176.054199823817
262.981278297645
130.694789127027
53.2950755785774
25.3017351699021
330.19750246445
22.1460828516209
10.0371624131749
-27.5531541592891
-82.1325573352448
27.3914488216697
-52.5478642263557
72.8771584597203
0.710889936928723
94.8684016663696
-24.935341204449
231.881777768076
133.729503025298
28.3013685911329
-45.066603703814
-88.0994820624257
152.62738871547
267.724488459637
213.476884037758
16.6831331109428
195.646629517111
-250.622059309979
-97.2767094375615
198.889152187441
177.981337208569
51.2310590322451
-25.8389313565283
-34.4609396389934
-140.028836101737
-84.3007846352727
49.0494613367597
94.974427464093
199.144068687475
-47.4828697036409
206.863056368378
198.514488149778
0.928131617825409
338.582275255109
-307.113458131701
-182.076114067997
104.405180141934
38.294004757747
99.3836588331052
236.543282878786
127.578647947422
98.8118240289207
-56.2097688684809
-4.87990807574434
-59.9984827386976
167.700835192986
-11.8261758107288
-10.1620308202047
-14.2154488405989
-233.949789485172
46.6984589734067
-227.834761345492
55.3512177807583
-112.994839076712
20.8058089148036
165.1844129511
147.591284271662
299.488140748081
-175.626462948731
84.5900018253061
-28.1277698680171
-55.6189560268922
-1.29850627774447
-164.797953271497
-52.5887064317858
216.785347342927
-191.937674523407
-177.340033388533
-28.0611430644192
-144.288488119499
-97.1940258618347
55.2780880448127
224.34794495987
-162.022062523487
-1.47765565535751
-242.179561296168
85.7409748615433
84.1780112787689
-58.025165156715
267.05966149053
-38.1770866380445
-34.1729613361928
-33.9243938443258
-421.773358822677
-45.8895459475463
58.1803037405589
-212.576029894564
178.856739656895
-228.68176389022
121.055173219462
-17.3413605114877
162.498857481018
428.557568412288
123.471922088419
202.369210793127
40.0081758053249
192.373677184985
261.825676703394
-85.5939269797399
-142.081419077368
-99.8007667605064
215.371061255186
107.512782328458
-32.1080027397484
-88.9243841064403
-219.112824314222
-85.619656153845
-99.473507002174
-4.13544626537649
131.43909528178
111.392777840225
264.958348515564
227.121238936075
99.1522481316234
102.303688387679
40.9253539466019
94.9792172382358
-197.176739935205
-68.6455429633296
-8.17880615475314
-22.8340756397791
88.405152340725
-284.90560118085
-92.0484614605525
12.7453632467762
-2.62539367237134
17.4099409013858
-31.4123693827516
62.5799335186827
115.998738594428
44.6148703448502
-41.1758031257075
-233.943555378326
-22.5613727673684
-2.44582331428983
197.881805398461
152.224689016514
-239.424128540308
-151.242303462081
119.649095122144
125.826689625408
-121.212344652418
-17.1674030318213
-112.389827467319
43.7833754658866
253.794379642303
0.483426177230371
19.102085696402
396.256798095233
70.5343191145392
109.540936187406
25.835204386849
60.6575948383964
-88.8408507278651
-64.8239617191614
169.532936687026
89.332256604165
84.9684923390472
-329.463786527834
367.273168578103
62.7216077212211
-156.251545357473
-112.725312825871
32.7662397030037
-135.285346178734
-3.35430087150554
-191.890090804894
50.8266587199008
84.8946053442749
-221.735888142745
-14.6418243947352
-39.0405262452706
164.483815915743
65.7179143195587
-45.157187650071
303.404305534952
28.0691785713041
-102.894037058965
257.153208309298
0.504418737260327
13.3682960322014
28.0852752842021
31.7307466211795
-10.6867970114345
142.048945883577
45.7417414822091
-247.826330369639
165.745507128566
-237.284001936176
71.1473736990211
-141.561463963566
-38.1783343146385
308.907897122761
116.792779950187
55.0997116076057
41.2636955497316
2.79710818415854
-63.7334834100852
314.413166524839
236.052190728082
10.7596147365718
-128.635321454687
215.473636169512
-64.4357298442509
360.411494263161
66.318406400953
-11.4216741399491
-46.6216603645317
369.393852170335
278.68151235634
33.5864035712186
82.3362374590629
64.665864905369
-172.079754936011
86.5660890848202
-15.6825865014492
211.795676059117
253.234112054625
-138.800825321018
-662.486449142658
76.3856327054424
-75.8715678430256
-229.396691915224
-53.0340048123271
-252.200554345786
0.635243745727024
217.617575305175
87.9061719912858
-218.626801239559
-278.269167215868
-1.13113709212514
343.757293636121
-35.2930998090907
2.15580092076499
-146.623955488004
-12.491864386037
37.1190661563382
-311.781300676898
342.743592348522
-101.866360553461
-140.160655717616
113.616796227158
-79.2426161910282
284.372904141889
226.235533885668
42.7597037970055
98.750244784398
108.065702182408
-103.709856733868
290.637406680555
-233.835752245229
-180.129378528496
429.491274058808
91.1229523333069
-146.322630357525
170.645040369013
144.882794819028
-62.0189949130612
-400.184425621398
94.1134124244831
84.5830883895725
73.3271025735043
-112.282509662027
155.248726285912
44.9727009580509
83.7508374120795
187.462558856914
190.180968730438
-178.041259977567
85.6286420091607
241.870995072466
307.347585106878
325.525877534047
-160.215896982922
108.979556986377
-38.1984933397401
287.475510842892
425.751030499806
-104.707600470664
435.340928905286
247.998881305399
-270.21907439359
262.426380110972
-286.381900684542
197.474052526664
-252.543170960433
143.963131983357
-119.818911996892
111.780301771385
106.336983291758
-254.152866065675
293.468282040274
11.7963782648082
19.5227512021218
-387.815739060935
-242.007446604446
246.628241630553
-0.17292103157925
146.048603968022
152.382846473846
74.6943625096743
-48.4422107992982
-123.425470159859
-253.808576044719
-280.19346616028
217.087249811558
3.12396731430599
-485.975896202705
236.031850428277
24.3211576883029
284.447529287866
-160.095732007012
164.461274118381
-117.402749638128
-122.030057830696
-133.207276494506
462.745779378488
399.844721875322
139.96485645994
-137.908762669878
68.1688781042229
226.659902587002
250.206183595215
-521.294634673737
70.3675927023536
-165.655693089532
-270.348786565848
127.447485299163
-441.638756333633
-134.294757564558
-312.128581852507
-106.524414733595
-592.278712182975
339.597943312978
15.8826947129031
148.30263184344
-385.236349784874
-299.649077446716
61.0246503266562
-280.484663652012
-397.49378537982
-211.93942454732
411.9377475955
95.218369961143
388.36626326677
88.2410873069595
940.117589433295
57.4616820556224
49.8625870685267
-296.317062519821
550.551476337062
-154.29412547152
66.2990697813936
407.19438489302
152.45877172716
-548.275254025683
186.019693810873
-541.565073407096
905.911060018443
-208.381339143555
632.646875553189
288.426708422615
476.482888715545
-394.462222914765
360.840828596511
-295.567439613224
589.982954066992
-145.114168531951
316.264360860677
25.8596046708652
345.76105030713
-626.336500716248
-155.729654575237
-171.762240546413
720.672707908727
389.651608627412
453.418737324393
-186.8087261106
286.866416091727
115.715825687496
85.4507820431876
-249.761183795856
338.18559625277
327.660649753969
-206.916779321048
337.028529880288
-20.8922802012403
-34.7353204814162
-674.594473645228
296.162109158469
133.713834639018
-482.17269875788
-537.569268512934
-35.2279227206626
-98.6694985577944
-375.94647511128
170.680678178746
-428.381820104769
525.339163785926
-159.57499582155
-66.8190335683246
157.919995240698
-16.0085561096675
226.38466981282
257.373666617117
-2.63703030581816
421.195392079233
144.179446643082
3.26669541750891
637.79362761086
-130.323377504828
-296.781192824757
15.7009981113804
273.162930945665
137.929525614525
-44.09868759546
499.687205589716
628.543652755067
151.276810317421
-658.798138912007
192.7595912457
388.156899373127
-795.688214802323
-497.083313006784
-203.326900615856
902.482449168102
221.605868128805
-339.671324149607
194.218066701021
561.194108649064
-509.831877409119
-530.560441375135
343.341555521415
142.932268542024
-483.444782400924
-294.532479848403
477.375107476514
819.322423268695
-818.159770472262
17.3119794696178
-254.317704656231
577.417829031634
92.1968382026727
-248.4329247494
362.824465810718
61.5103578480463
-142.136872355984
179.237215697688
-248.30856811364
418.133771318808
-608.134725337157
-281.136406704931
7.02660521360828
609.847368805431
-288.656899859299
308.843299606591
-66.7304148178451
-809.993748556475
-642.169754547656
-1086.9886129631
411.302795753689
-35.2022219194105
-985.828074764285
411.620904899741
-193.583610618617
-351.012110740296
-1153.2824595005
232.124850497712
119.264615362859
-501.325370072977
-740.800599264387
543.535085764514
531.575892335627
82.2546872564872
-1007.62061285749
-353.171510215786
-149.965283031911
-454.308006684308
-1336.54604290078
-64.6856561206571
398.808884968394
-282.048037125986
-1072.05862408032
-1240.21501117067
550.522061728097
-681.424039992861
-425.472050553058
88.8401920907086
191.794113431801
-810.420046007688
298.321383393391
-487.628634742135
1168.56047267762
268.300601264424
-475.969564084587
-245.991773241892
1074.06679005685
-774.261254446866
-137.507367209436
446.629109084935
-537.492411275023
-672.336222659317
1114.1231505151
358.129109267834
-33.2187259184117
386.881454256905
177.499372025115
-68.4475661260524
-728.991976356825
268.08325175107
831.339646365035
549.949904652174
506.132244342467
-849.394740057172
-218.392642923142
1203.52119339222
258.277110694842
-850.239216016475
384.389308252603
320.09844832507
1923.56612897335
-627.429748168164
-559.78447161575
1332.64621735607
1078.66897936886
1016.49562633147
735.915868376709
328.287711555534
-110.781189024839
242.489573462629
984.650849454007
-277.615915925101
230.337319750756
809.037022942051
1320.9391019313
1136.18075425263
-351.856640534152
804.138574901302
1025.33121480747
986.487752966639
631.076401117022
1085.16948612961
409.761477460152
-755.961931077577
887.666356436741
289.05904866538
-540.891519509124
-696.466711764367
565.732951014
806.822546587664
356.584955079609
427.927630354678
-352.047503719952
666.840677025227
1484.27045000987
465.767352501182
906.686673529823
-663.989424483337
-496.849934205165
423.457441468357
279.820476020261
-324.542851902924
-190.675748656425
-399.887430666482
534.593436321995
-265.630213098374
-191.365064007831
100.342700947961
-722.460346434136
111.432332692252
660.919341123256
-501.12361545235
-180.936724319598
31.3681412142766
911.742265559866
476.869279542726
-274.792211244445
-311.244006895766
-588.528817076616
334.109430622796
-59.8391737060848
594.809104866384
-21.6785574496963
-320.298905867532
-562.39549695258
1059.17775373687
-123.400227952927
-357.005553087877
-264.813540781499
-585.794005447346
260.420697771629
-362.122494194889
-105.358468264654
-611.162011746175
-916.035062620635
204.250504240893
18.197733655083
239.215088273902
-458.845841696003
-739.08956084483
-185.343891448436
151.7065423464
-742.984570592305
-72.7879942466364
-590.917188408171
-164.940362384273
-177.069785931221
191.802308401312
-285.846572228297
-669.083637053871
146.599396947994
399.239776834324
104.666239270317
-795.749812563627
-574.050412317931
-382.4341616842
206.756162623824
-7.24706240773752
-307.30832003936
-390.402046873837
-735.713688512213
-127.187825506706
432.688879034246
-364.401056125328
-226.233994685734
-98.6129476309846
-8.50043767523186
-204.498333460513
-41.2407324927408
-371.146500877079
-84.1192949823585
196.581895993452
306.431233800591
-151.093650693855
-774.769929041805
-477.738292982819
554.687569362063
465.621467768408
-624.974496648097
-40.9411999559267
155.819044581951
-183.388763747141
398.177202607427
-236.702429115856
-142.239205678368
111.676379516942
-50.6756220423424
443.082927837948
-55.9454190517251
-290.703964498742
-148.420511250523
-20.6291414188117
272.417966392583
-601.686969663519
121.94267030466
219.169984201887
-75.6408913804749
131.678184406582
4.88612895800652
-94.6465725979441
-40.03570025199
-360.988856149051
410.732155666938
1.5015827168261
-179.800417398794
175.291913663957
455.243489286684
167.410937121919
-79.591068564342
-124.970299262075
-74.5467241704402
235.97445203958
284.606088676593
24.7232456801579
-108.900162078494
178.137750370782
73.8157279871414
376.005684789936
327.513549208151
282.117188770553
318.866813068557
-96.2749054384906
281.839463256362
250.49828697587
-36.8780613815018
30.3950002227598
15.743360165063
166.800815283819
-30.344145699144
-298.278273620228
-311.764688481377
-405.852781727824
-90.6447309336684
-121.846611075383
-21.3144386831761
34.672860213576
-97.5860888977966
186.169978937014
-13.7496781643879
-260.699916086583
54.3723357603294
-87.3793718646867
118.224419778531
-0.500519327364294
-94.4387212046275
-141.328412194836
-276.080704337239
-146.865612566515
83.1010686028944
-439.180014238867
-10.5003953184528
257.494278000811
54.8774213442501
-210.061793982418
49.4977369272277
139.290262016026
300.362161982543
301.545633644531
-15.2821375534029
336.298788928707
-259.37785615374
148.5756715435
-74.1443005266849
-61.4068261136463
89.9683636921193
104.707870492776
188.606247737176
251.366048947936
236.926371290401
-19.7839799163724
-172.082389212288
229.212344177561
384.537029600335
111.894971087281
-62.5362252828827
265.488316352675
49.9592347685262
-266.295272530894
175.648555536859
274.843108423594
687.345257754815
181.472142517144
195.199399056122
-93.8664377121003
202.574251816135
93.5107154304034
-33.5627424892509
-167.118707451859
42.6099391846193
255.863301557895
115.825599733646
284.208023703431
-203.83655753895
191.380781680952
-222.991219210548
161.720559030705
-69.9796012061898
120.315517429825
533.822192228162
23.9516157012578
-9.10664159029822
-87.4457019217124
-123.085789493145
292.534461592399
-131.411293573682
153.340964400264
-196.423915115251
-109.259468038847
-121.827900440428
56.1811018708278
83.3955606493647
-69.2404806500618
157.589421029917
-130.645447613785
-119.117306015437
78.9205473970204
108.699077909316
-41.0170016861932
92.7852478158286
332.746903237279
77.3747522167434
-243.722255093662
99.8138162099238
199.831240269973
46.1470761015917
-53.3929119095283
-0.825007744297956
-189.625203086242
-50.6371543709836
-136.220849870759
-81.3084390022345
217.033581785881
-4.82283561738691
80.1832576609877
-21.5009214588167
-211.79250867414
87.1540853406195
-27.5976942120825
-176.477176244456
178.367143927197
22.4425425266436
115.725081288773
-74.1740366312386
72.8969460945701
236.767628743643
261.940334701288
59.7703603690603
-284.080741689742
-85.1068497188645
68.3938391441303
113.737477698172
350.862924388689
189.856707013352
283.113755960326
-11.7299010442243
-45.4235248992312
82.1260403371146
57.3652547606489
-22.4872180030983
-3.51771191584297
158.879044503742
94.2975400015629
-14.6516889111012
33.1384517352936
-44.271447878323
196.152942069612
-72.501610211604
76.4529789326953
59.406659757143
28.3799875962619
74.710494537245
13.1187571319282
20.3400618611595
37.9497399649897
-118.714123249441
-193.92432871221
210.526394095853
-184.225566621108
19.9972822786254
-90.1648199375816
2.80462844418419
-319.410533415081
-29.0449727209255
121.244275131318
-10.7043688640974
-23.0526658263109
62.2438973476106
-239.200790409136
-192.359232893628
97.3520021839685
417.485950587955
109.483940429053
-0.110128030775087
64.1199675465914
-12.7367377834136
3.8633588957053
66.5073032188535
-49.7051257484679
76.5899413923296
35.9634472451059
237.102052705818
351.158150844762
187.966812688288
-97.7903723864681
-6.30425941269202
148.84682256277
150.691171510768
77.848616077377
138.453985200279
401.223842592844
468.016723789704
829.878792261254
-372.399682596352
-600.281476793477
-1255.68330513835
-227.612683970147
423.740849851895
-91.3975191607682
339.132459470319
-307.508778382564
1.55528724838025
-1277.2412649565
-240.621672867772
116.88635811065
23.8716521152388
60.4480982713113
434.492945241716
-83.655013976163
28.3103511776633
-473.227051988051
-353.687528050994
-547.290202273569
253.507123770084
69.847616925928
273.204300765383
-81.5118473066733
-479.016103420724
-693.740788136658
-177.584501875497
290.635600677412
451.978186159079
44.2594663183919
-708.84673181432
279.835302261886
-401.875744599825
166.902909891502
-90.9310441853766
576.38262212065
539.93293390436
803.654872850762
604.743619836312
-212.864710133858
103.244257605746
-62.1233691186194
100.886482850034
76.5564077423129
-9.6723864133524
32.6812387230413
-563.855311188946
-150.076976776437
-166.076079177015
-76.1104350564842
19.2343935925095
-184.9754215848
-104.145692223833
-242.024922838482
-32.2457581680576
-75.910901398915
59.9724820429954
-212.019984040903
107.662858123906
100.4396601488
126.989932207896
-156.89761671709
-255.901027628304
167.395192026191
36.4918096160977
-22.2708453033027
-296.75316159764
-175.136975644147
86.3733345724768
-30.599610119189
-31.8088979826058
156.635540922626
20.9394811277339
-209.045524307895
-126.622440888897
37.855815320836
254.426744178357
52.0845646333289
18.623868622354
182.085279582197
183.909407358059
-134.345650607959
-65.752118028511
52.144935425935
269.539496131292
3.01104543548083
101.888475770811
-104.820973404866
301.275653339413
-110.438830606368
18.0302826787943
222.342619647179
129.549015377889
-157.687813677221
-38.4523059382961
242.089953213159
97.3719783573522
212.385490372997
-58.7396752505877
1.96554280732839
0.122384364026004
-139.521027826514
-30.7266608154328
113.008011752314
-24.6838720449482
-1.51336028260772
177.2668595971
26.816706449023
128.699090658983
-18.776547405204
37.3913898195083
-3.70167550682854
-69.5281754170906
-196.601610210303
165.970954439533
-35.4399533814984
113.194911785739
66.9034303549108
83.7325963415268
201.381697041966
79.7432621053022
-115.447710153938
-131.109924629018
95.1684820402017
52.4006139404312
-45.6863237998035
291.601076571879
6.30443755122288
157.399958787438
93.1277264203145
281.248530896121
13.967866981358
104.813688287513
-385.278541425121
23.9299535103698
245.502722055306
52.1111961415532
43.0396133842895
111.763628605738
-174.650280159825
48.6667797083215
-469.452903401281
26.2038721384129
239.702073566916
14.3125420430933
-57.7761262765741
-210.38404729553
-277.333703178683
271.578972223686
-395.049000156343
284.287002003682
-92.6320686911786
62.2525218620913
24.6335912813638
254.233721484997
-288.081728873686
-112.413155597352
-36.650952394334
-90.1710546596374
-233.67136338292
-146.257626871083
19.0339019776207
70.6655497099589
-16.8682443709318
117.968993703074
14.1092189833653
10.2012559798747
-336.472651475838
26.6997550440011
-138.510076135457
-173.274259606986
-68.2041088780519
29.3579618324889
43.8483741549338
186.05262395771
23.8377535477118
-8.18793907099771
-174.826301050662
151.332837489158
-192.18670387285
82.5260969937717
-77.1824264249477
-254.447503581033
