131.961661879659
-535.083696680434
74.4782883623419
-528.960448433644
30.5807130949722
22.48015257003
-220.034542244191
-590.331082965335
-414.797182873015
-587.067439092204
-1274.20414300818
-1198.73196547122
-276.756277324522
-65.1848229974422
161.584884286201
145.151679752634
445.905638385758
-55.5541736679445
-75.6927991142272
101.717045934478
63.6332018872583
210.647845246729
53.9770840257679
501.028026424421
494.726754363536
505.012788088384
-186.267686686106
118.353449458818
307.643144202705
572.303547214529
45.4395187342034
63.4508214355269
-34.1815927352862
-346.974394987837
-17.8138714834538
-417.51613467929
-239.345007836012
92.9428271388872
-346.679944733523
-222.963072366632
-322.797012377303
180.413086037461
502.886866971946
-73.5848891867946
-277.745647969996
-456.758937393833
-379.322795560629
-799.69063893528
-731.5074035105
-455.426009156935
-790.542346657877
-167.359542449187
-104.001586976188
-1015.85627225486
-613.921546825005
-795.794961225348
-1188.17605701766
-849.370868700279
-1339.86399564146
-1244.98966114022
-1302.81350106846
-51.6521366942671
-507.037661117313
-537.231474593964
440.994661294485
867.723317000416
1181.38742243395
855.339933101457
1061.51162242197
689.442899205618
1151.14327352973
1496.9306408509
847.676301201635
1030.89462046634
1281.71784377472
1208.34629263474
1285.09244756348
797.798518328622
1074.37212619453
563.970735238839
417.910136108329
1105.65899481928
559.45911887731
550.175017580597
208.658830166034
183.639117056204
268.496406353407
295.313166335335
370.241931141822
-98.5608814214886
-736.191896074076
-619.593082952159
98.5408852574689
-763.710594702718
-554.665091970399
-313.319796948288
-817.910803407638
-485.883156684574
-476.002029359117
-440.501527494791
-652.633513676952
-390.422639334008
-548.540863233007
-482.035970770112
644.058418859328
70.96888709659
-234.435451445026
-0.556076396729594
-86.1655032467481
602.018061229646
152.575675806181
-390.428877376986
-647.450681852969
167.549014254453
-634.084034537095
-632.874184043939
-329.995386140128
-155.136749807784
-117.398497032379
-62.3072897242459
-194.315379254155
123.427609477864
384.049119442193
-375.96342522223
743.961785649365
-297.467631439
-140.060087566735
-270.483234199167
-625.79682407158
-150.918547796168
-94.4572607089458
-271.235218904721
214.05172660255
119.656100179973
194.713658960933
-171.193083906853
-382.091361833068
226.890300330847
487.929888456667
-147.314592951667
-520.812264471852
-1118.89954203787
-72.8212251367298
-427.312422985829
-318.957747680137
-386.605319399264
-64.2833658746339
493.522793309579
-737.351606927279
-544.963913019573
-209.231903019645
86.4340901826234
-587.437367907222
178.352412388264
-26.9614777526606
324.774628227177
-257.100778765356
-6.74239872867289
15.4673891140689
189.190377576873
776.878142236569
334.076712484674
272.819383162061
339.808600234548
715.495176834918
324.934404178052
562.937600526939
22.5216526805045
892.010783927633
193.921045427274
-45.6457188476903
-553.620597328695
1127.99102840505
221.281182978267
-147.170325483273
-307.871639314784
-102.961428782196
343.926565788913
-670.616974732318
-224.716228031129
91.7057381983423
-7.64930582738373
-273.871849387406
603.88213737363
159.554621171864
518.492258313723
-534.763385391753
-436.733447409375
-253.988770716281
-388.465162037521
-198.717381970765
-351.096034179135
-96.0057253547179
-505.809827383603
365.81274745985
-113.77488086926
-123.263102980262
124.898025438666
-61.6699181141404
-218.183314016768
-765.429168177652
-760.030293349034
-62.7428990609721
202.604666062093
-96.2146128393816
-245.154269755044
-390.744574373011
-22.3345617839867
-647.592009458472
-1015.64805625035
12.9609765254286
-388.399180524409
-653.783334795096
15.1762263883856
-284.915191605624
66.1834240952862
470.809965258838
470.574525862478
924.871343713337
1082.57335263557
1037.35892263487
808.600120505168
1077.57451850148
789.695790389691
579.257988836813
762.743479931302
699.471853249528
186.789621655636
122.349881619458
656.071179338873
102.374993502084
547.307670444358
13.9853986567788
-32.3105429698777
-248.505538473912
-44.5879584548401
582.673616549852
560.344348564241
606.437989182645
136.852616295211
572.51347454244
400.743419598412
339.779419674875
-179.957019783645
-128.807814541476
-763.37284802877
431.663962305268
-623.951592160956
-884.927681232447
-1266.37308216272
54.3174464472213
-188.386172285587
-253.829834377997
-383.709200976545
133.936803273875
-83.4096937609873
-313.405465408411
408.839570701181
-339.509993706015
15.3227760881153
-269.905960522539
25.492086727577
220.176364502539
161.334953366956
223.209869507908
497.268623171276
-59.0114378664465
-599.493361071229
74.7148420397912
238.205931498527
-368.28861687479
-224.244178388849
-367.377057587256
-547.660541279167
-359.342287635348
0.492202882879667
-886.63551735638
-116.643781628898
-146.27131883665
5.2735213959138
-101.435337031338
-539.829921310309
-321.384963255201
-215.565562612217
193.459394301725
-409.823746857388
-824.308984641298
288.11095407729
-384.004230797201
-289.043580196483
336.171159205472
-847.258040576892
150.61282579017
295.139051065014
-301.010957545208
-43.0144263630926
179.130935858834
341.095580680082
-350.825605348275
-133.833230556911
-322.323458556695
224.561042824198
102.753780796057
217.308921071504
-89.8188507860574
200.982047802013
249.935443828804
-80.9779641090666
-322.036738299833
-859.810502671539
-255.980563131458
-433.786390696773
-20.1938752909233
-533.646798209188
-174.556475203376
-499.297990556462
-620.029646313308
425.241514944534
-50.9874391378246
396.173352851765
-301.404953497953
-94.5437862623033
-77.2958204680817
150.9461400207
-120.751058415854
111.293002142545
204.103061397754
-408.070430486492
-293.253183169883
257.842224226976
50.3914942173946
-460.731880140744
65.2980068746247
5.68120999451747
461.783964252384
268.660353256234
89.2640660961331
307.010934442328
-40.0637519359163
300.432974847546
130.542804868649
341.908726184291
-532.325877207808
276.198838432096
685.716054035271
-36.5315992554172
395.53530070279
404.100869974215
290.303537002124
-218.383368796547
435.755372607409
-69.8980119411412
-192.669519722778
92.4961206611023
914.54516911794
-30.5432561977346
805.875846259562
-438.890400959597
-8.32251187701339
-63.7221359260507
433.535168037438
-37.2423073334936
364.603640029067
466.803357359586
705.953049129048
691.637260318965
338.432706897016
-296.265158974333
-105.113479122046
98.1746260345195
506.591923347782
473.0362463383
729.006288364673
175.528020024772
431.87077476483
386.733535635001
20.616152170617
-11.217732692611
118.313996744874
-374.033682512187
-389.933422810435
339.787788850382
-214.518332189503
114.213356763475
259.035221229643
317.310988547521
593.218001135398
107.969443364292
-123.900426327075
-307.075235319228
-451.712588798308
-446.712358522312
122.849927909026
-687.894972712381
-709.566850735227
-546.414803083888
259.786854981427
-442.283483009338
401.008889795686
36.9758251937861
-330.405963437014
113.467741366153
-613.627077968657
302.944301480872
-263.219148285159
-488.284744737941
185.492039208231
-26.9274130294729
-234.766819222091
197.750404191058
167.941079366755
-505.689585529389
405.727744164861
188.644226613181
188.116971704177
832.045260859843
390.289387451111
1049.34411312023
618.32413222879
1363.55369116581
679.297356091391
66.9741596538807
115.957977363495
263.393441726265
-70.8702622953046
161.038872969015
199.093649223101
-320.859317004498
-330.59055573643
-95.104234132914
-115.100283413957
204.490061840512
-0.300867183803604
93.8244077595768
-466.895489895127
-177.74039826943
-777.73438589381
-237.232912006624
235.041426885531
-273.283568289149
-35.5063040696258
-173.935281558784
-504.369170491189
836.389093165655
59.6321911304279
288.067619417344
513.447449336642
-807.585997978979
740.501119218561
6.93386254963664
-257.189875824594
375.872080855237
325.779914312293
-241.339549093315
-125.815433355044
263.974438604153
-369.443078971713
-28.9633820654425
113.795647397241
-68.8078746876826
-65.1264686670012
615.854939015904
295.760512339363
853.565935874375
548.298695987895
538.859314553571
633.691815405726
-100.220649370977
162.791852792481
232.957318078672
560.071446807114
19.995975597373
736.847314022187
300.157494398391
191.230729345556
141.785321579376
-3.96251930484981
227.015918811363
-119.329397536204
-587.360782212594
-170.787300385558
-242.906067413515
641.031004687087
-577.939225455738
-74.5518471242126
36.6983790891163
83.6333904975379
-616.19853174628
291.436783065364
-348.265352888594
-138.066411639341
-88.0715860811647
36.0967197015102
-18.96038330666
134.661686803767
-763.708877150832
313.982302496476
-163.211509387119
90.9954921328469
-276.480315831816
-541.248460067052
128.600027558056
349.903935120195
89.7188732233693
12.5285762910499
442.167603431167
435.891865254204
140.590945721684
-463.917364938504
41.362176296231
-586.625479192859
-315.478300925747
-39.0124723377339
-323.790516592311
-246.390496837661
-539.811054327806
21.6201888115864
-726.868103903884
-846.46091281456
-557.883631606224
-134.460342828552
-155.584088027124
196.588515002432
286.128700083295
296.246106420658
210.538213698138
239.114623016671
229.54335267394
-257.449675329222
15.7356702113934
-384.349984494078
-185.919494483179
-11.8330634593775
-270.951993819418
-225.508595268425
-24.278238601712
91.9006666055441
469.676840091899
-340.277932911311
106.890492481147
149.958327739811
-139.153997284139
-409.066020290275
-449.649388591347
-152.133229395578
-335.217988829962
-42.0105765761332
-27.5283437255508
-203.741135895542
48.3496467625817
-74.385834926078
-387.702581045365
-197.09362775312
95.5437972083643
236.343952111738
-116.299234648972
-380.229576643981
-409.711060051767
-487.993800495162
-603.470976111761
500.562140850536
-82.1161668850589
-162.709440505667
-237.740879161624
-247.493451795795
-355.136218933784
163.751935739354
-439.455257724795
94.202447195609
-81.9256823570121
-681.024734693724
-415.10653738374
-339.864171295762
-460.634060272153
228.016858486539
363.688733619734
281.250396154228
-594.899777790742
-201.956674950954
435.047012053337
300.240613770973
37.3726618802315
-354.584153487661
401.761414815716
18.1800844523408
-255.936845557529
-865.119637985945
394.572777965957
248.207056725729
565.719092055404
-31.2198564603009
-268.515073211406
473.383081995019
-206.159420199871
174.72830883746
-312.803772199207
77.7139885528008
-289.144202016126
-270.900636192725
-264.288890216946
-763.49687322023
-467.870140123181
-188.806174241532
-470.459067791759
408.862109898338
539.020510991576
-120.830330683674
-635.525970310562
179.22792111348
-18.3193964456952
-72.9456998999174
-126.589682588828
36.8637706461153
37.567002930579
-78.0600026208548
-193.73615911345
657.374042101665
90.0892703762138
370.272163522728
75.9342622538203
18.5431473001692
-312.960481104896
-188.782219631796
859.340480560089
309.172033789041
593.561417381212
365.377753493248
101.10279410524
347.962501918438
-41.1510601610872
205.557736269121
-559.296490166129
257.620874199058
58.5012992284452
128.835723561289
59.3137123598063
407.016275823125
-497.828577880546
702.922510904663
292.735210953571
404.794907994315
-102.47390048272
-458.572814417047
-629.443212002683
-168.249173671506
-179.181611645267
-727.437207755954
-211.56236948454
-440.246567698243
-1419.89181689348
-385.683244491759
-183.41182477469
-441.61502185083
-655.085895586013
68.8068406838376
-38.089532863561
-310.566729193656
-741.170333903287
-56.3653464251845
157.969857339802
329.130651785573
-745.57572045692
24.7306052976546
-164.87738616163
131.086726400883
217.536764008057
-330.734385217826
-108.631454970288
76.3714502553108
237.830882560262
204.754510060251
-555.251270569342
-50.5126666550725
-468.393731926453
317.209746159816
-527.511572060874
59.3631232498057
-610.94280888828
-387.609546341549
-497.410864794537
115.393384283828
85.8543609463134
254.947468392587
-97.5861619529899
-162.163659389443
509.752620010475
-287.983484043121
-2.93536897736374
30.1028760313856
593.040990021292
1157.36650353404
592.586208406399
557.943903686162
602.772803644314
1309.31599515894
940.610764980542
1141.86054926378
1450.59966557713
548.891814183639
-1027.68101365644
675.549962459051
789.309559528981
-168.544572512498
21.5469153513002
-89.4241568562404
-1176.02257030551
-1223.14644622568
-432.246606708135
-730.030049630149
-495.503789671524
-422.378329549734
-938.826412186956
45.4620485806539
-1014.67523233965
-192.268954153854
-449.460329164581
-1111.77555070197
-428.177138705918
-622.675188346016
-600.116956786061
-508.789094491741
338.193054470189
-128.546935955421
94.8741082573577
123.138556702192
-338.405853184382
-438.948877584875
-231.718668751401
-762.239327954696
-509.214031049546
-212.847310599319
-464.565171555938
39.6867758965193
-111.588640220981
286.183302917171
1070.32874984456
704.370871227315
114.847224215495
1136.87809582499
326.390479307879
-99.4097630182087
856.334590678137
77.9703301556648
-349.391842491687
449.919552924483
569.66983941309
511.329688139568
623.2156675939
776.659684260219
477.503082481812
191.869210982031
650.601600411851
1075.2231239601
23.627449940235
-630.434005038175
158.726605411284
-351.004490093546
10.7682510938623
339.963898178009
-157.277230230474
410.36077031177
-658.887380878422
-590.207085483107
-6.86687568295918
-70.6060684736029
-240.214123173244
-37.2106423957654
-267.045479043553
-902.942759271029
-527.89246719036
167.877971624101
0.337472778515405
-719.038933300086
-245.180778520211
-189.182267651682
-178.430565050329
-138.453382872503
348.447826712379
79.9643997071702
-53.9865253000807
-402.222150287558
657.937080741509
251.830531118287
534.515138545226
304.1793614215
14.8883816830235
-237.769144223625
257.332796488708
343.10834416362
-720.58361345878
449.458539004858
-31.9009809328582
-576.517868358231
-176.705391483307
-692.3239538392
-272.319408267714
-752.192110608145
-325.10156262219
-452.181901802541
-43.2497623850733
-645.590650849206
-336.347097624302
-650.822974902846
-476.724894906843
-243.692817015155
185.828007823946
-780.729731366328
-282.51123446904
-258.419500527574
-29.7861694024338
-390.392745745361
38.4613023531873
215.72169529398
774.02211725398
-120.084409614533
-186.922142820453
157.909129901358
183.1835824756
422.655636402063
-136.587607253253
27.4506736365409
-53.9429822716247
-241.976534284833
-336.532761441027
-502.009181654293
30.7825876547652
-173.243469539899
-434.224347457995
-94.196188545881
276.953323852688
-437.084745951621
617.472074948349
195.704886194908
680.120853799629
653.542836464762
351.790624292841
593.072622339329
961.211924684674
624.899162802396
248.706061737621
701.260557616155
691.654955257557
-267.188626280798
-176.895699218088
163.940853699354
190.601125724839
-11.7213832076494
-501.430708869479
-37.1408931365108
-740.800779669474
-14.6055773488097
279.883579153678
343.984829814915
684.894531397141
-155.640051358066
-592.944438168244
833.155393564699
-74.5880347170216
-277.349715237889
304.619597474127
-409.434390735389
-34.1056686703166
-59.4779096954227
220.945239400324
-283.657840050286
-87.6071004192883
-367.540251318979
316.865287014418
82.069081771164
-5.72957873443568
230.016208244879
-292.938311182371
25.9183549045539
-18.9650255732149
-599.031504579021
-298.269453899704
385.711076841989
266.804363298816
554.661517201463
-238.500806671482
-493.311608532141
233.253621314903
70.3884925084235
518.393079460886
285.59593128699
-563.368768244021
691.922328947087
241.484086105302
121.907425219474
-25.3394619929999
-161.82799790774
39.1658532153286
95.6022207310171
50.0663284369818
-459.238064929687
-590.045012062958
-282.919414835203
318.675173016354
105.096908560397
-152.950528037508
-13.4234594525374
-351.398663520855
-682.126023236616
-645.495134038806
-495.216394177786
-248.896644044326
-300.878935169488
-420.705601239044
-268.868246383315
383.514442297682
187.054857242552
-24.7542736011859
153.670698504036
31.9680016563233
402.767825790021
265.304555338977
628.713936238107
-584.487793898078
208.17746066728
371.563190619091
-767.610757494385
482.355629340976
-588.409527552277
133.258878212539
30.3415214159754
-185.307250575884
592.544964720596
542.342332709809
-49.6287346037182
263.975933617147
228.830357457319
-441.769332207677
283.190176970999
149.229739376137
553.484405733313
288.667217086653
252.845549174542
50.2897094151879
-171.679133525228
591.210341083931
-429.737874900488
487.390859550924
397.209196501577
-792.172407181154
-90.6157675246008
-457.985812355036
-418.866915760264
149.201054169301
69.0320554575815
490.910526462135
-579.531887023672
397.53627731333
141.821023160973
506.194099416196
-67.5918958264565
-253.831099844017
-369.415057528566
367.684005025265
-377.392027276844
66.2412582408853
312.993338938343
165.257745094025
-3.90222193485902
113.884239379247
-221.661081397788
268.590379369261
416.291546693921
-410.549717810515
-189.227293873767
256.462753390779
58.2437740817497
297.66326542283
409.482288936846
475.085080772906
-32.7892218236372
-275.130059945087
-261.072837278053
-702.847574212577
-76.8972400370017
-133.883734940192
805.90395773458
750.328898287276
13.5962944241141
139.109352477383
316.576675194907
406.550910493837
-185.414896061623
79.9192117133317
420.808719606477
-306.568795132389
864.448490709694
-299.968587972853
-139.651892766926
-359.278708994302
55.8264025400075
-601.370741365901
-59.7237997247837
-335.537307049716
-503.677918606431
-311.362746034806
105.544834644929
-62.0453099121154
154.987941927812
215.919421546092
-658.294475978551
-415.969491858645
-170.307444800707
-398.718397403398
-613.527072172963
-176.166504602361
-562.125127020697
-65.4134401115583
-288.678412498501
-609.05180130175
103.169190261297
-330.733711695974
61.9355663325059
42.1457436693218
476.5975481597
198.0629913236
469.795877987963
225.34515967418
-705.700076033455
-401.990779183915
671.912952754953
320.853477950628
615.969648792739
249.271872880753
810.013497337183
246.845542174347
1262.04554339753
762.844411534454
1125.29060517161
1187.32736124804
-255.738046881999
428.558381145664
688.477015276752
-318.971000756653
618.566344441472
403.929896787786
44.5272419109326
-950.754924601727
-377.607506365641
-33.031604082709
-219.496640666988
-489.778429808141
-136.461909493347
112.831877772853
-819.952250625769
-1180.37671880911
-1270.31536186952
-1255.68716223103
-1324.13108305594
-1329.34674299503
-1090.05676123706
-667.109866284184
-725.664825209273
-1053.5788946396
-120.555169778137
37.7179136005625
847.287557323673
415.629071095846
758.278482523292
955.413380745652
697.322836900718
341.727815872999
941.277855554817
1092.92333552481
338.310081102357
311.513792896791
655.616990905204
482.033129926265
731.90796139937
1196.49750537568
563.604741636753
603.636181918863
597.183648442744
573.64347899817
-629.488618965651
474.00179307582
1031.79161826721
574.003058247464
265.413049447013
-364.943937925295
750.602885836692
1128.19136885721
727.960369404126
1015.14812435898
595.793148288113
16.6859736340372
-353.414933110474
128.453201054723
-407.481599250802
-361.872751001199
-444.119961908468
348.729411794746
121.901802352791
-138.562932494848
32.3753775986028
-541.793827987241
-18.1928091042872
-1219.82317635722
-275.257162744466
-764.902483049735
-638.374658390863
-419.581192367073
-93.8956794839999
-741.895085333626
-436.590248955134
-98.1608380922486
-252.849396395854
18.9388331234074
-296.260384341113
-744.480255136287
-651.83113516565
-989.494482002563
-431.376289809468
113.954649816069
36.9170359985326
-139.069767334409
-369.202367633358
-76.7223307488055
-470.937869945886
-71.5600160198363
-622.936207326446
-258.31319492725
63.2964530843121
144.824115630431
-155.496569620316
-83.2630620741734
94.8186935622429
-80.6582819915985
332.196174062983
177.748509877771
-35.3404353633029
-347.281993790224
-112.08476860522
-80.4808460264164
482.505690284586
85.9741299336439
-39.6017320330664
-576.225962818742
-773.957333314101
407.657328091602
-207.662384051729
-73.7311742867165
-130.981895338788
-35.094036094076
0.845031982391497
587.130601830117
312.434620237834
-513.597473193323
171.943751599087
-153.979354609827
481.947042226631
278.688735166242
69.7672637418006
-63.8602837997736
-15.9280143747097
167.361149342445
160.308630729622
539.999802320823
-303.123866546222
53.3606020427622
105.79401294425
-331.110642962976
81.6025379394794
979.899920978974
414.591690499262
-42.8972927476333
281.830709760652
-194.552443318867
-436.041175413862
-226.347790119074
429.973848149234
309.864940961719
394.840755403065
-34.0090662580714
-438.180109587174
275.267906514123
26.9761009677288
393.210744199276
167.165225571271
-203.448091318052
45.4398408102106
-104.943544879615
141.349222415412
477.107417558277
-203.469829024498
167.588290612228
-299.056356559944
-833.14834227236
-115.390314362791
386.76031914086
-119.851557748061
-182.694505220594
-244.583212719174
-237.653230941663
-104.494085670022
205.316375561299
-346.808611965792
46.9187671757955
46.6720956866619
-419.791633395942
-752.792826644075
-142.704739232741
-412.559268783369
-821.319418404133
-346.224110471816
-555.481473622854
-255.665758278639
-230.953755783428
-225.969577897968
518.271803176549
66.3474374904194
465.228078400382
1091.96819168657
486.682515406527
195.40310051334
143.44539720709
910.236174251439
598.457405006359
434.789903556311
169.662803448878
960.046429451112
1342.11701242938
-149.370394086216
1155.43989351405
-155.892315328411
-78.7315635120799
619.504161848509
363.192360235391
510.410633195085
956.68439470538
128.918865131217
231.113628242908
-177.600017206412
-295.384065923086
-51.059181345284
356.752561004175
-150.875721510316
-639.710055581441
-449.146881091001
-121.659534172734
-368.910135789422
254.856089828803
160.418618040349
3.41870276146682
-648.402359304851
128.937800908541
-454.895070450724
-598.296515467894
-407.126107738193
-350.017799967437
-638.83295217975
-712.157450993512
-279.234607889612
-678.514919854667
-518.566124972376
-297.633137347886
-718.666376947209
-434.025640070074
55.8387128831077
-794.609677691144
-293.934527620952
-270.727092445667
-143.634433158268
130.905513300358
-267.707805860472
3.9444506496529
248.490728196164
-382.987304033749
445.501293598051
556.204277422155
754.020670914969
434.516234191959
256.254146773776
340.345702073324
327.119694465097
28.3657872145545
695.540517017204
68.149152237368
234.793574906958
81.3899458850946
-588.279361145137
302.711588494136
134.716819427378
-334.420037730495
-874.968258366156
-5.4225202022244
77.3464013502539
-223.338520023675
-437.261440001933
53.5069496713606
428.118295626838
133.066606945639
106.694647555903
-419.030855283638
4.42757045534857
757.014395720888
633.764498242646
241.703170723681
103.069576980637
265.266438116826
786.026738079273
1134.3479521671
479.801023529327
297.762426160344
684.666256941426
131.88694150952
293.742770224183
-1.20596431837231
-942.476958333331
73.880900823437
-139.473927637817
-143.203139192904
24.5318197621813
-145.229415532474
-495.231695984458
-2.40672234830015
-872.5097314216
222.57946692702
-238.842848310806
-269.049611260271
-623.592949888713
-624.635893327029
-424.394279512181
-583.371240620146
-532.727574034592
-754.44472233803
-1018.28008424799
162.544815410548
-59.0267665844249
-869.985441069071
-225.077486895223
59.6436818476
324.596012129769
676.106990116801
677.435572638987
1037.00760043138
1082.95616878051
745.43590904642
626.75721645213
605.989989691584
-16.5213584967406
-406.877942570112
-365.119014984933
-550.198333789206
343.807985166875
337.366372509507
-228.807515098494
-702.738823232778
-1045.254499247
-1074.54377930504
-670.556353372034
-1017.07825467505
-1084.45320516531
-1034.41082668703
-1652.417818203
-1353.5003995529
-1459.0076459833
-820.529380581152
-17.1905712949709
273.026512440902
555.444978199268
1058.23272184013
1065.88067956836
1622.47594690215
1948.69982304733
1860.18627691749
1795.65457519684
1554.56819820249
1638.98020553186
1258.45850212204
1099.3404962133
191.953745644886
706.582467691287
116.77900550569
-289.020469456423
-636.653694700438
-403.1878170462
334.158718708112
-67.9378804449186
-1143.74613149459
-69.0957623813461
525.307060033071
285.510273838973
-109.688808232732
222.43995523461
-469.157179281631
177.473996294089
841.662876049959
365.858804475267
936.339348967388
1067.43724048246
420.958438678204
-286.248284525361
-341.134454237373
-62.9605441836197
-240.0012457633
-761.021759238807
-175.256396898581
569.548189158262
-132.043809767798
861.184216418459
-669.031469883269
790.753853155949
179.007172356517
-345.957742259777
-219.286524012701
446.318439105597
-580.369062217023
-1104.85123122278
-323.228234593736
-605.426721779165
1.86719866717357
-60.5787125937583
-694.388964918447
-638.971667670795
106.841672039646
-545.384229802477
-25.6273783852521
285.677505212675
-266.596068947298
11.697181534913
98.9923816445999
-164.578694080938
-241.853986903498
475.174215655927
202.781658595088
58.6400159410635
1049.88677093122
63.1495684513973
-1.21489878754011
-342.106014005649
-1451.0815503638
-1484.07604085925
-1730.57718062822
-2028.52425562675
-1599.09603783911
-2071.53698844302
-1398.6192076882
46.1226252876717
826.930704668735
675.674255639408
1055.4118021199
1383.28418979238
1179.61103159018
1855.25324533128
1618.96728910649
736.348053344611
1490.55992801006
944.207754316425
905.964144118812
509.305269685933
-155.29920128399
-975.842413679783
-635.496030698244
629.067721582739
-79.6254010917874
-326.360104685038
700.260453149922
920.329894731394
930.459032811941
952.224380345303
147.618784146896
582.592517581237
843.526627716661
1295.15342252396
802.15776921362
1210.44852129598
612.287674050795
461.232674525364
490.203891467696
19.4120334598453
322.312842018934
-127.374513091286
-619.598465980521
-194.401719160417
-40.7840703547206
185.646710135347
397.629557513414
-224.000623149997
-14.8391039320986
-250.231758317481
-1059.11251730559
-1599.42709871529
-1192.23869628826
-966.8738695993
-1562.17729612865
-789.799109192022
-857.478169923535
-694.265724555364
-719.391698515144
-142.632557120757
-856.623202696348
-332.530740010062
556.415130021435
393.432398435313
665.705740273095
693.277561895976
1343.78598382951
211.585711918187
741.010911707602
796.290237375536
1276.62452308699
671.46160153309
101.457502158665
-126.354304872564
4.18756778616927
216.973367653698
-295.215480610941
-530.453117582362
-683.968537203138
-1258.48312330238
-809.993978784902
-481.410244966665
-540.513099735427
-1681.87826103937
-1727.92457241589
-2728.24490567625
-1329.36233474853
-1633.01712006916
-1672.28689222932
-453.250780108494
-334.376020359201
1192.17079842901
529.309883806
213.1428062657
95.3555530877353
51.7312902110658
990.80246910814
33.7239483767588
185.913735424327
313.067220316196
453.497378621752
964.657521166424
1761.69905394042
972.797949324486
1551.013999921
1891.36367860257
2106.03778321618
1081.33740426308
1412.83520812773
204.642939772328
135.042597746005
605.537624037026
-98.3579222890393
-216.457456099318
-390.833497296441
-82.8261874946631
151.1105835721
-748.340417303694
-986.368616508973
-1592.2156706627
-2004.34481530701
-401.271101322946
1098.84946292303
817.584625968731
15.7656409609647
-550.244667166301
-123.203799558797
-59.2919281940381
-476.850200545186
543.147920302351
1264.58196590865
1038.01163604128
733.236268907526
-436.162250766358
355.097450215724
233.070917472397
45.6272237529863
-77.0206778667828
-593.885177994469
247.215312972669
-171.148939028665
-158.184474349586
-756.003583011451
-16.1008833049538
4.28275176149259
-535.093307510421
-585.81623634223
-391.775342924512
504.822618157156
-538.478137611345
250.57561301681
722.378845980065
654.372536508907
-12.3196350227707
-73.2997150716452
-247.060177806406
231.975880952468
-179.246113745608
-439.838814636151
-627.804872298132
-559.69034761597
-1138.09777305709
-476.72117435117
-959.084679522747
-1122.59509942766
