248.081572494735
-137.582206432107
-360.043744339418
18.9367568482164
-140.571508947583
161.274366034332
-142.161224506311
-596.055863126894
-242.566207672791
-749.596177434956
-745.684022648966
-715.003394693852
-297.378473106037
-3.2130368322684
364.748701310425
122.632294762736
205.368698917926
189.237406309124
166.131169372378
-40.5860982813923
-63.5101887292612
181.555360815046
201.76202816718
281.999937151049
379.748956077475
344.94994293451
141.374514725485
200.332280443773
306.002525165554
204.513478411793
-36.0117941691298
0.0478002950896155
1.34346778530744
-113.407133443511
-50.3793289003437
-45.2763387147195
103.406248234104
110.640444483921
126.344477059009
139.958794333327
-61.3449633194116
-165.069981088359
-191.812756911273
-218.03786422383
-169.302498111967
-100.45945436639
-345.40183121616
-437.316938542917
-854.692061857574
-426.334175324581
-693.454702167008
-472.033630182553
-397.922617875425
-503.805822333732
-651.053321745597
-621.606883871322
-601.96051400763
-709.403199574886
-762.305400314329
-1137.58004446442
-719.749831519481
-657.971637582753
-277.00844955372
-35.2479932455688
213.178431022494
1027.31202577789
1141.21345960067
1273.61924496067
782.056179764566
763.583659500994
655.312552800864
696.341758486051
1035.2597300245
912.572963741495
1244.54036234482
925.963992006716
912.490500272817
989.465357814722
871.68428130192
1072.90098957039
841.08068845338
940.216807756808
520.42497779194
645.430249520212
804.136659763155
251.172804557797
324.141924300733
-134.061291180397
85.3361986351002
-196.560136507965
-382.413200339596
-327.360618854697
-465.561697384081
-641.64049320001
-431.07590792084
-475.282064536105
-82.680267309593
-440.026926135787
-466.524979291804
-536.296036944854
-454.714998078936
-150.79963651426
-203.043036556564
-39.4768471287924
341.001603499393
-219.402430241279
-16.0731352974845
-106.388774550776
106.939419502183
251.184052713392
61.2203951126392
83.5467654349108
-167.439230615904
-172.85543182473
-138.844628222961
-201.836431978808
-75.4948678717759
41.689930018284
45.5613305137004
-358.59918695104
-191.145270660215
186.413085319464
-87.3646723442802
-161.408920596988
101.190719000112
52.4649901112879
-160.386080907046
69.8579309425697
23.7787068571336
-100.952514837702
93.3782708713175
-261.442561001807
9.88208199234319
-32.9704251684407
-73.2083311923753
-140.03167696227
0.864542569521603
375.200091688252
240.04983843019
-271.037780519211
-128.547513401624
-290.524939535521
-268.841491171677
-395.700550152195
-232.614822167801
-101.162572689114
-20.1107695887689
-31.7301035389194
-267.378016765902
-122.125701328709
20.368006976682
-42.0762144933311
307.624924641307
199.359157273074
-103.757067674458
86.3316759731499
104.020853934051
-27.0887438494009
83.0236679791464
-102.451057918375
138.81210276543
472.086357984454
157.608964389968
342.474426799267
140.635009722046
182.537069339002
329.833037876774
397.875837773853
294.942430273246
202.020340381394
114.301489461756
-100.062798027174
378.982140630038
319.329183634952
46.3065191210907
-106.725184908574
28.1363768622287
183.525569094731
275.858303210531
-144.013905169919
-31.9986719538122
-36.833510158976
-164.552087714564
-2.90598013138248
-100.855058767565
-320.231798456128
-460.813836110343
-473.484155992343
-653.250331424757
-538.022816715798
-475.86315255545
-281.922631227663
-312.55998319729
-26.0231557583051
-123.772066755223
-397.084296019452
-249.052719502841
-401.713814259163
-323.808696739827
192.444582243014
-13.4559228855954
-155.073494271485
-360.67349298962
-180.375274466365
-134.367887838693
-98.5300666459033
89.423381442028
-43.1364455214438
-402.234881148261
-431.921749855236
-203.810572608794
-423.04387945975
-352.739953296514
-237.455275322206
-405.465761633314
-41.402020788436
361.196803368491
456.769477343032
325.938603969005
638.505611836681
787.431953565026
762.203235425174
840.604901938211
777.102224670557
154.430710327411
341.467876900701
426.62970554835
209.498117678395
457.565135884248
686.727602750271
350.323002773059
370.766139790538
128.195686595252
344.140125463906
162.475850987385
567.59003921407
438.508517622594
802.034141383044
581.36717636087
-41.3072156225756
394.484904220921
453.794243043721
341.377728387801
219.403488339127
-48.9513068345395
-696.537783656067
119.210879491533
-531.421421913287
-909.584170847177
-544.516533428002
-124.912209786013
-381.562878116022
175.040978232643
-208.489279741123
-156.924954960952
-35.3350252213714
79.5506564702904
327.773960299023
92.4077809147597
245.734860024609
-9.25657230304154
-122.352654382144
116.801884226605
237.537901424491
-169.883235376028
106.309175615601
-306.862938555827
-239.694581730324
-231.696494815548
-73.7223171972222
-423.921006620868
-264.43405117428
-201.822619348895
-545.529114450989
-314.523256176974
-443.55842883063
-454.271300550851
-248.637326521369
-427.330228673019
-160.81313924093
-119.111863712409
-10.8734612901782
-47.5516719798702
-133.566654683686
-52.6037772654392
-116.990130598553
-217.3515103807
4.02765044222502
272.593227301006
-16.7571069988326
-55.9599326454538
97.1449593128416
12.1556968696922
-38.7692650561078
353.177485954727
137.331351695779
139.209124854955
-0.465836180231051
29.7974761322044
-12.5178549956129
151.231680226911
7.54463160802439
44.84807015181
-39.5377473833767
-62.6072687953466
-35.4146183951772
-102.358586571572
-86.7495163809592
-198.429976145254
-240.182464408168
-320.163873616004
-499.74774670997
-501.380657999777
-291.274967849326
-330.664715424528
-303.290329452053
-195.242580743491
-194.548812559159
-108.867268336649
-245.867390931858
-231.8996104779
-48.4361597458154
266.124423007099
49.190488733541
234.493327941152
137.214336367215
-19.4788690881623
89.8958722050441
152.324353512396
391.955305935254
162.377440701146
91.9838129761226
3.38424622408488
266.376626304426
182.208765093327
52.4470432709797
13.5334650176447
216.254277211405
143.196369543616
119.922825430557
29.7008704861836
-293.93015034649
92.4954874525006
-3.02785961086992
-121.355450830192
303.56616855072
138.202339969989
133.325071336943
130.622238515531
-70.7483786281822
48.2216634001496
183.573337188396
-73.0752940714096
128.310709399805
164.839894081162
-90.4859416250537
229.022157958336
-92.6358540102817
-94.9752340008429
10.4594015872395
-194.078693406405
11.053169912377
224.45272027919
128.790665685764
209.453584120352
-44.7184271256209
131.36762539163
-252.949685949286
-27.608061982126
316.988601365777
175.809770013908
418.462975274249
387.503827620058
379.705470858808
624.671684291593
405.300531572689
191.654999741694
60.5588281644531
-90.7755956897035
-195.391067714878
-277.62985014398
-68.1419012134743
-240.726980611171
-221.755880218173
-114.765624515043
-2.90655094655256
-44.0920906839671
-24.0043125859716
-220.303505996014
-239.376013589802
-31.9649191765512
-485.73081998223
-561.996409822838
-705.459015215927
-567.427792460781
-463.771913170669
-235.090924563755
-482.202407839279
-231.754668988246
-461.807056227955
-227.198855190331
-187.026415571049
-192.623953858671
-118.076714910384
-439.840697629883
-328.088385807649
-87.0243461645955
-15.2694873276314
-284.719118810327
105.543742764235
394.634568024897
-123.195616424423
394.596850465865
-80.0584371988068
265.601874953105
432.302649924389
809.364823694438
545.811731058737
791.838862522243
783.968645074481
571.938746940817
663.562175764899
246.811141847071
180.252545845717
112.777741288905
-113.667568468464
176.385307721618
-434.208997204551
68.9297197334075
-64.5549882427021
-300.403272172764
-92.4270586791074
-212.55638634794
-317.594966226604
-618.2630414764
-227.335959369023
-280.724635249502
-366.944602451893
186.721504291806
-228.973635576162
-9.10267981240634
42.9458294588451
-1092.5155875591
109.76125614419
-141.966494737583
-130.49620312277
96.4402820283358
-309.9238846028
103.882675731931
141.944030955692
103.66684976204
24.2201344980619
573.856466915896
192.284570845167
-66.1116075188522
466.309062014502
-147.350165313118
487.764257064657
157.742143571261
179.503793999666
422.557209757392
329.617823200684
304.323037707238
862.135126478637
350.370654171805
512.145224155128
408.230093605695
178.123026749806
372.307860285471
216.82125381221
406.10124727842
308.296682830159
19.9407159062526
207.285644105085
110.15434976024
-35.8962601878558
-86.3221515217163
83.9629103221723
-341.589921311455
-333.29816001529
-110.232961882977
-141.625468462001
-153.412209544155
-91.5873653803531
-140.43044913062
-135.54459676247
-38.2650632529866
-139.671955602877
-146.751074493575
60.3771780417028
-203.921561540328
-82.2692253691401
63.1653234198255
-21.8336940385541
-36.5469996646569
37.0649358077607
16.8759433624701
-140.926216648731
110.745173687759
-121.933436232927
35.9292678594092
-96.2225159330904
-115.295123230633
-16.9921568890992
-60.8724317685933
-176.829198303906
146.534285862534
-82.8470717245339
68.4746951388095
-145.002426202824
-112.029126786475
-236.607275742175
-56.0230940799235
-138.640476397539
-309.606472432893
-436.400271335247
-221.980103817449
-350.464612455045
-385.761142531535
-89.0532991156946
-129.043190745388
-215.680698291799
52.3032725092469
293.009555926692
244.761728977047
283.534678075599
199.647387363364
268.143287756806
57.6019108884574
161.449558142707
53.5103743555587
102.831943198853
93.8681905670321
11.2052474801959
227.401218405232
-33.5415034729294
153.338608104094
64.4491914843692
118.260547281853
109.770914282688
93.2099567318101
-126.395189855156
-7.08737268165763
42.6469383016373
-120.606591407161
-117.13621917083
-49.1040351310755
-88.861035885535
-86.2615736517266
-68.5247465178703
-245.266594550785
-88.3416210004905
-38.9385979220393
-26.3921893599075
-31.9302683873348
-7.83280059324817
236.175004625871
-44.2159940347811
-105.952878907398
-100.803125019621
-76.4309903129647
-378.404013511781
-37.7441537457638
97.5547138602612
64.1227247999832
-127.049689893
-79.2317409350599
-105.62895825311
-5.01577730933376
-102.312122132572
-235.874088041611
-337.709378910117
-75.9750096381944
-246.083985129477
-91.3578580232941
-160.233064710515
128.725569005036
-21.6619287879099
109.625036007993
150.413926752092
289.564877942507
184.94888296464
39.1977055316302
40.6239722609616
173.701060950204
-76.697871517187
220.046548681629
392.823094909255
217.840151451338
196.229233200123
-139.520361727187
-23.2865662060024
21.853863373758
65.3473643107327
56.260974973997
-41.6282663146424
-178.045647338829
-104.887276123747
-117.149155490898
-454.480531626124
-306.57881814748
-501.862219165543
-230.540951040818
43.3497419272102
391.455554331826
-10.8834568091795
353.808541526751
-160.833617735182
-241.934689555219
-97.0586988403085
-109.170115988372
-41.3669707814993
338.419320076445
-79.3454726908031
-141.198968030888
-220.503334337208
346.445652218562
53.0216734109691
397.452486291098
176.385648304828
280.131544166452
64.9688462979539
227.067660336759
402.404358304753
220.442183940952
244.412527062887
157.041375905536
173.815375829566
321.240071546131
56.0542367026101
603.755476246874
337.86955781801
304.588352034682
244.449489627922
350.064973025802
85.5858397426202
267.31081999729
73.2201372574976
184.33924765714
128.908569944743
178.047616153536
135.85248586526
-95.881958073872
-77.7705276757885
-281.68138694221
-429.38206253413
-282.442637112469
-380.692052363812
-261.478154279792
-313.087048292715
-404.245519786969
-7.3131396328605
-384.344779855799
-250.58542184352
-88.8668833866575
-273.336126014879
-385.591289192103
-146.039045706269
19.6799718422584
4.96490735961106
-194.414153274347
-412.986461225839
-177.596699698215
147.493290375497
354.326337310347
382.689567358735
175.156645054314
169.247173276163
18.0241809042212
-227.304432759515
-99.5956501723734
-204.608891218362
166.558958965315
-89.2183054783985
48.7529794095544
-316.340206302881
-148.843998789202
-393.578897690203
-179.777396102863
-650.603668139549
-52.0631373112057
-21.0943894871425
65.193991461409
484.40848297965
194.553756525882
281.774317376076
-125.97456568651
-95.0999049430321
-33.1029167112288
674.396089010763
804.173896171524
552.111265080075
249.534924553963
598.391493754895
1571.53269152623
954.598482589548
992.079401123982
1709.45643346876
441.370174445213
-567.526465061619
890.033112603567
465.495946212894
273.622745574713
-328.221728445194
131.329239867169
-516.577996424628
-1037.69352483469
-735.950006351329
-643.250253859213
-599.311505165494
-335.339266697708
-713.049829562592
-490.019642669658
-415.940876398122
-932.322301444519
-870.265627857767
-325.942129190023
-784.894640883724
-115.807508400723
-615.851567716387
-19.1773356101867
-259.907568721139
-87.0019837489838
18.1623541052621
-245.748218258403
-64.0272397829601
-121.273012202477
-339.352844464182
-459.503960620372
-150.349840039178
-60.9862775893479
151.955449681825
344.366744336021
304.292909703789
435.324588297995
282.89203685656
531.572280020178
412.650804511942
798.305709757612
509.753316673012
56.440542115839
444.017288703856
168.226294009924
257.406835653196
554.095509994041
534.537773352774
552.024206785461
842.84233153778
657.054634502734
956.475795263705
872.189939513544
690.684777445411
414.556722447924
-283.602228316622
-86.5079834318904
-165.513039251927
-183.163803799432
7.72614429692092
51.2471398523807
-109.230530729347
-78.0523200422833
-272.046962510649
-279.150475149342
-264.402499741809
-280.377490245102
-173.942465155241
-435.811097325372
-260.90723996759
-203.731536454786
-529.762014474426
-546.61316100285
-487.338326522115
-443.401375088717
-138.420586236837
51.3302331986789
-426.134948830957
-442.179734614015
-174.96504331807
-154.979323349896
52.2730301335927
55.0030542296075
-30.456391900173
134.231444128745
378.461716498689
237.611322830643
-241.351019642538
105.454341966175
92.1589192110364
-162.279498539128
249.153383510439
53.7961036626669
-61.7151876402441
7.73749828542148
-273.894846658476
-212.914568925745
-434.615456484536
-209.451273992624
-425.276666320893
-185.694524460671
-298.858472605603
-304.57921421687
-316.953395291433
-308.3651964922
-451.313255955337
-370.576988436621
-28.9482955288715
-231.656141949668
-154.322060641794
-169.533195156645
-6.84225736622993
49.8534663674002
278.801805036117
224.50301464279
171.18171954901
294.670163486327
276.407727664148
206.051302774006
286.371466170979
263.259266207058
215.939259580291
-145.355166145949
-264.980769929323
-422.186535121323
-69.2085794590779
-288.009838726233
-20.3164372509491
-65.9259839669547
-214.656830388626
146.586384665901
289.953502533998
-124.575519885979
125.424640867131
85.4180746740103
297.211550053541
1018.16648970656
286.295199182748
574.350335296377
446.514824145916
731.939767523763
563.721278215789
450.288485557145
224.122776488278
199.138302075724
165.392472137964
183.654190980264
114.797459426771
-141.455374572729
-32.1513188056748
-52.143815433283
-295.219546106647
17.8838549301338
-336.39907708541
-130.630892373188
84.5794265507711
187.512438620581
42.1386500885091
384.029982499709
-108.157577949614
118.4117218401
305.664243170505
-100.923784044499
104.143273492835
87.938491228528
-187.034889429153
306.846145697354
-18.8701473439793
-229.276525978383
170.981089533095
-167.977667202694
-165.220337213337
-28.4635789546885
-164.40023729273
-100.243651838565
-361.931440074692
-331.45371980786
-249.77066660435
-139.513784962966
-39.3994302425038
-243.826410735396
-85.2018593958034
22.9934892345794
-61.3210140540752
162.553037297993
-29.2738441422214
304.651139474956
208.463084253843
240.224278551976
26.4854769861951
174.701746581157
-29.3015865205591
-214.992549266256
-273.966197374461
-295.954964379411
-193.777700955845
82.2445927628205
-168.013490095679
0.596232961160169
-114.282317354762
-72.3676344508856
-303.562532740893
-234.562518084424
-311.864986935742
90.183422802044
-9.36563752771465
-55.1694291115385
-252.676710243359
-159.784635833701
-154.884730075671
2.98132777547391
103.371287662158
-87.2662143599904
-81.1730758043681
91.1944181753932
-10.4386884560131
-177.426014049277
-136.432650401946
59.2980259575649
-294.784910445353
-129.217296295172
-190.481014816336
-142.880585564207
-168.140130443778
-127.414978470974
-52.6930298871495
113.93123832546
145.664977279491
267.337771867867
199.794418625248
-72.5176029794853
351.437812913764
35.3999522371391
2.29450081638737
103.734726850801
464.18078107958
363.055770627809
112.225193801647
26.7878583551757
179.064148429588
91.0057712126528
-2.2612187959458
35.4704104147258
-235.322561005843
-104.573842983523
88.5424538160875
-65.564374190384
85.5636560984707
47.1729249000674
-123.139592012562
42.5865448959559
299.039372385239
-19.5741604158854
237.438160970807
62.0741260520443
180.039792430978
94.3718827965745
-105.77221241455
-151.440598599371
-219.802555790073
10.2841534706672
38.0710612636167
2.68272745104881
61.4958189215175
130.452184678972
15.2166294927852
-130.818611095924
-245.980684120221
42.9432308423134
-6.18293308991291
-8.40408364397626
48.2145508205038
-28.2040669575048
-258.867183167865
-83.1116955349004
-73.5624801012334
-171.602457403234
-224.117530825602
47.4194581586684
-85.6980263804153
279.772644070603
17.4979633128619
344.857139232315
196.825551279263
-41.9402957628532
573.967692571121
33.3792892998271
228.697944190334
168.76775097328
108.233918999443
189.373465702122
13.624066441677
-48.3119395915759
-131.080742848748
-99.702552078678
-185.793264877025
83.9062203236064
-190.379889579369
-29.8120038757171
-54.437670902545
29.8277776105921
-145.315698038257
-225.657639896077
136.266455008609
-71.2434045001793
113.127888685845
-36.4909136715286
-90.7267355487165
78.0013616182054
-300.00621928063
-327.331630624018
-553.826383808886
-695.354629941088
-671.502513680787
-698.74305999677
-402.904056489224
-386.95077219844
-193.328147115826
-313.017149228114
-96.2030308595498
178.254292626591
-24.9847298476438
-51.058988602084
146.825907117134
-535.302957430067
-55.6966485855672
474.00901423935
405.692113931126
419.992305849047
519.563558769011
196.40371370844
546.948971005696
1099.23427256708
950.981010314544
765.649893058212
795.339470045646
314.284346219542
731.326346626425
775.732717174934
-5.63952610475021
102.915781114229
324.140783718499
0.522146322189968
-492.737589674579
-239.784463763868
-716.879773138641
-345.089678871891
-469.219913151959
-467.235374170048
-369.247024601
-768.358536610257
-963.476547997282
-838.539364101234
-1031.61529518861
-1289.83397635116
-993.066926485108
-975.805378307316
-525.294680377752
-100.383832468625
-582.889877411301
-18.3127556152866
178.650665887412
1141.17147106841
919.351868480695
552.643763259088
641.140543327765
936.551420050552
627.226723485986
646.250905246624
969.894543291903
102.697459331443
273.836785275839
283.933924241774
231.437732037271
793.885697784884
512.703186736842
161.572602607564
541.23811534775
38.6596112715372
296.135215653947
237.931269456526
416.040671098586
567.16060801034
619.878747494772
103.374407262875
-77.1391310524004
544.683855727569
1138.11639668465
1009.49964294006
903.896717731406
652.063416431183
0.644220498385149
-151.367752873656
-608.16526735359
-419.374985037404
-407.012109599042
-491.12047171252
-265.183254254997
-272.135920409579
-264.623490776311
-126.339037436811
-474.838180847118
-188.367930610577
-345.027897729912
-162.824847366928
-337.614125270151
-336.807424781308
-372.004048038683
-433.261427338431
-616.66982577791
-508.305427042153
-671.637469834232
-425.644176230849
-587.149834268621
-513.050414081865
-632.419169835807
-545.546023870775
-625.754388200673
-33.4766219160288
-33.4175887940521
-218.891219675045
102.416365451159
-251.330615611829
-141.488690102792
-367.677475232546
-329.390570598258
-444.954156446209
-210.791287396093
-207.5097999455
-86.3237441747914
-81.6498205050476
-176.333659292868
-0.304201088384886
-41.9087201413568
-11.5906133182396
-61.4943076531924
247.450508680806
175.944497614169
-65.4147762175036
-57.4684239106522
-162.931291598192
106.289764937738
-293.159545987629
13.2719895409882
-126.90017691977
72.3251909658326
17.1658746002211
-60.0358854188266
-113.06323218076
41.4521934064452
-30.7677397127435
-183.24515319195
-35.7329112311113
-22.6450340026262
9.89039729376907
-15.4913602363672
60.6845444975706
-163.986226905587
-147.389169253244
100.200856163274
135.411413879925
131.224427482704
112.111432476168
-186.714760111719
301.214093311778
124.749424635523
-203.643938771587
43.3298881736977
-0.845527970067188
-60.4393656199305
16.8184765346052
-218.432865882501
-161.073725736802
329.797382786949
-285.142797009937
117.246676712225
185.641578555707
141.261271588468
340.799036040412
108.910295213328
79.5813562884107
2.62252401323886
49.9221774158082
132.910217012307
-26.8953012135659
189.093250593486
-99.5223975775047
1.49498427122011
42.7151249583781
-135.010045640129
186.191494547864
90.2937691246547
136.175368532181
-72.5732888626943
-67.8290625907521
58.5053785888721
299.815801684652
-49.0879112789646
124.088230187493
-137.503643729193
-174.513640390431
-25.7403884847336
-3.56257511829574
-176.54183820699
-297.034384927345
-357.094564440404
-185.612681130148
-277.11266321462
-94.3535159927387
-705.301981160885
-715.83720010846
-158.448134847157
-535.514301039088
-214.199344433504
-78.4529598747638
138.780538101524
330.476883186186
525.13825666716
223.491018772177
266.199569020658
289.225833688273
417.177796691631
508.816058316035
319.236579963616
160.520299781692
493.331751919325
990.040420390439
856.660503147087
666.279483540989
319.53700309277
193.515833128199
545.378213546758
720.722173670956
344.747036363807
-89.0768737050118
598.350287041072
231.685650876066
164.254617328317
243.646828445609
92.0782644099081
41.8987311509751
-158.947338103613
-301.963664314708
-125.643801488547
117.052000510667
-44.2835305873147
-256.55520594778
-248.13365604617
-184.513739553044
-226.253862365954
-479.665033506371
-450.795052032365
-341.997692102327
-206.877847143493
-546.310075051749
-641.145005078855
-574.427089787055
-789.530222481986
-402.38523578168
-160.510123342475
-114.301610128369
-284.672739532864
-603.608504647955
-383.015880430135
-433.630373927401
-223.831917963806
-28.4352843853559
103.224849187261
-48.5884555163406
-145.457311992734
130.843714851515
-97.1367286584613
104.368809392686
-194.187191852737
-70.6999696172726
197.674278975305
408.477271314157
321.345319746627
366.269233993892
135.396814091021
207.028270133353
397.454662296109
561.671294616131
265.337432594167
337.234538584997
308.897692291226
306.926211036884
307.396774505031
-4.01056682856305
-450.462642760522
-358.706124299216
-246.367688418984
-116.268497792382
-64.2626746978865
-4.88871191786555
179.000460492581
115.120104911558
-0.290928603936578
20.8994761411188
-81.8197901870405
3.54452677147412
487.565763237138
288.636798610662
534.144075795653
732.192147074509
792.260513477826
851.237947609993
799.598313538984
936.330545434681
568.712838966289
597.643437020049
387.644673825151
22.9623614799571
-3.67582721231361
-54.6385511183124
-480.604120799989
-242.557518699366
-328.633546980458
-627.517138928248
-501.792111179698
-408.373878503557
-301.126690555961
-331.440993896968
-619.142005222281
-182.213555835943
-478.023590250889
-587.757837331167
-659.539231924522
-913.277717271068
-811.415336759728
-772.490739159468
-825.518833841582
-609.443090544789
-265.289304170811
-216.055386863336
-466.920216422538
-281.62169265753
42.7026964407374
507.64785242594
539.969087640062
596.512760091703
633.14439334946
812.396794923265
697.902680728957
302.491336589389
278.621906692705
144.265341892899
129.289932886888
-251.96819038367
-205.91617378113
-262.723387435939
-15.8009432617406
75.7072286796065
-782.902408484075
-645.645248362711
-1007.43188306932
-793.119508779029
-790.062041638432
-1231.27312928776
-1254.76222152831
-1286.7427066055
-1339.7365248376
-1321.94426300026
-1155.47780754445
-168.784670051688
167.96246425709
868.122704333715
1038.04286195046
1547.80299992971
1666.83845085012
2011.87087204324
1697.67011983144
1835.5182284764
1750.78805006712
1662.69087491015
1352.46319447814
1232.19413107624
378.938769168408
838.934262162538
-35.9424732567016
-628.674386186946
-181.452311515568
89.9110374415176
191.83863541207
199.65501907476
-1568.10544900087
-57.3786453225697
-325.41720341987
176.614442602435
748.455309864464
454.246251949161
-341.598298244513
413.03367587752
229.655295322571
85.36431159601
331.752411904697
388.967586229665
301.52026973657
134.585437422725
-359.445369651431
-59.8943421521623
-698.147549824325
-721.866004482979
85.6574219311576
591.961381506833
371.047247692794
934.915133893966
32.0584008453862
154.617537708149
-256.30547057352
-1019.32544883927
-540.982121631145
614.585484585493
-301.997656293766
-867.190026151426
-418.610480797483
-456.154305792915
-339.145625677534
-245.298277825212
-905.961738406193
-567.865125014275
-180.912969631751
-452.638545152938
-438.010226325521
446.693442148264
68.9897846819817
280.568287556914
240.476527148455
-199.313256003335
-222.16829486166
162.991313877628
369.020417802254
450.417175453407
670.086038691148
126.10088667305
-296.933982940245
-766.797953361736
-873.962882638295
-1344.99914562143
-1341.76473676119
-1865.97340069545
-1701.80945082927
-2089.77614070453
-1742.64839945399
-512.248431773122
583.188974444187
1154.82540838702
748.327755757397
1504.6138478645
1527.98265568248
1632.61882233398
1276.38423899433
749.088391637514
1497.45480575451
853.491015751544
1156.96916828295
157.12462337203
-315.393666014261
-1226.08513981079
-372.19703349098
564.584723407266
99.2034661664573
-419.683822604807
317.189635483192
824.763535588073
905.943139204402
446.186186872841
199.354720782782
291.885995797436
756.849774957419
667.487618345388
800.800301307935
807.359351181748
464.513193587514
319.005373637076
491.988086048424
163.462963511809
-39.3720522084327
-509.561414795452
-499.198991231658
-202.711482904336
262.675734300621
335.645057873363
183.576566761804
-18.1669318969847
39.0530960928486
-94.5298468794385
-759.608978907233
-1180.824859217
-1527.61168994093
-1401.17543280623
-1117.99137779446
-850.186518466801
-612.333750805153
-303.346208058498
-550.488451725243
-432.43004716771
-352.945006673826
-367.448500550705
139.445348668943
360.453540159786
446.420627789338
617.820352855515
622.799647673852
594.844019183264
817.967089012038
1137.51652360384
623.330952810041
915.763775691544
693.924533430546
153.065783364652
452.900118196248
30.2963916787025
-395.906168457379
-465.289647271575
-778.485390915352
-1254.38953837608
-834.753612280566
-666.235022773554
-955.92269680081
-1301.03261784693
-1937.65081846131
-2122.86438625184
-1834.52015693893
-1300.45296271724
-1514.99350507642
-176.596982857555
-113.621567961234
408.865408758441
255.98347417733
168.622453110948
385.484165916087
123.482650841523
312.259711897446
-224.533569359317
366.851467573212
370.749449587243
397.0952238128
924.097187299928
1291.99208634786
1070.45585127353
1330.60011479407
2020.40850294827
1482.92108960877
1215.58484891857
1201.74611644024
596.651451491489
396.657319601862
264.189721389137
159.231847297043
-91.070883324015
92.8819974588216
161.009539173957
-504.912002366084
-462.888347982776
-1199.86455965518
-1969.29281187281
-2111.50363195978
-297.261028459323
848.418830951226
658.329949484887
429.17353209938
-138.832358757309
282.888264936226
155.853459606655
-382.674166914316
582.380966315439
829.087971359145
815.093945064007
945.051134003757
379.379847985522
363.020123346355
241.623418903844
-101.947153901844
109.629130196631
-213.652971429194
104.757233705793
-109.946983903857
-147.962662785283
-248.823383644838
-356.92930588366
-277.57874498821
-246.196984763009
-453.017861683351
20.3880695090747
-97.5504778747086
-146.203560390896
-33.3487333294825
319.753243288694
180.849633419873
53.6388397393708
-251.196659216474
-508.867962315684
119.126638017428
134.744795487218
-569.364294964296
-480.300484069771
-697.610357841368
-996.798321382248
-1032.27708392012
-1012.55260717349
-778.350487974257
