243.590146831107
883.953815376796
1024.66745468851
1298.36357159193
913.150616297145
-11.8988157469071
-130.228248954311
407.51732534702
285.701721890664
1133.51145273205
221.337382525789
175.120543330201
-342.875763781095
-1779.18469090479
-1605.29252975442
-712.421922326984
-671.509362129368
-1088.94567672915
-823.410397122404
-2141.15248419193
-1636.5998204457
-1607.78932692085
-929.733115588901
-2018.73876783527
-546.936001130362
0.189896774510302
733.810235711179
711.546885204943
-229.528086948492
63.0445107685863
326.864061118844
360.596146266908
344.461010337806
963.812690587567
527.772116100125
1106.78795102714
985.195762585827
773.2707391918
992.913045263192
912.034430472629
1882.61231019088
1605.36732020037
927.418322923395
464.312053254219
-57.9781202729085
49.8656373317295
346.02776582757
379.56006809124
-164.502067266477
592.547030124118
-314.33722092381
-872.560284131103
-1173.76677195673
-1402.1929991252
-2543.45477354554
-1853.96380861829
274.772656497773
871.578703836735
315.099934885965
169.384313156372
-335.225732477756
522.769627028844
59.1465044548467
-210.332070643857
355.440613043894
121.960940241206
607.350944425625
-54.1936385345366
683.617185004015
930.057730545082
833.06559974668
228.4001871404
-510.136814388237
221.203979444074
439.305173066278
66.9186727698589
-834.328221290882
-109.605330075892
142.916156038348
-553.117928512089
-338.009893115444
130.713873608164
51.7264755806605
133.026221153801
-32.3097636610674
-198.241348723773
672.176365861977
-533.53066028843
-246.584259653543
168.972995268264
-729.313400425289
92.0364555388998
498.61570071395
-145.488589408328
-449.321846741624
-862.647888543219
-1122.18816656266
-882.842870328293
-849.768219191429
-1102.75332142788
-986.029529942442
234.643190048339
161.610920606793
4.55467849851155
120.712745985256
-746.686546888265
-420.916768627533
-48.3493394509619
-528.328728742021
-220.905511069441
192.516562622725
4.89016065641727
544.81578338395
205.867493605942
330.559355538232
879.971581326077
-651.355768748367
553.021520500122
452.759463417483
-74.6360756810725
957.248440526653
748.944938172225
702.280241502885
-236.802199728493
-1524.06838145361
-929.675544815036
-901.396344460482
-874.736775408165
-1276.99793045962
-1233.99738555168
-162.701581654098
-634.432552173772
-28.3388328492701
-542.955513908684
-719.678078294114
-799.409339875799
273.759945769815
337.30936387741
32.465977677031
-1938.91641613525
-305.542355849078
993.582165341184
2326.43540733883
755.065978116832
2092.48503805968
1383.1959894505
1896.2591793217
3157.7323640215
1648.80132456291
2257.84809228331
1451.50160249994
1076.48700245767
392.441721276741
683.618520805531
552.535679835459
711.249945364774
573.727050808535
-90.4079202692808
905.656293422987
-252.584439812844
12.7190399677776
-959.148224381047
-102.091919850581
-32.5007656405429
237.969618228782
-293.239128115576
-505.545405667866
-849.894098271206
-347.23494627615
-1326.64867268195
-1025.59587180017
-591.77202505071
-859.298524180725
-559.244694846416
-811.631098244386
572.707418070946
71.8228013360892
-961.84796521405
-805.712570470432
331.124692017994
218.668855138026
-237.194577749828
-502.421276300414
-1243.02600293788
-1184.72056461257
-1036.83592458889
-427.429249057452
161.647282038213
322.409669185891
286.164468052288
63.0420584272275
1095.92054075676
392.165098093843
327.685179798015
866.341178943628
439.135903568848
935.9152390788
753.779569986549
393.621780689087
-99.776433498575
188.648654083414
444.921005162823
296.603910807475
1.96076842368518
395.927266184013
1404.48248808474
994.907446002655
-860.845900751377
315.755653813162
1.62618952415266
321.598422857477
300.766767281993
-878.69307475844
44.2664815804243
-165.855530790977
-233.701930652148
-187.565831491773
18.5169800538329
-654.521784762729
-412.782358460167
330.475610454018
337.993751760192
186.397077519315
-131.538506943011
-474.086859804977
-612.320627756556
-1610.68637867993
-935.286591230739
-112.681557269509
-504.587094468272
-627.54121215096
77.0793981856493
-121.786649825509
-632.172089231895
-478.102475658665
-859.479562855523
-472.184657218217
581.429955453092
-984.418855544148
-574.938306118602
609.295031366702
-103.096440145278
-80.1177965548935
-740.341444879862
-721.109591343377
-418.418022475631
141.625086226473
150.575392018361
536.046894255647
-501.374277031181
-836.817826083663
-404.607359207775
-319.706501275674
-451.07233238348
-531.677403242687
-1050.76973004844
251.892732511606
-31.8155509820172
554.744346903881
-429.99117613289
331.744670179816
364.837051218667
1748.2506308078
1648.2893272374
1905.65695217478
2180.00932448896
1941.16376990016
2119.24884921825
2201.93986801847
1195.77681712788
-892.88016383625
-632.517737510996
-1711.49630514223
-2112.13062632242
-1209.33971871612
-583.911985677971
1116.59311416981
251.970753051621
566.980376582736
-277.644082441815
158.842013210279
-752.409873971377
-60.5893839756454
-922.73255868303
-811.595479619396
113.640634269614
390.268793369174
1039.15718364845
1858.3708086644
964.525823880829
994.465051993137
899.308635021543
618.048812933277
701.210788224913
845.316279242874
-1326.22419824367
-811.383279323697
-802.65103969457
-396.698301169928
-572.227872689273
-292.230418143974
-40.5401268007035
-98.7626048761968
705.83070037606
316.467001268553
479.17037623191
722.872725416427
498.513681246826
1522.03802320579
1707.28665036199
945.1446827641
778.320694854038
1333.80693383698
39.7663039045801
112.370116348802
351.827118773469
19.7567895898167
144.095867537561
-487.50111373088
-373.73998015018
-378.94336715701
-692.126892032275
-554.514375550507
-266.092316077055
-126.895931853811
-478.848144434394
-648.423338367794
-384.421589443488
328.037930628814
297.87969919069
217.425444235925
-1122.39359646802
-385.319479247087
-183.011795685689
-1212.19977782133
975.328596940165
843.870451608144
-1385.19028539009
248.198894590963
86.6321562842593
-215.442001097329
-234.00428329762
1049.61763166685
221.731233380719
806.398863766124
543.804330698245
1168.45896556562
507.839746839618
-447.513979362757
237.215221700856
-85.1427731092114
379.468636686458
-594.241579191014
-805.000520359127
-367.287863928768
-1012.20641373013
116.104178839353
-788.278997822611
-648.58456194975
-101.651093442811
-255.120840920057
-311.573547998084
-214.342950971263
-342.497695512676
401.892935684888
-845.429838459111
-1326.55257031678
29.1943317162542
-420.483929204828
-239.02171004825
891.52136341427
89.9884651256336
276.27112070641
-10.560019503567
584.777673121796
230.48477838956
-43.5546900884532
277.429421001193
-66.9820004046737
199.011642503096
562.589261434406
-151.374985726898
228.988554094944
298.103470391262
896.396334905518
880.563933134877
-278.07255410476
339.291973950472
-361.244129264128
-565.738539146131
207.087421210471
292.619953518323
110.452593307514
-368.419378610342
-43.9618595656611
206.147922846279
-310.931105103216
173.659811468971
-678.733819982609
-455.099220928335
-296.566234641401
-506.15459843646
-699.541552179677
-558.878923952247
-450.292253075324
-963.686980728242
-607.021396337576
-865.969483019871
-396.077436508938
-67.6142896704431
153.588347448826
-1.33450450794226
1052.37436136338
1522.96288282696
1310.1049583189
539.528803536848
337.335801469399
1029.63204226346
504.030119969378
549.256753522418
666.754935507421
-542.9064496389
-60.777715151838
-957.531316359212
-1241.64314029465
-927.796925100732
-1071.42622257015
-452.964300421259
-1944.92626199653
-1573.72485334233
-1216.3161029964
-590.494088765984
-1549.78128606647
-1506.71257693222
-1205.11002924735
-1131.96919828249
-619.570208966156
-138.103440853968
268.290930790448
207.602802138888
76.932509324545
812.591335704565
192.779488503842
1183.05280903606
995.708449980746
1088.48324230453
347.044625682524
863.865151130823
5.01933959992431
1039.0728350404
68.0718069715733
-279.380087976621
57.3384295115533
219.789038018286
1015.18056209207
860.747903610369
2273.95689595271
462.726919026186
251.807591673389
768.574854464186
813.929040352415
907.182794224898
665.31076278896
805.97879427254
601.125340717388
739.931532920082
1430.71657864507
41.8710464163115
149.615203045115
-1171.40193636554
-656.386506014701
60.8694003415648
-881.30513041102
-226.449447452126
-89.4730715407335
191.285930906899
219.837928522569
-156.558077861968
-59.5859543511818
-88.3609312815262
111.327059454799
840.28356111733
-409.454796662373
180.30597123292
147.860749688005
316.1439859714
-385.887194288726
-265.674624209135
-853.82062708903
-512.488119565036
-345.543894394042
-1168.60001023709
-226.751762201826
230.603278856352
-92.179709273209
-419.383709517561
-125.111823163586
942.477060762172
721.055616586856
92.7138187683514
750.771848888836
-665.881204264401
233.308112456382
-397.013530798536
-401.770240322316
-555.883702044629
299.757430762061
947.870733438215
-435.196246290849
-1109.45687524265
-901.806787655284
-923.504097449721
-281.225956120044
120.606012476376
172.968556959493
121.221796955607
-203.942976312234
-299.653950979995
882.130125603895
920.047101213403
605.429208277268
-245.717801289981
-669.159688247012
-864.959354379983
-1721.33697179305
-1834.17037651562
-2256.68106305274
-528.481926999224
-460.902869976823
-152.86956472797
6.47251796681718
220.06298815424
394.011147165424
207.972380119143
-55.1395325391701
1007.96021231355
730.403701762796
1096.02543962417
1020.57937762917
1102.53549018987
869.998180596616
1154.31492555593
166.164192790506
830.553298349029
298.259369709248
450.738916031698
236.609165698752
1363.54300637159
1575.66500343854
1147.40948105081
554.446297979283
-221.660680763332
799.016243937952
343.994529432578
325.208792330086
698.462662466607
884.064861438685
715.494857078374
706.787168558148
247.134220492816
-178.44269962441
488.235326211968
-705.284982571583
-354.70857036317
-1339.00449459536
-669.345654417574
-583.930264733313
708.404513220667
-162.550795337948
96.7885163226812
472.120352877901
91.5017357541602
563.213677474076
-311.758459309564
-162.603512932036
-481.159961175474
127.721567199011
-724.928441836894
-134.317449518504
-1262.31036304424
-1288.37683578342
590.315777450416
-381.748586489665
-415.135790254573
-265.244732213059
-684.940432350513
109.245978576008
-512.689440558767
-212.517805248309
-1082.58943090812
-122.21030499939
-1053.91934714214
-110.216701893287
-948.487278360997
-858.865666743588
-238.713144012999
177.408433088246
-686.600391929568
-214.908929724793
528.166577396277
-289.035173373692
-196.552526561481
-120.013530340779
-515.92708183954
322.09639109492
283.235766682932
426.434290040905
-714.567022871568
582.394684650235
311.102168662355
450.267506610215
-301.288187523331
-48.698070758388
682.716923952973
604.848819712427
680.596923909527
613.193350510757
238.996765645781
463.483241201387
184.488879827493
98.4653046564089
44.3315533593895
-85.1950793096827
403.798956282708
574.018564835299
54.8941465110383
189.991929644548
321.238988208207
639.807754092222
1257.22791322743
107.966937745035
-779.682609242495
696.221839490886
408.454828438083
202.903652137723
650.430247232091
265.110924786114
229.945982874957
-156.672705189261
-52.1042020370595
45.3225530037538
67.3840351181281
-393.606174529078
-235.263845602143
-135.056016204863
397.780618165419
24.6917255500528
-427.844433226713
-284.727247265568
469.688826663703
125.386428601703
-284.245351639046
-260.484395377379
-301.444239961863
225.741213224061
-151.386072056036
-623.731818538934
-894.596011773253
306.413684187598
-371.009182660974
-194.475207686752
188.614452191535
201.590705660307
-124.13267333651
-606.979162950898
-141.139346512427
164.922322073418
252.413406876461
-215.207345971291
151.983760604117
-295.237992836579
-118.153835768909
570.937426035072
619.368414681152
267.669772105656
905.45552038501
332.815283943858
-9.03604702515111
23.5964604961477
569.506924646655
-290.840309932775
-1067.50609647762
-226.616797166745
-340.849458577141
-397.576708542905
224.648900250645
563.260774539104
-457.794917400482
845.457969846716
793.959463190644
-96.4546019297115
136.756227181264
596.278087905413
655.645185597368
349.751147939527
-271.609005816401
406.889577455784
3.70154634563264
74.3254346121958
-525.366484265192
57.348680663336
565.039012069573
60.5902757161491
-429.962509517317
-330.666645922891
177.746588053633
86.2569295154304
71.4491760017366
-527.004359859926
-278.939189283225
-114.490672721853
193.800127369099
47.3501976959133
-149.526085048027
-240.055986768193
-720.322307010058
-781.40227934844
-926.685548489874
-598.772545475221
-311.418101378487
-86.1458378918748
272.000366573785
402.593597722179
296.307984047862
500.96113526686
422.867894014378
-0.424113002358069
-631.166622313067
590.536232622259
239.557930326025
396.948979860883
255.76475257266
-347.302442983686
-753.656959601976
481.355791409016
51.6556165721144
368.208433851025
-661.92197580384
8.87353587739963
584.958902483712
-230.473533790302
829.963208460544
882.790927259659
1218.85875540894
37.6949274463021
1241.00747156114
212.906508415518
-347.586923017912
334.55449595669
-1025.43693387252
-1081.58384047971
-64.8228785591053
-454.194774478497
-514.338080229791
-350.705614699669
98.6567949989265
-397.625945580383
587.969031145467
735.654869036356
286.239456961664
363.690160066727
-4.85556399568407
-699.308995760849
486.358493458453
108.478984749642
-962.862376386692
-34.8944979720485
-138.529853258556
-404.304381861073
-717.717907419145
172.16937975649
-901.009230100239
-497.785070823215
-648.956489536217
-301.615501265982
-787.349806232728
-1035.92201214488
-1456.02749072663
-2224.76027814131
-1645.32010385039
-2105.51056841522
-696.280753234762
-860.376026921897
97.0624316379663
-391.156325409128
-760.796380334238
-253.157687453403
708.513128796323
1133.97128722175
-30.0007311542651
850.081688500098
2753.28070494916
2318.94196736589
1308.02370387603
1219.44086425487
904.744019150146
1632.01354060789
1350.06551942898
1707.66344206605
926.487113200533
1407.09570901829
538.716493569693
196.921456494076
367.273550545358
451.793225846139
288.518659685379
360.744079518883
530.908088519021
584.292291165082
362.942610553714
1295.55583802054
317.219523153588
689.785607397995
-564.313576970672
-500.487077495972
307.622297853925
75.2644342552854
-6.50469275812571
-84.1658224870414
27.1019606393432
-532.012125257007
-871.601761642686
-59.2171211828403
-117.950182186541
-160.788684966537
-765.742550465156
-1227.79466821095
-550.351119262205
-321.138583024863
470.853202104587
-355.028073735027
-689.347296567897
-588.636520421298
-24.6445679813688
-737.86909988941
-1007.29241764307
-543.955586830979
144.870974984803
-378.938923823785
-634.490098085756
-348.702835380119
-252.424589054882
153.181282154034
51.9858761076293
203.578041020873
355.475830006376
-394.974436577545
239.192690865991
398.4184576507
-449.169290871068
-217.728415945675
686.659073143057
101.119506602414
27.3944716129467
-23.1434497642355
283.006364441228
-556.297646548873
872.034357223247
-129.318126903517
-230.361670310477
-520.199379103122
-453.424509128718
-434.226773582883
197.126499418165
-157.816786763192
-721.331481747392
-596.659005787404
-459.105347733732
179.409439873031
-237.274873698624
-571.35516417103
-719.003300198099
-1668.89092421547
-483.824342483061
-671.815558834472
-356.332000567112
-389.0128519304
-121.590455315721
-362.800874935112
-114.84263711251
-706.995475101239
84.745898717712
318.888677194988
168.501399488324
-483.936905222453
-435.265063867242
398.44974225058
-298.251226649094
159.96038485848
984.606424859481
-316.370875726669
413.846127219924
-574.839008261484
371.07461393012
786.554947211869
402.656998120977
685.401307645223
51.7535801766035
317.200931869048
302.261896028574
-57.121220695151
296.14456458549
-555.328803556569
-455.552109694205
-641.266790121627
-103.132439100847
347.410986326702
-189.042753095765
-7.23925976181448
31.186559699571
-278.41070601771
294.393258432854
-44.8288189348731
195.215021543995
-478.82402752748
386.699212408972
210.820530241507
-504.767174474893
-781.97585615994
940.239722432976
657.516534457785
-100.411071330398
62.8724166451378
97.9355392684236
-9.69588706278706
-257.873308896208
744.91390350164
157.923453696871
180.260333076495
210.74479302957
699.491588763365
255.55081407369
715.900566120864
-27.5991454409436
211.235413230979
-128.269932443701
308.316969748641
379.037524785535
-118.42054393923
369.244951040918
-527.390139945077
161.796682549161
109.71235630338
697.438400104932
-707.407361628366
121.027614796243
400.368088928303
-185.505712724347
-671.824115814283
-564.68910597972
-1107.89220570339
24.8674359142362
-623.138639738034
-52.9520473782105
-448.947249559264
532.747769403081
404.570279176201
-926.973181023921
-266.978797646305
-502.043209978147
232.885216967233
446.310775720283
-283.36909008569
17.5555633534823
232.865340461684
-171.102015702666
-128.264306710364
560.791121537928
110.723775687412
-12.6768283850279
677.461336357024
576.448750209577
-62.889885517947
129.867208354832
-171.905068952591
747.900212363317
453.175781039721
756.868051024472
-343.811496041475
-589.440794602171
-24.2394262374307
-913.530916892259
-338.413315809634
-1222.60019072133
-139.639434830386
-1035.02738006233
-1016.99188815986
-308.689556822227
-562.342930924612
436.867428313377
-10.0064339764855
330.061213040629
-217.12952153222
-4.0793033681412
9.29643270822189
-114.623074937286
-281.381442009918
-226.559774919457
221.570401506909
472.319883912428
1084.98632219587
-161.643523117342
157.713136681537
1099.29404340434
382.707477162558
-670.074443806639
237.93113888625
28.1088376095498
291.121940052764
161.763005597245
-286.272564302803
681.746489724266
754.179246135105
1893.19061408971
391.652249594714
396.207299259886
1028.89448094504
-335.667015726724
206.666898945843
160.426900547551
-139.06566244853
-249.653010196899
-17.9924999343855
-105.378064140042
-827.101480650729
140.066143989084
-960.952478466203
-1075.34422005314
-1444.32015239692
-1419.03418817957
-1292.89985127271
-677.845517328851
-617.106853028846
-515.313360365559
269.977997155326
74.437221767015
-786.446950059402
-376.971618154441
-773.224981961321
-864.738636090648
-705.627499702123
-383.383911533424
-695.810902145478
-1139.02093941388
-698.521172868833
133.381115054254
571.807915686505
192.342308381531
1289.47771487035
650.906397353809
817.164331301806
1064.4365300493
1102.19974447577
660.831667608427
723.648432215189
1395.63976393172
940.647399924545
113.560579494789
107.278514054992
704.462066870527
530.228746656182
-146.915436914679
148.672937767791
205.964432093929
744.07635051412
-98.9296164260764
76.2080614724428
392.593361409175
67.4279078811238
-627.087176517485
-19.1893037133336
319.790860674391
-0.313165997314513
-153.319452455435
-164.805487544369
387.007152387239
8.92643223935761
-591.404276914281
79.6276407557711
-361.890866533406
401.695170842291
232.113089184764
16.5873930136189
-2.78245910635971
372.753116372947
644.273739367671
-421.192799251739
-247.175666541697
-614.056819068646
848.752267426757
-337.69074397067
-535.589087055738
-1427.33220350421
-440.310584010895
-598.500055641123
-45.1242144274601
251.287489608058
14.9112051157965
-466.541893308044
-597.077325024468
-967.381053917328
-259.173943638185
-315.195889149504
-1403.74809770075
-127.911680137684
-477.530430073594
232.378063601265
21.5500798948247
166.209033539904
-279.38146855362
-18.7330966558066
-728.67817740299
-955.897100113521
-218.752586704368
-388.17013103319
-604.622828407677
-1129.69594685306
127.10471032773
-695.718734975808
-81.3438622727969
-1191.9917365098
-183.750489814681
18.1617541577938
-212.882847952219
711.033017996495
-387.1762204954
-405.659368565058
-104.452826818801
-481.141571390356
-314.163100396713
-798.993599682054
-1053.53584338616
-805.074021115626
538.193404674979
717.496135348661
60.9460062031069
734.779158677725
1441.48209082478
1226.68129834357
876.494768982892
537.305333625907
1421.07552852912
546.692831001224
812.818446654165
1269.12855828448
457.600587789832
933.212731469076
1490.106507353
1239.13223669419
727.321280069038
851.743180747217
695.866956309234
1018.06696663351
486.035585640681
127.497108846638
-299.763193892843
74.5847187475251
-366.423100892977
16.538384060889
-659.772316794157
44.3127581991226
-176.499677016567
-182.095950578638
-264.307577338986
353.13126735618
-615.339596594564
140.728078244166
-676.375046299924
-355.62133249473
-208.64125322083
-369.530213570418
-1076.00839275159
613.970484359094
526.53463742491
454.704059621554
57.1407115684987
-188.615350348945
-232.876952606466
-615.360248049959
-283.997369628015
-663.370339850924
-561.49889559027
-1047.86792594813
-1283.25679229547
-1007.36786589227
-838.875376602145
-628.744354874214
-439.926958095569
-132.174053358967
435.739816058145
168.161673450315
-79.5828363874914
64.755975135121
108.733846635815
92.7347003823955
-349.248012107054
-452.699052631988
37.5466638084326
3.4382760559304
125.235096261147
801.060779638777
-39.6649110507827
-611.92502859733
474.384157976749
-358.153535749822
-175.063577206752
447.392814863412
-43.5169944386453
522.100111196384
-601.929806969172
511.36657145447
-784.036205946521
-571.970154139415
-692.625402085961
348.615939048374
-373.864277153367
708.831295433215
738.229425882057
1166.83035147697
331.2328357541
-308.627245195973
24.6025841845284
538.037712231722
-815.341365805507
-281.909234451481
-330.628384945842
15.0576959564483
120.932484361991
-147.392151413194
-774.188057223454
203.778984145894
-192.931039275105
247.698805370516
-11.3684695414807
-313.30544106897
22.9289224878491
-827.767738467916
-265.812102891952
-494.272291604136
-543.771971892813
-724.401093746718
-1007.99732380094
-764.377190247658
-1032.08854126426
-1248.02693054819
-1785.57793292614
-1725.85488435935
-927.332451274807
-1464.01915215921
-1199.20047552061
391.976141607533
499.617920901731
178.823014409397
627.05808418214
899.19835030137
563.366912726309
309.248752695195
1505.45004814252
1092.81286813427
1498.21253534452
1854.96092715096
2293.57054408382
1002.98824330186
1949.7665335704
389.543378018858
231.545643348759
605.223984445626
564.714916490321
509.484470820374
-64.5746398437634
555.38960966913
550.719686356008
-38.4775187154333
484.208711617959
201.188496320582
-435.242132067808
-19.9491213372015
-18.1601097327954
619.680670706166
-348.368670456855
-499.81332110775
-430.916486292438
-37.0420091414016
-253.838516171693
225.657571581561
-348.443023223372
-80.5243733208333
564.473740435528
48.4727457593433
-42.4725505444239
-89.6401829002281
108.577307156352
-539.148218870949
-1089.39773790835
-5.64604835977531
-68.3394349263089
-266.775486296924
-104.046586240312
-851.961631281819
-1204.28507829821
-587.653658025241
389.625732200723
596.920153955687
564.587292181612
524.15800422925
31.6228423901308
-74.9817216257733
-435.086598769503
-714.887590763262
-1072.73857827471
-692.834772556257
-800.825808364299
244.190288655762
-41.7406202125635
-329.332228757849
272.241462218462
859.094913295098
-502.011173714057
522.438089072326
-5.98548688181668
10.1550168706441
435.354616883849
664.532317787039
372.843192236027
265.795930056494
342.964020073726
269.439123129965
67.4155210296824
-193.707394728679
-534.661025913536
266.519078174329
232.922991257024
-39.7668907903609
-984.031288780058
1208.08863055847
-54.3579854824218
-557.08686875242
-417.322140168403
-562.618592609879
-129.459997825248
191.589027710469
447.182417370808
-705.05094340126
-86.3813338918864
493.748692371245
450.272133004416
-167.557924300496
435.690066086389
-3.83139128569326
33.0927553475544
-212.032506401708
-617.674057885891
55.3430705579435
843.051035612858
96.1750877867306
676.84282661102
-472.35305129035
-950.441248178431
-114.226656999657
96.3537464849394
-274.884754345276
-32.4690729179038
-70.8218336762341
-501.66319525804
-361.491986986424
182.603298645336
-377.251247105581
-95.3876348377336
-98.4735634811294
-401.44198559566
-364.351393206133
-970.496546562394
-425.225054600787
-193.974639056412
-603.399495771171
110.421415476085
181.06830488656
158.301116791213
969.28348038497
313.14583196097
-62.7891363527416
396.098545520646
-12.1832961669651
-38.2679336964125
-752.708948906158
153.886128845266
-342.960659786009
-64.0411709500978
231.255729336644
-623.460863539611
57.1766129379134
338.70791947516
-43.1985784776535
356.91929302299
-172.412139262901
-453.789054558123
32.6534603400065
658.715679760206
-40.42791630221
136.211792666094
948.048063571002
1068.02527583515
585.654192471767
1484.9350383513
1294.58450706057
987.091420015674
114.649705575062
914.533823268761
185.869665718888
105.344887226023
181.080209291527
158.909877256033
-552.534047143929
305.233283396109
-12.3344186253888
-309.658087367001
-311.542266589857
-582.956865770829
-180.006424831004
-939.882052204084
-801.341803679605
-747.933406871329
-537.346576623341
-671.61933865217
-557.583199255833
598.915380279155
257.20308737338
-91.9442764657196
-227.590515797459
1101.78549282453
169.799011436807
597.15855009476
331.845341879312
487.83500271094
816.758380480211
164.152792497038
216.230557199584
360.342071707316
366.22459095828
-59.2341730599744
122.616395102121
436.97706505329
392.204255224411
164.021960026015
699.273240908462
525.004500239254
54.5080072585545
96.5499680253876
-182.931611449226
-476.666542492815
-161.608670080571
187.117004759631
-110.348163279846
-689.172411484974
577.379167948958
327.152788054563
211.995818077617
-134.93674943231
-386.731353908917
24.1056316139675
-628.929982895835
-644.182428896323
-546.444190267087
-421.237922391507
95.4566474171534
-1363.13402366187
-611.14554342945
-528.011503109172
-888.526105633274
-369.265341671232
-184.774848138494
364.381308412199
222.012507131104
351.528828222969
446.075483050982
136.695816956937
-223.988322184319
554.590543336528
67.060577906164
328.959062868998
-181.365958659099
220.269772059177
-128.158649000751
-260.911356500986
-434.802115525095
-69.0313996723084
-208.159246935293
-556.773776533156
-106.314055996356
-1022.00884068976
-485.083371139193
73.6281815628217
447.542618874233
-127.840114292416
642.08118766697
-470.235963137845
7.13020522525952
-358.061167032663
-836.498829524809
479.10774256869
301.534738876248
309.006272264776
9.71468786149427
365.180579842758
947.078401410687
-690.082333355429
-316.88814616481
832.331734823058
222.010137461856
552.315185498244
1105.51691247261
454.002018093448
299.750338673926
185.808730641388
811.164923507918
404.957590742695
427.178183591531
-400.749742338798
818.909268152793
-622.081220116095
269.719630157189
409.386607410715
67.0833523877116
-686.854252181799
102.756545865126
258.74701597667
498.417095407181
773.98168606416
1282.35648082204
543.346886031344
427.962218267977
368.916280666329
390.023070450124
329.177897400866
-488.586358247771
-155.210768174975
387.886608916195
-635.048081450327
-741.984488255885
-102.268759687121
-161.189837710953
-476.097976256983
52.3096083961292
-259.948987559056
-381.626565439733
-230.271535042782
402.087507228461
-470.58604987859
-87.1825677377096
281.843156477397
526.06831218865
-419.110281860613
597.365484620482
187.142337672482
272.963443305822
-714.528534746765
-388.135147928771
-373.614518361173
244.365155347227
711.094260045912
-508.806931959517
756.00975143494
-108.232429845293
-276.390106138878
-98.1898201963038
-605.677584307207
599.688870389311
-1010.22617719895
56.4552502632138
-110.788944521494
301.388798926255
-440.222733521021
211.353789019588
162.557468281606
199.850575473973
-83.3192064235279
605.966088112686
291.377612428919
59.7413148072802
-450.115639900138
-182.807024063648
3.36797845522653
424.396359800424
-301.633343450887
116.041913304873
82.2812863851993
-177.160851235281
-142.667480309737
418.897721341162
309.387865966169
143.812176782421
-496.374132509342
83.106382089479
-274.590950288812
-309.975905484559
-335.896356152948
-862.978061809211
-444.621647892472
-538.095000020199
-1416.66356969075
