-12.991769600192
-14.9004857974744
-10.2130677539689
-15.4566168259171
-2.47640840318938
-5.3864318880132
-13.1291654817398
-6.99775810777317
-11.6246763396172
4.69193673466753
-5.15262271323195
0.518851757665997
-17.9018052200122
-2.52238473598763
-8.54908328235296
-11.3021902577894
-11.1609552156047
-7.05436361927061
-11.8263692253725
-18.5884108825331
-10.6819695783032
0.805070901335095
-20.2561199447557
-12.6189116115463
-4.36351882111567
-18.3521571903015
-5.67643303085976
2.939698428448
-4.86334173293442
-12.828473438185
-11.7137036191766
-24.9407879624138
-22.0503134232696
-4.06837280248531
-12.5652928846367
-11.3120299969897
-11.400649651374
-5.98482497867089
-15.8860500611714
-10.7048707066247
-0.711473759518534
-9.32040987382681
-17.012699313986
-16.4420524635125
-7.46489814137409
-14.6225760448371
-11.6678356619847
-7.72115386323055
-13.6766340400857
-19.2454220487326
-13.42596799096
-10.8467419146156
-0.111685215481557
-11.2578168397256
-5.23633187357698
-13.3749421382482
-11.6478933773645
-14.4091029163525
-19.3239888605569
-11.5750924323748
-19.5287240707877
-18.2546863404838
-7.1495145583626
-21.5763541081961
-6.37826478523984
-13.7188265977011
-13.8510198659505
-7.5787992151042
0.0643699023213186
-7.88343139683823
-6.43351185286102
-12.8346235385044
-26.5289531044574
-13.8743297854361
-21.8450250669918
-10.7599535684717
-11.1354509679478
-3.32870395322528
-21.8073493451411
-22.9608643613411
-17.1606556068306
-2.11722571292672
-12.3468887324484
-4.94371512781543
-9.71446887131061
-5.60345594694163
-10.5541358569128
-6.67808447871201
-2.18914082277686
-13.9509110952457
-11.2037212162353
-19.4616997348178
-2.50037061414616
-17.3759346962241
-4.08213093230235
-16.3010451419136
-12.3749334596253
-12.2197125779781
-9.01467230003111
-8.83369352926927
-2.0342052129254
-18.2895850914107
-18.3472412765675
-1.17597788936346
-23.8744933390083
-22.3741176046438
-7.37296498417083
-4.06692029503529
-17.9123037675225
-6.29283559935422
-14.2734413467556
-3.16860511505749
-4.30929853098019
-11.4789487543815
-8.68273823590219
-10.3461343877395
-12.2128522171841
-5.08316884811032
-13.1753034638393
-20.7175849708349
-21.4760993202144
-17.1358973208108
-15.9242114940741
-1.610142228518
-13.1230749275308
-18.8262967263564
-17.9053986709633
-15.9965585647491
-18.6075467902348
-23.9288207174142
-14.6884787770503
-12.3811315000404
-13.0916426758058
-4.31133004532005
-11.2906428388951
-1.27560527873274
-19.1620494088635
-21.3895143581729
-11.8585670474882
-1.81504558777641
-9.93516663746951
-13.9622033785268
-16.8090258895466
-4.98934861447244
-15.6536667566943
-27.1814887256928
-2.33799778639679
-11.4644059402125
-11.8027362340531
-10
-10
-48
-61
81
10
31
7
25
27
15
17
-71
-62
83
-11
-78
-25
-4
-1
12
6
-94
24
58
13
8
-6
27
11
-42
-32
-116
-83
73
1
16
15
-7
10
32
-30
-74
-93
90
36
-8
-20
-7
-5
-15
-18
-116
-3
49
32
5
22
-63
-12
-21
1
-54
-66
69
-24
-63
10
-29
-12
13
-26
-97
-89
10
-59
-90
15
-40
-1
4
16
-60
-61
25
40
-18
28
-28
-1
12
50
-43
-58
45
-3
-40
5
11
49
14
12
-108
-12
62
-9
-25
9
8
38
-10
-30
-113
-91
80
42
9
32
-10
0
3
24
-68
-81
77
23
5
32
-20
29
19
-17
-92
-48
110
2
-21
38
-32
6
-9
-2
-56
-82
84
8
10
13
-45
-14
-24
19
-85
-58
64
-5
5
0
-14
12
-24
1
-87
-78
99
-47
-27
-28
-43
-25
-33
11
-81
-114
-21
-40
-86
13
-32
5
1
-10
-66
-54
14
15
-5
31
14
-1
-33
-5
-80
-51
105
15
-13
3
-7
30
1
4
-102
-164
38
20
-12
12
-88
8
-6
1
-84
-52
42
-9
-44
31
-1
4
-9
-25
-42
-61
100
37
-9
2
38
61
30
13
-118
-81
76
43
17
23
-36
-1
15
20
-97
-94
52
1
-32
35
9
1
-10
-4
-98
-78
90
-26
-5
-4
-21
2
-30
-28
-160
-135
56
-2
-22
-58
-13
26
-10
20
-172
-86
-52
-41
-43
27
30
58
7
4
-29
-44
-55
15
70
63
45
-23
10
58
-36
8
100
44
5
6
15
52
26
8
-86
-34
60
73
-5
30
-7
26
13
26
-79
-101
65
27
19
6
-4
7
-46
13
-62
-161
-28
-24
-8
13
-17
-53
-31
-9
-101
-124
-16
-51
-32
2
-27
-1
-101
-8
-87
-75
72
8
20
27
-32
30
15
13
-115
-73
27
-3
28
-41
-19
0
-4
-33
-134
-152
-54
-22
-16
0
-16
-39
-40
-3
-136
-45
-114
-80
-110
12
8
16
-6
29
-87
-16
-16
66
14
26
39
66
64
28
-80
-45
128
61
25
-17
-12
58
7
-26
-123
-106
-14
28
-34
18
-34
-3
6
76
-85
-62
47
38
45
28
0
37
-21
15
-58
-41
91
-17
-9
31
28
32
-29
-37
-122
-79
27
41
19
-31
-26
9
-8
30
-107
-122
-44
16
-18
-44
-37
-29
-51
-8
-89
-100
6
-45
-4
-22
-8
-37
-30
-14
-63
-88
-4
-13
-3
3
-51
12
4
-64
-123
-65
-29
-40
-131
5
36
71
22
67
-50
-6
24
52
12
58
29
60
-22
55
-83
-36
30
56
-36
10
-36
37
-37
29
-86
-74
67
40
18
-12
-30
0
3
12
-52
-26
11
-22
14
16
-7
-9
-8
-8
-117
-96
-4
-40
-5
23
-36
-21
-10
-18
-74
29
49
28
-3
41
26
60
-13
27
-122
-122
57
13
0
-33
-13
-53
45
48
-42
-69
44
5
-5
-10
-3
31
14
76
-87
-88
112
53
36
31
81
39
23
-34
-82
-53
19
-98
-50
-130
-6
19
47
17
-54
-82
-7
10
20
-16
22
-38
22
14
4
-103
54
-10
52
-11
45
-9
76
38
-5
-61
102
39
75
21
111
79
94
17
-19
-13
46
34
84
-26
83
-19
53
16
-19
-91
82
-5
60
-29
87
-18
62
-20
-33
-75
70
-13
58
8
62
20
49
7
-10
-91
32
-5
19
-32
40
9
51
-1
28
-50
84
51
41
38
104
15
104
69
58
23
108
18
70
30
97
-22
101
18
-21
-75
38
-100
-14
10
63
12
94
-4
37
-66
23
84
33
48
108
-17
63
89
-36
-64
82
-2
40
19
-7
-16
86
-32
-53
-28
22
-24
74
17
58
22
55
-28
-13
-83
92
65
-29
-23
72
6
50
-55
-7
-10
114
2
116
-38
29
31
115
-7
-41
-47
-25
-19
30
-39
57
-25
-35
-2
-25
-71
125
-59
-4
-63
42
-9
-37
-54
-41
-43
18
-12
-45
-42
55
71
42
5
61
-148
94
21
71
118
21
0
29
-5
-22
-138
-22
-51
28
-10
128
109
61
33
14
-34
48
-50
91
82
89
74
173
-27
-29
-24
89
39
64
28
147
11
44
-25
-70
-79
67
-12
139
-105
41
-23
41
-12
-141
-71
71
25
99
29
86
-2
6
22
-28
-130
-11
-20
128
30
100
88
28
-58
43
-80
-28
35
66
45
102
56
146
-32
-51
-39
24
-148
34
10
31
-7
96
-121
-21
-92
0
-50
126
-64
-24
29
50
-119
-19
-51
65
-2
173
-69
23
39
100
55
95
-117
-98
-6
69
7
125
82
147
63
114
-99
42
137
130
72
192
3
38
-20
-24
-141
109
116
62
-23
55
-32
73
69
17
-1
54
39
52
-22
90
55
43
-34
-8
-80
-13
47
61
-26
48
60
-39
32
-37
-56
158
-17
86
48
86
27
4
68
24
11
48
-54
93
83
45
87
115
-20
18
28
54
100
151
48
87
79
84
99
-11
-85
43
36
63
100
86
129
74
-24
92
55
-1
102
44
22
112
32
40
12
-174
-11
-2
-30
-4
-119
-21
24
0
148
-86
-115
-138
24
74
161
59
62
16
49
-193
-32
63
130
145
270
-47
106
28
25
29
90
-24
129
92
71
-51
67
53
76
63
174
-29
91
122
113
108
239
66
110
3
117
-1
62
112
37
76
96
-64
117
-33
34
97
215
57
122
117
65
-76
47
27
42
118
190
95
38
144
112
138
-46
-59
21
71
-9
115
-115
-110
40
-20
5
-315
-136
130
50
-37
64
170
11
40
29
11
-114
-82
80
24
98
152
-106
73
136
-4
-44
-60
392
87
83
50
90
174
201
-104
35
65
38
249
-189
72
14
90
55
-145
-101
99
34
71
13
-266
-61
121
23
-43
-37
-314
-105
140
-28
-33
-52
-460
-14
32
-88
70
-35
-167
-37
71
-66
24
-16
378
-476
-38
130
-36
-19
42
599
-70
-21
-22
15
61
-512
-3
161
33
41
40
-472
-92
231
-1
91
110
312
-62
-7
204
-32
-26
-259
-175
80
19
50
106
151
686
53
-15
-7
89
-20
753
-180
85
164
162
-11
-628
-153
108
165
161
66
949
-560
26
248
-33
17
139
-337
138
216
194
-5
57
882
-597
-56
274
72
-30
41
-375
3
217
110
-74
-32
767
-126
-2
132
179
-56
128
24
-102
-2
-172
33
-18
747
-422
-79
171
84
-127
-12
-13
-36
144
-165
150
-59
825
-509
-26
94
203
10
125
-793
152
23
55
-9
-8
20
685
-102
85
-2
11
40
61
539
-103
5
43
33
52
248
-227
-72
93
-22
5
193
16
-127
-4
-3
88
348
-266
-14
-21
-78
-36
-539
135
60
95
-23
118
560
61
-14
54
96
-362
16
188
10
-1
-330
-58
116
62
-36
59
175
92
19
373
-390
102
59
163
22
-40
43
82
76
-93
25
-8
-146
40
92
281
-282
107
48
307
-390
37
-23
281
-284
110
9
186
-109
108
38
52
-125
17
66
76
29
-65
-4
-4
1
-12
48
37
-210
203
44
15
-301
140
60
-108
-263
191
51
19
-158
164
37
-43
-14
13
4
-74
120
-56
-93
30
196
-57
-28
-29
-40
-28
55
232
-226
126
68
48
-113
80
1
36
-153
92
64
63
-212
-42
3
-28
266
44
99
15
-104
23
25
53
10
289
33
17
-20
65
212
-31
39
25
7
239
-97
99
-3
94
7
186
-7
101
20
2
167
-75
60
66
9
19
122
-52
44
-25
-25
91
20
133
35
28
-6
88
11
-41
-12
56
-39
39
-32
40
-9
246
-20
-5
-91
58
3
20
-16
171
200
33
36
-29
-72
13
-40
20
157
36
44
77
29
7
-58
30
61
-183
-26
38
41
90
42
16
143
-40
6
111
20
44
214
14
69
-104
54
9
-70
-56
43
12
83
18
81
-173
39
21
48
9
74
143
42
-37
4
-52
78
6
221
38
48
3
86
47
-15
-67
216
36
26
-13
67
16
65
-12
-62
-274
42
14
53
-17
48
-8
52
-26
11
-294
-1
40
60
-26
38
-29
92
59
-83
-74
39
35
103
23
109
43
-70
-37
-20
-86
-56
-139
-37
63
209
-70
-28
4
-5
-90
-39
49
223
-7
61
53
125
70
39
-52
64
36
86
35
103
9
226
4
