67.5681406164966
-122.365835930337
18.3647188768184
2.25470807219951
-75.6270575681352
58.422320714584
149.397845613123
-43.3253054592088
-8.887019255016
-67.0550354741236
-22.1031042699273
-9.74244182531132
50.0822814321984
94.4815615353246
-145.418044079254
-141.30385102892
143.765201156469
174.193047746863
53.446502458989
35.5240657505111
-41.7005902045412
-153.537151935324
43.3410970110717
-1.06283033841281
-66.4673970441522
-66.1908219925516
60.5485264482833
-55.7718838105779
-81.8458008465497
80.3408040837424
-33.6517631426843
54.6671942567998
-5.17041018420857
-28.3926941369423
-193.214584573677
-178.006151864833
-54.1393079561709
-42.9509454776176
-53.5056384368601
-55.9720578756287
-169.321236361139
-31.2219112864841
143.236015242229
-67.3845528389542
-164.442043623289
-226.563315807952
-47.6512847138004
-110.302735022983
-190.072684580075
38.654232463165
-83.787210563975
73.3598103962086
44.0628185277801
-82.6508309474285
-123.522770845758
-216.571260798469
-131.729096669033
-41.4597297738015
-67.1520317893376
-30.5408852026205
64.1677758526932
-81.2733243060203
141.072161772415
152.427994253665
-5.18382493723473
-261.496016073355
-119.728757179345
255.781332090418
86.4598985983949
152.341713710608
99.4595320662711
218.242328080658
-30.370273901564
87.7403546812388
-26.0656210176019
-55.6461749164779
76.9483366484019
-112.248901688018
-79.3937308198253
121.745784692206
-100.417474402922
-10.0532254007001
-69.218658960786
60.1425119132953
-140.606712185596
-68.8756460774982
-19.1128549117562
19.4892172676935
78.8908637738817
-156.249289641466
32.6259985900601
-81.5526725878751
-34.0652832829088
-8.08865344605198
-49.2329654256502
-81.8911612649402
149.764285026828
156.904172873337
-43.5015176563819
-78.8041477105275
-1.69374545948674
-125.539252783963
-85.753753432895
-30.3102023177665
-155.117647472399
-122.591401134117
56.58552965122
39.6134707957697
-46.8743946268779
72.0267442531765
166.556426309869
-65.2503032290809
87.0115843406915
23.2649520629584
-30.7463067947437
-71.4911059491654
-13.8693060502396
201.730574098964
166.813508231053
19.5688829243162
213.219287971727
-64.5992150689988
98.9351503793983
-62.6524864245879
-16.5966848371851
-179.72050032442
-4.47729003740406
-88.0047519955067
-11.7835140320737
-77.7330107689355
-67.5133385475155
1.10725562601277
-80.9172693675713
42.2115792367649
-119.424359579546
-190.696932457417
-18.5363125650068
-60.3422606680156
-9.63381081590304
8.20435891688563
56.1060923436362
165.284063290465
-51.417479674514
14.5835057551967
-83.5393847608848
-182.47097551794
80.6291765849435
-10.0482574454852
-72.6643430867502
156.425469224307
18.5880018754617
-15.8701023665117
-2.77324375865387
-75.2839102156919
-8.79279119214011
-43.3855672193477
-4.59451715904205
-47.3294781230214
1.33567547565093
92.6877716682888
-74.1906077917325
-40.2038913115735
-34.8136870896457
47.0236151243916
-259.850573242434
-26.4910307656811
103.430018436668
55.0472833167943
-76.4036298534029
51.2681227578812
-58.0185253634995
-7.14352073356802
-14.9414891534026
116.479884905269
-92.4189781903541
-219.696349592788
92.5594351701749
60.1523258705556
36.2310071326151
-19.1767210222738
78.3917421886301
-38.5888164951423
-166.984034462739
-54.1457099645022
-219.051420408968
-82.3186944837381
24.763421369702
-172.648342023126
156.880184111858
-15.5813755071397
138.886287255364
-188.119040353673
5.7134620961889
-26.7984177634245
28.4967359417344
-164.922796829417
93.3406212669264
256.931595650544
222.432479636977
76.3010756207074
-5.75479226173574
-26.7263830990687
133.921960344552
-30.5511867219259
-59.8857347921285
-192.40942912698
47.6016946589715
-47.9062426490832
17.4179082179518
-53.7102539900058
51.3113162108643
-86.7926494538609
-166.479863829599
-158.814353616273
-73.8722587050834
-167.373720212502
-98.310456602351
92.6513293270759
34.1875135555801
25.680470830215
-10.2649775711474
6.21943726060973
-18.3504823265643
-49.321287393944
-182.925737891203
-61.6933822829463
-85.8094100493869
-1.43427280113668
70.1300510196248
-11.0972680169457
-107.782317911651
-43.0419866555379
-16.5529847224815
-2.7252622963559
-149.292235951964
-146.320200941913
103.473928588725
-1.78999504126207
-57.2930407460121
68.513596598365
90.2884988992716
-164.220283203284
-86.9769350565116
-48.3100406779963
-91.611794997977
21.1543175454759
-66.8849637573369
-63.3064842429622
36.38145274928
43.0846800793388
-93.4634084302832
-37.0699167945491
-65.9335849036905
-19.7096026868858
-141.150328156173
-19.5255567806687
-169.495662123395
83.5856350737868
100.946986797313
120.05138070289
-56.3611656639268
-55.0971372745495
-108.957516270133
-54.6460000775496
-178.518340138401
-93.1396258712153
105.781097319296
-32.3700732137681
-0.295032821863153
-37.1746284519101
13.3385327276494
-86.779478540716
-47.8771575018395
13.2376581234723
-0.811181277222929
16.4901403593876
-163.990078779114
161.801284892561
-56.3125798506004
-34.9166615399897
66.024129737801
-56.6267111721725
-45.0506076787332
57.2109171248704
-229.173493884674
-292.977106687077
-21.1550491935102
-48.6661778401134
-59.4507712086017
-237.439264765132
-29.6807207041459
-44.3095821822418
-32.1019385932139
-50.4294052574809
5.60870917431636
-166.040344408742
-21.1864401047833
106.633031563707
-59.9345868899172
119.550785240808
-69.7440968289727
-61.449067862388
139.258620279885
-117.309561410166
-147.407646677857
-150.634629232281
-258.537776281172
86.9563828876708
109.133895653526
-13.4798882416709
84.3148689643168
57.3594464034411
63.9192415896343
-109.351781782245
-23.893904640876
-159.401967490385
101.923006062915
99.5886179217973
-9.94727874961654
55.5431882490567
-14.8075606181336
-15.5619981576209
64.0663554923373
-89.1156237035694
-232.823846691951
-24.5652647844396
-190.223131577616
45.3350997654041
29.3030725942502
-38.6127758372962
70.8708959484215
35.3318004055716
158.755841239054
42.3137546238809
-210.300662759092
61.6633081467955
-34.4565813754498
-17.1880743160396
13.6198106282858
-38.6647625996496
-65.0150471149062
-114.102735874301
-14.0613575575065
-8.89665099562258
-87.6115120378261
-197.347026928432
-100.548362665976
-213.683081710661
-164.257595538861
-46.8100201818936
14.7048609054553
26.6292142642698
44.0378148437069
17.4607168155368
63.9163597526143
-30.0767101947063
-32.9537300378865
-45.0766373196922
120.88820922851
10.5089692008395
24.836919783496
154.432161501345
98.0467831133222
-2.40323876458943
-185.417853256679
26.2733365046179
-30.3185595847296
-40.7724234109071
245.367295005834
-116.948326710581
-40.7823363737733
1.36456767688696
124.229369624088
102.088472555286
-232.177258779045
-14.77963642333
-70.5769729527819
-55.410864133831
-59.1667351288597
99.6583599205353
3.43860919701239
53.113156277097
82.0312908501661
228.585226563186
-136.504864339752
-22.3465125736736
-33.0108414726191
230.985844167125
175.465146058394
19.7836313205501
-60.8364053554202
132.363846860016
-64.5971841201319
6.67010945628805
-134.317665737058
-161.788178697901
-36.9299063538414
-10.7642087498142
-0.71384218641311
37.737230266059
39.7212280811768
-60.5875680307496
10.742549276757
24.3550009193747
-52.2615723410831
-10.9391364630225
-26.069698516327
106.372659781469
-15.4083801785408
-58.2642887911801
-12.7896974268587
4.89592652952938
-19.0463928293118
8.09312146076109
-137.710732537989
-20.2112819915277
-127.666279379264
-20.1150128194693
106.776127562664
83.0199948527016
-76.6054608821356
88.4767807100916
18.6177311117345
29.0053961064574
-69.9632664364918
-111.725148596485
125.111944906334
122.784037549807
44.9658546940622
115.790212693645
-12.3419419355263
100.048702652882
-18.0867345753492
48.8689195919606
-77.4401621393663
-13.3108631669243
-154.960992407437
149.470225323326
-120.054781505092
155.200757746822
56.3459190907897
191.580963226984
-96.7524616456163
62.0548640619028
-132.745734937401
-114.622664856314
-127.79232219229
11.7377404010903
27.4240340961241
70.8074259320717
35.5655810893724
80.6447003332058
61.5295043960168
52.8682249860381
-131.192983705642
24.0028179283417
-58.676806924319
85.1230585636746
-4.98417008208796
245.205255041666
-19.3458078116723
168.853721815474
-77.8872838987538
65.5392324061517
-180.153814712715
1.87825938450925
-240.74548163424
236.620309813181
48.9205873590144
75.5705409802037
-87.3783858588335
2.99417337814344
-56.8190889882261
167.204586818152
-113.458227969171
-14.9638901078596
144.443482558502
-25.5606499613122
58.0743469651683
-48.5903598769196
8.6331157311293
111.314291928073
-221.04295711843
30.0627873952581
-234.610531561206
-71.0094237870903
-126.649360943748
2.53282099062053
29.5533916271247
192.10675833036
26.9802039455167
285.500254638225
-14.3147446515863
177.413370793061
-125.691767459719
107.256986767742
-64.9255120664549
-236.883374611172
29.2961933462593
48.1605696037414
180.550102836652
177.450098904709
-19.4781231176941
-15.5093652119848
-86.7099490560712
13.304341916476
-15.4419715607512
100.522744318594
-59.8229404478295
133.374676764723
28.4253791913731
126.767371146863
40.3182996347247
128.353915196658
-34.9085658533345
-41.3356457534409
-73.9210679960277
119.778495489304
120.161154950886
79.0827380963498
17.2576457109016
57.0846404929
-57.866880335064
-122.64735995957
-40.285079340831
-24.0998171277519
105.572185633662
98.2155103703572
4.89660648095525
34.0078121865274
127.201217143194
115.758108958003
5.31127538607662
70.735400196751
-104.867032427895
6.82827758066999
150.426990601067
60.8090884939763
51.0156369860905
74.1309919129615
-31.8841812708555
142.358442344285
-53.0676553612642
146.445457902257
-57.3000072897565
-54.708333149522
-57.2495929911716
-8.04140144374063
-37.1892835831423
224.827995711744
82.6854051402625
83.2302870432359
46.7804702004401
5.90990386096182
0.187849964008315
-51.3493128745879
-139.111531044344
198.590307343806
72.165446134702
211.789445616825
82.4291250204147
40.1428894298744
27.7502720247776
54.0552568249877
-149.733138851627
106.715044755933
-78.5587222067924
59.8050235432012
4.26420434610394
63.1270644713118
-2.9908698294773
154.234078750088
-41.7632222054878
9.87728617031019
-170.110723337712
-73.6850641076757
122.635452799271
8.93180624069607
-19.1898154997864
127.412368702806
-65.6298711923505
-11.0499392400184
28.6788118847856
74.5333236682527
-247.351615845094
54.6269381674157
88.3378113726603
114.986004385731
25.5556259646865
96.0281272115068
66.3892688081456
264.616744333969
5.30437002639709
29.8219582199629
-84.128009751421
-37.1269854350246
0.206651195909785
203.311723682354
37.9710889067433
-28.4255042349361
-55.4784638378888
47.2070540916409
101.842712063227
28.4350541301003
-199.124139091039
-36.0766216857416
89.9143692469694
142.82104303265
-106.552899068955
55.7632657126947
-201.184493407734
246.298502929718
-2.66642879336965
18.7016211516799
-152.966272950144
18.4264854716453
-33.8594507749043
137.907266138823
-150.221983897143
198.294606500456
-4.76439223319187
66.0358967541714
33.3180036088513
195.397480087147
-157.875765107502
15.2265052975521
-48.0203401318634
-197.873814123731
-73.4793708516512
209.37818606398
89.677256188749
-148.748473782828
121.201033869382
-16.5223573352384
-71.3123691370401
-63.6706436345598
157.749387397855
49.1612850185919
-27.9527454419102
55.5892523099587
70.203631210247
-89.6685658108844
-31.4127098611416
-28.6841824573993
82.5988879458132
-147.929059196663
-163.370025055364
-18.8091872828509
-19.5036225531558
-100.105328642885
-111.965515522092
148.61492548264
127.287379316552
221.56187839562
-141.989205626687
-162.443656561736
-49.6450589903963
-17.5513308585876
46.568501629477
83.460012808396
120.784589463233
98.8206421882821
204.274565301727
-13.6974171301558
-110.825672383266
-93.8440570660533
80.6796606442113
32.4761084810861
-33.2168299527253
164.508163371462
-48.6520152069833
176.813856036806
-120.212208395284
15.7947874984971
-18.0059078652287
-186.017810463117
-111.908360068996
60.3013117339178
-4.69235546685237
132.068377324874
-11.7620549307224
293.415365794775
-66.0337721916474
138.797400191833
-184.076415446435
124.785653223465
-31.4977964236564
-101.465559260229
112.076125537498
229.338236771819
32.3679368385132
84.9291061221536
-7.75817023040941
225.791551307005
-93.5982917593103
160.205435680817
32.4523447854351
-18.5540452899378
-25.7415457215092
-20.3600618799025
-47.3863663498444
116.359223223735
133.397795938608
288.140536559981
-347.746497044452
100.019943123924
-10.8231406563131
41.7381700153662
-17.887600860683
92.8417654846434
203.216175713601
165.310773875667
4.26168880139919
128.067741351627
-34.726835000484
194.525734280392
-62.5608391237357
97.4578621127364
112.370782257521
70.2438767368935
-71.831465124532
303.836511684068
61.7027499295017
296.507956124889
-12.7574075301534
-217.744692871982
-36.7381279365379
231.715554821875
45.5295885461058
120.706716617339
-69.4321927905791
54.103257222376
62.9147314757106
119.149736817933
-58.8826575366379
-121.077938378681
94.2519589746814
-8.50765115027475
130.687480661498
122.417910423118
-76.3374445024701
166.167266254488
-172.021937282053
271.767456332486
140.09288766037
241.522399708212
224.553684091975
7.95726186455146
405.267173557
101.879401851477
427.528081726223
156.81162441578
480.865520252189
146.317914981403
29.6077389680066
213.458136412325
167.12460239021
324.568364180011
139.467577278609
303.848845147404
360.793368445592
503.363326461014
285.33026170697
338.046828913403
-13.5402577386104
227.334768261283
-113.241241738805
-5.55492210762354
-13.3297246571156
243.957128911067
-134.917863556783
422.071579257841
56.0212773816699
3.16619846799294
-253.110078462216
-117.743083680769
180.190488066784
-64.9285764573414
-17.4197305731782
133.975208610974
-126.724239709243
302.383457458051
-112.85402265668
328.218743947688
-121.965878327129
-20.6330281117365
-142.199905501651
109.666493821709
15.5417442871046
-146.54723781985
195.396006214955
-213.692540965254
223.34745554018
-12.8217802277539
-101.71602659679
-23.3004303615876
-146.05936233589
153.707417336429
-223.012080023027
502.80990894224
-271.223067106009
25.683151069615
171.027561716718
62.5773759289425
148.906433139237
-200.514911535706
36.7627091118936
124.537329051806
-3.70303006292261
433.179856209966
-252.308642897544
341.777084961799
-156.206242616547
148.662767446484
73.3718447659107
-242.079973423587
201.829908281865
-182.99254133432
396.138509935582
-31.2601776719417
10.3710923929881
89.0097108500718
-116.635622312234
371.874373030298
-319.553986316965
271.048942262036
-87.8264127567952
196.094057333963
41.7561803226299
-46.8700043432528
279.960637364513
-197.006948732487
126.009440208911
8.94646326619841
66.1971850046581
-38.7506906167845
-260.920255237514
183.048462596982
-191.012555140565
230.641545259529
-2.38217333893678
48.2230201810043
3.01915358677457
95.2962711581314
73.2533347866618
-270.165096804373
24.0871564571151
-149.715162909748
64.3209759733147
214.768573757132
-204.953689914239
54.6529783341191
-57.7244062033966
293.499822399887
-272.76733855866
182.068634344799
23.6515643929414
99.169028110058
192.930675225935
46.2341774121991
-36.9917800731301
-110.539050155168
142.032992662946
-79.1368432933362
8.44994864171154
-73.8632175916964
-136.046359518532
323.718588135336
-168.616701627309
254.369115678565
-44.4560682153622
168.813459015998
-78.0736677750958
77.0728980719695
-169.163993711211
49.5521790599123
190.963451531426
-52.0204277721011
57.8432654281821
-37.022525698633
96.4364853475342
18.1611958135022
310.212718738713
49.6192149037856
47.3478105363903
-164.011366358433
69.8067939240206
120.125464667635
-214.541675380896
-18.4565042469963
-94.93079209589
219.062801909101
-370.829011183668
-15.0767901240073
-180.713883087766
94.4962675250331
198.592569921637
91.2150608645796
-41.4780024393831
226.237634755534
87.2773722477984
105.22643531491
77.6438337972978
18.6839008784994
67.9660990533324
-130.914420439979
134.00283967435
-12.527431794191
2.97091576867844
75.3162011379833
32.400671079684
-42.5711117734725
-39.4838102024747
155.232094494066
-82.8665406058222
13.7896438353838
-188.530892217669
171.377577010174
-81.7330282571471
309.158872147168
-252.79032591471
83.4378863376996
-84.4530785577476
187.427329210924
-133.168906550693
247.850103108944
-64.6945478350106
93.3858950245746
105.309507431584
163.932131884614
-31.5357156115656
-35.9703651873329
-37.8799844216889
-152.256456199894
-20.8424502068808
-173.171400203236
8.64859334954132
-82.8835533628741
259.253756056437
6.79297871644479
-29.6210470056312
10.7850205932938
69.5364249171981
99.4912281050516
-135.421136844363
149.552598546816
-48.9691002376666
-86.2466335444333
-151.162295917974
180.549700429062
65.5380280089108
184.969508693028
-33.5477764899635
208.064784562243
-201.79379403274
31.7467045713105
-178.227502726887
302.154298051093
-54.9820687779742
272.702333144648
-19.1762161750824
273.831061093059
-93.8793330507901
254.462156491171
-209.878222219937
31.6989035708842
-200.102331973437
58.8983679250752
-138.696148988178
315.608589770453
-122.041624761638
70.7644387194368
88.3069943122309
141.516207098197
-199.875796592778
-149.825077326137
67.8283970902874
321.248884361312
-19.3876950878629
155.622552747307
-41.5706957631197
248.720435246084
5.84019285245696
142.855386066063
-121.619917886266
28.0008218052566
-65.4842476470366
117.809889342464
-90.284373040235
107.177272592922
-109.470371987467
305.222820244118
-13.1055391356022
-24.2442175744459
-347.645478750236
74.1383694113206
-113.628272438866
95.6959926297955
-163.495878246299
211.604621525532
20.4494213445535
226.805848871466
-4.84238605064584
100.178348526992
-228.11786184818
33.1249793910584
-183.494708677903
206.260581242196
144.952556983732
229.728355408448
-245.87453138574
89.6016622826345
-39.857745266603
160.793644078853
-126.668046059964
-65.0365769787522
49.4401247591441
178.184606061935
-59.893254635487
82.5388797961098
95.8649055579399
29.121129592036
67.3368530557973
61.9318590522123
-140.771711152977
1.24807667952118
56.6287901349904
-78.7371629583246
111.566346398151
-56.8296539706341
243.556865717074
-112.467988767511
128.41263318668
-75.6251546523211
85.1741822605484
-128.112680524084
75.9364953346186
48.1523301046466
0.529852620966906
211.448293230899
18.5289840416224
33.1770835943653
29.5209596040072
209.789480920113
-222.610822325966
54.5353428170585
-289.037234608112
56.2074228880094
-144.384875757456
163.354249010086
-105.284450291533
257.735345495219
-61.5668237872301
33.2370080619647
-101.383193145617
12.0446881160446
-72.5218481915807
139.176049737305
-25.4967668261465
256.265206195942
166.243338010623
-205.726726856888
132.916931883658
-131.472037481078
-128.424126275577
-75.205671609089
-49.3617208047775
76.384500177496
221.845782965652
286.029489722694
-65.0174222712181
103.315219381625
-44.3394195393735
191.017666968625
-232.3132876307
55.4838331092368
-267.926662455277
263.690061735923
-24.7678176105859
-6.09420117578064
2.18190072360813
-82.4308227627572
-17.3053481514974
-123.599921359878
-170.50967857423
76.6831388076085
237.951096831478
2.12613679268888
-34.9961238198858
67.1651094606829
26.8508019200803
177.865719117797
-190.000845870149
170.938877819055
-72.9734851075525
-52.3080214991409
39.6660560316153
78.4870095956892
57.725925350662
84.2865176840468
-10.298932226616
65.059586915165
116.021682276998
96.3562982904169
-113.279044371723
-93.7143092340938
29.5553157798059
127.3972257143
-65.6558013794751
107.894082889098
-111.296411199438
-3.35036705940649
128.775150213056
118.643708680643
-165.967564697636
-20.0313847883519
86.7999498436117
42.5516664876163
112.44030048553
-17.6007767524691
-90.4999175756746
114.911171037377
-2.56369089020695
119.244191899044
-5.67941612851489
22.7702535051876
-44.7854904881675
260.41397962068
-155.404136154089
52.4931405772399
-104.239970419478
50.0347188264876
-70.9903350471695
50.9668693842319
-15.8404286621182
-35.5853270105087
5.51804070525106
156.656289282156
-88.0951525279412
229.902193524623
8.88056378009979
98.0305264984175
91.7124912404836
33.8599082908946
-97.8940850910836
20.6036583315142
-116.986074274329
-76.0783263008382
-77.6368321846881
148.164982847249
135.37903840226
0.135956828138717
-13.0180378518481
143.630679313012
23.091205280199
-141.583674644487
-113.818007628267
-38.8925028516536
52.5182253926086
168.730263018392
-71.9376690178929
216.817409076664
106.064935263972
134.716062188861
-160.846240566546
-92.2887904675128
74.385400922555
116.192370338246
-15.791644491194
76.6160055326158
-13.1509119811556
261.905922288837
13.0506638562551
122.154894359114
-161.597505396095
32.1041601565826
186.262587334198
20.7461300062837
74.4817495235711
147.138880906858
59.6472896708767
99.3645481607092
-74.8026122448783
-15.0254851169036
-33.7318828185664
-62.5493815482139
-45.4508391635087
50.0603904597403
3.6242330840341
172.993964047341
73.5477983797619
88.9126897751096
-186.65810076788
109.684599914007
-103.182815244791
-116.781596721049
1.47000867306705
-50.7583460262674
-66.0307589533925
135.26518887912
-54.7367590379345
167.138276647677
132.320193177678
66.3159263880167
-279.67943764753
-130.865960324987
-26.6449164300041
161.15023059452
-111.305896542721
37.2144498189072
0.193827898409701
28.1238490662956
-45.9957763425602
107.154999786825
-58.0416994325193
-112.894398419853
-10.9924578508793
185.727208219691
-139.655253133687
50.8879399471375
49.0245710340322
-127.476987673119
4.25601723184351
277.022985037168
-31.6574796543568
5.96346223406464
-63.7568524590492
134.59694304788
92.4373522224057
86.786138668615
2.16705903293561
178.562914500471
8.70431138586905
141.48332923892
-175.138071642675
5.07841319271124
-88.8638020475929
168.293500587662
-3.5526301278925
-1.65057834813535
-108.338977662017
69.4558985463441
-89.3396178028732
183.364220374519
-105.036700580974
-116.988093243047
-63.4056963262796
-76.8513932768203
-136.585452218973
50.4387870821646
-24.4833083290561
136.74938627872
38.8011024297116
47.2123563554658
-149.565715272757
51.2334401593664
-139.91303205772
132.144836485551
39.0278881949065
-16.455412149035
8.56701249072764
131.00639196457
-114.832882585056
186.919496315168
-167.25310931653
84.9375602660384
22.7002404939668
92.9249350128609
19.9125483269047
77.176634712766
-5.4398770621167
228.87392144953
-19.9001022141391
18.8220921660689
-96.2283070727326
110.423630641
-104.878498706195
-7.69209767618288
125.7111812341
85.4408068995714
-94.7650567034548
85.811294016518
8.80202922604523
137.325545622941
-113.43183326805
-41.434573010749
-9.76619804615978
-10.4161529542849
-70.8390220597638
121.489474277376
49.8400000863592
88.7688436843937
-96.3780646965836
179.737173545943
-55.6262290523661
-176.227821124621
56.6602678640656
140.572825259431
-47.2344784982113
239.376201555852
12.2232186001288
57.6400285849936
117.312111869003
71.4620789660881
-342.953570826881
38.1270468084297
183.110571674881
130.524136733923
-66.3739683632435
45.6201063764389
2.84387147191551
51.8446402665139
-115.415804517036
98.2116986508433
-119.135550468938
26.8612161772069
-226.358508377066
110.075601751056
103.832098929741
266.420369681029
115.412342266056
62.9662038845326
-51.0594934987019
203.022838830014
-163.308795941984
-26.4685351532878
94.8838058703568
75.0206939852834
-88.9371766694213
-14.2473267011946
-117.322441939049
143.076442766897
84.2402588205409
61.9930478210307
-209.018413527453
24.606847358493
78.3211046977609
65.6787940442269
-67.9729063742551
226.215202875164
-10.6466736170648
127.214310970262
17.148509636392
71.024952145071
-202.97968299477
-49.7659886118375
-218.848979241831
10.2374627071663
68.9556430124604
130.189412402799
54.7739512733957
128.06870242419
50.5551400672774
178.567367334981
-204.168323683216
-101.321713037736
-95.3055703476202
76.1932660327712
151.686824663791
87.1883866900211
-77.2571030074507
119.901021740617
24.5450655893095
57.3427514036524
30.4024815430024
60.6833062197181
-77.3398179945737
137.222119711168
114.913137415514
128.697163060298
-75.406954802251
26.4804352519214
11.0175853061848
90.6556281684347
-135.440648434141
27.3530187572447
47.9209371525876
-4.52096537296782
36.1171749395183
152.230051297748
-8.23048227051794
117.601170695278
32.5156614782979
154.874564389726
-121.606135875051
83.8041283559431
34.7264872238145
152.53873787319
128.355275084539
128.828177237825
78.8062381110223
44.6743526442615
88.3932293792129
180.046104300135
-70.2318992732295
-78.6348892668962
-63.6792488716042
170.169756485637
-3.53762370744606
177.051356779506
48.0600348639892
42.5325340475286
-144.119941297616
40.535250922972
-227.192608264552
-27.3438849267776
15.8970953756973
107.912241141458
-6.57163351127912
113.574276776459
-70.6559988513383
40.058813664317
104.613244714712
6.24078979366471
-77.523475638511
28.3521265344814
-136.949127891511
159.338280896781
-35.1522132122998
177.581423414766
-87.6943241047164
75.9619212025031
-89.1485906255304
4.70529043140201
-266.024174875504
-5.44713245748263
-22.9546530577891
-172.600989933757
121.439074087267
195.890645532502
111.525246165422
44.1788244968053
44.3351363181161
21.051815614293
-135.616401070241
-102.721558656262
-54.8051997271297
100.794609991703
52.6656220034441
231.927902376656
65.954190835218
149.399356529232
107.909838421735
51.9039748281627
-97.2960594910018
40.4440216633331
-53.1805078754823
24.3669356035563
-50.8160036814881
83.0474108421666
189.708638335042
188.607300931194
24.8818992555302
118.311520372632
-59.6337009544379
-1.63545841294301
189.429697752021
-18.7524952551956
70.2530067601466
123.005777941532
79.2948014660447
107.024683801758
64.8501999942053
198.788323724317
-106.747674049527
-0.175163771476836
-14.7396601138707
115.036954336956
5.69184988727081
149.888159769673
-11.0778729774504
-53.8441696039168
-95.9925332473218
108.83638349074
-35.2284478545248
-119.766877312457
-126.605422105093
115.168475801281
-24.8587426318426
27.3454028431366
96.4850605561579
166.59935798484
-71.7121348109138
78.6026502966083
-135.567042283701
-78.2544923619491
-225.80237189599
152.012168431873
-45.1437734150516
45.9043160558444
-79.7801547469266
152.59774921726
-36.2960883242307
-5.25491044959543
14.2643793795916
34.706774121184
-157.377369911447
114.27781757391
-32.8825969688444
44.3901594264626
-97.8207258532146
128.492597934233
22.5692554907014
182.347517032928
-159.17244495747
-113.052244978464
-33.284606479651
15.131799734895
-31.3917599698492
172.480193960416
5.83438148323507
124.974688090207
-199.677045651655
99.5822878538678
-157.662831933016
-117.712857484229
133.164635679275
217.68687412809
66.9389813129513
71.2481127259359
-94.0791105033802
123.292712119766
26.3411647900752
54.1560003972489
-127.649656149501
27.415332948687
-147.742114089294
-26.9461311233591
-32.8039774564629
15.5200259151639
66.5230167877481
28.3807788465881
-30.2834944368701
-8.70966237455485
-113.280801659712
-120.397843220178
-86.5857614651773
217.740706373722
-99.7597550336245
47.002364574509
-26.3825598682792
75.9283509292658
-82.0357912476657
207.839054423018
-27.3256679938289
119.21315480219
-123.393450079819
-28.3292340477449
-52.8869596542028
144.355232624594
74.0199842840893
-62.5513417127148
169.20686593361
29.893599667761
-73.4805548659624
29.7320121276323
-145.344694716918
49.1951651563182
-34.5930525245506
55.6401653335592
0.967023538015781
107.359949916065
43.1404349593711
48.2371874587772
-83.8876206303696
-11.2202277871037
98.3022021750708
67.2643088456255
-65.8360359083858
83.4608674481379
27.1283319058233
111.95063956697
-0.404240474375193
114.138654716739
-40.1055729201794
67.1630482552054
-68.7380740846862
-10.4105723998536
-31.8478987161174
17.9627742681056
-39.826191284966
48.2352230101103
37.0828525116895
50.0942346080363
-213.915377847122
30.8448796216519
-39.0101009057926
-128.178358666918
15.9389749932687
50.6265456424913
105.496482576456
203.565009995348
37.6834282020945
98.5854487434659
-211.208435286913
-24.3170444229532
-40.696331929188
77.5782509638403
-38.7244702356234
211.103223876573
