-56
10
86
0
52
-148
-2
-18
79
-21
86
21
80
-46
54
6
-53
173
85
-16
63
-16
83
-127
70
-185
99
153
60
-38
49
-27
40
-176
38
-187
55
71
50
0
47
15
61
-118
18
-48
-91
99
61
-41
37
-45
36
-26
40
-175
70
79
74
-75
57
-82
41
-74
25
-121
-13
109
34
-56
46
1
76
-24
22
-68
-94
69
71
-93
22
-121
8
-82
21
-184
-87
95
74
-34
36
13
69
-22
56
-163
-50
5
-74
-97
-18
-105
98
74
65
5
-34
33
19
-10
54
-54
31
-17
43
-175
-29
-35
14
-86
26
-43
48
-101
38
-189
-68
-87
-5
-110
14
-85
45
-80
48
13
-61
135
25
-21
38
-97
32
-68
36
-140
24
107
-18
-76
29
-99
-24
-110
-5
-182
-5
-63
49
-63
33
-64
58
-58
42
-185
-68
147
47
-29
55
-94
60
-21
60
-230
35
122
50
-27
35
-70
54
-85
9
-149
54
100
83
-41
31
-65
51
-74
20
-81
-79
26
-133
-135
-31
-227
51
-29
67
-156
-34
76
78
-17
78
-8
87
-45
57
-192
49
-54
23
-92
50
-143
25
-91
26
-184
-9
133
63
-39
65
-21
93
-8
62
-107
-30
153
45
-44
43
-41
33
-68
27
-113
-125
133
53
24
86
-71
43
-75
9
-225
-49
100
88
-49
97
-52
37
-50
24
-167
-39
92
98
-78
57
-68
49
-5
29
-181
-70
140
19
0
57
-71
31
-30
45
-159
-23
152
80
-79
38
-60
83
-81
-18
-184
-59
2
-60
-144
-23
-159
114
-24
30
-165
-79
-138
64
-82
46
-68
13
-79
51
-158
-97
119
55
-8
42
-23
22
-81
53
-202
-117
88
20
-58
32
-1
2
-79
8
-163
-64
95
80
-55
68
-40
45
-42
29
-183
-109
90
-6
-79
23
-14
29
-64
4
-189
-92
67
41
-19
54
-32
23
-13
56
-166
-72
-57
26
20
53
-16
64
32
68
-138
-66
134
32
-23
53
-30
-7
2
60
-117
-54
139
65
-9
67
-35
42
9
41
-134
-64
-6
-57
-152
-56
-134
52
15
66
-159
7
52
93
-52
71
-7
100
-57
53
-119
-21
126
65
-73
50
-40
55
-55
70
-148
66
119
68
-16
82
-34
48
-71
85
-152
-51
93
92
-30
34
-90
7
-47
32
-193
-92
78
39
-64
55
-110
1
-90
8
-155
34
12
42
-141
48
-22
24
-70
16
-213
-61
99
27
-64
51
-105
48
-40
78
-176
-64
82
5
-97
-13
-98
1
-55
32
-141
-77
17
35
-117
26
-64
39
-64
42
-204
-101
-42
-132
-194
-75
-146
24
-30
55
-86
-13
24
98
18
116
-15
55
-43
87
-180
-48
94
54
-106
33
-69
23
-169
79
-141
34
-67
35
-68
64
-82
44
-90
46
-154
69
-133
39
-30
26
-54
56
-47
27
-211
-83
75
62
-34
50
-70
79
-13
85
-150
53
33
55
-56
26
-50
24
-82
53
-143
-53
-75
66
-113
41
-68
38
-140
50
-148
-39
146
74
-40
61
-28
63
-51
32
-233
67
-29
53
-73
82
-37
69
-72
39
-184
-69
-83
-74
-146
-57
-152
43
-87
36
-179
-56
-21
78
4
94
-67
75
-16
82
-141
128
-52
78
-8
89
2
63
-74
24
-180
-56
92
40
-69
-1
-46
7
-56
-15
-163
-103
87
39
-43
27
-77
36
-23
48
-206
-53
-42
58
-54
21
-36
32
-43
72
-181
-58
-60
55
-81
30
-48
33
-94
28
-157
-83
70
-1
-61
17
-105
-1
-70
33
-176
57
-72
85
-42
45
-61
75
-9
35
-189
-85
110
4
-49
13
-29
-24
-68
22
-152
-125
9
-22
-83
-59
-102
124
13
104
-81
-24
-108
76
21
60
-7
40
55
91
-62
76
-52
49
2
76
-10
59
-71
6
-196
-86
-6
57
-1
73
-86
39
-61
24
-220
-70
-71
65
-21
69
-64
41
6
88
-197
-95
111
21
-52
56
-13
85
-93
-7
-138
-105
114
10
-72
44
-12
60
-129
25
-160
72
-41
66
-84
18
-18
62
-69
37
-162
-99
-82
18
-39
61
-39
30
-52
20
-258
-156
112
59
-54
42
-59
22
-105
56
-244
-25
-106
-12
-134
-39
-54
66
-20
45
-205
-64
20
37
-23
69
-31
90
0
58
-170
-17
144
69
-50
79
-46
55
-92
35
-179
43
-100
48
-124
84
-48
69
-14
77
-190
-42
-85
-6
-49
28
-55
73
-56
64
-202
-112
-87
43
-79
59
-56
82
-55
30
-149
58
-94
55
-44
13
-72
71
-28
80
-143
-47
37
62
-40
51
-100
33
-85
52
-139
-41
130
37
-101
26
-43
49
-18
55
-177
-44
-57
69
-21
55
-55
47
-123
4
-240
-116
-36
-29
-129
-17
-155
133
9
99
-111
-6
72
107
-8
107
-13
80
-60
87
-156
-56
142
81
17
98
1
62
-39
46
-141
-53
68
25
-58
45
-77
64
-71
71
-199
-12
130
92
-72
29
-39
-3
-60
59
-200
-71
144
80
-68
50
-13
63
-89
54
-170
69
99
57
-58
20
-121
20
-57
38
-169
-43
104
30
-83
5
-102
12
-9
79
-157
-72
73
62
-98
5
-34
75
-111
36
-195
57
136
41
-85
29
-90
42
-64
-27
-131
-103
27
-81
-77
-34
-156
57
-33
82
-107
-9
41
86
-59
54
28
60
47
65
-122
-13
82
62
27
74
50
40
-14
16
-226
-92
136
42
-19
123
-21
0
-39
70
-204
31
106
29
-58
37
-60
9
-106
-9
-177
-87
148
51
-19
28
-38
83
-50
39
-203
-94
104
-1
-59
37
-25
50
-39
4
-186
74
139
52
-76
9
-66
45
-63
58
-152
-102
96
18
-13
62
-58
45
-48
51
-156
-129
62
41
-11
25
-117
2
-17
46
-212
-76
16
-118
-174
-94
-146
88
-41
70
-165
-47
18
70
-42
77
-31
67
-32
99
-123
-43
128
22
-36
21
-38
50
-50
72
-187
-39
94
89
-23
14
-78
88
-99
26
-154
-17
-84
41
-37
77
-64
67
-79
7
-118
15
-89
65
-49
66
-83
7
-62
46
-144
-70
-170
11
-68
56
-66
4
-60
-12
-202
-49
113
72
-106
7
-54
27
-52
117
-239
29
-6
10
-108
44
-67
33
-90
37
-203
30
147
63
-44
33
-121
33
-54
88
-167
30
-151
-17
-172
-86
-69
91
1
186
-145
91
-192
57
-36
70
15
104
-46
123
-149
18
128
86
6
80
-89
28
-11
145
-164
121
0
90
2
90
-23
42
-45
130
-139
-7
-88
56
-25
100
-34
29
-86
107
-137
-20
-43
66
-54
45
-44
88
-20
104
-201
77
42
42
-49
18
-47
58
-43
83
-169
-56
113
48
-95
28
-35
50
-62
80
-181
94
100
7
-10
72
-64
56
-37
144
-139
-36
117
174
-56
35
-58
48
-21
144
-202
-13
-27
-57
-157
-84
-101
86
47
140
-117
41
-61
79
4
85
52
19
-27
154
-48
6
132
132
93
59
75
47
68
176
-35
11
92
79
127
43
35
47
80
120
-46
124
-6
84
72
23
18
43
137
144
-18
4
74
33
82
33
142
53
108
76
25
34
-17
52
76
32
145
73
128
95
-17
-89
124
77
124
-6
74
29
88
134
19
-17
-26
61
124
48
63
-15
62
113
46
31
-68
26
51
58
138
10
68
119
14
-2
-229
-49
29
-38
-5
89
156
137
15
45
53
103
60
127
142
50
183
151
47
19
143
88
158
62
129
35
120
127
-7
35
63
82
114
-5
115
88
90
121
22
30
144
35
127
47
81
25
93
106
-24
-92
-39
93
47
15.3917617879555
11.2428569923626
2.7361131631751
22.275946947254
10.9429684146912
20.3550555200583
-7.29404598778122
20.3503914948597
5.55043522495081
-6.04415826469179
16.8283674305303
14.9731960215162
8.95616726020676
-10.0327879231775
6.2310647705278
6.87496804221221
21.2549743072533
33.0011035664518
12.1136461321061
-6.4410743211254
4.03205192597474
-5.2046350828729
17.073965377896
0.280274514001936
22.2774189119452
-0.20512167240746
-13.3955659877293
-6.50368223719526
-15.9651444546026
-3.44986766633067
18.5156197059629
13.2647913170373
2.67796615724299
-10.4425396339399
14.1291219805556
23.9710277836567
3.09128636236178
-12.3169530360496
-13.304598847705
6.65878148108121
-4.74993973774617
-4.59898297940164
8.3034966203112
31.4326770291667
3.49515871768498
18.0978490926847
24.872473244116
-1.40461451775927
13.0631545260557
11.952561918253
-5.80037731565939
0.16103689318472
26.3664690645835
0.0883306740108267
0.181328652855545
1.59106542659258
-5.47401670208842
-2.6157516160151
17.1403128402408
28.3861759451992
18.6622918941282
-27.629776156881
-0.183537120382131
-13.3655511028438
-1.76257550689385
-10.0158067694573
32.2484465916
-1.38827701071365
8.61981735860505
-4.06859326420835
-2.45731110960666
23.9211630492381
3.74004774976635
-7.90583435061049
17.8258594841371
17.0405654985501
-0.5821627681968
19.0818004708392
-16.0291329575459
5.37125950736828
4.57988122362633
8.06966084362269
-2.30839888428073
7.07419638273114
11.5263831483232
-1.39865246716936
29.140900604453
9.19087913586988
-0.114960307676477
-14.9597383641165
23.1797461644809
3.23075851335815
7.07823608761823
20.405472346334
18.0500058059371
-1.05451989397746
-11.6052141371782
3.98178246639557
17.4892483694453
13.8980352310934
-13.0669082024261
-4.30278094318335
8.99357304497847
-2.62495037445005
18.1320833396941
5.92995455623288
11.601408412395
-12.4672007444949
7.16676825851795
11.3691664580965
1.88227398538538
-22.2391124027951
5.6908867365554
11.1839257831509
-3.29864013496362
-2.45359007624049
16.4589978326035
5.29356757495411
13.4213028070886
23.1254209471167
0.510486437968347
13.8194914322376
-10.0062248487862
12.3791530076862
26.5408053306697
7.93949753082939
14.7341965302245
5.23312893790157
18.2937046957949
14.2164499550974
-8.93067700058064
-2.9158461984955
15.87746081053
18.1006466195436
-5.74079983452698
18.3948604162006
8.28522172996055
5.68665903592961
2.69874470299084
15.645769619681
12.3130471195164
7.1568890240146
0.803630072151486
11.6416637655778
-16.4263969455057
-9.22385539588242
7.07450344652692
14.275450919985
25.0418686158862
35
