66.3746254510672
22.2479670563111
40.5428450135268
12.5322358753901
-11.8034344324217
12.017463779027
-27.9879940453208
28.3156421333347
4.74493017187744
-27.525503798964
-29.2605335166163
16.6491449978253
86.2894355405953
-18.5167985117253
-103.413244295305
17.6486602757649
12.6089033738743
23.3212006179172
8.28919448293552
47.1533519299828
9.32245600032209
54.1032069615268
45.8680636993692
-11.7938957172709
82.8527703449919
77.6800228031833
20.8948024170702
25.0764031436217
73.9123710048539
22.0215024794059
55.9300563780397
10.4709563155154
29.1920183316924
84.1353945800792
-0.313270518390846
58.9610384388364
-26.8525704218187
33.6926355587224
54.8461637925013
23.3542013602153
-4.24646024529732
39.0301297897577
54.8446002895084
-1.54992786231934
-2.39106678986522
-5.03333886120994
-20.1256901586162
-10.8832137920325
3.22732133328613
18.6523680924672
-29.1182848026864
24.7072026193136
-7.21361246558753
13.9137266151818
-36.7767973909258
64.8490507679541
21.4400677900548
73.684593143826
-3.815458214824
71.5762726072319
54.1170285301876
46.5564693297654
68.1255538061921
-1.59013962142504
-4.43314069969963
-24.2339669945119
51.5588603523009
31.3588241418123
23.8784477472781
74.4732579255707
12.1541052902278
92.0315460513853
27.0445478798682
68.9947110904781
-23.7594439007674
-44.1462379165524
39.845723060911
73.1874146918872
1.38927946372075
-65.0963118293839
36.3161077709058
72.0611817673711
49.7546469384716
4.62273644125026
58.1912140018161
117.732538814312
14.8728134837995
59.2958917235925
-13.8207348714793
33.3435970034502
10.4009237082062
43.6573972160632
73.2224569825791
7.04026388180828
75.014806488802
-19.1986186986766
-32.1983538015501
33.4516493956919
42.5987237737799
22.0263664047109
59.1089273688969
57.2591628022225
50.9937420403593
58.6922258252319
-10.3620812011472
-45.9128944683886
38.6762381731731
50.1815339634094
-6.85738288995375
60.5707126868447
-32.2515468146521
22.0132884447452
32.6248950046295
-10.3615815296713
-0.241810085120368
7.11453803693668
74.9525246071595
31.3813555092237
10.1427755541158
75.4513159808453
-12.3942174180547
46.7454209061209
18.1361466119784
-5.46103002310009
27.4763996291147
67.8069509652243
55.5048984716804
67.3371964808198
61.3865276231399
30.6523851296788
80.8072851058155
-1.70588114880785
37.7644533488556
30.4409977178016
21.4029027280426
111.292169885301
-10.6491154718313
64.5035633631004
18.4729494466197
29.4424506344696
61.1519295858276
16.4897169981037
58.7514950743884
-65.9265785016114
-2.72030334216371
33.5019222188995
-23.3596728729171
-3.22317913478078
-3.3290534336043
-26
-26
95
161
61
91
-295
359
-73
11
80
-334
356
-187
55
333
-153
154
-108
134
-218
206
-266
28
-9
44
135
-55
231
-373
201
-101
-32
75
-73
224
-380
368
228
52
175
-184
427
-253
321
20
266
-150
-50
137
-305
171
-351
140
-122
153
4
-231
310
-501
146
-403
115
-151
19
106
-182
112
-184
109
-234
131
-103
105
168
-23
155
-260
262
-480
265
-141
-34
-105
-240
191
-401
199
-284
178
-215
243
67
-261
570
-249
427
-185
338
-53
113
106
-172
426
-196
549
-280
266
-64
87
-150
646
-631
470
-230
294
28
-196
277
-287
67
-154
-46
117
-252
47
-325
365
23
220
-11
186
63
25
357
-186
14
-22
2
-150
92
-124
-101
64
-209
131
-244
490
-405
205
-251
37
258
-105
295
32
23
-181
342
-350
307
243
-122
254
-5
227
-189
371
-98
371
-284
322
34
36
44
375
-84
348
-74
74
-318
195
128
-343
140
-291
-68
-269
201
-362
194
-260
-10
74
-28
111
9
349
-43
224
-18
283
-91
125
-141
245
-63
258
-477
219
-174
239
36
218
-138
528
-419
372
37
-32
-285
115
-419
416
-362
0
-352
127
-174
186
-395
412
-103
100
-312
347
-169
57
64
90
-84
459
330
-99
-241
603
-343
101
85
98
-318
387
-214
64
-342
169
-207
176
-88
-50
-291
112
-4
160
21
204
23
217
-102
151
18
243
342
110
279
102
267
96
199
87
179
75
258
37
264
-125
182
-117
105
-4
74
-264
102
-233
134
-369
262
-344
75
-272
144
-255
107
-181
152
-224
92
-95
89
-220
144
-50
100
4
108
-80
69
102
-104
-22
53
51
132
-98
121
99
35
-45
105
93
-10
54
-7
25
57
93
-90
47
5
10
-100
-13
-223
230
-81
146
-204
117
-61
115
-45
37
-77
129
-77
85
-53
90
-7
-17
19
-12
62
-128
161
-141
142
-4
101
-150
147
-40
154
31
22
-93
163
54
186
-126
57
94
89
125
-39
140
-157
148
-11
185
-221
137
-36
3
102
-33
37
-64
132
-160
26
-34
50
-106
134
-81
128
-22
86
-1
29
46
-59
66
20
163
-43
61
-126
76
-70
161
-95
121
-84
66
1
-173
79
-153
30
-75
-6
-6
-124
116
-197
107
-239
32
-62
98
-32
-90
246
-124
121
-72
102
-116
115
33
7
144
-78
224
-79
168
-55
72
15
172
-3
57
131
-77
160
-62
111
-144
105
-31
-5
8
-128
148
-70
-3
-25
-2
-96
-58
151
-152
115
-136
73
-38
66
96
-156
167
-205
129
20
118
-1
132
87
-87
148
-156
150
-27
50
98
-21
201
-101
99
-92
89
32
64
89
-170
122
-27
98
-30
-3
27
-116
191
-153
160
-81
48
68
-175
183
-101
81
42
63
93
-137
143
22
32
-90
-24
131
-88
104
-60
38
49
-70
107
-253
123
-110
108
-99
12
32
-89
137
-63
68
11
-29
224
-255
161
-132
-63
76
-261
43
-140
-2
-46
-14
133
-93
199
28
-2
109
-102
151
86
93
86
-104
156
5
83
60
-108
60
113
101
58
-63
202
26
5
-8
-86
81
-101
51
3
-126
97
-50
46
-91
-20
7
4
43
11
-132
125
-33
10
56
-6
129
-9
149
54
-41
184
-162
47
-54
-75
118
-73
53
-60
-66
38
-3
-25
73
-116
147
70
-10
160
73
107
126
-10
172
131
101
196
104
217
112
98
120
16
53
80
-53
115
25
85
71
-8
146
-35
-37
81
-85
75
9
-104
84
55
25
61
19
213
136
56
77
92
58
7
-78
54
-160
-121
-104
-139
-195
-32
-183
-97
-100
-174
-153
-233
-281
-111
-214
-157
-102
-83
-85
-84
-158
-4
54
18
102
108
65
44
-59
-61
-119
-108
-41
36
-21
56
-20
65
57
-7
57
167
-12
171
173
104
193
158
194
114
62
247
180
167
180
135
244
161
35
88
22
10
117
118
82
81
28
74
78
45
-3
66
-33
75
-30
-6
25
30
33
-41
-100
105
-16
-47
88
-19
1
115
-61
-72
0
-80
40
82
52
71
16
132
33
47
79
-53
30
-29
-15
23
-94
16
-44
-88
-30
0
97
6
97
8
83
113
173
187
192
133
165
172
148
186
181
34
-59
-57
-60
-38
-107
-101
-198
-50
-110
-158
-68
-97
-92
106
10
-19
105
40
-38
56
-8
-164
69
-182
-142
-44
-261
-61
-141
-215
-131
-160
-21
54
120
-55
31
107
73
37
-36
128
92
182
230
2
153
217
83
99
178
56
156
181
50
223
-67
72
50
109
-222
151
82
103
-303
274
-24
-126
132
59
-39
210
-144
155
74
94
106
115
-108
113
99
1
4
101
-5
-32
102
138
95
9
2
-128
205
-159
-69
56
-1
157
-83
-15
-78
-87
-20
-116
-106
-90
-8
-52
121
84
-92
-1
11
53
82
6
-100
191
-127
-12
125
-185
27
101
121
1
-89
234
115
-37
139
43
21
213
162
-94
123
-113
84
-36
-42
-223
-250
-153
-165
-127
-178
-13
-290
-23
-103
-227
-135
-580
-12
-131
-159
-136
-498
181
-195
-3
-56
47
-119
124
-90
138
84
-4
106
-50
-214
-128
-312
-159
-82
2
-207
-118
-78
-198
336
201
147
132
285
299
232
153
197
95
-87
299
226
86
51
263
65
238
194
153
158
56
164
183
3
64
152
-122
120
-46
2
46
-275
136
-71
-109
32
86
70
117
80
237
222
87
211
337
-41
96
172
-33
45
112
41
30
-20
208
76
6
57
103
-90
-156
-23
-110
-116
-40
-66
46
-169
5
1
-59
54
-92
-14
35
-144
-28
-168
-149
-38
-215
-20
64
-183
-102
-39
-18
-79
-200
116
185
22
161
185
84
116
-50
135
-24
-191
-18
-169
-142
-173
-273
-94
-29
-205
-67
-199
123
22
-102
87
49
131
76
-50
111
146
-1
133
94
234
189
-22
262
136
285
338
124
486
329
242
353
90
444
83
-60
10
-123
78
-130
-288
-336
-634
-460
-711
-780
-622
-588
-210
-201
-252
-11
-98
35
98
-8
382
213
497
506
263
514
228
247
-75
-127
-169
-379
-87
-200
-87
-63
-200
-101
-127
96
277
72
347
215
276
305
46
168
32
155
82
-21
213
-18
76
71
13
193
-53
87
45
-126
121
-51
40
-66
-125
57
-226
86
-76
80
194
18
215
148
224
57
92
178
14
60
-20
115
23
74
13
-56
63
-186
-78
32
-159
9
-133
-136
85
-202
87
-164
79
103
-185
152
-134
125
-65
25
84
-149
69
-367
4
-59
-267
126
-176
68
-126
13
112
-13
48
-64
121
-57
8
88
-103
188
-68
154
59
151
114
2
166
-113
94
119
-89
118
-9
235
131
55
195
83
204
28
195
102
84
180
49
171
2
4
90
-117
-41
-85
-137
-311
-374
-164
-316
-200
-324
-249
-297
-211
32
-171
24
-213
-93
-37
-269
13
-227
72
-94
79
137
-66
245
108
294
105
369
287
24
527
54
438
-35
168
123
-171
144
-147
89
31
-138
78
-47
213
-51
128
-90
25
133
-59
141
-124
99
40
-89
189
-125
35
12
118
13
40
112
22
188
-160
237
106
12
59
-100
64
-110
124
-40
-136
-7
-133
-15
-102
-29
-67
-33
151
-130
20
-74
154
-17
0
189
-92
219
-16
22
68
-23
31
-70
185
-12
10
127
71
1
-143
69
-103
-10
-49
-113
38
-66
31
-26
-100
80
-87
130
-25
44
176
-166
70
179
44
-2
59
-31
94
109
-82
171
22
-26
67
-87
207
-70
111
97
-99
236
263
-43
-3
196
130
21
151
19
-214
-9
-309
137
-262
-103
-282
-475
27
-177
-110
-194
-143
-339
-126
-2
-267
-96
-37
15
35
-94
55
-38
-63
15
-28
96
34
1
158
27
126
98
175
226
116
351
-49
244
212
201
317
61
151
24
