33
-18
-7
-2
-61
-80
12
-46
60
49
0
-22
23
83
-111
-85
13
67
38
-27
5
21
19
-11
-100
-118
81
67
7
-28
15
-35
-5
-54
-119
-104
68
-55
90
15
106
-60
44
-9
-17
-60
-6
124
100
0
111
24
87
-25
-11
-145
76
-28
-5
-38
-31
-11
-9
-54
-100
-149
37
-1
-10
-26
-6
-3
-8
-34
-123
-155
28
-18
48
-40
-26
-18
13
-66
-184
-168
68
1
-26
14
51
-13
-54
3
-81
-107
-119
-93
-63
5
39
-13
8
0
-140
-100
-74
57
16
13
-33
-15
39
-10
-120
-146
72
1
43
-45
18
27
8
29
-102
63
-63
112
31
33
58
-11
-4
-61
-121
-133
-9
-28
-4
-67
0
-80
-47
-28
-98
-39
3
63
-27
-27
3
-17
-11
-36
-109
-105
-136
102
9
-18
17
61
6
-121
-107
-153
40
6
-48
-26
0
-63
5
-19
-190
-1
-67
78
-54
-6
48
4
5
-57
-152
-105
39
0
0
-23
17
-97
2
27
-102
-127
-56
-109
-77
-55
-33
39
58
12
-89
-2
-48
35
94
-53
14
54
35
-8
-146
-99
49
44
30
5
30
-14
0
51
-114
-6
23
88
24
54
20
-60
8
70
-94
-116
23
147
5
8
13
20
8
66
-117
-140
6
3
10
18
6
29
-21
24
-78
21
-134
126
37
12
-3
13
2
30
-96
-86
-93
-6
53
4
-28
98
-32
71
-60
-13
-38
68
33
69
-10
87
-7
122
-191
-23
-77
82
-70
95
-5
109
-24
67
-129
-12
-119
51
-18
132
-10
112
11
113
-140
8
0
123
40
89
26
124
52
98
-129
-42
-100
88
75
64
-18
75
-2
72
-165
-77
79
92
47
12
0
82
-36
99
-157
20
-60
66
-53
124
35
106
-16
108
-157
-29
55
-65
-9
90
66
117
-3
82
-80
43
9
107
-18
63
-4
75
49
127
-128
-60
-101
91
31
76
10
88
-22
36
-86
-15
-15
100
-38
24
71
64
19
25
-148
-38
-22
85
36
93
-56
76
-3
98
-134
32
-93
-67
-104
185
40
60
19
115
-26
-14
-146
127
43
160
66
119
20
58
-87
40
-93
85
96
100
7
48
3
82
-95
-46
24
17
-31
111
7
73
-19
135
-102
-138
13
85
6
43
6
101
-53
61
-106
-97
-81
166
96
38
-77
84
59
48
-158
-64
11
129
0
50
-96
168
5
106
-241
-14
39
56
-67
66
12
63
-10
153
-55
-26
-60
-111
58
149
75
12
-6
-9
-57
-73
67
39
23
43
66
8
-41
38
-59
-97
-114
-18
-8
-218
-4
114
134
174
-95
-142
-103
-15
11
26
56
-31
142
55
-102
-92
99
25
-7
131
20
39
-51
55
-34
-93
-103
95
10
42
-29
200
-40
58
-154
82
25
-24
116
188
-41
-40
10
254
-133
26
1
-105
11
0
-91
96
111
129
-319
86
76
-23
22
39
140
95
41
62
-66
110
-31
95
10
85
9
231
-45
192
-74
32
-143
197
38
112
46
85
71
101
-36
-62
63
35
48
119
-89
218
-110
195
74
252
166
-13
372
224
324
154
405
272
4
282
130
356
184
346
357
376
175
245
62
180
14
99
-9
282
-226
233
75
3
-61
-91
91
-37
40
145
-64
324
-154
203
-202
16
-169
51
22
-187
229
-120
180
-105
-25
29
-144
275
-182
433
-154
57
107
13
73
-279
65
117
-122
287
-241
235
-109
117
63
-160
195
-95
210
-41
103
104
-236
316
-317
153
-156
207
-3
-8
142
-93
168
-50
-72
115
-214
178
-253
280
-157
74
-59
149
27
-295
-7
-130
77
132
-127
95
-87
284
-278
127
-86
84
84
25
92
-115
184
71
-41
-61
-76
178
-81
218
-145
183
-104
149
-170
-2
55
0
117
13
107
62
134
-6
-88
-45
90
138
-143
-7
-13
273
-153
82
-190
99
43
72
-63
153
66
49
54
-18
-24
-98
133
-5
87
69
35
50
2
92
-105
46
-210
145
-74
181
-80
70
-97
229
-126
37
-17
89
90
51
14
14
25
4
44
-89
25
-65
127
50
2
37
9
137
-124
57
-123
-56
-113
156
-35
142
-71
311
-232
36
-135
246
-72
264
-109
199
-42
163
-162
72
-139
140
-43
190
-73
117
-34
137
-169
-54
-32
202
-50
112
-58
150
-30
150
-181
6
-15
168
-19
103
-116
211
10
148
-277
117
-172
205
-205
220
-43
204
-134
177
-191
114
-213
210
-58
226
-124
138
-41
249
-236
11
-23
187
-17
-16
-35
143
29
7
-125
-69
43
-32
31
-64
123
-68
74
-61
-22
-66
95
54
26
120
6
129
-49
170
-140
46
-185
146
-218
202
-37
230
-29
140
-111
20
-95
92
51
140
67
-33
61
14
74
-54
6
52
115
195
-38
125
-24
227
-215
72
-165
170
42
82
34
-12
55
-10
-116
-105
130
-24
-76
110
-3
63
-88
148
-171
-19
3
140
38
19
23
38
95
77
-122
-46
2
90
-21
133
-109
209
87
11
-212
-1
129
48
40
27
22
60
-42
99
-126
-21
-114
141
-49
26
39
43
-7
-36
-18
-1
-20
60
-62
167
47
75
-12
86
-42
-28
-109
-32
-117
208
5
125
24
121
-87
-53
-86
-10
17
182
-53
133
89
91
-126
-84
95
128
-4
81
-48
204
-33
63
-93
-64
97
56
-28
145
34
135
-48
121
-97
-22
-5
62
28
112
-9
59
-69
134
-109
-104
-9
36
19
87
-80
63
65
72
-100
-31
-110
134
0
104
-10
105
38
75
-114
18
-3
125
-53
105
76
64
-45
157
-138
7
4
125
35
91
-76
113
47
82
-177
-32
-29
121
-4
75
34
85
-14
54
-149
-34
-54
-88
-121
89
53
9
59
102
-140
16
-94
135
-8
78
19
170
-26
128
-99
73
-79
113
-29
117
-12
144
-25
116
-136
21
-12
100
62
92
-9
104
-6
67
-110
-32
-41
105
-61
154
21
72
6
120
-125
-61
54
101
38
133
-3
121
38
72
-178
-32
-2
93
-68
64
43
84
-108
82
-117
-10
-144
120
6
132
-10
123
19
103
-126
-88
-1
89
-17
90
-62
94
34
112
-157
3
43
144
-34
122
-1
102
-43
94
-158
-13
-161
-60
-53
139
-7
55
11
109
-130
-79
-48
18
31
78
11
94
1
15
-101
-10
-106
70
55
86
-19
124
-5
119
-114
8
18
26
-20
145
19
70
30
138
-115
76
35
80
26
109
48
79
2
104
-124
-57
-71
83
20
86
-8
70
-34
108
-142
-42
-44
109
12
106
18
40
15
70
-70
2
-134
71
-37
93
-51
11
34
69
-137
-40
-71
-34
7
84
-16
63
10
88
-116
-20
43
138
8
87
49
119
26
94
-98
-11
-99
8
-66
5
62
123
44
86
-117
17
-53
118
56
134
26
112
22
80
-120
-23
25
74
21
92
3
50
24
105
-77
-47
-95
110
33
10
-7
64
56
79
-156
-28
-22
89
6
104
-2
109
-19
139
-106
21
-104
-29
-9
115
-137
114
-23
152
-118
-60
-78
-38
17
83
33
96
43
63
-93
-30
21
63
10
72
-36
94
-16
39
-109
-14
-80
52
3
73
15
46
-28
45
-117
-42
-13
138
-48
81
-21
122
-30
108
-86
-5
-117
-45
-110
97
16
75
41
120
-74
16
-121
37
38
109
-28
105
18
98
-158
-2
4
71
27
63
13
103
20
128
-63
-18
-101
46
4
74
-18
86
1
70
-137
-23
-10
-20
23
58
10
101
-7
114
-130
-35
23
91
29
130
-3.39804548828947
5.65792419682552
-20.3556019555049
-11.150661027379
-14.8293385136351
-30.9338359029706
3.93376043597964
-17.3565206199468
-4.69650170676739
-17.0126472967913
-15.0625853815376
-19.5949252593541
0.244447522467243
-2.99808081935253
-9.77406022599454
-17.3118600134135
-1.53948608551103
-11.3005831423182
-6.86420431378399
-21.5521774137837
-18.6646697618615
-14.7727202940924
-29.108351725662
-16.4519679204069
-45.164205110067
-3.15976328194776
-15.2403959556665
-11.3747307089686
-22.4904967299036
-28.1945525992003
-8.30989447040267
-19.082089285248
-10.2210154731814
-6.66880219698505
10.8845412863272
-11.6407207772593
-6.82673741556331
-15.7634957939162
-23.467832144982
-9.73780720943955
-4.56224870726991
-21.9329971467047
-11.7968559702961
-17.4701112230887
-14.5100117624293
-16.3467510690035
-10.7615318622886
-13.6663400479999
-8.19888542320667
-22.0779449063969
-14.3056745997618
-19.1535097800829
-16.1413627128204
-9.53344825343637
-11.2106688266619
-10.4515750618909
-12.8570211980651
-7.31223584401666
-15.0540725368875
16.4387944134928
5.80610745001602
3.93359068308745
-16.8270806748882
-8.89808596300606
-2.24060804778081
4.33719029426268
-9.475795087447
-5.11811958443074
-9.48584354062909
-12.4258209227222
-21.018976388658
-13.1737226710843
-0.998365962023522
-18.5998677896168
-17.4095117842972
-2.23807544245495
-20.6978664108778
-18.7929047077174
3.48892200306326
11.5066085590199
17.5315898421947
-16.4569060476405
-1.24400265601169
1.0334641295772
-18.3331152817923
-13.4666404154403
-6.16947088834054
12.3689139529978
-6.3377353246897
-12.2430997928835
-7.88961144287835
-10.6936787062874
9.78041085428587
-21.7227443022499
-6.73625798823114
3.55365309702796
4.43420255933056
-4.58812746363716
-5.46443149250339
5.19926884380086
18.9918262961504
-3.71900650423253
15.2895252940695
-7.48696512623305
-14.1936275826424
-0.316262599778333
-0.73045898477212
12.6001934232662
-11.1861464738997
8.78286840955081
-8.94927311357752
-2.1950471212866
-18.8206134111346
-0.831201675855592
1.20130211199673
10.9248761906979
-6.15198298249687
-17.1134240737263
-0.945515115683341
-14.1629614047381
-18.6983713892118
4.1444770130843
14.0477949741368
12.8715721174634
-2.80027209334175
-22.1424077245935
8.01545476966426
-2.73790999172674
15.0834410303833
-10.4378787805597
16.2528413871124
-9.33207466987932
-1.56670219677074
17.9058063051268
3.59122923608187
-2.8637459328007
4.40195202537439
-4.61488629268889
-2.61120645609145
-10.1477868424587
2.66956216179947
-4.85745538737651
13.4024370039363
0.860742879976134
1.10964231503385
11.7537279729814
28.2963983202332
35.4933132352118
53.3647432864234
72
