-79.3231482046876
34.5281655880495
64.2792114102344
77.3892970114769
-13.1044471189068
-121.882817586398
341.44842780846
-55.3774187701701
-88.6162151569965
167.03394451638
-258.199360566749
387.218997648092
-236.476581230475
121.497200094507
307.475040961885
-137.022555116826
229.951780230364
-77.465150774822
228.301204133036
-127.528110099662
219.212986040464
-316.870449080428
98.522034976369
27.2425831329385
-60.8701667631409
190.640930995566
-23.7785200857768
157.779734992997
-419.740828631695
250.909245782241
-140.153101921698
-33.989839605237
49.6591099234959
-57.086829312211
250.457349973579
-385.088365585152
382.931661503965
322.260904701968
-19.6985039710295
86.3220072795112
-225.127654332654
574.246798197724
-294.647870443614
458.583494995213
21.7945067720772
309.593921414414
-256.239944848287
8.82175370320395
180.585982351472
-316.879765632118
106.932642801676
-326.352928109181
140.044778649643
-163.938075128189
274.888064373846
-29.322075754033
-174.283762116418
416.448325210211
-465.032624841268
236.481697917441
-498.824135855415
112.964834411103
-159.593148445364
46.0454963349695
91.1935464199238
-272.796423730782
71.0816785740014
-323.973919689195
71.1569771607203
-259.877967079171
221.738549743398
-50.0493822908443
72.0304751203171
44.6079841524816
-17.2052862031771
104.274880119281
-336.182969210859
245.029178521722
-592.316719754804
205.010398637818
-112.035628904427
135.091248182752
35.9981665127553
-207.467570591211
156.898347141609
-374.169882076175
214.97011314501
-321.94801369624
30.4524489752271
-232.571130694857
309.201079447733
-38.0389742864673
-383.857754913631
545.620395506546
-373.930550903105
487.314646162089
-193.246436723214
376.0168767254
51.47531266469
247.242157729026
29.2708583060349
-120.834607865711
379.055038225129
-278.192847990773
691.780203446511
-327.438731351227
261.983009723076
-46.8183089584535
95.2371130147661
-167.079813374264
651.012452532462
-669.652743892511
537.695344942168
-257.738198024604
288.819932388506
-46.1881599881155
-135.470077431819
241.988797262492
-332.484907168491
67.1891426315009
-202.481056173278
-12.8813151431685
180.348122055508
-379.620123114307
-28.4847271769277
-405.121438979288
416.810775995344
-47.4537804202436
138.984329053981
-29.5869655390079
216.726950917426
43.3734213737943
-100.425063031377
339.570323144831
-197.400251486519
18.2777517150421
-20.9612675014327
-23.300388532482
-145.9131069452
-32.9499073496628
-42.2773630124716
-18.2444032971129
167.197690823719
-251.990407667974
41.5550566304686
-298.211065229512
611.790652838694
-459.183699282266
267.035212264095
-238.467573381388
120.419319316653
269.883271115135
-158.558166349043
180.094355232974
10.1583346015433
-15.99133776058
-219.956704910095
351.001088436363
-244.225287543638
254.785909453239
268.830834995843
-33.4701344987423
225.429468078464
20.369189331885
173.179505658776
-197.61740608796
273.138695094116
-34.4960462629217
316.035579274619
-273.928787606475
180.086016339124
126.703330136858
-51.1150502104924
188.681105024001
334.471403188409
-48.6082512778765
254.576015283083
-136.795483507131
-51.0635899952251
-247.363323159312
138.722472103897
172.275521107156
-344.420569113012
165.169897159695
-411.747464956736
-68.4580558763349
-243.966953546874
126.985889804916
-652.778912119039
275.043254297323
-328.001011837221
9.83968327654355
-79.4842227544632
-157.87029995641
-133.505960766503
52.4121915360407
346.404938743655
-27.4990214411653
145.977199174277
31.4289745740187
181.404396401303
-252.000580777317
158.042129779437
-94.0572874366862
324.731826365654
-27.3734244324219
369.861176649955
-533.109531020223
212.071014631256
-263.405897215468
208.350512907882
-121.327564483633
147.540993092936
-132.898967087234
410.117755333131
-289.543784537673
221.770865536624
92.411706514496
-68.6064778305121
-427.211300576128
213.835575015997
-391.250132996159
502.643860065589
-249.990304514751
-123.618607187245
-370.824701558363
128.539184959847
-242.06413247391
194.112564973297
-435.015903338164
251.258345141497
-74.0155962725453
286.730054279919
-421.586772801502
412.92513412813
-232.155183772396
-8.17557363027498
13.0789177122384
112.073247784855
76.3785112979702
522.11092972881
341.576414660383
-20.4688248386722
-224.047858716849
631.171757096222
-418.690781987776
-55.3416041593663
108.011622663215
75.3535135330849
-243.870453689204
340.903432469212
-216.169316063339
34.7097369117124
-318.690913827742
230.639348076847
-225.415292102379
162.956556424341
-19.1741436556371
-108.658602408039
-236.411169850729
48.3883360617645
70.089690755838
134.853026741402
-0.287481409070487
71.2495793117556
6.36158305448107
187.441194097753
-211.605533157015
142.193891593685
-101.34498278601
288.234377921566
495.443070065152
195.412564224222
229.879073533856
84.3002136034673
266.354911081659
145.799145188288
218.963828090846
124.720921110408
253.322859559007
148.021782560215
263.418564550816
122.383975267645
246.511721988487
-168.295728256001
273.122064122326
-178.975566171757
83.3345821133411
-59.5101780518104
-14.0900396510066
-315.820053492466
-18.7438001663944
-311.767377438632
227.801230701353
-426.020531669129
232.503683716841
-343.851110842301
41.3266191366575
-290.691080201126
65.2826076395351
-210.258644642413
-109.180438032664
-199.627018767003
332.613853457683
-132.498302401274
173.507647715821
-148.159385549042
130.135459597564
-107.138788138106
149.157527234572
-93.8788422492103
4.68877440021926
-12.8605332643816
192.812996026504
-136.091528686793
169.753039565072
180.941783649318
-176.575374411448
-0.236368429342569
80.4044642736401
90.5642973720972
187.896017762606
-69.7111830222607
52.0389381839953
72.2997959659682
194.914358227942
-32.3941048174014
137.366130117088
158.294712229733
-91.0307138889857
-8.18693468588125
49.3936708968475
156.915088761399
60.3732577263608
143.735657270596
-49.23437331908
75.3111689815304
127.205570265013
57.8128640832279
-203.850080043698
-25.9971339359347
-206.556931606718
242.187227149501
-41.3417921950687
149.669689350767
-270.121110543743
176.171834849246
-31.2560786735175
84.9948146994591
-73.3588071762202
-51.9614049769878
-161.685384367627
195.324363549932
-1.90427558242499
-3.56018789724301
26.9205150796762
219.147947377254
32.9485215810971
-52.5661631886075
-127.740503925022
-63.5444974753043
-49.5778839474287
-228.125333037431
140.896089856777
-154.563278251204
256.071492547899
-49.5940029467418
238.58545504231
-135.814259504511
194.049076128231
-2.98086343217027
79.9222401187836
-141.732711074486
82.9732171491036
-134.66156028083
172.927440793685
154.174940151228
228.060251003394
-64.6484793511384
40.5915041880791
129.946921214362
123.456096578742
81.7902792074965
15.951672687128
214.90480019517
-198.421577108108
243.282559609888
6.59137161272461
183.860957596709
-310.033296431427
187.238141953996
48.8988763516605
83.1416438635724
316.606097070546
45.4359449104738
-89.0457062207733
-144.592575789742
-11.3819174962576
-227.131820166909
11.8550248507039
122.681070226862
4.0565856908923
-76.9640066503014
314.488571274586
-160.615930403367
88.1485200018063
138.098680350993
73.7021064453645
-5.92136602789153
152.423861397275
75.2916381420819
-35.1165458747939
15.0341834336546
6.64308086292752
124.660299213334
-146.091342126312
121.427769557212
-190.594030130159
118.487947958537
-106.648618587209
30.3378357829016
-67.4408872485349
146.216368263439
-72.8024440947308
26.0835909116844
-46.0217568475934
-220.433042947574
167.143683672978
-87.784123680369
3.41848744648556
-91.0892091456932
-10.6168945603684
-27.9267674607758
-286.688349718717
194.184003085701
-246.02257509176
159.242864505604
-87.3675867714742
141.25796889446
25.4057211419585
95.1235139117454
53.3703890510947
-191.619170004655
378.612107621135
-132.60619845944
240.914936212094
-12.1803274667609
30.8924195571202
-59.1618439717263
160.18749310641
80.7717550480157
-74.101440795433
187.143426186611
-113.37876721769
189.705466529953
-98.2644614715494
178.964005771642
-24.1116835091195
153.460322737133
119.334908097887
214.107320703163
31.9268456976109
42.2335997263807
214.05774481956
-129.588468224869
169.905835266339
-30.1669573921552
138.140437605841
-224.9120559766
16.3179665226205
-30.9938553628903
-6.04928501407078
-41.6151889094929
-43.4143335657197
183.649306278594
-50.5371701064176
-38.4438209493028
-69.3493931538394
120.451237600504
-49.2449463319526
-57.9488770021473
119.708473022368
-249.155471537405
71.8133092033574
-305.139848305658
51.9687339302084
-122.379812193618
1.97768332920877
77.0572435968981
-269.915415527118
272.134536881343
-271.800278623416
188.884525125548
-59.3194670511487
59.5426700533521
-16.8573775409568
27.9350066079348
29.6803047281626
14.3251880035193
93.3921388179529
-102.589573930086
269.098489125582
-138.517344437698
37.896720426505
46.8842210515807
26.5110661190256
166.025746550682
-187.191789952916
-2.33127598455886
-79.5888034340051
78.7018857681872
45.8298129596155
128.195561632815
115.951990386057
-11.5608207299268
237.648040434456
-114.915962738562
138.672334657926
111.524367611261
103.949525013437
-92.6912068144916
1.2713112082125
60.1965117482139
-162.602480282842
225.872623215561
-195.326558219076
177.205134435852
89.720247384903
-156.795511461153
242.347310875415
-88.5065181783748
100.238895389786
-15.0981213443709
104.990903979318
65.5022861730641
-115.829457477581
108.852659716907
-46.5839164562014
-94.315068132386
-19.1656026154121
43.6111078668609
154.655547670962
-88.9191708143168
316.139931792116
116.713717802372
126.812614101588
78.985962846624
-139.524693446533
66.3321844087109
-269.57306812614
109.828129281655
-141.361393194613
105.615485123227
-223.442091335236
-107.212569110776
77.970116102161
-169.393949409344
141.911187437637
-64.644058656304
-4.49136334934821
-6.41866090911789
-72.4294817273567
144.535182861468
-253.53031407313
66.3429168231066
-203.174836368329
-206.916964739995
13.391953188985
-310.39886020073
-76.8371347409994
-174.190976252563
-32.85122139173
-38.9170730951295
-31.3018703323943
161.439051772817
-22.2688731568491
75.7458689600531
-14.8660330745065
-133.236461522493
196.61344128019
-262.841607687256
264.507169382554
36.2140367592863
120.170780356798
142.927330627061
-116.370317195866
190.048928886036
90.2917624081589
142.347585275114
79.5302605604553
-129.254958616249
51.3280044057392
34.8954586639728
130.745444871621
-85.0332809143842
-22.6349704591651
316.826040555231
83.0641753302802
-143.502283124211
-129.053087376149
-142.195028958188
174.157641077211
-83.265904072959
128.478217273722
-93.8124766772186
-140.552108704553
165.315044908459
-194.065225848599
-82.9449403451484
-10.2871838544721
-61.3063747724306
-41.8471911996573
202.503240239539
59.1442423982294
100.183893905795
-196.624013980957
32.1586386189067
-131.217686696524
38.5227023554327
88.4828955279088
-43.4043862634097
217.620319653798
156.009519530148
205.860901989647
101.695378978661
60.327483095706
210.272695097732
-39.8396500349265
10.594190957361
-88.7751670126775
66.2211578088279
134.332242650063
-149.694646870632
117.461400429213
-9.01588805080731
-7.3496166607173
-43.2814758245511
180.194824309554
-55.8483733815806
1.75541822799163
-78.3367701364951
13.5170543699575
-70.071988653883
-33.5142432570061
155.765583545588
-34.2366200161254
71.8737125981489
136.0870097047
26.900960026459
304.41416017862
94.8602524082353
91.6604240394624
324.548779094509
123.506871749638
199.719754193133
155.249985842879
24.4061226167088
91.357504915286
-65.583118300656
122.58882375699
-56.9008363838464
34.5277558150457
211.827537772324
138.262278313805
219.578388607344
36.4643286225825
-96.1106184696822
138.145771439882
56.7315604973576
57.5061529183235
156.037715880657
40.8410051387972
154.293186366994
91.8117157757505
-37.8878916545727
75.5088145698328
68.2499567507883
76.3850002832201
-29.275277720676
49.4950344883304
404.024816552163
58.9397446554642
120.443558281038
158.54582832855
82.7292931168112
20.3228432769501
71.0636629488519
5.01281263284504
149.911487648406
-144.527773461942
-95.8991025946596
-62.0107067767315
-163.13634516664
-243.048641742861
48.2510005446079
-220.63604222144
-87.3780549197567
-176.420888992318
-163.753610747716
-167.33788463717
-373.226897143543
-275.198542102064
-7.39676823003782
-243.317812192467
-87.6977577842362
-97.7023630081184
-339.495259198114
-206.754370558628
-50.8362342452653
-64.1811475379837
1.21685070713562
-61.1072357176955
75.97906663945
95.0837448418103
90.6087534181548
152.885283780004
-81.4008683850035
-19.9200924764532
-130.294430630568
11.1893327087409
-149.900188244565
-135.563046179341
106.364604146009
38.8617041209517
67.8273583284823
-59.7900296770914
-12.1443465352696
121.472506653532
15.2392244951712
54.3874887541013
87.3815949800366
-160.673164919681
248.705143318689
209.040348519581
132.773862833112
122.115093882133
94.2112426976444
212.154160297084
96.7353984499004
233.590013986092
219.719551574721
135.719114344494
193.667210013533
213.186122458093
14.9574225767121
272.883245354175
241.105270982863
-28.4945867784961
0.544675831535585
99.1019787272145
94.9106130987854
310.299177033084
-71.4205354493797
164.689172886478
257.328610928444
-88.8516376205074
94.3800531069087
68.2112419943661
55.0601490196985
-2.31733094326243
85.9897816912078
-127.765354751712
-19.3423655439588
109.204726218107
59.334695511928
-107.266783416162
169.369373570079
132.787396638844
-40.1605672360239
-186.448383562907
221.891991076774
-46.2936254644642
34.3253148617083
26.6921192425034
-57.3197906375321
-10.166466603377
141.735067950263
-183.319915943147
-30.0449593566241
-49.0270206770643
70.6797154259403
60.788290523213
69.6462655135531
36.5180090337245
141.414185915538
-18.8901034790796
38.9564634393804
-102.297440329482
50.2092448201618
-30.7724174710632
-65.7526849682276
-41.8256534426496
-66.6132015330865
-95.8408124746778
-45.4758218923477
35.1273997338576
-86.0114567897799
-178.084373642224
-220.462546776278
-11.0088624883713
11.7656612748112
-9.46524154908549
-9.90771726374934
60.7719634321332
98.2667984139351
248.077701174329
60.394020690525
253.351645039118
313.65646127326
135.393598603291
54.9970673491095
189.594741595522
218.485097023466
213.367205966902
344.0616817734
143.75870651445
-139.356406993501
-73.0400036680606
-5.22652781043789
-111.876224523261
38.3332481976631
-160.314734265914
-40.0616692004915
-252.730799515432
-20.0294126843613
-74.2440056983727
-112.617197011983
-58.7392698479322
-206.941384132242
-33.1210541853994
223.671316808437
-228.77557198724
78.2788306944752
-39.7682283170604
-4.36813805001303
44.3317758284415
-94.160527818112
-57.3783374033151
26.0034816422461
221.799964146091
-126.984805587978
-122.131669212373
30.581988944745
-317.096761704661
-90.6599381991219
-101.652480850635
-317.393107517357
-73.3816220308196
-320.691145166422
-183.845761200073
53.0168291377644
17.0589602308048
-57.7062207320587
26.1692025846716
121.135901978311
64.2346241688325
-11.8743893566414
-45.0525175248587
28.8886613701183
34.0327279439075
356.682091110175
330.58954694196
-43.2653118050063
86.48551217211
248.772555528987
82.6850793596438
91.9883664986887
180.112165699557
90.2893872144866
87.4848125880364
296.55074690669
-46.9624694920821
294.613459509111
-10.0043572777461
0.360336562884783
63.7177596091264
-71.1540978968611
-65.9050085312703
126.788516597993
154.537069472687
60.5569544663207
-297.208937401837
298.194386959159
-86.4322300386367
-79.4493477623198
255.955178577064
144.31875100736
-3.6738413388201
118.235997634839
-4.74397979337098
65.5703291686252
91.92440818631
77.665729356449
69.5399400534419
74.198763287925
-188.44003177495
153.5313135747
-8.2309129904215
78.7482171053103
-87.0224974998201
61.6453263791981
27.900197356405
-39.211617765021
248.938278946276
150.661836444635
-43.2209132720633
-56.0803955576069
-16.2137917134244
-228.076226018756
201.433043070452
-173.340901405571
-158.273612153581
66.0795577718897
-53.4851525590992
242.223611469761
-73.2139136577772
77.8935100596701
-21.2881114853939
-60.3071790932097
198.143338859743
-240.615144016729
-50.2087828693794
-156.978677576041
98.7302709698302
-111.879959090672
68.3298229122097
215.881592362704
-32.9065934577714
135.041774588005
9.74240737908811
9.10609026490403
112.730293327587
-6.83814351374288
-9.92062053348445
123.704180946093
-207.012602225719
74.3948474393313
269.159236228354
-34.8485644000282
-64.7773746116124
124.45140076271
197.256163310107
-109.016832951865
-168.835794109422
210.977310239449
76.5196420826118
-74.5754470676927
148.079774553816
27.3988171043625
-32.334091419941
257.229344104449
202.82798008563
-111.372253591313
1.79018309448045
-112.567966081541
115.608499128905
-215.297512977251
23.3363751238147
-237.387967550805
-263.83192528241
-190.145046808889
-220.652567641305
-68.9598109920378
-234.1746330482
184.414959517784
-290.09436367866
106.632106516711
-121.304345273069
-281.789299747786
-213.29731641036
-586.865564747648
58.465319154059
-107.157481840532
-194.006313854696
-82.6912875116037
-545.970672590211
303.507553641666
-119.874475597772
70.1986981291107
-44.1075900956473
-31.2880162369346
-169.266025676866
186.825295866343
-140.947380188164
117.690205161637
124.178592455869
-148.474842675275
-20.9064432602289
-133.262548467553
-395.307166302825
-266.536241433715
-219.367185486783
-163.221417012452
-79.1095818014536
-75.41001049899
-316.912898220143
-250.827582854926
-41.848798648856
-139.448711979098
359.307447270973
76.6297413663136
87.9368214531406
113.284203038992
375.554408701959
180.256393329988
409.62839994635
262.03494715007
230.073493935675
38.7045694894881
-140.414948179714
330.231515039893
313.986230092972
249.836492954131
133.443734305775
200.646272327496
69.1469390742534
319.697969462882
187.746190695472
47.9813598734868
121.717584973309
91.4550734676309
151.463499974127
170.535334901639
-95.9107963083517
169.672923074242
163.632487058972
-115.615499042245
90.9745030458595
-91.9935657745487
-7.42685491139411
134.615762239411
-268.252221928802
170.378380681677
-251.530908454757
-58.8922283102308
214.114909068649
205.640805380819
293.054535987341
48.0340690284791
-91.4167400361975
236.778484285303
336.961843810544
101.218968076864
199.873315514444
311.528057265084
-26.5322708520766
54.8504911263881
227.706798734969
-89.4795121642398
35.4617345487203
86.2264522181845
161.472718439329
16.3155321489046
9.54305613768217
216.275913379569
121.672114537163
-104.139367993782
37.9063353301609
159.983799669548
-123.626903719129
-117.489019584128
-38.0208174600027
-180.370492436166
-209.302592139659
-123.248569112098
-74.6878805937868
105.981824130013
-201.693491706287
-29.7831534163698
-115.586397731107
-68.3447451961422
129.747307498871
-63.3180795292416
-128.122285586697
-13.3755400710607
-211.778891211757
18.8180414148355
-52.122623268569
-93.094807914593
-133.729094013744
-209.183518856659
-114.057683057237
206.502038229513
-158.661963854443
-87.9203708653506
44.1502620300401
-95.0720762255334
-37.2163486266371
-120.013597098423
93.0379042790255
156.846895007872
44.7859443482578
147.863999261282
185.430538983322
264.467299457426
144.521421509288
66.1801200548471
106.279913662122
97.5219046793541
-182.118987848644
-5.65674439585404
-192.986748937307
-230.430377530631
-100.612014846037
-329.476105116729
-176.174701720687
28.0330322226873
-269.061103640381
-118.275517588385
-256.782877033065
138.687157698839
-115.388754320669
-115.549800941075
213.7342774379
13.7597289009406
227.105915175426
91.183061282994
-48.4044537858006
124.569632260501
145.660495653036
20.25919591059
106.229603191154
3.8028552138401
251.728386515524
169.844461098239
125.216608810743
338.354151273411
0.997006502710093
351.171409530992
347.797435316058
92.2312382736903
318.977401108447
262.276664746485
431.013603475568
239.773159813222
129.205738729552
421.169148456433
77.4276256190122
-144.849994052282
74.3642674107593
-128.939248681328
31.3847446867304
-57.9297027156676
-266.648833065379
-364.635667933477
-650.834829349294
-496.787289984385
-615.191573531764
-869.855563623329
-677.987443197484
-554.517459253386
-154.242984192241
-191.904076687683
-131.743551399297
-2.94015991180237
-186.762799624533
98.629211984079
30.2941605813128
15.7904559540803
128.596827091002
210.391301310133
531.324666064535
534.543830304712
277.82744152767
649.278982374613
142.549714106842
270.015072435878
-41.9269844390117
-157.295608624264
-173.534953769853
-384.870294160566
-98.1492309550616
-158.2161773653
-177.75465016167
-36.3350333987927
-202.438044176531
-37.277213460674
-216.933116724915
108.0981219037
329.231122455893
82.7935601249448
217.515007187526
197.00265452883
407.954321166637
361.114771957883
47.308504162428
220.722372055056
-4.00691403163063
156.526850184115
49.5782661899887
197.672521555
238.443370549156
-50.5563400362671
81.4889058703576
170.09184790934
142.484800505039
241.297868108923
-111.184475229883
-22.5433080277402
-28.3512517814269
-103.109789588535
138.274636078307
-44.6518966574702
-1.47219275744912
-20.4399727762651
-182.192468577171
31.7803069667341
-274.128402149022
210.470073450997
-141.812344930119
56.1698705178368
177.270975222498
-159.040759596568
175.907893486296
50.3498942178333
363.66473006286
-41.4471032326445
80.2201497801151
118.885837143065
9.06432580801859
244.939676777341
-27.5342237085354
69.826183952032
20.7728219203339
203.138118141231
-133.458004507959
-42.6470405734646
147.667726204008
-149.752752723446
-213.839025170896
65.4069954849428
-127.514956558288
77.7792203298935
15.9321687334074
-241.350395999419
129.354335615911
-353.710273336538
-19.1258676686556
-167.549839629822
141.865518319122
86.8705112261868
-295.978591264877
77.5094504478934
-246.012482449335
102.506459738659
-84.0231254498323
-10.025987260019
181.337980025904
-148.151640667726
121.962763151807
-311.961450211333
121.171628386594
-0.721904868191238
-265.125867844661
110.324617278634
-150.25177836323
52.05476683524
-111.899292571064
166.163798133302
123.478562301588
15.3874475511939
154.493282376261
-94.5357349499598
177.743381868549
25.2385559318594
30.5376514939736
220.92917597103
-117.388318697417
301.912357485882
-143.368269329462
49.9258165588247
-31.9626056737999
160.597810497799
109.646588039902
58.3852267581516
298.931955387028
-208.971396573515
344.355909370441
152.490441817124
-23.1157747529814
95.4620595941523
70.329736723096
265.600419062163
15.5022267047065
86.3648169707499
171.457126723533
138.660272166022
178.29039953838
69.214856040306
135.038082560297
99.5349219845041
101.035224975035
172.201017261155
49.4741590085384
65.6060259931463
-14.8203003574605
155.562632827957
20.6575998573756
-208.297395902823
-92.1853355491445
-73.9163761368898
-237.817566922006
-255.865110034018
-324.711079040479
-123.548995125793
-346.638813485804
-248.787806363347
-344.797178700866
-295.428002669649
-156.666791595924
-224.359457923595
-41.9123095926687
-247.26340170234
138.26665408726
-285.218111722107
-97.6484915480309
46.7964800326687
-210.98005966186
-36.5815137772328
-126.436468017775
-48.1191381231357
-282.100344787145
172.489766505979
151.180261102747
-259.848074010996
364.334715099222
133.050015795857
222.44486309434
149.660782447601
407.683650502368
193.056284740324
46.3475915998453
657.764681735787
17.3129804453941
464.364194082095
-144.913616023528
137.648092971232
175.125264082852
-155.080530195275
295.964079926493
-199.144697320012
228.911470147317
158.093683768991
-167.489480405152
-21.2022229715275
-257.377925118338
157.238705481573
99.7510862750111
212.585977794078
96.2790046190971
124.291398183669
173.840841145209
-30.0068209300176
134.37047409036
-140.70222134837
244.183266317208
-54.805057346898
-118.545259478861
261.550243541537
8.96749921844622
28.5606089088666
-134.015808406734
188.615079396162
31.7716846019724
-58.5918685244439
172.149731621695
-48.7426564377244
164.099508418879
-108.047340452626
341.299401926928
-42.9682804441467
-184.341840795494
-1.73673256340837
-51.7205519932319
155.833747597233
-38.8338089820413
118.98691834194
11.4047752426347
-98.6658601348327
-61.671151081
-69.9822660437216
-45.8279801361877
-187.803007109543
49.8728609405981
-58.6841521780422
23.4164062918496
198.714834725513
-36.2505353965011
160.028227656509
-3.24733077830305
264.239087528105
34.2649406579791
2.33854298034537
106.387625744618
-164.154799231426
206.317716408057
-66.6871500325482
72.0715942735609
210.457927893036
-97.2759381057474
196.440675567282
55.8530257135264
21.4374425459044
7.96307801459829
47.9753652195382
226.509691659061
50.8573041386005
-54.5318968326632
-175.910925536385
96.0410633355041
15.1658401845523
-3.1803965841872
-125.124023110734
-63.3878998452161
91.8807068171951
-109.32638099979
63.7657465290058
-102.6855223465
-7.11115574404077
136.42795049974
-162.464143322735
181.688714136101
-148.137847748271
24.6820398623182
83.9232971691621
-26.4896319402554
128.99480067159
245.109092733243
67.9989286681701
-18.4135496732954
-12.2674132813042
94.8183859195871
-2.36047228682405
217.027882669286
-4.17243841702751
74.6722006822108
110.787460121847
75.2704366804077
223.574728515911
-62.8515838148433
272.902759660967
-90.0335573820201
91.2684639109616
109.661000918804
-68.0953168924971
176.642893754564
175.370103879341
-92.6093377872289
57.0283708792474
222.289587614879
117.318286737758
-39.8392266809619
187.354795538906
-195.018601946184
-170.452414292584
19.7329796919682
-257.285948656852
64.8979949382917
-260.185943813428
-78.1118558800686
-144.786354194412
-464.172613825536
-17.4871174225688
30.3390487444101
-79.0629713412153
-282.705098791733
-135.51308872132
-421.567180698648
0.499241433026484
-33.4138545436698
-284.555709351273
-165.354917447167
-35.2064305523491
2.48309885547272
-30.2081696180104
-196.937029782013
-7.17749424480636
-64.838202636742
-235.692325421741
112.981000648039
-48.7692820615834
40.8324870724686
-12.111394918105
91.9316700469353
202.90353916428
106.18714413061
123.065964227604
146.418767661262
212.04887418893
234.647578344235
176.91565843823
380.135483336898
25.4902067930434
274.477548490591
298.210256329261
270.104707255983
261.980352852714
157.101623336463
153.134561745706
-131.519413183193
