171.989242360981
20.695928501476
-45.7949667644429
-3.12312824297874
-76.1457898008724
-15.9516224549915
-108.26854601117
11.7526526476878
-62.4569027176754
58.116953325778
21.8337714411179
-4.15061753468195
-50.3236776944371
50.7069822505236
-74.3971801223345
-61.7789626323362
41.7632725742356
130.817716176375
51.4196692204776
-25.5181588728024
-14.4440550981857
41.6851392869607
-159.300786165109
51.6437862839193
-67.3595686252607
67.4387084585504
-223.052913273679
1.20281534779117
130.953452376682
21.901853383428
-103.045081194682
114.7023294211
2.34944869622949
-23.9869642554886
-5.12994934385942
144.148260424792
-82.4733569388008
-218.740950917788
25.2717732422758
104.834117392122
-95.1408632413983
137.091721404813
-110.691998588442
-65.4104651689033
-135.97340929541
14.4871425045432
129.749535511884
-223.382638029759
113.761950224801
149.677885782286
-43.7811680844974
23.7461983789325
-45.1840452770437
168.073359701563
-111.623653175832
90.9193436045674
-116.862240768842
92.7192823510697
-83.4682350737151
115.841745015594
-56.446152991458
80.1414597019871
-89.8323240525536
130.434585822219
-79.9709581448132
11.7156701610911
-128.118115875917
4.86628139360236
34.0637617509635
69.2411741164143
23.5893954926196
171.112188092579
-131.969169699898
92.0634788043125
-60.1512866035399
56.6451127455228
19.1722764343716
96.5457261620852
182.222244527684
-131.135525713476
-99.6959487509795
-31.7762577592099
-86.8972961984239
-123.931804148617
-63.0273790464782
-19.2236927458587
-154.22622131105
4.57434985162978
-1.46219937615225
-30.1898066638826
-94.8007670788151
-109.998904123298
-54.1992799707632
-138.221173667272
-25.6392515618698
18.0386456022429
-168.705658474841
-164.263764711223
-2.1429646788346
-60.2288444488825
-157.308877043732
-136.077009615575
39.2756031138113
-4.16529415906091
27.9106853255777
-86.2283108350639
94.1195411947114
-48.4578459460196
89.6819242569888
97.2241881055873
-173.153171356597
-63.7904024810343
11.4915254521246
-42.7666433389686
-138.546487661591
-55.6818510708767
-191.735597640753
-41.3274217559323
-77.0058976751521
-5.41407405362878
11.8628495562843
84.1511862685349
12.6342613052361
91.2594259632432
53.8028360817808
-83.892894086698
-173.482234452299
59.6254484545927
-100.199883398435
105.92532822416
40.084225167771
11.4431629564423
-41.8700788304774
27.1799566947352
-14.9908481083677
20.0505828565337
27.4645803940393
8.85705104598636
105.272106646318
-51.5876302866792
-52.6866908589581
-84.9418699960334
-104.528305257609
-58.2380460039416
8.6923753183206
-112.447247707876
-273.056643714685
-151.929220849734
29.9231288864356
-97.5382738111454
-88.8562942142344
26.0880308227496
-22.9260053721056
-70.5974891586265
-67.7812802565433
-23.6624422634753
-169.980195796376
-201.785802542242
86.8230961979927
-110.511395841967
-64.3305845563822
-1.0686715059057
-133.285229123152
14.9179775643644
-2.10301463319253
-58.3467138158861
26.8690357986721
109.220180890307
105.077768586752
75.2126369346425
-113.015455373146
66.6692954949523
-21.4085537746037
22.9457943833853
55.3382138027686
-39.4698302886714
-210.393425300448
84.0339136404564
-97.9081386148808
157.872984189306
-70.9456763126643
41.5236299961669
43.9431290169306
36.2675862390594
-116.693365079513
57.4240366440474
-84.1638945917814
42.9767211231712
-61.3585782311137
169.761795394378
-25.6578256585941
169.455126575609
-10.8148814053706
22.7878728043558
-58.831636105446
-0.139624948705162
70.9368126257318
40.0065508311383
42.8469612322165
-33.1334567301288
73.9445726845563
-119.31276323564
5.24297005794522
-43.3299478357999
-42.954495548038
-319.458269061779
121.412126929125
64.154659914656
170.795210377771
-30.1404947943719
-114.592436942062
-116.97074313808
87.916881618797
-78.5784273419017
204.514189046741
-140.466375664734
-21.3360696246038
-0.625227865786373
178.679224124438
-51.8665223092803
55.7575142108544
-104.870135540944
110.497095092262
-39.6284752851481
248.199799028191
-96.5000994808441
17.9994189431524
171.627291447623
223.600133436864
-89.4025106743558
-152.610595842723
58.7445625805599
-101.866283719605
186.958792437186
-9.4723971914094
40.0975687053391
-233.427590085509
-122.232999775369
-137.102478863534
48.3286865082863
-9.92370513235134
79.3549391443856
-116.27343337864
29.9408236341433
-135.096144706997
2.19298404630819
-166.067258147398
80.9918163161055
-70.9833336642119
43.4299927583476
-91.9028599145596
129.804278165986
-140.043585618471
52.3433568400547
-119.207145613578
118.16784625729
22.0671437031064
6.14949719343554
207.643501034843
-43.9824631171332
77.3618667973917
-25.0549077137319
38.9683634098189
-130.900829094048
187.858581315512
-22.1129851310542
-77.6575486064488
-62.8214117869699
151.812733105217
-68.2292063785589
22.296280086665
-301.299189470183
224.243568735851
-24.8600607435248
206.150948165636
-27.667673926314
-21.394818157385
-78.2528169667768
252.827172145907
-95.5997034362544
86.557794316614
-153.925141456529
97.9661801202599
-47.3941997944336
142.727529477582
38.8922872947428
-17.0166099559112
39.7882137335298
103.946857336081
-70.8499164339513
-172.957635840301
-159.131907331837
-151.495534159256
-132.774713436008
-53.3722381892967
-37.2285262507639
-159.79266639914
-25.6924528798368
16.0970775390578
-110.951974057985
-99.9721313901287
-84.802457009268
-35.3929075237571
-152.500825209662
-59.3319083826073
-29.8129952782745
-254.811500950947
-40.2730544571095
168.472287570135
-190.066373308864
-78.9476391290325
-131.423438449431
-47.2047216105324
-228.404448837696
-118.907903813555
-111.729508410288
14.3710347771809
197.885914768236
231.724639800771
69.9878168497809
-13.2326646590437
153.965661467333
-1.29713599125718
31.7405320207256
38.4315015083983
-16.2439256030149
-252.976143504304
89.439061293963
-31.9387258311998
-72.9177015654127
12.8174059235714
-16.1670036288456
-24.4671458658608
95.2653409159805
-77.5030038399915
4.51233123222151
-131.724305065894
-114.010212139926
-0.384574473274025
-25.8162743350125
-5.3798002437871
112.235257391736
-107.849631115591
83.0674903629507
28.7265813851884
45.9078265875465
126.498880422463
99.9677888110443
61.771319504687
207.764651273534
16.8113221332595
-1.44230103260768
-25.2876002571643
-96.8335024946142
-27.6072207525918
-0.17989603043236
-170.80544910357
102.455773029724
1.93755402248116
56.7104976314442
-114.252616672338
-56.3404482871783
-10.3191543805312
15.7048741933378
-59.6309533800868
68.8612219281042
-119.164919447243
183.928313439008
60.642716424536
238.759704674796
-81.9314719228518
32.820225806602
113.721634023495
75.4425969662376
69.7056230078965
-35.9590420617524
84.644152772038
96.1917948192946
149.930840455141
33.4669022379682
-120.326668667909
4.02913341016172
-122.226126970347
7.22733202682884
-1.70406444115639
23.3150634020742
-261.546164159955
28.114977161528
-45.9531156775843
0.680343587658285
-58.9072774363555
-22.7677434090815
-9.79498662778094
86.313432697724
-86.9058307515702
-33.0711825001272
-78.0850093798091
-26.1358492014167
-159.073918773387
30.2981358517983
-20.8630325745918
-176.100088770164
-82.347841717806
-107.20999588198
-31.7900367997987
143.730581175624
4.25883677063933
47.1560088743774
106.035130593347
45.7434821973179
30.6746859689532
-12.0318101513818
154.530929379088
-21.3754737226706
45.6870681990484
6.43716509332342
15.5061836526224
96.5992816535509
82.7453745982662
28.243601508648
154.186200069733
2.45451819997797
41.342665243347
40.7845719508467
79.5308704970189
70.8430537886084
52.060934330625
-58.2788225841391
103.85479171935
64.3661940748872
-14.5838950885032
150.557087972991
118.539658504335
105.871622338606
194.230482730474
97.1128552314789
-1.28747189752922
18.9179852361088
-11.360742747703
-1.52352761597168
3.08831733600404
-85.1111211311999
-0.180514806801327
3.1484454983457
-167.838969448744
4.32986955569276
-56.3039514676164
-119.181663387478
-7.06237633187428
7.44968775610837
-45.6165263701707
-134.909757870849
-42.2958811554429
-4.17521716415256
-56.4669275243334
-130.100691047119
-127.871913701574
-73.1946818382259
-120.626626462238
-2.61252379675748
27.1039415674542
-96.4499145262743
-43.0031241930742
-58.5888560523564
-74.1332389774034
-44.2893042566747
45.5068013603335
103.480216319216
52.4149118062822
-49.260770124075
-56.0702874844944
-171.309421334603
-97.5555748244253
-20.2953120719347
-36.7701224643327
-73.4608426449797
-188.362154245644
-4.73714858526394
-94.5794387147504
-46.3316312651216
-64.8268853222256
-142.076996088251
-92.6855472396802
-17.1075711776233
-186.095527196888
-91.2928134147451
-190.684475998513
-157.015736970465
-133.922176935413
-106.385281461009
-130.423406543286
44.4463953234954
-31.8321161390612
-82.3782636956342
-59.1880931641509
-222.212351977883
-22.2124438678824
62.9154998307662
242.488810048501
-159.247831547144
150.017158794572
-103.936398338851
121.202695645393
-134.638852858941
122.363714304005
-140.136506472216
43.6696282230524
-80.4919894619688
142.212609389272
-121.071973274023
174.06006403106
-45.5788788315572
44.0743940417176
-10.536447345839
219.692472016245
-145.454155835137
-79.7327529876578
39.1695994511763
120.667710130282
-146.28892371003
193.834873575135
-28.9004369581772
30.1586851790968
-39.7850892108661
61.4872929158875
-133.412044539426
21.74018511436
93.2144323372981
97.9824809139127
-34.502209923023
118.266684264652
-76.3925331707146
67.6214639165941
-599.536532239128
969.733204591239
-755.658726627623
226.503503688994
-92.0842457594485
270.275562614995
124.741458666246
-18.3597115088593
-320.081804929876
218.527718653731
-1.1915065015757
50.8359016015407
-93.8011492831081
207.801448101806
-136.602749865038
23.6749410107371
-69.4550156105125
121.928493929919
-206.876927203296
194.365750085529
-51.2602204031782
-149.031444041533
27.8224800433792
77.8620717657158
-48.5560534363715
145.013347973297
-7.19655378067024
-156.056760266932
-41.9644454907895
92.4330747602037
-105.099392492395
-73.5780743463052
-19.4218252858024
-169.507432365412
-68.6523675924719
4.08256346416405
-30.5858619014491
-56.2331709473201
-53.4289201950378
-36.5454535854496
-63.5448367391383
0.919692637232039
27.6079702025155
-224.983448123669
-3.72650945861924
-27.9857772681079
-136.697541476403
47.7633534960282
48.7576573613609
-21.8592275785027
-17.712763709341
-12.1074049917042
-93.3535703517441
-37.0991612604023
158.97778437465
93.9724007017846
-104.772849583588
97.6764103645485
-80.2729103027886
37.7159275768252
-39.0391039819893
185.078474948081
-183.471385728567
-1.74340391825385
-64.1558019640983
11.0560328362225
-161.675032279633
221.161520564153
-182.210534800327
38.7662062819992
-25.5238644577907
63.3082449370734
-173.219647005653
44.9323247700005
-37.714765088427
84.1071228587589
-4.19341647392109
158.635034712931
-99.0532820651321
-88.3584513809855
-109.635110822093
127.842041166298
-130.683650428011
55.8180154041238
-21.2948142448164
-128.597735896342
107.626990246767
-44.0338927236029
113.591952156438
19.4939783970436
-82.9858816701728
-79.9077098861582
119.910006949724
67.3634008415679
-5.29056144766565
-86.9371078023465
137.504555965188
-150.821175580641
67.3126191206916
57.366043976756
-66.0753450558604
-59.7890364138039
195.389775128491
-118.959525432752
-142.017284299891
-69.4070747294241
86.5781215915065
-231.47488752253
128.499203964068
76.1184555188888
96.160947179124
-80.4165780658903
91.0996255812551
40.538568581337
72.5818574180323
92.5079971197153
-33.1898708274832
41.1387648902775
-5.29305538184412
158.330707624583
-81.345455502108
-56.3809038613313
-87.576681856736
24.0944078193157
18.0453562942221
-49.832031074023
-191.199299169739
72.5196208438689
-7.90404499993445
127.853905780407
-194.781930619268
78.0872993777357
-135.678297046725
100.207906257839
-22.296141378928
47.2226059820179
-209.726089123447
128.664606252675
-20.3802543373437
164.585126425423
-44.4821301316428
8.97065042226826
-209.010344957239
88.5285931901708
19.0037159870449
160.12277736724
153.907131406558
-107.651199805701
85.7923357637854
-130.818715622519
-5.46763926977563
-148.626370441356
153.028119814673
-139.81013914949
70.5577317697881
-184.33896114084
89.8078166513952
24.0541116043706
63.0887424857259
-111.899935911186
169.32338617461
-25.7584758573473
-1.57218310080708
-41.3653824308989
27.4342982470679
-44.5565087632603
4.18474982056158
-162.099336822843
13.6479699210035
-37.7173228636515
131.681377634648
-36.9542621128786
-18.8762627908739
-52.0465603928277
94.8161491813996
84.0034662228804
-121.75864071215
0.141337046930879
-79.8840149611594
-69.373615311353
-97.3103146979051
-21.4456995988531
-78.7155696112943
-116.217899750727
-104.045725779377
-244.113416928841
-225.75586857814
53.795736785501
105.268483415121
-173.482526277636
-133.476569814082
-95.8629101658495
-187.945916307745
-87.5858009415722
46.7768893065634
5.66781523101429
-44.5366352945959
-8.24909426021679
-16.2221081253062
83.2324953223405
-90.467577430498
5.24478818308935
-27.8887710586416
-87.8791458462736
33.0357576872409
186.49443484718
-51.8644551061596
-118.165030486892
42.8917469027684
22.9755211823652
-98.801565920427
20.1395882259933
-138.889469807311
-279.799791972564
-50.5629446373779
13.7065498936676
-160.233235749293
-120.517371050947
-22.5690450012014
-163.940428354161
-41.2446586264017
68.8350087517486
-60.6204090894622
34.14608499355
-63.2934858977042
-17.6964393009313
-124.345878100962
-9.04795217940272
-147.331907504221
-123.798229789286
-59.1549567315615
-63.7369979005627
-107.681865485441
-19.8090474500061
84.6685561927753
120.205664204191
-231.472638928028
8.36567307220066
-30.1807649598247
-182.523051596815
-0.650964923614743
6.1379103720211
-107.659770686061
-109.615956080583
-55.6246306393492
-107.793067212637
-103.350583258415
-72.8561555901496
-240.103629272968
18.3636654417383
9.86390610170727
-124.833678221096
-84.8747401282519
-220.486327581317
-95.1463547889684
-44.5124178729239
84.0205759402918
-32.2433859831979
-86.9028166108947
-2.99771251022925
-19.2440101563216
-121.217499597749
-13.8080096778934
-20.9698456391556
-26.78472278785
33.6758741387902
-116.73116443509
-211.023815601389
-66.3745071104044
78.6574405293503
-86.0977602679727
-84.8914952170655
-92.2844950645095
-171.04992797333
-35.9020784552039
-117.240360907332
-26.8736538941162
-17.6229392562737
-43.697877437539
-115.073527978177
-27.7754772779461
-41.4316354467816
-138.628550608456
-146.394894009343
-102.862278282365
-48.6503857877643
-52.9859734394205
-5.71612356031476
-148.43583303022
-37.4238134356741
60.0621132545487
-132.989441579281
-43.3943870913132
97.0892307967545
35.5304909735726
-131.50713047977
19.1724904761086
-199.10034012304
-88.5116104641946
21.3997468469275
-136.121952505008
-34.6797457232169
8.27941679820706
-284.419926940604
-27.8996305908557
18.871706702925
-52.4767020573766
-100.601424756039
-118.503148357049
6.06818729250271
-86.694773094942
-48.9394296267583
-112.05668854499
-74.3053474969773
-48.7250303317286
-78.4826570615533
-104.55149537595
-121.528282272497
-139.33376032212
-88.8918331460749
-83.1208639250149
-41.7513133227922
-191.760482372128
68.2910567108488
229.768367656575
122.854551395554
92.6506080098516
100.381987111526
118.436413260677
49.2585742810614
176.895520727904
213.855439757685
197.958324002841
22.1014879643348
161.25722685109
136.056641007912
60.086040647655
35.5860526245758
203.976796465889
124.2530483417
191.662259117266
55.3684787757619
161.660147791178
134.631983845036
183.302450147844
24.7761767717536
198.393367085472
107.923881145216
134.669838072622
14.261378717563
131.596194691018
241.528234831852
58.2843180192001
-206.816914253961
-89.4881537297507
146.996939477353
-190.078792208944
67.0854527341451
24.8016888545711
204.311832496462
-78.0893064185173
16.8625554627355
-30.1857153074649
-54.7436000197037
-187.26498677906
175.663858549327
-9.34950718402355
245.962528959055
-36.2808649658645
204.691384868856
86.0049513230376
100.878182483405
-125.767867664355
60.3132457433042
-14.0647142714372
97.953839681311
-78.3569654107042
181.266611200257
-70.3660048809397
32.6257853665424
28.8248438059915
143.304898658394
0.536364904433164
-74.6622132280368
6.78291193115165
193.764907873084
-87.1365119076878
42.2902345577653
-133.988285899059
75.2274595533613
-176.759792325496
92.0210766340511
-20.3120516870777
8.13606673669816
-61.6631606824559
179.569991983819
-70.698496981302
123.515753554521
66.5365091004193
60.4649964061535
-66.2814027727479
212.280974120335
-163.275694637372
69.1236517907934
-206.678055652175
47.7231727288709
-9.50532736572161
9.21715255263542
-105.997140454944
95.2428744817528
-149.158366112424
96.8724463631834
-26.6416267296618
-15.8739075806204
52.843181404238
-9.89000909269438
-89.1922987789272
104.026844009776
-169.357513727662
179.169643809632
-136.292928958366
60.9974562006649
19.5198909244519
3.14647069536193
-184.161949263788
76.6708941479155
-66.8892204320136
84.788883092646
-114.95211701149
192.757685077266
-119.510630682875
52.4334489781183
-2.4009107623484
-5.46080664231729
-151.311548466784
96.3450496218747
-79.7627527053639
-23.859381566211
-213.819380493111
-24.1105408157068
-321.831964518244
194.98332365494
-86.9236514252022
176.376531574431
45.877263021042
192.548559714597
197.663822388654
-187.352998584337
-207.076777790436
-215.654415757753
-313.752205045536
-219.203730050329
-128.07806624445
-30.3128297272349
100.172413104987
168.927695134565
-50.6435690312795
-102.637783317067
-26.9901726209325
-311.476096467272
-14.9441216393335
-137.937965585592
-53.2565287040045
-8.14405578353341
226.788292700825
229.417678456625
12.9484797564227
-314.633838469778
-150.922705009321
-359.334976812496
-24.1453599303352
-20.5833524548401
179.548672067191
162.893956004826
192.924607181749
-8.06051383194055
-138.349348402104
-127.438268549824
-218.751619701928
67.8779684792045
44.5452882469959
199.553591923991
-38.2377800105842
-218.145610374577
-296.266942467042
-44.5539509976665
-133.626666199197
170.770360775303
82.5438240542365
86.9777569228102
39.7707472403603
-266.571865650817
-115.341940101172
-8.04774006357425
78.6213765569217
157.745870293739
84.0363504450811
181.408171564846
-257.940955099179
-265.030371177237
-46.6240804055725
192.030449530955
62.2418682374133
175.760113753064
-178.0134218052
-50.6338113252255
29.9095373858001
99.454322713683
25.3429894540815
272.649014063853
-85.5238372003774
137.51267088098
-172.303187720389
-131.947301524968
-167.984948815271
263.786964580188
3.81619165126531
-5.2404217161183
-26.5941609470316
106.33791448391
-131.421814297211
56.7458763468653
23.8166902863438
123.718582837122
-104.734629926428
165.988462210157
-6.16434527484461
28.3233421099001
-8.62204548935451
112.09484319162
0.710610112027176
-189.575162675832
-192.665574251573
44.3838678250373
221.085075390846
355.022438308453
90.8296680865538
-73.2197369910171
78.7917983386419
-170.857676197826
102.5767214371
-263.046166227416
19.3744415127003
-163.856226574821
183.251087999077
-104.835653071207
40.8054796410536
-87.1485958922335
63.8576046742236
-94.1285183900678
74.3790386128076
-197.363690331395
177.384318614065
-33.1603297512695
135.077270341302
34.3094528775738
122.795565102134
-15.5667754933845
133.190004130869
-103.123798361724
326.879502214531
-110.752108333301
300.926128074714
260.809654847315
43.2916043361815
178.030912685007
-141.441040775652
73.5753845303022
-346.719314171587
14.7374314348592
91.9779474421415
198.664469710289
-41.7239692794789
-50.2033609714802
-52.8876972249315
136.866422449817
-24.9257238973909
14.7864522098282
-325.852618836606
153.761667702824
-39.5684422144605
207.40326792652
-14.0473838072864
-128.434190376447
-15.5750021529813
156.824883046735
-245.75719574534
349.740163017938
-68.2621620852798
48.1733659079568
-47.076206709834
176.93700745074
-47.5564472973736
-64.5471821406465
63.9134232401522
-21.3841021910673
72.2398335021526
221.360880431517
131.941500217217
58.4417094599052
0.67522238992078
39.0927735929416
-69.1476259969098
9.63987126746826
86.8924323554368
49.4849540540025
8.74946382738008
82.1002635292023
91.9982055701905
-71.1042111961967
203.46333723127
151.057279026168
42.8802932775961
-81.1199979375029
111.37825983946
132.043451655537
25.9046253004625
356.769013512751
313.814316180362
80.760379617122
127.127491123157
59.2294196185737
167.625250325939
182.474795556777
-23.3056634690832
284.721555406513
-283.57010700056
25.1848715616306
109.222896656243
-208.427043941788
332.957098837772
145.364037838247
234.226166199656
-466.968378280497
-370.641024560761
747.38411268195
116.141179033831
-62.4189802239038
-248.130712442422
-43.571266188125
-257.927819645066
99.0207111767919
217.192474692035
103.225793362996
-172.100946577817
51.6103280369064
-221.266381884694
84.948393943235
-101.364630519498
143.369965367724
-99.2716857544717
-21.124416925736
-49.6692359249575
-90.5268479695535
132.362465774236
211.573488319335
67.0809099597126
-265.162766463265
38.2714420796867
290.671167635761
139.243524233615
92.1881738703176
63.3552429720984
-105.07215293182
-165.006313194364
-15.4572589246728
274.623528731847
54.3198123924242
-3.91834912408214
110.915912584805
-20.7450085533593
-58.761965903816
54.3944081215987
168.214789517895
255.749368164815
100.58814614555
103.088268001192
277.864814542944
355.736637836853
80.3003041621782
-24.8189558036447
-63.7904004538899
141.656787558327
-18.8575258354532
11.6299077741023
222.942767829677
-23.287624017063
80.0895074509742
-451.575236502822
125.755815962311
95.5650032199763
219.197715031893
-88.2604380353688
-145.589785170802
-82.2101670844114
-174.073847606166
-299.182284592904
309.683433969906
112.995253214519
-67.8479539988475
-143.488655118982
133.763320221157
-2.13921723002412
4.08413410365442
-285.613873663748
-18.9978954891458
-15.3425933150767
95.2308169782295
-19.6785324869452
234.669260786614
-189.197372344332
74.8061089664859
-85.4205749089459
45.0479790551491
63.1226582410115
-182.311469279615
-11.4295822269937
56.7282244143609
323.480303430826
240.853690503487
116.908870881945
227.311465883564
256.718734470828
-133.040709894236
73.0055358454267
-102.198966644425
111.705672165167
80.4333502288909
113.943261919942
171.23803657584
110.720185835524
60.6189117412852
-68.2979905570856
-52.5113740747351
247.685440255144
68.4255203045416
11.1249626581362
113.117594521395
184.848140566952
225.126546566776
45.9331520616676
80.102331601626
96.8170633281513
112.946631238534
262.907065342875
-27.4335652162852
-211.829234513832
165.143567909645
39.4312177410913
263.9627098541
-80.4969371519165
95.4515629250167
-7.3240421912098
-100.483533455581
-40.3420974753516
-169.949518469821
-304.220403219134
218.290448371499
39.8133499925284
162.983754786892
-122.857869982162
85.0564423354291
-38.3792539248599
-200.292671044483
36.6378279747338
37.114705393824
41.9153924276404
185.593694728832
-66.3184148784308
-13.4018487407693
-143.944166749267
33.1369106457406
44.0014275913206
236.156160757982
264.821623440942
-51.1954425568146
-345.49833484361
-194.115035633151
-148.34991573749
71.2954877370872
310.035881838502
-163.911062524858
-238.555959143223
-323.242678107523
-419.644532289047
4.87136672429207
-34.5510996847787
98.6456638798845
107.073943843762
-102.465395432136
216.575710912275
-18.4093454149885
-355.694736720133
-274.58409163343
-191.865186751888
-133.248008460248
-53.1635091951491
-27.2452677108006
-41.7953922236797
274.769517855243
-140.976218706706
-39.6023657169746
74.3456186222479
114.116065335786
190.125599300736
155.607923281791
-97.5009453858921
-277.237278511498
-37.3624491529618
-361.53741378309
-272.875768825776
-136.787949234004
-246.866772309455
-140.814934947091
-188.605729409784
-301.53265491449
250.172545871717
-240.610339269072
-53.4763637339782
123.837953143272
-10.5473432537906
87.1326530335903
313.116620996757
-155.75349379249
490.215773101669
274.034257932274
-21.9862511782498
482.100473481826
164.607917157078
-112.199062331803
500.376886434927
-75.2650572551938
-89.0001123648954
226.729566660661
-157.498831520273
21.1898053129456
127.915202640709
-401.331818486276
58.7874962657037
-133.567072127533
-223.868910459765
-143.654583991161
13.6416138293216
-555.881100496718
60.5798091893907
-97.0194053059168
-259.219174028816
-48.5720875652508
-39.6922676775897
-88.5052711751078
217.637203452289
-3.97570965578763
415.034561821567
228.283844498224
416.012617774604
239.764579000714
225.101640575796
167.408801288595
273.971313071544
35.1700437155019
86.0453775074615
0.10983593780216
178.417921947443
-164.106631290218
23.0270321662271
277.69887219719
-162.145730441821
-145.497839129146
147.473217482748
-30.8606578613546
-62.7162906055165
119.029823006763
88.811323941949
-200.77476973031
10.7484240568428
249.377370066334
44.8727773432225
173.265147539844
49.1456235592748
-4.43426511614067
8.59334287151595
79.4490022920582
-131.118524386541
62.1792676721159
12.9271760459641
-42.7551089480261
0.0436266091734865
84.3803908037286
-125.044929067657
-68.8321471979493
48.6375185724684
-132.357675506928
-189.953669095486
45.8813358890749
-158.777044856012
-94.2808958291407
-143.022456287539
-78.789197625392
-359.117415372194
-10.630917326326
68.9594759688727
-190.950551534558
-271.645548376754
-78.3062808485395
1.13986223443417
-160.791752414714
54.8568313634334
111.330694673991
23.3023848553346
11.8990283256471
-6.44154409177989
23.9826683157142
-31.833856100809
91.8835282635905
1.27942587480866
-128.702578377648
-237.256286440312
-8.90562093261644
-54.0160590550949
-92.947578092079
-94.5769714814998
90.7212554813114
24.1083676166491
-189.32748996759
-153.820848607553
229.769705281803
-102.446901821384
-363.765915164071
199.821959889513
306.884167033223
-139.033333129471
66.6288809945763
344.40409530097
-171.796724522564
105.028191842659
330.02338079479
-49.5283041761469
84.815548610308
353.467588180125
-55.8181680318547
-130.494833355227
392.526422432553
-85.1326780772473
-53.1324325895665
420.072036333519
12.3172141550758
-95.5468903221059
506.773039307765
100.921652871999
-68.8216516807531
253.534133830128
256.23856923508
-219.795982151235
51.1312681807262
272.592559379935
-100.69989887792
-239.099776647267
115.504332863917
-301.578492175948
-139.501711980078
53.1784420534412
37.8444382863751
240.884791074922
84.2387221505387
180.25729283487
341.534037108131
80.874000776218
140.369894930173
200.752634535014
150.066315882067
-111.416350315345
436.279239485024
158.323912424393
104.166354714399
338.099769649208
199.841828151806
-70.2733784249727
301.322807256438
101.910647819498
-180.285875365916
103.038606912727
158.29720653796
-423.168798327339
-27.3034155031576
124.230801374405
-317.867664095409
-271.88794368279
-78.572100811249
-408.971361986522
-175.073830179703
-98.0652969907929
-316.342242547753
-222.757619781563
-119.015966126851
-413.189813644683
-177.657770720995
-17.2810363380505
-501.124924447054
-339.5742333805
-136.275919146292
-472.180323328387
-255.186595707309
-98.1517434431906
-117.385884541564
-223.716157746224
-4.36357967048536
-78.9173603591405
157.724845930632
-60.9846602283855
150.652794241325
132.138197259221
49.808695878569
271.835942364645
150.085945838428
168.500578821346
329.383274406074
-59.0272123621446
278.52438649034
40.8294082449487
-263.691387210794
59.3081201064906
18.4250313023948
-241.369820051153
-45.9709605938902
-197.508772525703
-282.072750490515
-21.9140610588338
-57.3527376451153
-266.788718677607
113.252041250549
153.622864268962
-413.480726897432
103.133517126528
665.096997762194
-297.445422963664
-46.4605880057481
52.0445402882799
17.0657745693265
-470.110225374781
-284.546361054485
-237.942167232325
-348.899149238186
-234.27652022499
3.25556646162396
141.91913356536
248.340128826702
276.540939059367
72.7906350748302
-109.76631453356
368.644906569073
312.196111488397
-163.238981022431
44.8492693012939
207.826066210914
68.3241644097164
149.649582852577
318.780376382812
126.008713085282
-234.357484089059
-157.491744557502
-118.736369395094
-514.912775263231
-191.25593156908
76.4545977214005
-230.627771182023
106.888300172217
360.570584111359
