57.9667335396906
-106.155781986673
87.7966057773245
-72.7164851507011
77.5166294888052
-179.079630970296
73.478319886271
-105.920162224929
77.0822826359949
-57.4954694650091
46.3308861476591
-122.835591044259
37.9875576648061
83.2313921099624
45.7691177099629
-49.2812496675628
-76.4436018374495
41.2968438278737
-21.4053822372914
-24.4833124795342
-24.8370617263985
-91.8335955354462
33.7360685266402
-145.318078891164
25.7621494399139
-183.998005072647
-29.5459599234259
146.664536484485
85.1605013370425
-33.8827341490216
101.137006391201
-67.211790808504
17.7940357188801
-28.7845164267779
-25.1697204567505
-182.068048593481
65.3383011734427
-22.7450885334927
81.7100996647567
-54.8003962463512
109.923486899114
-95.3437459347922
13.5707638182727
21.8459695631191
41.2159763405175
98.0140625031287
26.3158019388162
26.2535794714547
57.8682538314653
-161.852122351817
-64.6731550925719
-196.96300183366
82.2073023899315
-61.7316081110802
127.482936922222
-119.305939129744
-74.4202725478307
118.315741563538
96.5418181737412
-69.6941174584654
136.812544696214
-45.7256102753662
144.262371444624
-63.2449510197001
90.8162222778024
-240.674205796581
165.997283196379
62.2196713443345
72.9137499248345
-45.0347219168139
98.1841820638124
-26.6848466612902
61.1493786352614
69.9334015146961
68.2018813286755
-28.8570746921421
-6.74004316473559
-4.75646530108028
82.2439167889093
-62.418027562874
135.411883496154
19.6227322968693
98.0151872260561
-79.6275579352794
61.9005137789698
-121.792311313975
34.107593613275
51.969910704191
138.113562321373
-37.7620525903992
85.0522839045707
-53.2157687834789
62.6493576526866
-39.8954784043273
88.8454613727663
-181.65977477472
102.430135110048
76.8652949387545
70.38246255588
-48.2087674277429
164.583121354835
15.4177928532079
46.5271986156628
-51.9472798539772
24.0959689320464
8.90110404933808
-52.6167170992044
120.434968516193
4.28123205708737
-100.096322203677
40.3401447209656
-38.7293714178195
44.8126997679008
-117.889153386457
-11.1084442507329
-217.527584308859
-15.0594401626793
83.3946938468874
-14.3402397866743
-104.471006678192
64.0947386973346
-118.250103884497
6.21390124513574
-63.8146128774239
-1.95430669081949
-119.584142402511
61.8963702863594
140.924672480721
-22.4423713081747
-65.9480055838841
-41.8060679627426
-45.2764383390978
31.964585377709
77.6501052938247
-24.5787445128488
-23.4314241558967
-23.4047249812688
112.739618932168
69.1389644413825
-52.3907409651832
54.8251099206374
-119.613201716011
45.6836997685215
-103.952123959185
31.980793856009
-190.514586269912
-86.4356170834927
-152.468790423402
-1.10286863345788
-141.238226162873
-86.8642269972401
-3.13965913206832
118.390020927259
34.3021612050364
20.7155440211263
-178.143087393079
31.6506104583103
-40.6482119483027
55.9150346928058
-16.1787752891904
118.636932340127
44.3395697048573
55.2484788588351
-44.9490840876362
65.1736324576986
-27.1063747524785
-31.5410465584947
149.86469089756
73.8941842260533
13.0187073317294
22.4416074180323
-26.5848213237722
74.1035680875904
-103.101518526831
26.3944238728238
-201.754185736143
152.769584394162
150.268797241608
39.7123288548167
-57.9606060145512
13.3588009563574
12.0563121467454
87.7498253507406
-188.476793823422
36.5365944905157
-128.951398901494
21.9798423573603
113.491066639564
116.95410622022
2.92099862651109
62.0421804537503
-17.2426172998828
81.1577116592649
-162.860023805286
-15.4506591661821
-27.6596562507607
-77.6211317344633
107.434173868397
80.7033543331004
-54.5435890497807
78.6257834020411
-51.4830008938829
22.5704039342112
-55.6016373751914
73.5328715498172
-263.92817326319
106.7695634937
128.087899275618
66.7281913058135
-74.3495096089029
20.132036018899
-106.474214541461
28.0487711653444
-27.880539276197
-2.62601290040266
-135.496946620731
-2.21493391788461
92.3830632875018
35.2107608402269
-27.1583032383262
74.226457071728
-17.5971038428321
60.3545479614088
-50.6653984373513
61.9693594082529
-22.274703143567
-139.606782434537
16.0216182598419
41.3047179553748
-85.2791947499069
34.1775476756396
-121.363163180759
20.7709968128961
-52.6627162425136
-16.3358494559911
-146.671298807468
-58.5696482870865
91.7890521732747
78.3718429577697
-34.2489328292059
62.7088936561196
52.2860192128112
100.574701338864
-64.5834635967254
65.9598110004389
-155.819746063045
-5.30694393501715
10.2034698498049
-98.2301832361384
-56.9429110804838
-32.4784173571755
-143.910568708794
71.3342924238566
28.1749258091124
90.7410090821697
-18.5881878861832
-60.4423243588698
24.5201343976151
-10.2526141473696
-9.8158620786611
105.229245927148
-109.464992621831
34.5081888803295
-33.1565196527636
64.9917471402439
-154.068807776457
-46.8838460297101
-64.2569671820163
-29.443275284008
-95.7700580921669
59.7591096764606
-22.7985187841616
17.0034087610871
-106.88959112877
68.7524642857735
-173.389719494639
-24.7192000867783
-80.7084214670648
-22.7525318659817
-131.868785641073
-35.1714579208693
-122.36937009141
44.8042142248976
-95.2413817259476
68.3519512142576
-24.0241900849352
-106.388855847289
105.72738591152
55.3132714751873
-20.7547936367434
4.10087589885239
-73.1108598914348
35.4479556032124
-157.508986558998
-50.5166110608364
-118.845460554006
47.7526277967583
149.19599714489
-13.9007877785042
-109.048301709941
-5.4721089230688
-91.8060023050157
-50.8392268944129
-148.699924030145
8.40199608550354
-190.14757196599
25.6290278755283
-38.5195266655623
47.7371068344638
-85.7811560880301
45.5178233775482
-88.4381113173885
54.666357286097
-31.0950077627612
10.8247965764771
-193.15715936941
-62.9184261632794
155.702201520172
-7.65056426619991
-23.2295607094046
70.0778948840613
-96.6770747382937
84.1108210533744
-31.1970036919365
81.4753036132971
-282.706301826487
56.5431326121729
129.291310891513
28.1387325467535
-32.4485719912078
15.6761450531331
-48.5770688454479
100.104778848334
-93.0227011610367
-33.897874611266
-188.919101957728
33.2496010076397
72.6136158993413
83.0286387527555
-41.9338902566213
49.8367526335633
-89.0592535466773
58.1306388422572
-69.4447263878832
13.3803531104762
-116.216548872513
-70.0794958986793
-17.0214684590307
-105.444840342445
-161.040162524058
-70.708166884577
-265.29653254083
33.9671160819552
-46.4527139220899
49.9436510247376
-130.545672323713
-45.7140644532491
37.8547463329901
48.7753604497228
-28.8793714459671
102.39551902425
14.113437437547
23.201367995095
-14.7042704860387
85.2135984043909
-179.830076672618
41.3940689929613
-45.8948883080838
42.1086121219133
-43.0688724886855
85.1536350637988
-161.925272074116
24.2583167133451
-119.459311364082
66.2523410045158
-172.314142155702
-13.1553530079994
124.72011695913
82.700171372146
-65.0881256636289
98.0021068896596
-27.836428895577
77.7989123275172
-39.6616259836711
77.8355386401569
-101.521865584098
15.1754428752589
148.51766451994
53.4214406629308
-22.9007003952854
26.4923734246321
-24.8319393326431
11.412413792144
-69.5493495853057
70.5768747399265
-101.719906475914
-79.6707441176446
85.0798994449889
71.3666376310719
78.3998113558017
90.5364998985153
-52.5426521026623
37.4861299200793
-102.58998217226
13.3213711397889
-229.577673207236
-40.5085235146442
94.1565834931416
60.314240576623
-51.4696245296331
100.858584194372
-43.6782884068387
51.6499683513187
-53.15975566284
20.9647445446454
-174.818285923486
-41.7861884669808
136.015263936091
70.4419803263995
-75.1580584713361
61.3819724231445
-58.8608930924639
73.4487778347717
2.90019541358894
-11.871291861195
-172.620303148206
-35.9259826449195
204.349136304677
-3.23506570377293
9.35490470061587
49.0860558253725
-28.399902511948
25.3779901414047
4.51139622306793
44.4959922524521
-163.926223024108
3.04144437619241
195.500130415171
27.3026757091333
-110.234895228303
19.4303099314091
-59.5905492743815
70.6051591771528
-97.2409334734066
-53.1355695547537
-153.433949728524
-78.9392550803205
-87.1554510275836
-38.2035481945779
-131.041092191776
-4.88845397480774
-145.918122865763
112.504096306425
-39.4565932877058
40.6098620679683
-115.958112898679
-87.6399144019817
-163.478131002724
73.5823597433638
-42.2172343824886
36.1781845905647
-45.7420622154265
51.6193352905558
-100.712346089093
65.7436559940947
-143.712920567507
-39.2758664102622
119.408751798054
6.07700775089598
-0.493350335485076
28.9577769667963
-5.43926560331944
-31.0830068344202
-115.162648632597
24.5294256498489
-205.168774348525
-92.5084893521202
81.008587081269
5.50209977589279
-15.0212338171761
110.004295679642
-28.3314615978372
-7.60044073973417
-56.7065978033197
-70.8638038956833
-173.480105697358
-112.394489163323
43.8575990663164
59.209624211699
-69.2669713757889
112.681082244969
-15.1283834153927
44.3894387722267
-23.9790694615682
59.4032526133113
-176.752065577178
-117.110013826667
73.7732378949814
-16.6821027875161
-58.8553526192054
18.5227959163226
26.7909153238673
-33.4213490432194
-33.1291168835898
4.28094571463865
-201.623628362406
-131.636874185453
47.2877544694255
23.3943922327936
-50.6629304334343
55.850112262559
-26.1164388285676
28.0751274433458
-45.5193787823874
-1.40311141656592
-186.480581140346
-89.6686113961035
-65.4228038165849
-34.6214458978518
25.6256836932147
60.5141703483065
-39.6394895334304
83.3497154530415
23.4365421506382
85.3095632703233
-135.391664396059
-50.3566122952093
143.705603335977
59.0225196481384
-24.1620361456165
98.0864736119431
-41.7933455801915
-36.4588549311847
-27.0548390381863
53.6629585059889
-155.082715662198
-31.9473923255526
109.200085532337
125.359064395519
-79.6542857427101
67.8111449292133
-84.9958332176367
74.1229147499388
41.6834901772315
49.0822680749525
-133.830667775378
-89.1643391189535
-10.1209026014971
-60.9573541729126
-203.584359070311
-3.9394244436651
-148.978791959346
25.1014071272384
43.7040399178621
60.1296401674737
-149.948405813019
33.0015171237013
75.7573370513147
44.8859602045392
-48.3760168671363
82.3068219467358
52.4045453908694
101.561997691176
-10.8698770279157
45.6584708882841
-137.272879988531
-71.8382862490854
137.131389632905
84.2716112249351
-101.894044665523
49.4621002100842
20.4839243029038
-13.1232709565262
6.88354437280087
53.8470413913203
-168.143182383525
34.3988127890184
71.5062657724298
102.289415287277
0.774435563683767
82.8941568475227
9.14866827898495
47.2941795643647
-56.6594755244299
42.70478740351
-116.468090008483
-52.0943945690621
82.8558649778336
95.2383796134051
-12.8576219665101
48.9883755060798
-45.5962961401917
56.3611960726913
21.0376453118122
28.4862726687733
-232.096379170241
-46.4569187383858
84.1542676953324
39.4245457474931
-53.2950670311433
78.4120376807549
-124.096984128092
-3.10217130781344
-106.000382345767
6.40053427811133
-168.051152188497
39.7326589805865
20.3930139194501
18.0736407836393
-169.693952759854
6.35918922481829
-14.3469788664882
42.6707057873909
-83.2928700694941
-57.9124273032008
-214.679391981698
-63.3874654607384
143.13619472145
76.3277586574401
-104.195160044669
94.7437712423207
-108.395395589006
40.8334178654851
-10.3905266433778
76.7827868792819
-160.346141053596
-18.4000666303428
102.454636716778
0.205379969797595
-101.30701317282
-2.10892409805289
-98.9581554322903
23.7778672525964
-55.4682016305836
20.1251735848574
-162.501407307949
-63.6415192712475
-6.70348694623599
-10.9766592858954
-175.996668171454
65.5553682743962
-35.5393080419102
40.6628546158002
-86.2606031177196
69.2440045558047
-174.211952962706
-93.1920314137645
-12.5875014966975
-138.323507222178
-161.408089165487
-63.8447788768578
-105.631580595853
24.9615963437721
-31.4635582167658
21.5055115449533
-81.3223522255252
-35.6126111641373
70.5328429079362
99.2446856808958
-14.4958630765625
118.827376042755
29.9242958834814
62.1293705822789
-9.30103926224005
89.1694806137727
-188.715714736078
-80.7140301861284
133.625702327394
48.4002331765364
-116.962831463886
11.9212311476111
-54.8494880804114
2.39163949548649
-98.8124646723873
83.2020183879834
-135.660115674135
35.6967705981951
-58.3559483433109
38.4227482086102
-91.9412360970183
78.6738050268382
-97.8932370736363
89.6569928020902
-97.7398703202538
42.3680644126459
-121.170631813721
95.3040303061345
-103.931878435833
15.6981499077509
-58.9096821851994
46.1417852610584
-101.564409982595
47.2016438378952
-28.5839808052383
58.7100032405683
-211.628980225165
-70.0094564080573
16.5397454923126
95.2299322062841
-4.08262047356199
43.4786913297678
-68.8835582728201
48.713714301179
-17.6172856050981
98.5283626243254
-158.941874597216
56.7484734395824
22.4214566576732
28.6362808194471
-32.5513559416233
29.8370808417353
-95.8633265095173
61.167824429957
-47.3293591274937
54.1972652783752
-135.503354867787
-127.83601310382
-82.7148331955409
59.3526165223472
-106.52533797712
68.7752329120814
-70.9601592206643
17.7938037235572
-177.897623704128
47.3580325111133
-206.051561096279
-41.5868938101769
176.058501161709
66.8628824390474
-50.2610882333667
76.1181591263064
-67.1579096054074
36.6235868708864
-54.9484184316603
57.347999967138
-243.123942122609
78.8183511073698
25.7628847754948
48.855993349049
-69.1098316039295
121.835244402824
-32.6662003688206
34.0102800675329
-51.7332858405776
71.2627410007891
-185.948378492479
-95.308320242842
-106.038932089945
-80.8485012686118
-149.912523258521
-79.6401624655145
-149.397257321996
47.3043261600349
-96.4271222679428
31.2301222529925
-161.786582002911
-7.08685616845627
-2.36180519970544
110.139821241929
-1.12885055195537
74.0172498384266
-73.0793275827853
57.4381369963742
-6.15845773054025
90.2423554515
-137.285271637267
121.53919547852
-69.697932457696
94.1670902978298
17.3020059064437
154.508467053188
23.59797441487
59.199746376685
-49.4794683572453
59.1037699912485
-117.928793900474
-10.4973965183834
95.7856948948417
58.5534841473832
-87.3261709951672
-63.9051423615013
-59.59171433742
31.5477157598133
-73.2198554784795
-51.7108104591178
-171.914018520482
-106.832874704488
79.6294578400248
75.5612748216464
-21.8301797250942
86.7092471638074
-84.9152341373916
48.7809233030267
-39.4425813147124
66.5725916431027
-214.734631591337
-73.4625664137885
-52.0125251601964
66.2340614763069
-43.6894943526141
17.7347296040158
-57.6900552897108
27.234810118491
3.86250759271472
110.451482450877
-146.364768001614
-4.75146130003134
-61.0078067086527
77.4159492286497
-123.120425313438
-4.11339344754886
-22.7663220848396
56.9655332814569
-133.245676262223
3.43947686496101
-139.463564520036
-82.821869155134
82.1025570026675
3.89177189110374
-52.890831831687
-5.32013572562521
-64.7728372775373
25.7126799481323
-90.7400817018644
25.611027828003
-183.81502489172
80.4930209638328
-61.3220894052624
57.5975560600963
-47.0973030545692
76.7424185786994
-40.692725419247
32.0067570560973
28.9045389445735
21.4137188146395
-159.730182506031
-118.093103363681
82.9824948522159
-51.8527296810375
-44.555360202162
-9.13066454692493
-44.5743059386501
36.9411095601611
-77.6158558181735
9.20022496954912
-151.274986862509
-124.993818953495
5.14608636086327
17.6308649484647
-99.134100333593
-100.858228124949
-45.7520289826015
100.067193112997
27.4587656911066
77.3129322638447
-105.528366944622
-4.427246166966
-107.587004590129
57.2853655408482
10.9091608461172
-17.2826064545606
-19.0821979261229
-25.5645075145343
71.5254141493384
59.0259266552949
-42.088515041539
106.035664116001
-65.0017794288847
11.5666522649483
0.621521323295471
60.2825046316703
-22.7893205697478
36.5666102204535
-84.5808055860017
-27.2133915217215
-204.226693225275
-98.3310746153623
-1.44884353836875
44.5596256412571
3.58257044543103
48.2121936408566
-19.6905705688828
61.2506237060807
-49.5873793087732
27.1332175500656
-211.749836631233
-68.2560390549681
-101.86762854076
21.3185459361605
-89.5025888475793
76.9572080789031
-81.903392730985
45.2361023126339
-37.379228449916
96.6004508871037
-127.538898747056
-62.9684751951211
102.674463545512
34.4093181928815
-49.1993947924364
41.6212595218675
-33.3216728309504
82.868585631611
-115.521345631424
-76.3226252245375
-149.345437785829
-109.066298958839
104.797402661703
14.3773404988827
-54.0391829333599
27.8589863633932
-55.0770899006798
20.4734503113821
-103.285168914675
33.6984246665918
-140.45385874949
95.1182138047926
-41.2537647512714
73.6343646331919
-87.7355942652797
-15.9552801540277
14.8691903493676
20.0949565974357
-64.8157326858856
25.4894577484134
-88.0499835527412
-95.1332221207646
-120.848244023402
28.8329206479962
-46.7293383400965
83.8211738892273
-60.0310731032881
21.2304514084403
-73.2462834222184
-30.6741571121316
-264.995102942582
-114.462403303561
164.411588051548
-0.747358594418905
-76.5774599041201
64.3641624085731
-2.08008054235458
28.4886251280288
-102.351583805595
95.5965191947819
-252.687292508835
-6.54541142235206
-56.8586170623614
-8.26559127974407
-142.398122426838
-66.1126623457407
-60.1214093623521
51.4982044369921
-51.0730921302593
17.1515995895679
-226.178326376606
-9.74774808602653
42.4186310614073
15.3329034929093
46.7004845418987
118.076312452095
-28.9492618754967
126.584520213212
2.19019694292498
83.310585501545
-154.049045972864
-23.391742784726
174.473401012449
99.3293576875867
-57.2699509122214
29.8567647970119
-79.3496491195984
131.186433592639
-74.7229258723248
12.3089940812446
-151.958396811218
31.1386449990697
-88.1646640126022
17.6149777202452
-99.0103161971698
134.638958160353
-21.2861737291314
140.738633567427
18.8218322568896
94.1757837679955
-149.477189495534
-31.3443090104861
-81.4395213359852
-30.551144698785
-23.5704169912759
23.0599583399255
-90.9905304821558
82.3876747789409
-88.4055981045683
55.7387611757648
-182.753900246681
-136.207342955913
-89.6439109781008
22.5593287872996
-50.5297347953266
71.2546574855367
-50.86148796094
76.2753887210674
-70.5879195448486
23.765865098811
-135.585523500435
120.927240157948
-123.119219951284
79.4289947972192
17.4423793315121
-17.8892849971166
-98.475100553292
55.1131161738463
-40.4352267249515
91.1054968412743
-156.077034541881
-64.3015622034987
-20.6303045791083
69.4241287312714
-40.5162391445201
20.7765631462603
-80.0346664864737
19.6897840168428
-105.219700489476
66.1136058746132
-152.202382708833
-68.6659864595643
153.74665263953
52.3459702853996
-83.764696428762
61.2414699907926
-42.4890452071277
70.4147158999093
13.1866037808922
37.0927539229401
-156.901271362696
-70.3021283474531
-78.0378240881151
88.4019433516743
-0.49733137728494
64.2682432399278
-71.0438122561933
26.8504823469424
-87.504938007128
37.9556822343489
-224.948164315905
-108.330419328042
-23.901692317833
-75.4559897452152
-81.4739979669856
-39.9005564021402
-130.087656541312
135.335775493363
-37.8141540037796
163.344087481758
-85.171001132849
-12.1129631741797
19.8385507062312
145.951855883416
2.50255340006892
53.4798604851782
-56.2826510897452
82.3353816350116
-88.948465103483
111.97797735058
-126.145618052064
-30.9890094979424
189.859470491039
48.5025533137454
-16.6395419476085
48.8450355824487
-49.1522299109881
54.9911580605267
-10.616512374803
87.2474940850495
-198.890057492986
-69.6599384123198
6.91690228686526
69.5515421656487
-60.8225204049816
35.8625380176757
-122.55855670015
44.0785348212427
-29.7464956093628
70.311145880486
-237.318287130891
33.7686822185193
157.737338966342
152.37692652395
-100.787267918683
19.6045025952358
-128.160989965597
-57.9872610538045
-29.7814915364287
85.5359168461304
-222.519564444762
-76.1281205959368
176.132752665011
105.317207349308
-54.9395843577406
48.9835808866509
-30.3015102994295
66.8626129736021
-168.995182050298
51.0588013944386
-182.602594796962
76.505439086264
118.532353947447
67.0949394977437
-95.2863706300591
33.7114612135923
-126.612887351127
36.1739610101174
-85.8312003067275
85.9289204452057
-192.32008374107
-7.27741838593708
167.493621346947
15.0704402184478
-93.4653820367064
-25.9052491664598
-73.7582679614222
-18.4017243337487
-50.7383563518612
95.1415125995399
-125.187920333346
-84.2683923235664
72.1470592385458
62.9451015987467
-122.00541308196
33.1523847392532
-17.0548914121517
19.8345387079795
-63.1905420804946
55.1360650834677
-182.454633012082
72.4487160125775
140.322843180188
76.7851362623555
-75.0245724098482
-13.2830052217641
-116.705968054133
62.035147280003
-110.421644491821
0.565019000337703
-132.41633108762
-123.232421174088
16.2537006298305
-27.4554907493704
-55.548119330141
-16.2266503410641
-171.905123129129
65.7392664113529
-51.0597245382399
55.976960660666
-103.176730690588
25.8532866140687
83.4865411041726
83.0882749420218
-63.1118162544021
56.8377617226259
85.0028444773301
63.1018708747771
21.7883653000892
69.7413105266788
-92.6431112709461
0.0275176692776959
112.718659687031
60.4733796188002
-9.20949934055302
49.5869854394418
44.8608264353111
58.3687159751914
-10.6985095929305
53.6062569444584
-213.381606026125
-75.0738926875621
155.589415512679
56.7659428647505
22.4075169999154
104.707523796142
2.46809853609727
-66.2529278224649
-73.90596718878
61.5339909211814
-206.959622583378
32.3269354192255
53.980989723663
-57.2100128847789
-85.6251016786726
24.5224095806519
-74.8565240226474
-28.9099163202966
-130.273081985845
-20.0921498092453
-120.282577529164
-102.737498938305
151.903338331111
-3.58500948516668
-23.2786926244488
-56.223726289622
-7.25138868601877
151.990133920019
-68.3853449406066
25.1381838079858
-204.781267114019
-135.029398968892
51.0240149818444
7.00819261369712
-71.9177680218834
52.9843736438293
10.394717957114
73.2844724711644
-93.4429436527028
65.106699370824
-240.642233549952
76.4193930829051
123.337783012005
47.8707714300456
-59.9253247540915
-43.808894541712
-67.9471102809604
60.0455339106141
-77.6757707272842
71.3904869597701
-137.520233267659
-112.400953316043
102.126999072228
23.5102237432877
-26.7679631081924
29.6772355479322
-86.3251709969696
41.6876602446078
-76.4117959022861
67.306298594473
-142.113636252512
-72.9503200385732
54.2395084587425
22.9008573884458
-12.5121839162683
16.0437525040366
-164.154155745945
20.2161365022769
-53.8670939707745
92.9647078498758
-209.40942013505
-112.100882515395
31.275696678285
-144.276587233342
-153.115241198506
-96.5764889005451
-117.900684653901
122.164063649845
-33.8554211118429
44.1525193809579
-149.573371091815
-42.4518439775766
59.5119203514362
111.75900202967
-47.0960613901746
72.8945129144307
-37.348856514205
74.0292530400982
-29.6599840691009
127.22444847189
-143.221817367462
-57.3584594710558
161.732774083146
40.3288570510002
-68.2715976311923
-5.35570184683717
-12.0931991533153
42.8390143208244
-19.1032276550604
89.4340513054575
-200.805672032019
-18.1344534689093
111.868682090432
102.831429548952
-16.8919257807065
40.8834474677189
-110.450713646816
40.143164583911
-152.44537154431
42.2840225768779
-125.524956577117
-8.39158090963483
-78.7724865649606
81.5612691320961
13.4792064349713
54.6121652418932
-35.241224397661
65.5106593244463
-92.9799063943232
-9.5049320887251
-131.541013932099
39.724814600952
-70.7206347505355
138.513151195803
-100.259944429653
73.7396802396552
-76.1704045665167
16.3763249902178
-78.977754797519
91.1547676625751
-115.913422313122
-99.1169233589574
-130.501780709341
99.6890458898307
-49.173116432105
75.5749169338034
-90.5316052628588
26.4400314543523
-59.5552741695075
-18.9926840360276
-220.728822098188
-79.6496589407418
123.709111117378
96.891478266284
-50.899688357702
-23.5851803201987
-40.2827620079269
29.4769963610334
-43.0525257707675
97.8057067214362
-272.724005890478
41.9489973738668
-26.0627354859757
5.69267523776126
-98.0966994229394
64.3453822405924
-62.5157149542275
36.3730087959781
-73.7733624858491
5.23342054739697
-200.852600501271
-9.3421663582914
188.607779050377
58.5944952796615
-59.4951143224536
1.52902230922981
-100.76451301004
40.9427897189531
-53.2106368175281
79.6349969204509
-182.248582720697
46.1117576201106
-168.310838537553
-42.4245405041512
-207.913798875909
-95.1277808035103
-59.3048233414846
99.1791100264214
28.8790658137643
206.244689768084
-115.52369768163
81.2098979711407
-183.198602742413
22.4586711885644
-9.00304712280678
54.0748689017407
2.24306242254541
85.5486339924059
-2.66921505775247
160.265258062425
-108.511848980706
-15.5060937196763
119.624775900718
69.3373392847785
48.3450800689126
24.16211075861
-153.391764188838
78.0602340851371
-11.0714568088686
86.8520735441296
-153.432240738211
146.741182979257
-26.8923569228835
54.6785948227946
-20.1630789638059
107.404300243132
-31.2459795563
91.0955833768236
-42.6788279933261
159.230882399682
-134.449085720853
18.2327486236557
-129.965122598907
66.266658177015
36.0117083041603
124.783252402867
-40.7885204954219
42.8066198625893
-140.845413361114
102.818197084736
-141.13975904843
11.0493959723159
-76.4094066711584
31.915702992774
-45.4724386244662
10.2997765861341
-66.6885770923698
41.720874372316
-88.2406428267687
36.4872803279199
-209.363005963863
81.5524845940974
87.6884503810463
26.2522808013764
-37.423540969169
15.5819969874276
-59.2856057848787
38.5663560010446
-65.204324305352
148.496756493847
-166.667881140271
-28.4010562350749
170.392310665653
76.2844505385917
-102.189963119311
-7.42412438304034
-47.3809226471019
38.3806954308294
-106.137082699292
105.25165997576
-184.612722062875
76.7687546901096
81.4979512207894
-11.5208649819737
-54.2643261803418
131.438233112312
-38.886308168541
54.6234466592222
-24.9354440013879
132.470261566693
-139.392208862112
6.05915959729891
119.948084485153
161.863625145952
-66.2361400950153
-14.6785681856987
-67.7907743474344
66.3412579844851
-37.9317808201817
153.876011607831
-185.494201417146
-5.29415314114843
-29.0019009720737
-60.8411709689794
-159.288206865668
-122.854786529526
-130.841643309367
84.3948577559215
49.7835403669014
163.587794336192
-113.583077565525
29.0613077423113
-44.8914680812776
115.285145308121
45.6510421149261
84.2279862443789
52.822826551232
23.2758997182483
6.02042143103864
106.545631911395
-57.9193414753129
22.0725058275678
102.42689567141
111.09053613094
83.3318440927616
63.5194432383398
41.0842868299928
76.1698969551913
76.4949801182542
181.579950390735
-48.2308215699449
7.39009529680349
65.6526541475008
56.6572476864242
120.961535551936
49.860747190405
19.7081619927332
81.4669026857093
120.478227988619
140.627093389037
-100.014046917811
145.437386501661
-15.7489421987544
83.8769397908899
88.543121883447
30.1942229369709
39.3459438293565
62.7406894968709
122.762447795358
131.135580090915
-19.2108324215166
72.0738231330136
60.6731614018541
-21.9275111237576
89.0476620995052
23.1667580277473
94.4871506914118
89.5517286588124
124.990935637055
53.6658507551611
1.91206327225196
72.3150841309702
4.76789546523109
11.7692097392067
76.080629817796
116.663185786017
132.494076753361
139.453352749611
122.3200857312
99.0768212553473
8.36764343730118
-94.5813518385846
107.710544675795
109.532143092385
119.419602945739
11.260999761786
51.4457941351345
-25.0128135723344
61.6888707744857
81.3831427173922
42.4546858711986
-8.17801933629013
-28.949407673091
-5.82728329942448
92.6630210429175
82.1876765165064
49.5716513780313
-34.7603270867909
81.2569008620976
164.300237858219
62.2463583590806
-31.0678573686428
-35.1044257900966
12.5708023060582
34.1419036039921
40.4992427816398
145.669963665749
-19.2278200006021
48.8905442653693
133.229709809204
4.16712134003284
-2.05249194365653
-204.623859437886
-36.4064297227318
28.089159740935
-34.4206945777414
13.1124952944181
92.2455633585422
146.300876530165
106.436592669667
27.8489464338808
90.6481782347099
-27.6811022510904
143.531049017926
73.051987592541
164.141772847322
207.105250628944
20.6635091798277
215.735722064011
198.847971251701
69.8431568224227
56.2016858733106
144.226142421789
66.3268588071273
123.158532665263
23.9932725305481
120.989956811358
21.4457145918809
158.606011017513
116.219675260566
25.5969702998021
86.3531230576319
87.6773308569443
83.7406197763709
115.497506325101
9.13599632761391
160.49537975315
108.866831079282
108.950910110392
62.7642813309568
2.60052544935763
-10.5029235682671
165.838622937068
56.4727701093004
144.889721571707
4.4685347381985
147.803372868757
37.157830671426
145.99222124744
89.6259546527404
-30.1417956725399
-69.7410245533684
-47.5377050832694
179.318359914115
52.927432297371
