31.7899070420198
-186.194529063191
77.9864663161607
-72.6845096434955
-46.5024185231312
-51.7266789445165
-95.6876319075852
115.545542553546
-20.8398618404663
-95.2210507541806
-23.7429542674
-83.0128495639142
-38.1376155379411
39.9848131454471
38.4550380501277
-7.15195301472832
43.8574525679159
-120.88460457835
116.792038573243
216.93064385848
164.0014984522
-10.5584391238179
4.77261482509829
-79.1587936050984
97.3473947150515
-202.242226886001
-60.087822809554
-228.230060932416
262.224428398054
-93.6325740050122
127.76922838854
10.9348991031254
172.730165560741
-128.168861579586
40.1755599748935
-48.8782946788627
51.9711140463435
58.8095455008047
141.855515182139
-4.67509852159207
44.3738191071518
-164.784654357275
47.0446715275681
-57.0380786250312
70.5119131181736
20.7049091821297
-196.562767454625
-2.14716823316732
59.7753799444925
-163.686080474036
-61.4911337072282
-9.8001067671413
-64.2970838578525
-200.900213141009
35.8460339154528
-81.5192748412917
-149.553957636971
-110.656525634042
3.65895682460794
6.04836819057523
-38.7578017669152
-92.1079426803136
-91.0733705926793
-116.51036025485
41.3054911784251
-138.273832333311
2.15706917858978
173.60594154722
83.3543384030878
-104.21624603102
38.2891778073085
-56.0110139215488
203.225136271266
-87.2069456679099
77.6059142627563
-26.0752832583207
-67.5456474953841
-80.4807620537191
241.099315531138
15.6507358512119
5.27829841960823
-115.511118206312
125.457467490504
-18.2692753056286
-33.3528974459755
-213.969012128779
9.33653526583863
-64.411532937078
51.6583111241235
-78.9264024748413
73.8125593256452
-56.5650861923581
131.151604648011
-4.83374548527958
43.623329056873
-161.342236506596
75.2486770457395
140.347489967603
58.0584056190381
-180.095658845764
4.25464625365267
67.3630662652347
131.025407685141
77.5376489999788
68.8734965692321
95.1748407271136
76.508126508912
50.141533693468
175.659403633894
-44.731366905478
143.53797099955
1.42436750121824
191.092188364525
-13.1128414938787
28.1169907727142
39.046498909596
116.657938370461
50.3642982468509
171.747670460798
81.8452658579479
110.536345377681
115.652086846457
-149.607799202222
-17.5975209929759
-60.327169147466
-73.0975548225044
-77.610932836439
-196.437693616217
-215.704806269478
-178.133096364447
-138.7235760425
-367.782211330372
-79.2307598183849
-210.533211543466
-105.91070105363
-19.0691290897694
-14.3811813590992
23.184356564792
-37.3587335764743
-70.8275034634566
-94.9492657130593
-126.280894342208
-30.0378718921613
232.672668702794
-215.698330879099
-194.964821335266
-187.176458372336
-61.2626567704628
-92.752681461099
121.601882282517
-88.8173328815183
-10.0487102914328
-79.7660902631056
-83.7226199084018
-74.6690860015789
-104.519743902541
-37.9825455757607
-101.595722150796
-21.1795367404792
-110.257166651453
-61.7655413962927
-165.946841207951
-74.8766336393753
-42.9791604342594
-59.3690079088739
-151.020327160915
28.7043515182562
-144.423352109849
-55.9064956682938
-138.722001980263
-42.1385008309486
-30.361008645505
-10.8334775687822
-146.431237482401
-7.94774608715829
-104.625882239803
-96.7545691389088
-22.7421453047438
-39.1128748270933
-101.626677710636
-1.6715660921074
66.5032377363526
-68.2440718158096
-88.8780143421604
-70.9304603343705
11.9469384206846
-104.830263194503
54.0201697103515
-13.0748932524995
-28.6555829185212
12.5629159342121
101.416848042209
-99.7718908804488
33.1845939104677
47.0828698997399
107.340552214747
-71.0022254038341
142.873943181449
-15.6938543338959
-63.5031721534348
5.19567418874682
193.0256065308
-47.7466105620289
151.086236425441
25.3707592815513
37.3897027811334
-38.2445516890251
153.486065465939
-175.072129045959
76.400615737859
68.2767046894319
74.3207322166725
-129.030654211577
-58.5235226390721
-155.713040627223
-193.985182395767
-50.7089801011715
-137.271963705895
-108.844624917749
-199.386553377995
-121.129252574079
-94.2009194083296
-130.202775042685
-77.1313955416602
-154.559444604327
-98.5490355197233
-104.166449404675
-55.9191183275604
-116.824767576018
-203.119604831317
-257.328720901251
-160.113465436789
-93.4456527979258
-75.0500207030147
-95.382668509744
-80.2227893040112
-23.1330501193868
-110.221278575829
-15.844790482393
-13.6888239601889
5.85507776712038
183.528718246573
-78.0593142080785
181.354480334282
-26.6387685909286
-7.29648633352487
-115.321145240851
30.9270692594007
-135.885061767376
-27.8230530460477
41.4830095654325
77.8420648206775
-147.67970797968
40.0202666094164
-72.9519099445392
158.494069843146
-81.8223353551862
163.136061147217
-38.4654730056955
18.624854683579
-106.691970455033
30.1516445796123
-97.6420777584231
115.209227648571
-56.7092834226291
77.4286302346905
-89.9166006488611
67.1321179993283
-118.026387917855
17.0867151748753
87.9018040523953
183.410563367233
61.5677443767123
115.851793344342
74.3569824820295
15.4801502028099
134.415293598825
79.7429499458043
3.21040240777837
-44.4449034406129
101.952314330658
-47.1652711711795
181.608080150317
16.3298867291607
88.6516511318956
70.7435925658318
173.596224317702
19.6142024554398
163.582513021035
-19.2187241103345
57.6768439059979
121.128971594123
136.280664422725
-5.97121648652635
91.0977885633694
158.549422951607
58.1675324517629
99.5485855353643
163.764924892593
-153.153855212065
17.01916912488
75.91401794476
-11.4023386067864
-158.301761706775
141.116684077464
-167.057472655547
31.209846033632
-119.866776447226
11.6275614141792
-231.743846501956
97.416670082964
-200.184527865874
94.8860109724404
-43.0145705833524
63.5884343750465
-91.384331539299
110.749359557043
-72.514220305303
56.5707522793084
-180.665702385605
-46.0250175671194
-65.9398507675934
121.680306101726
-164.951804959282
50.1900676568221
-108.583844481487
90.1480343990472
-46.426952635312
111.0056605078
10.1477847589635
108.798207647359
76.0113306653008
-3.95149643612149
-68.2790372266673
117.901882635767
-119.249554620418
145.320796147003
-36.1671235517585
44.6733297634145
-249.505319388222
150.248988094844
-133.505049389374
84.4820107616522
-166.958691005967
28.8265337557481
-84.7982369886069
-86.2459735796657
107.297830839802
-165.80292169547
106.187152567302
-51.9117223637512
115.158848028558
-148.470673035421
143.41458607974
-59.0733263136259
13.2121225171207
-76.8423882617963
112.236846674641
-77.0068266653888
27.8660230702823
170.238525847775
-21.7660273028845
78.3491190503099
-98.4049599286467
143.986639301469
-54.1076152811186
83.2104154547455
-71.3344591648637
-48.9444945217736
-102.005430391215
18.422810400676
61.4197385612442
88.8226538413133
-182.329401296434
81.2569413659661
-105.311950075759
5.77828215187325
-84.9503205082386
-65.6297020865563
-72.9610610959815
102.265592991698
-27.7837295759125
78.2844946758374
-7.18088009145773
157.156423952841
-56.3965911960249
102.000052215218
20.0347103994321
-2.33344698389302
-79.2664573404394
148.412302609736
39.9475822942436
-61.0322643770589
138.432603376366
-165.204499120654
58.6491461476243
58.8729075948094
67.5114638854181
-141.945793150305
132.595174315635
36.1576637941611
84.7698549698874
-58.5606902085859
93.1341438368717
-28.2891888849488
85.9605224662835
-45.9030741067884
128.402263527286
-127.292606413854
140.670280484017
-61.9260397168709
144.276886536576
-17.9998927611109
46.0555566835926
-123.56554423774
169.584212768178
-50.6956994232164
17.6021254909216
37.8728889381807
15.0893450018576
-28.3989174273327
75.9922835387646
-71.6025798307567
38.41155150884
-88.4055834144565
121.226382908117
-149.824207435292
90.7590151653697
-142.016650470069
219.525222358379
-84.3767052771081
141.72323175435
-38.0945115615262
127.229196139746
-115.047697311973
185.648831633457
-137.453214304629
73.6101101330023
-150.636947560284
52.4379415381074
-75.9377203187962
107.97008378073
-81.9782727563972
65.3674864921182
53.410481796584
145.141058108081
-61.4154643285114
96.4404661655638
0.774127792835593
-2.25835968865486
48.2749363438894
-113.857894708271
-27.3217148074137
-41.2400695759633
86.7877308959614
-120.193116383788
72.9195991048871
-133.16991420389
-77.0896453903166
-101.264656188677
69.9354095042878
-49.7832342015296
105.328150105916
-124.268089757861
82.3457804619335
-56.9895927211146
6.15126931490046
61.757961175532
-127.123567352841
-139.492296565231
56.2957996068882
-95.7581089624268
62.8803288244066
-105.405106975613
56.0300525562284
-69.9787528831781
112.243048635862
-64.2035580450788
67.5581592941152
61.4531640046372
112.544754298018
-127.67188019813
-89.4005334074546
-95.5860485250512
-105.975368955578
3.5437193455147
-10.8447466520288
-141.035214238074
-279.595719014385
-28.8227474701537
-97.3681636025335
-92.2219905426049
-54.3371883386016
-169.716988028208
-81.3514829204139
-70.2007646333306
-82.1108977219161
1.99247140103328
-206.367737115895
141.665216073822
-303.835044597182
829.006005417511
-50.3034888156812
7.94308484511095
-360.45312913633
-398.496699330744
234.032566068591
72.0724189028809
44.3569487330136
-90.6321658713481
176.908011666405
172.528821975853
-232.051025839122
150.118350092705
27.9330557734679
185.246908854154
-39.9262636997966
173.328742804643
-257.104593265002
115.664682527033
-113.95465443818
221.194020050523
-12.2694179571703
163.501989103768
-125.18884517428
213.372487184521
14.749637384676
207.033690756401
-186.885832944386
121.211612807788
10.2871106723305
136.441136620337
11.4890014276993
141.663369797846
-64.339697642235
136.959934849749
-54.8017346945243
171.543001992279
68.4915581836528
105.101029078362
17.4622477951346
105.34550691773
-83.5745514825906
90.4822160237964
-54.3039357517095
71.9284486603394
38.7388150353741
70.3205810989416
-249.642670761822
153.945529186355
-182.165690543774
62.6995268299084
-217.796519429276
114.549183876226
-8.23212031323729
99.2839598536289
-106.106814720755
59.4208830016661
-146.53638908369
72.98751700043
-87.4468546161883
133.932807486221
-114.743964882905
54.2158177479125
-106.047035357917
127.643335767127
-45.9006087563575
157.744723038949
20.3760903849679
-17.4939916157601
24.9328706440467
0.3696607320753
115.794613723574
55.2628945433904
-33.4447264419903
53.8081446878031
77.7500921017833
156.78358231839
-44.1898983576377
-13.0806709521973
2.39960987721624
109.923703978202
85.4123568217168
133.429703938117
63.0716824357975
151.685074082925
-50.6923358799526
172.229201564254
35.0707713218024
100.61013439522
189.132386568018
87.0394717381826
117.147195083241
185.352921091755
68.8177535024193
170.1421077241
43.0782786187108
183.444813763595
80.1582509013561
19.2914810125944
124.670582870132
-94.3441938726336
179.203692345673
-22.9512479289469
-99.977145588608
-37.3092867605676
110.463191184723
-110.61625050978
47.5263263430162
-178.227935449161
110.306838318466
-108.94419958427
86.1882649100502
-49.5508999631792
130.820577465836
-117.624885726315
122.595788853464
-7.11663292798507
-32.158422883254
-134.758682487163
247.000006706555
-13.2364303194741
193.276948936575
-80.3378780003398
41.7829030301852
-32.1442292034404
-4.40449381016118
73.5910860254364
-70.7281760402361
128.475685123777
110.092360132289
112.740855188514
-15.999128573696
126.8539250685
-135.868010904397
190.846023787708
-63.6162668739171
126.085666494431
-155.727538360576
92.3195647465826
-2.10024584662358
104.243312716757
-46.8291938045087
105.733301544469
-70.0698028398812
100.42210816216
-1.22163142562585
202.435399228073
-151.19103698763
87.4330421826985
-150.01657094737
11.0268280991171
-5.44716135195068
201.716927960519
-71.9834544415722
125.31830204278
-185.144817967452
154.154057728857
34.4686739482644
80.6660155528216
92.3594204697925
-131.429313277549
-117.206552118274
-34.6779010499617
-60.3090341303278
-10.1663063445205
-86.3372951603671
-87.3504083096315
-205.721254870417
-88.0937716109879
-5.20729805968646
-63.6004815840864
-20.4357541594735
-40.3214434038544
-156.000922093481
-51.9396115312921
-32.2968888768799
-77.2769939242241
-118.875821110551
-171.25662395155
-41.3409649038859
-48.1722289574038
-15.9129963666422
-48.5296927270181
-80.6596915246403
-75.7901120091827
-28.3957884945374
-65.1183184700632
86.2269042001596
111.801500536918
206.322937279938
117.710113961407
-91.5544838537018
77.5868892898598
-131.99864084479
164.345326097412
-28.4490580228785
170.806058963395
-209.078561486956
58.6592709643133
-75.9016621565792
98.4276280506289
-149.743858536028
93.1200099767433
-27.1002250296307
152.118246258894
-127.328866836532
50.3421307850481
-129.8691508844
173.757168706325
0.207504254757318
110.615816842584
-132.676103141433
145.148307663489
-127.483160880689
91.661091978119
-76.9719467338217
113.214815219646
67.5714539152426
95.5412906606619
46.4482819818148
-134.891873146359
-77.5020096194461
-39.9983982069606
67.3877061222903
-12.8244743082823
43.1630164618827
-118.281117741868
-3.71533009871143
-22.5093492120166
114.058843840395
-111.493107122245
107.463650658272
-62.7857731890645
149.045807064254
-102.658698407596
66.6993747920462
-65.2167694586953
-88.5203798376833
15.4796632805753
124.33616408993
24.3323702097791
141.972467154883
-60.1312141219084
157.571468412497
-90.9360012120456
53.9629438735654
-68.5282600399681
-27.6167466682305
100.737023679671
57.9103492617831
-43.7739326262635
-12.819075371113
39.4405668939209
126.922832164223
-144.208019357192
14.393930490807
-10.8602759781502
22.6609525112128
-120.925712144032
-110.758179873273
-243.990374966852
109.256865652176
-32.1507406254631
46.2086323258505
-69.2714593435598
-10.2934288031386
7.34029436835976
-40.8933518588624
-49.5559720028723
164.332917759557
3.46134768868273
132.89671516183
-19.6199657591488
28.6660229340314
-155.008604221727
-4.54949921655503
-33.3804464039928
57.3479467108276
3.13184794022193
165.535238117836
132.808028882162
-155.604051595156
106.942420214852
-41.9390993007855
54.3241190154128
-87.0687696438682
35.9457926331705
-165.628530084899
79.2536667443738
-53.8666852238378
152.104773333298
-61.3891557414048
82.9082316857491
-1.71568451289453
152.709152417215
-51.6331146190866
107.469763251466
-145.154889937206
122.982057351
-88.7935410955153
172.658380691697
-25.8990709849315
102.317205050388
2.50146319542282
142.577200715287
-84.7056717696519
56.2257681319839
40.9992951562664
-3.83893512191884
254.420701461619
151.838870924492
52.3960787980474
139.184053212319
42.5130541933168
132.711211841209
120.824022120511
67.131183605209
-131.974956507977
28.6549922387258
52.762422451524
172.439998994015
90.7745023133702
89.0898797763319
89.9503582040255
99.6343678632084
129.09267071268
138.660947608131
-17.3511863135084
114.559630468007
5.1875204367665
4.16125556499261
95.4289711367371
63.1282364707973
116.894364120563
90.9972645621282
396.615997284552
-78.8432746271701
194.251637551948
161.965230318035
-8.31904456841262
71.2283620377747
-232.570386594789
188.204546976108
-198.920943998341
81.4451114919409
29.5606505948455
174.396139358433
-137.851196607183
120.615305259005
-143.044274907534
168.247346240545
-200.869850040837
156.71800282225
44.2850292015839
178.851754426425
-130.085974698646
143.009833375233
-187.369503997818
202.736183392434
10.6874653284426
253.522793987279
-102.177691790508
141.418423620132
-96.3552644935128
144.140203304872
-18.4329173264831
101.05960284955
1.25281320295818
11.3120362468448
178.775135269532
-108.263792619088
-80.4693265844164
-52.4334858059436
-77.5307577929544
-98.1863758726211
-76.6481508689744
-52.960732335413
-246.116522237126
-129.264513633789
-65.8422561640297
-47.5042330425872
-20.3687009955302
-134.261051372144
-81.6918229094149
-0.0682960394941645
-174.791371704832
-60.3359609647839
-269.226102222411
-57.1307088117631
-36.3156590530349
-106.708491226998
-75.1474630135044
-115.615282903625
-31.0146699218433
34.2950131474221
-58.6083205761877
-138.694269004697
-24.0056313142976
38.2179681753658
122.408320469443
-11.1897995549394
-54.7277516008674
-64.3299636223635
-93.7574536443648
-50.3360171169293
-59.1010562835719
-52.7016151182879
-157.86756352312
-21.2801156957489
-83.4691035416381
-54.8677001121848
-55.1926950396715
-15.7797149099378
18.0155824677145
5.73393479055082
-35.3587169558081
-119.229992041206
-187.767636681105
-98.0785049112647
-144.771499957306
-73.8295597405798
-16.0258915464483
-22.3382230822084
-75.2199057279607
-5.01698486459277
-17.1092394400749
-90.9571102882507
12.7273840459687
58.9127786965197
52.3817082846114
133.355614043261
-51.6742873166555
70.7573234758005
-97.7081374185931
84.7623267900524
-86.2578663481214
202.094926871243
-206.685258785417
143.967998204421
-49.4240989974462
77.3667894693058
-57.5798255086253
136.681266572814
-96.6960177677119
130.407441891529
-139.237367068353
149.978791908534
-252.059194278855
199.362868210768
-78.9020349145296
96.4708362512638
-17.8998293235732
160.43104731541
-166.112531665734
133.4303087129
-47.7694566822173
132.435962561232
54.5938223110986
-55.5655415855432
115.715272007808
-35.2172796793104
-90.5492341068009
-36.3736684508807
-105.729026578907
-40.8755958834614
-83.7582395612202
-65.9708142445249
-174.380433848216
-99.5801578369846
-131.282477419291
-63.9835471934397
-65.170801743183
-78.9292563271288
-12.280155688791
-55.960899664079
-1.14476616560637
-34.7182936486882
-187.141393559962
-57.435305997276
-7.53774556988028
-18.3146267662601
-72.6815506718138
-105.955061026221
-110.467550041975
-156.42465549246
-32.1712026564865
-98.3029632215828
64.7471565827492
169.119190939197
102.327978104734
-16.0323598739143
-66.8926968439995
-47.3556539537547
-117.02291250382
-55.0216553278548
-70.7486575599706
-83.3525807838448
-87.0573579367176
76.880385885049
-56.7921189737739
-22.4103087409058
23.2653316447874
-21.4013965250564
-31.5581766326513
-134.595486019901
-28.3049285846676
-97.8057598664691
-98.1601444219084
57.3439475568268
-10.148072800484
-40.9232100025946
-112.463109138348
-84.9449606920767
-127.234848297755
-33.9168813553078
-10.4324577097075
-49.9232657391542
47.5439438957297
26.23052783703
74.9450811295899
96.9481584747352
-74.6755772071443
81.880559537791
-114.031655278925
154.155445278124
-13.9661903793111
159.671729044896
-222.111034806574
81.946822105866
-80.5952782738394
168.680043769722
-111.614122434115
122.736082304085
-68.3826006285843
130.839198950294
-17.9698433515874
119.361113255922
-213.454288428862
115.082208412582
-106.040037052781
80.9009799038884
-54.0773071700612
177.488072733578
-70.4919764685277
188.408361902558
-137.246805173754
47.5787153935172
44.2732292654619
31.3062693833111
53.391617147629
-55.1284839411778
-106.39306174165
47.2343479697326
-64.2808868433813
-123.515585243861
-120.40604551307
-79.760893376685
-194.327758649625
-93.2748734173719
-175.434256252275
-49.7813540648828
-93.5133686408719
-62.0115497775433
-106.099045085102
-79.5336019154907
-2.87977278858324
-83.2571002289389
-174.105043890153
-50.0116990630253
-23.9689392017805
-106.244582925472
-144.465982765975
9.56647908141315
-182.400395694958
-127.784364049787
-91.4659584977422
-35.6600136509192
13.1573583191525
-48.4043516169646
100.32720462109
88.1486190179325
-136.106579567692
74.8329247938819
-53.376592791273
156.291586025954
-48.744150362545
28.6486850082315
-254.49841792766
31.2204350173716
-188.451640766777
179.244179645961
-38.0353427090291
85.3823840369864
-44.7645195219045
122.200388406636
27.4588174775967
146.627760399309
-162.237597437488
218.82293686329
-78.2974904448626
155.788788175562
-21.1326643000714
84.6508582997274
-75.8093942886836
62.667234228962
-59.5933219744076
210.674019572596
105.434914249564
-27.3091033278886
757.805219887792
-5.57396477016229
-129.205106891139
176.335382399984
-93.3978374618888
303.695510035108
-55.2909039934759
-213.322975076093
-861.657330768019
-143.06914368432
-66.0899260660705
-51.6301798038008
58.1223290320365
255.275560219219
-31.3670871136883
245.137332103793
-66.5283366390688
106.917057726152
-92.5285071630204
64.2536281659323
-2.27706283672254
156.529825868615
-41.4179032426295
132.493612208491
-49.5782439252593
157.79591323012
-56.0384542524252
135.409290810767
-22.8468280776323
28.1179281336442
210.159246804034
30.6597829981223
-108.836982096153
134.617173057647
-88.0597472756883
144.574986718857
-102.88317127225
45.2380496634283
-160.169894973258
113.104195938798
-82.8410412905304
166.098734107552
-68.0804242663527
142.237149836981
-144.635504342021
50.8004001885858
-55.1774475338379
104.246473182161
-121.1123118989
115.682194371945
-99.1903992566597
205.424540553998
50.5352152091277
167.383614453984
-48.9795975820981
65.4640603314017
-107.621764416995
153.241149274785
17.7170315667909
76.2249873147047
163.281917780666
138.989493028302
151.049343254356
138.228114782631
132.106849296263
187.309466095328
99.4648161809226
114.718058502046
13.452533848517
149.823134807716
145.844120454639
153.753809166811
113.064826797859
70.5740784323643
109.824986075507
140.685104449822
198.161636836255
93.2900753659221
35.0485438927735
48.5332493047066
112.544195538865
100.241514980988
95.0712896973574
93.0618507947695
171.436520869299
32.2937292308011
140.078146775261
150.708193861123
49.0630316974587
-77.6278027018086
95.27425102723
-43.5150068274779
-119.608619132416
-120.408799856085
-87.7596745324759
-77.5360492882503
-112.23269229849
-77.94926411078
-272.427516821203
-111.251737018077
-140.818677033465
-88.4641534096721
-51.1297415719353
-58.5658815658673
-55.3495327639312
-72.6394272719805
-100.905939441166
-46.4507454745841
-250.532167787651
-87.1037865025266
-30.4570882339468
-40.9727712927369
-75.0513602525841
-4.73351510237616
-53.3941894611463
-82.6172302745891
-106.518479960708
-61.8489335147381
90.6738142961768
19.8490836295695
107.826959752344
184.124833541932
-49.202848516084
110.149763618086
-19.4972909559026
110.011965454153
-73.9082875670397
142.045188306157
-190.120350642075
101.720133997412
-68.9446760275272
114.324745089005
-31.0350532927195
131.276600890083
-50.0269232319365
101.830979464042
-59.9611917263745
153.393931055769
-124.053607490576
155.929763510091
-41.0223459305977
124.48029839005
-21.267234800463
179.472864783774
-45.7986182578393
78.3447328338299
-5.33415708435766
101.131237010597
65.1819193152662
-13.5807875824614
42.9695501235925
-77.995950121622
68.1509127469081
-85.0791080181888
47.7367956019287
-52.5596846316998
143.82728792811
-17.8501323164125
72.0882203349132
-11.2170574140535
142.912341973573
-123.44817773803
72.8637944044088
-107.841054154182
52.1552603187627
-62.3868448725639
107.819247826749
69.4661352036543
66.9169694790959
-11.4608006604554
135.845751338758
-18.092559782791
91.5432811627785
-14.9166090998369
84.8044061675194
-84.3464030762299
252.675302887137
-45.594386575558
29.6037255182373
105.578499856205
60.0327721529679
28.0936452805255
102.381643828966
59.2366361252251
115.094881269162
173.196057676683
-42.0648095570328
149.859351800251
5.82752581886483
-10.7608527966886
5.46083089606879
112.004083980375
144.49782202454
85.8251610795236
177.635188288903
239.701121487228
168.31697753587
126.121962556096
93.4863879131685
136.996684317284
212.47722878419
98.2382026386436
182.288868167629
77.3733256130139
43.356297449602
142.644512958063
212.04037388001
90.1986135039058
25.5151957455637
44.5956042110671
-25.2300177739065
-113.850753687953
92.0653957341687
-74.2235219268959
106.444928465087
-82.9172218825545
146.99203013811
-59.2860636815126
-19.6153206515166
-45.3448493899323
149.881837179915
-76.9618866565095
108.054259948757
-75.8587163309768
112.159587829509
-49.5650628819788
120.707854807893
-14.9548909230804
-47.659963151909
-56.3138120037068
200.268104891407
-76.8388675705815
84.7749472294582
-28.546052850039
85.2365681841599
-81.5366447316896
69.9294986056142
-35.4228232740538
-45.0431512314141
-8.13542821301302
140.835497853932
-19.0381027513274
88.4007055313774
-32.6288954568351
184.947867306418
-35.142099168185
106.852653194431
-5.2026101341792
46.7527465430549
47.389021857413
122.220186286905
-74.8265946747273
121.314871098685
-94.1148699873738
105.10863796569
-36.4985250674425
59.8236659239474
-106.978746409261
25.9882638983914
-29.0123956683319
119.453672351674
-62.2074087400204
172.727467250454
-65.5490059859726
112.512357736938
-42.407587022509
16.3842539001556
-16.0628968666234
82.8675437023873
35.1214176241699
183.480804303326
-164.106582633867
-85.030918228525
-13.3438913802339
-102.351905422827
-89.2821869929805
-22.7813561927243
4.29358526381648
-193.615793066123
-50.7763910161028
-82.8444385712743
-42.1135974991419
-164.906943323246
-134.610625035087
55.8960290474086
-46.8236908380937
-89.8859809742269
-54.5556932825809
-83.4617230973013
-57.4448398288607
-86.4472502949383
-91.0935920155664
-77.4710744110813
-45.7015703094901
-37.6018211996594
-89.4288411679975
-57.1767598991692
-5.9050354933784
79.3996898226142
30.6252261993489
150.002225183919
-105.933998888676
-127.142088547591
-55.1224433019496
-68.2296294709428
-96.3845801101178
-78.049238390615
-65.3603614032307
-195.320913477713
-127.690371991718
-88.8015381700818
-107.778837506145
-75.1455184529901
-62.1452369656067
-41.6251222011017
-39.6718638353173
-53.1446397862286
-72.6263492939791
-263.155807384315
-81.475576701028
-72.8410832366235
-63.2361668168478
-13.6591207535563
-53.9353194738007
-138.336758075497
6.10076622861204
-74.9185406689827
-60.5314523938058
79.9557703951523
25.8499848602877
147.447697830829
105.857180823918
1.86915436566446
133.710919697548
-44.896293205993
84.1210868103787
-93.7419100089059
73.1207486620621
-231.746734930536
64.3872915743223
-113.991735893653
91.0889891545386
-32.1156620397417
98.493136671749
-92.2227772441517
82.8677799222905
-48.0242636487815
69.7182791078759
-142.75845227939
156.139916813131
-98.6839714684887
120.577580057469
-62.6407634256582
163.401876328424
-17.3065867613043
113.220051663458
29.2166146102888
84.1573615822367
26.9902196554932
72.3729223276935
123.43966720343
118.759715711481
-121.438934364178
59.0180250198841
-118.059032024606
110.281163649002
-84.9817809042746
92.1602338819836
-153.109188921057
133.33548801295
-218.545032552132
181.072037025994
-203.416510473082
173.164829093961
-176.619460306755
187.060824303398
-69.3636505558838
68.7005818694013
-160.544436057149
135.432747332284
-140.437321166366
47.6880504443045
-54.1398784876722
195.247272937146
-23.4412259580186
159.146449289473
-131.579812390962
111.919462497998
-20.6113271065129
-2.19498350193506
116.079150010377
-81.4072249667466
-74.0115140013264
-114.553332806223
-143.015983441879
-45.1331829024272
-108.895526377332
-47.47454442559
-235.76235202827
-65.3900712054388
-121.005340150187
-100.576244222719
-129.507022878416
-63.0386721694388
-171.219469909122
-14.6292626916369
-139.00456314812
-71.8995230302344
-276.297595276758
-259.186073625032
-67.6803603921529
67.7906274204222
-134.362593882187
25.2034440372437
-118.535728421428
-35.2043850772961
-25.091255812537
4.81152718265911
-19.0187232173174
38.7067149341316
102.059440830218
45.7799557422157
94.2560487587149
45.1872514151423
147.367381423444
164.636354844634
87.8580244436273
133.278655478145
28.3921306036541
114.953058826939
74.5410723040587
73.4925125607099
200.395222617097
9.15966022891234
102.267552606806
84.9379171849456
49.6048196093086
40.8683959202897
-90.8444009250437
166.89722841356
170.500658360699
141.701926732812
122.612283835104
111.541798585135
151.767810283346
155.517179416986
135.845819601298
38.3482669019767
8.27454194490117
61.3069020330081
155.933385442761
-93.8964223834446
-7.25299446506375
-91.456474754405
114.175315019403
-49.1127659647382
101.316653047104
-48.0145513947001
54.0212498637693
-61.5290419676159
120.635353206984
-90.818379352182
-8.00415446780385
7.60580931399511
171.255684534183
-70.2847066062155
102.168312467647
11.3521275618915
86.3878636370569
-51.7170862218944
159.907763979068
-70.1045643334926
94.7898517555658
-9.85615747917001
-14.4890872048429
-25.2287336166633
11.7877526937666
-74.1012145345094
6.14414509701306
13.8801839760302
145.656689266183
76.0633044327919
105.524920539896
95.2005308279499
81.2543455164443
-72.1349351211364
-10.3020128330436
15.2470893663092
47.083148397192
217.231206939513
