72.8768293197745
-184.750100114903
74.3928309391399
-145.417607977772
-59.9440204606826
74.7562247853604
-55.5448316053085
152.632580572769
57.2473511428405
-53.5270131906509
118.561665132881
-109.429511414576
19.3465255321046
94.8902941062809
52.4961679380487
44.3450818614097
-33.6932889034593
-194.827723220014
92.3773184327907
89.8929385333546
151.59162832039
-39.4799015995091
23.6584469111657
-58.2016471084774
20.5955546344698
-83.7124416765498
-66.2093645235541
-276.185053452214
129.831712633761
-38.5345841922635
66.126064674673
-79.6517119378155
110.022552761265
-69.5073815084652
87.2225894030384
-46.1533076454659
-6.48166589921139
-2.89534509567602
60.4295899192761
-25.8240492838451
98.2602793740169
-72.8481769670921
31.6782685975515
-77.2002280887227
176.072340783968
23.6344236437359
-245.74800766401
-33.3481051964011
52.8231771683605
-267.324197013654
-77.847731844453
4.44013043391588
76.4648719530648
-180.296009397768
-19.1462399505959
-2.70262687935876
-126.327460096981
29.4248689370741
43.9228455203891
26.2931097233738
-21.2666605092933
-101.00105134273
-55.8280794505789
-92.6441319950287
39.6064734752163
-66.1819658237735
30.7913969860352
67.2837463778695
68.3019526527194
-103.061805760852
-4.73585450937274
-28.8969712708408
83.56360938071
-73.8804869277189
-8.26385530002311
112.787259124646
-50.7413695562497
-73.4432567720965
130.901645960356
-52.621097913831
37.8375208718517
-2.06593367927894
146.56656542475
-22.2075180379566
90.3983038611063
-114.75050371403
32.4946244688886
-32.5489592607564
88.8621879834552
-155.42996142693
2.6686774760428
-50.8503195969097
50.0688343641369
-53.7606885459385
119.896033791291
-178.048772248059
136.460172431145
103.580919474095
43.4167031067287
-144.404230313984
30.4061462839009
205.354053127845
216.430773930044
-48.2740389808304
53.897403306286
91.1116785603016
124.070230132632
121.154271672133
204.318898740636
65.6114763172608
75.9544157816437
-16.1818039433122
165.009658750771
-98.5317049330453
-0.472456519712916
92.6877708144449
95.678384809879
95.6605259619057
144.663982296422
23.2901253660997
118.81809195004
113.694736787806
-34.3008697726712
-36.7944899464763
-104.770885481048
-112.792857019383
-77.9590886721388
-148.691889342814
-206.014727434675
-212.223704459855
-145.572109074322
-283.812069204967
-47.9699718905902
-195.058289073035
-236.865733147633
74.2838290760417
-120.478643502376
-116.143631557874
-61.3042981546485
-53.2292450531643
-64.382435847084
-74.742773204933
-151.601231004066
304.888048687161
-67.8406672269791
-148.179930685841
-107.929989024537
-181.430322414968
-156.690851359452
53.2914725413418
-67.5537815023614
116.901416171035
-106.663339616317
-146.316350937666
47.9364748035186
-11.20129615616
75.8286852299676
-138.547234919222
-84.699999624252
-118.629342243554
-108.438741964446
-146.199863792732
-147.839068879284
-40.1860249969422
-169.886519639701
-67.9314179249424
23.2925359307261
-96.3197408246166
3.69246096840942
-131.701883710859
-103.005461190399
-58.69308121822
96.3572501211603
-169.639395567308
50.3418220001129
-29.8049758134129
-117.535764552584
-91.5083191766585
-54.4376484949437
-161.956959494072
-100.803737435133
148.155214255929
-82.7767986602545
-8.13393878978798
-99.21279146138
35.9820688868686
-111.703360679026
54.3346843450358
86.8087980305954
-76.8479724804783
-55.1292708288876
72.8673957602331
-107.743647228435
131.565801143487
-4.57829271751897
93.2714794617476
-72.8289534828075
84.1217059952175
-94.404793168967
-9.26254889348836
36.5100669638225
159.482993190429
-81.3781611523306
65.9429908192883
15.4171055823394
-109.686028800121
19.0668873143999
110.929510945892
-276.019705665167
-24.3421695748273
83.2533276779315
-65.715758091248
-161.435380130185
-59.0002511230144
-142.515409677317
-159.512532861542
46.0099401370169
-61.6894611756922
-64.46023211165
-195.172181934908
-97.8669563697918
-164.082478524362
-50.2625746784874
-111.099546423565
-1.01901949112128
-81.9558696960654
-69.2129798016989
-172.115052390377
-86.7883277157209
-353.220833471886
-146.815784109983
-169.743947143975
-135.031052596403
-88.5297997681589
-201.264851140941
-148.785754175998
-86.9283844962869
-134.136429100512
-81.0516946544207
106.176101010595
11.8593830318879
169.523352366036
-39.1221814787756
124.158892056239
31.5347029300904
62.119225721676
-100.86983208783
52.8614779468411
-159.073838802301
32.377867540893
26.4758636951166
182.282632474715
-127.620345499875
56.9734648107868
-109.952955548823
159.009485410169
-142.719304179251
108.62474157798
16.7293946247244
110.42911865802
-221.427128444989
-3.80203407687664
-63.5102344601976
106.080719171004
-146.957236938126
137.550491184904
-101.550144698095
128.149588841408
-16.3843179703384
49.997767064463
42.0454802399738
118.748782143312
109.270384123113
163.212320850076
77.465932349467
27.5701439460834
123.335062724441
64.8862945245773
23.1007858276983
-150.164419644138
79.7330886583074
-38.3433788840649
149.288472520066
27.6462427743736
100.315088556665
123.112727173383
251.416931232556
18.9249533908177
190.310315562777
42.4765580780858
-45.3398342906168
61.1581544203065
79.9177446195261
-9.38015870475919
182.019707152726
178.970068185129
4.62162224202456
35.51318462568
152.873348926462
-75.0445540860216
-0.715641122652105
147.565282973024
23.8631654927799
-139.980100466235
109.95622362836
-178.9541568093
82.2526759172952
-118.303189467479
-6.57422868499585
-191.936208445246
134.251753721198
-104.286173997865
126.952700190754
43.2665890918025
90.7307037355193
-42.025859149338
137.9315367333
-170.042896848264
123.597066293418
-270.690077034964
-5.67003558315318
-110.409470858684
24.4298820913997
-136.663939146607
80.3842076129582
-156.117545900647
65.0975767477999
6.2468550494648
25.9384646091648
24.4650571609164
83.9413162619288
108.4457739337
65.2093441231612
-57.8620057187638
78.0903742384165
-87.3339167655533
69.8324901783328
22.1089273172173
107.956917899281
-213.389472673213
196.291483951918
-26.3465369411971
103.936984563774
-45.3647787538759
57.3706895223956
-140.212369509534
-122.131122665891
164.195704729085
-180.651192085832
60.2973315103605
-134.417358799168
91.8407838652416
26.0388039917149
177.976630050692
-59.5174528379922
67.3795272695142
-27.4962050148067
99.677038266816
16.349259735076
28.3709574265641
185.22491135749
-114.71817457934
9.16650701941625
-34.0032708953959
107.112411481026
-139.613551403484
136.725821967151
-60.966977555339
-28.8145991261385
-149.584582742035
71.7985331451279
-30.7904091961534
-41.5898341733426
-208.950190038723
50.121905111773
-69.8529667463524
76.7520645835747
-129.247206937126
-3.70457053154044
-155.2709304012
74.3550295666293
-7.44348353680354
48.5740291380157
-20.5745194808189
208.632310685678
-66.0568797318364
101.103827945406
-4.76765187767534
-98.2340303831385
-21.5178183883275
205.455418509346
59.0846846809566
-24.2733181029174
61.153770635874
-57.3369736756294
69.3265836152337
-95.3390890690812
31.4453630105062
-119.072746734021
106.009702975361
-90.2693463091233
36.9769833781919
-12.621180311109
127.258900269731
-157.4540833112
107.460912014317
-37.9595824174838
74.69805597983
-106.755442027741
130.643161400067
-62.7587568737123
124.728128802121
-44.0862607032792
1.10197338868646
-124.820738153324
41.8794968970577
-157.150899223844
68.1291485693332
-51.7318819209148
68.979177945695
27.5370593041549
40.4036037346912
-54.3295145936622
-44.633971814544
-105.393744068015
145.71134877061
-155.94978968048
58.5039347571185
-169.178118034664
34.1130469948904
-198.969399010729
234.111573219129
-117.049421442499
115.219884705925
-172.81853001934
148.971060971233
-43.6782132342757
101.914322148393
-143.027250524835
89.3433921431043
-18.4534321677754
195.57387853432
-20.3137216702633
155.837484341353
47.7091125350727
160.858814757418
-69.7210672758309
86.9846201185591
147.759436509588
-30.1702088645042
143.031177187813
-31.2610518515945
71.0318563405472
-76.183655006821
54.3902294971751
-28.6600040824966
-59.8368385571988
-72.5077006374138
-30.5776013429526
-154.780977579783
95.7464884210606
-14.6278801183583
-37.2098159463961
-62.0143119713343
127.874358489343
-133.61418576745
15.4425374166411
9.62253962990184
-30.1649316514518
-45.1302662858631
70.1369521452309
-54.5817447460581
81.1967641517912
0.595321885593052
27.0730652933317
-55.1675946527945
30.7338299594354
-191.005735239246
82.2944949921826
-13.5740207867636
131.880478966106
-136.041464154024
-49.6742652179994
-130.366125819792
-101.460518503636
-80.915233390602
10.7556735553894
-106.944357365336
-231.886598545008
-71.4000706634705
-150.212870737083
-38.254278659775
-54.3546846030183
-45.1778219704473
-136.350969672987
-70.450973618523
-115.060978655899
69.9196870244991
-102.723979745315
126.7337460759
-247.924542415935
768.817356670757
-195.3796915087
38.755594125257
-329.204434947922
-377.387896363011
182.657342169016
21.9474103564768
9.30287776433421
-51.5774284446539
137.802370046032
82.4088395456007
-149.132468717567
164.03738045283
125.759424606123
52.0965810340926
-12.6707286340271
162.580407728571
-263.989470148427
83.0796843161039
-47.424683756895
121.889415642558
-36.6550956424325
86.882752887184
-120.908083338075
209.119750578115
51.0340339272598
168.109950169703
-109.252812654935
115.007445025366
6.33116132542404
111.756913342768
-8.29954565664163
147.780492810493
-66.7776268893444
132.486436873526
-42.6471601935818
218.351883822239
36.4405001894971
-3.82940535995418
48.9823640260592
159.801817300212
-182.497096638466
97.5703862628944
-112.081547411019
82.8171386440399
45.4304871863367
42.1773359000136
-316.946753977217
199.336309114378
-129.699277362887
39.7369762502016
-160.649997919655
86.8256312068557
5.78135684329079
51.9167406329735
-89.6953644881252
128.573461631819
-195.936345058364
73.3162731388561
-80.311965125698
112.106430367147
-156.793620998556
42.0659782227527
8.70716954076553
109.585270734596
-87.152587439499
60.8614354974112
-44.7601897104976
-56.5047215520739
-11.2927762733121
51.7313386450857
124.566141247316
202.26718739504
54.4168057645324
98.7450336984411
71.2660842526512
229.584294573954
-20.1498486166718
106.840133753684
9.84230677749772
106.715804769738
8.53985625731195
118.54797580072
95.7933615694309
121.134687670206
20.794919458555
113.922385251877
26.7910173316193
106.977089146015
88.0325641934997
125.48572282711
2.00643135435416
330.252116972131
-24.1204910558855
227.985526820671
-27.0117160809563
188.1163748726
152.328153517087
-12.957614815222
137.681344092817
-72.7125090124559
130.994462206126
-147.12965803836
-33.8901263902132
66.2066681075135
41.2904460110241
-27.5614328139886
114.777407339271
-89.2567835606056
221.274361052212
-101.281259088075
-1.41978115136094
4.64752663264501
127.624687720168
-136.467493985944
0.457300327944566
-2.20209315196301
38.2529276552184
-88.2440807801309
251.686053469824
-61.8623668255646
223.943722687285
-36.5126697536781
53.0512221991927
-21.5973699111488
22.8626018911151
-64.0725221712352
-32.0800171913866
164.083043145844
82.5767078287857
54.4839695918072
-96.5568149821742
122.496108932807
-215.608221108651
169.824763343728
-5.57868189131629
58.970925347389
-233.255107890991
37.2620478979882
-100.241702142092
256.584387724044
1.30217292169418
95.4682474335983
-70.4915726956386
144.004310036808
18.4828501437743
227.145104131825
-176.391825504546
132.35501545663
-153.076627296746
-23.8198126396148
-71.7566254627863
145.952511523829
39.6954760053361
8.65795067850064
-154.703401716133
83.745158645455
35.7032693484861
110.863652238662
142.874350551607
-51.5026583124094
-21.7465722665236
-23.5893202070794
-111.837338369673
-19.0888616410957
-48.3537576277348
-99.5610793571637
-170.058516002738
-91.2823507521311
-123.68794539992
-71.5013692218395
-120.543246544636
-82.5810295586029
-73.2170160876457
17.4095653517335
-41.6370153034846
-152.262334386643
-111.901002916422
-20.5295109671403
21.8761100901041
-2.33000942416813
7.36838533122198
-44.8272126310765
-73.456203496872
-133.836091049582
-69.5043243377802
-134.467857894273
81.9097522512451
102.802575909406
220.541965008733
17.9807022447156
-50.7341902294283
99.3846723993483
-120.05726623126
106.342534334481
-57.017639437511
186.534493710801
-107.108195109968
52.3897685021498
-53.9808588637255
131.599713753254
-89.4651793702314
177.638296040366
18.459005594571
91.0761920149921
-134.562466023994
45.9659796853249
-229.865581882324
253.56415658415
-41.1658701422974
69.9313726117416
-57.8611066206107
106.132316655973
-187.51119780735
109.157045838025
-66.230058989695
92.106248366769
0.577667242718604
99.5673374277365
-33.3374349706814
33.2644000602843
-41.5348290934886
-101.782221872457
36.8796189210615
0.404132934959382
219.473944036492
-50.4917838866633
-77.6050898350134
-89.5741606141003
100.186434869998
-158.568720988475
108.731179765654
-0.522073194856485
279.696097256428
-124.637393926446
112.673680926725
-82.3241851397077
-68.6969321862081
83.071043838789
42.7481224725988
44.9694341897113
184.380995194186
-99.223933076479
122.909457730556
-77.0668414609404
-29.4091833291031
-67.44482158046
88.9518940235419
62.3041048285115
187.744451890379
-31.7618607666031
69.954280134262
-7.67512212019799
74.8461735103901
-148.390404022019
20.3177675058698
-64.3376134129769
15.8158307797698
-63.6456686070787
-44.4077130960991
-202.830019702751
68.2959981068141
85.8832846243167
-82.0297455677736
-172.092352894679
-27.5546160932767
-18.7235158335932
-98.3730805005808
-87.982404609962
180.71998876743
-27.3123029298778
69.1967505962424
63.6226059062053
64.4916750800635
-78.9848611579646
70.4700404897714
-19.8546933437296
68.5375884108427
-71.3137956075018
81.3638159269435
24.1354582647382
-118.097279577581
36.4860470849985
-88.3838946168965
102.812973827864
-61.4143990364156
-13.7755649391007
-209.794543351589
127.840226888008
-150.856286111231
89.0870820086775
-17.5199896352307
104.596636961166
-43.9068674962699
76.6843457391558
-102.902407504649
124.62044248417
-202.888377291112
91.5579770683126
-100.638128659382
203.871475628695
-116.650648729386
34.0077833227294
-30.6626420509479
176.614953594903
-49.720035740745
71.2811785457134
58.0446848166949
8.4340977569556
152.672363694666
159.12882053655
125.85916713225
143.492151675264
96.0666350196785
189.575664226636
123.625189565662
16.5552981454474
-137.938132061077
119.9241686595
21.0876808559114
48.4486511324775
19.4536916594684
85.8281108413595
112.352474072591
219.427390955932
43.0734231047037
146.898466035713
10.3620029824638
220.579845388955
13.1254194844322
-43.1597069206038
72.7631301234375
-0.369569472897098
222.268191629078
76.3567889340309
370.775853224759
-197.013957420544
183.372949155668
75.7242119882628
26.4163442948491
63.9943114869027
-134.706330111189
164.593310060921
-102.663905997867
224.23313854719
48.2986215493219
178.543604672546
-183.522293984845
177.346483038547
-85.0028311594921
144.444382515873
-138.420284580241
49.529964414766
-4.80952852564404
270.443513472081
-92.2665102748788
109.563220788458
-258.324740033293
150.57989711159
6.49003436113585
294.433813091806
-65.7924347992517
72.516939854524
-116.550167860919
82.0904451278829
-83.1532583339119
96.1594161172976
97.9504267644812
38.762641764663
120.070695844387
-55.4679579206744
-88.6981268170429
-45.4266985980563
-78.7012352218998
-65.0496359509146
-92.132524505411
4.98348118257476
-260.233115384927
-67.8210698725109
-155.264484665524
15.6816257097299
-113.057822105536
-37.3166996650578
-101.622035096171
8.03243419520285
-79.0361552081893
-119.876334508202
-186.551646823775
-137.258236551919
-89.8039533852241
-87.3956342114994
-54.0732227161855
-60.2827227653697
-100.142640148942
0.396767622787825
-59.8031140208474
-30.2580360969845
-96.7958945926089
26.4273678726567
248.392320275647
-115.132624964912
35.0548092833774
-202.399989013449
-71.076609080449
-12.6553778525709
-214.042042918921
-163.853409619211
-185.506417833962
-38.3652724004159
-42.0432036484713
-69.0248319663395
-161.681012472057
-93.2977359731543
-17.0724008916739
-18.4555096048334
18.3683659685583
-37.0734294682524
-189.417571136464
-121.109239674049
-116.676164271194
-54.2853706096261
-169.106729532643
-84.5172744452439
-11.9572866807686
-90.4953385026119
-59.3971228493625
-47.7969943239133
-35.2363392464269
-65.3233404503678
119.624218173689
176.53880436247
-117.532695604587
139.04122675951
-121.422496040222
33.0250676370294
9.8177593063587
217.148248924348
-221.494362017062
149.65607492659
-75.8358392060161
75.3239750827988
-4.36955236802132
200.160527216234
-148.215705632031
80.7049519796088
-132.316711613386
-19.3299580110836
-284.914551257679
154.118113900691
-62.8647880040735
140.391464267744
-87.7931178232431
144.101411904614
-45.5431266515591
102.23294462969
-14.1113388597779
61.3038382898363
54.4548306317399
43.1570811360277
88.2517506555682
-83.9007163976952
-58.6734200740477
-91.4231242093773
-124.782611345546
7.69354672514194
-162.74437975991
-74.3398494873896
-176.312431903326
-135.88556149993
-56.3188750171308
-83.7418758576843
1.74952405749266
-0.571278001613251
-21.0994601615389
-154.763630837248
-123.477825440309
-44.8407612832577
-249.770689291132
17.637052296683
-117.69799897952
-104.252376033401
24.3331344850006
-79.7093592099254
-149.120047236544
-130.399287662842
-19.9270634534352
-99.2200483718845
102.22964213872
194.009435902117
73.4586036483369
4.81994211500865
-116.36556408977
-74.7816002090778
-44.5132801924851
-35.4457299923502
-15.5608028134571
-47.4342537170017
-95.0272734305384
45.2154708982221
-60.665712201441
-55.1393965883139
-167.807462144932
-76.6410191787741
-23.8774061254136
-90.3149628158733
-109.165713895017
-143.87986177297
-38.564405244536
11.3857736743984
-12.400027744548
-101.660176588294
-124.228791240083
-56.7203314234995
-131.874701144701
-25.0701580811668
1.71378857343135
-77.4156624476903
75.8173327681461
97.4040019495692
-15.6699161577573
144.390851584641
-118.993816569717
171.705526494652
-73.4820244011469
155.289419048618
-105.328574809413
73.9962285773058
-204.583592957201
-29.8329207997356
-35.857531258868
32.4718345840021
-113.855560776707
136.083218521028
10.7002499568512
77.4009579696633
-94.1780336532959
132.210946415143
-89.8393198703001
107.801477840765
-35.4889930045181
82.2156919254545
-70.7588300421222
112.279121370694
-94.788210487755
165.291462687725
-198.073362150203
86.8015683134921
64.3387421622545
84.0743900758389
91.3636481927734
-74.3463726219416
-89.8148707633665
-64.0538630174544
-94.5443222315509
-26.5798005982935
-131.376359958072
-83.6419425482932
-198.026462905367
-96.6599474847865
-173.225069180997
25.6324152108735
-78.243948336391
-13.2913768266193
-78.6473680452874
-4.15917273544169
-101.640277768906
-59.949090185208
-260.067588825072
92.7258973674049
-204.001335072002
-170.004838557436
-65.3736972442689
-45.1224066720612
-120.351533216316
-140.852873338203
-192.949624492756
-145.387469585558
-46.0205982365276
-80.0368987279453
163.653283617842
76.1262596567098
-112.048470395188
94.3408393713224
69.5317277237772
252.771592793539
-6.73934215298988
50.6462466476508
-205.880420368917
72.3971068302754
-110.475255304363
114.314826021954
-45.917183881626
115.582192664869
-26.838146160959
121.516175950981
-37.3849732471484
67.951005958908
-199.206558153246
214.791262980909
-47.8242695429041
125.95575382957
-109.084189446067
162.072880573251
32.5671917061311
4.65769664933163
-94.9578410852822
144.727099953926
101.692107230155
103.984585722666
797.760478199875
16.6772891147474
-138.615784544532
123.812336933515
-94.411490642139
343.998635338877
-48.382577348603
-119.222389038712
-908.498167352878
-106.650980747909
-55.4925417990637
42.4494982130274
107.849939328446
268.035703569998
29.0007273195892
123.491972532212
-61.2759530464088
116.880615236129
-140.737885177934
-36.055892316664
-12.4493863385196
108.402303204062
-55.8515801982709
83.4517411283114
-64.1530312708943
156.617279578503
-216.187510464968
192.85926465064
54.3250515304846
59.7386553152798
81.8078667681937
53.8641530625257
-141.195910745918
132.383182957675
-189.044391267669
74.1755234423814
-90.4541501266802
137.315185624342
-156.678439892961
161.213139333575
-65.5572835687649
170.774081890284
-211.83252430986
111.188265508625
-81.496807434544
117.139518283572
-96.8586947708372
113.413660427395
-230.035620084753
64.1417826580505
13.7861060871236
132.335191616686
-110.935686358293
85.5286200667133
-84.9531059677039
140.436631794863
-79.1701490739074
162.162738728495
-8.84977574688602
-61.7574111075964
53.4546444343449
118.819068884793
131.34690844565
107.31077654983
-23.2626174966699
123.464194773218
98.1378733797331
65.9788764787147
25.2101180561818
171.646848530316
-25.3004332487764
230.425215857059
65.3233418052196
44.3709353767505
122.02490656448
87.5367237758472
72.97793379718
220.03470930772
-13.0730417364152
236.870382421542
160.463633803522
188.432799052581
126.029503694173
107.564793440975
84.0242664094447
63.1461936605191
13.172510232189
94.6412625275251
5.68562714681444
30.378009349838
65.9741140548212
-98.6421697266674
-81.6305742202799
-108.256490807511
-79.5634747860538
-193.84375547061
-109.906777493546
-164.486135082121
-197.390125345235
-182.719950098368
-79.4988966068995
45.7130450233131
-146.409768448344
-57.0747661235467
-75.7371212751816
-92.6827590376241
-67.1350272033384
-69.0387364917104
-190.160850028021
-254.939869505556
-81.7757388391954
-80.6381495019599
-116.422197003044
-36.9456120744788
-26.698100323093
-118.992783732565
-21.5686558998813
3.72210400422193
-5.33686495838067
75.4799752502159
94.4673425855727
57.5934106880436
-37.5218681334879
141.557709810281
-52.5427924226194
180.962180397864
-148.395318364437
158.607546874129
-220.064462924574
113.898113563249
-105.391063985571
184.524850578113
-66.0833916766117
113.500716229249
-85.84484652902
119.950877966816
-67.7914071266677
143.908937203692
-177.29203794948
87.3981974706909
58.243156492573
136.032259710238
-29.6434602150796
141.515035727928
-67.5473297080287
66.8946723490056
-96.8582305762182
114.085013872837
-49.9399633380716
47.7521065597364
45.4574203968724
21.1744442989554
139.490504555426
-88.3708641853609
109.429610057655
-23.1506851266868
91.4916653876263
84.85838631066
-33.3663355449866
-48.7686515106226
170.854029816454
-67.7218726151977
94.6298840686694
21.7818386494811
99.6551733197326
-110.272372578568
123.062591742893
84.9191671542163
45.6527273561742
-77.7325434197795
191.816813145954
40.4440879904141
83.4430722851877
76.4909155176537
128.876088627872
3.24786619559305
145.690373555246
40.7601778592495
-37.4802683906093
167.401226564151
13.2786268004922
51.7013549585439
204.206349933305
-21.9128540384651
149.613474195424
114.068409154235
-60.5219322799511
202.381344610278
-6.92830047466613
-91.9885873894647
-48.9140359447592
215.077096287981
233.648453649072
133.14802619562
133.183521236994
122.142349166592
130.544843286013
66.5133097811785
106.952320431055
160.63759862135
146.010333167775
226.651822049287
250.610656082512
32.9790864225162
19.204345070654
123.508294415656
157.622166231754
80.9780206078146
-82.488859261345
-93.0137852525525
63.8305712781988
-131.603363136092
116.025452438832
-150.699866427657
20.3491722356706
-63.7705080460629
46.2636529023987
20.1739177517811
-2.36150864480085
-37.2571726252845
161.601626124285
-133.786283984292
160.151595980832
-150.440330710128
134.08803929966
-77.3986396217988
97.7046900045935
-94.2333195704176
-38.6345501483694
-6.154727981823
54.8714913431327
-44.3538599676809
153.287716300219
-104.072773800792
154.894510724847
63.7994735398147
37.7453270734011
-89.4689693527531
62.5349934003351
-33.0867477193761
111.264556268173
-110.20819859652
135.307477373267
-117.902513581044
90.271048679008
0.997323535959829
96.9247073401562
-91.4234107919032
13.9808414632872
-126.055623754158
76.0153889492051
-124.625445710245
93.3004955871587
-123.007743012986
10.245927475584
36.0125963384574
169.814478486311
-132.235464544459
26.8399983477678
87.1139616861601
78.3257647389694
-84.8819753882602
72.4198573234696
-19.6860880887905
142.822178662267
-47.416746402891
171.481498617557
-184.531166094054
19.0855973369127
-0.085638812983504
151.561352848009
-138.308197806152
-84.7697304618616
-101.213969308835
-88.1194808635165
-30.5699399643554
-142.254623045864
-70.6439959199075
-140.820646730742
-21.9910269991748
5.61893135480595
-36.7703979850481
-47.5857241975676
-1.70844199689863
15.7925232729425
-75.7750735792565
-49.8344656462729
-73.4704883462244
-165.926175244631
-19.4507775905617
-93.6484312122027
15.9955253408872
-116.218467676023
-29.3679976264586
-33.8032091403777
-243.698893798904
-100.446030142207
-47.7091481533596
-41.4988118471764
-51.1271568613126
152.20915200424
-15.3709942961887
-69.7336588415516
-83.6776005908574
-59.2134900929412
-169.204064995177
-101.047813850822
-101.629001537414
-291.83051733301
-189.373169870615
-78.7996120421127
-98.4750965957227
9.18883949986134
-144.786487305956
-134.48182608651
-21.6766131589027
-63.5515874630033
-92.7898680157392
-113.854136182537
-107.110542586067
-131.170138981513
-132.926149505068
-57.4860475738525
-115.531551198956
-91.0566764908394
-46.1938429725043
-132.572683503699
-134.666839790872
31.4129164832473
18.7950944357459
68.2532100086349
185.621486240696
-42.6130551177906
51.5855474990997
-84.2070790193359
95.010048235784
-7.67097804892015
68.4849018143148
-198.703575231819
192.124226209636
-11.860127317323
110.104870237754
-87.7581864426897
28.2435438582929
-8.98787354001615
160.663431684887
-98.810382647746
172.130863320205
-173.937236864169
59.736022302047
-97.4024431830512
86.908488243426
33.8277545547915
100.841446175229
-76.1850571707103
195.423803484164
-26.9228975923745
115.425676918071
64.4408612527333
154.09382486793
193.926103863299
90.2702550366752
-13.9883846891238
220.892450362697
-176.566537691204
242.378787916867
-117.480185624757
70.1994895363112
-165.905530812388
97.1440989189374
-57.3578772286695
167.722906556282
-157.859827501267
87.6445993950955
-104.563148834779
195.343628754426
-129.356024688613
244.010365069202
-211.652784129163
160.658213520781
-106.140929243689
95.4594092300458
58.8046486025035
143.626688167537
-46.4254804131951
71.8786957850348
-175.70891763029
36.0931669238435
86.1955430500982
-48.5653104395906
107.351001977428
-86.9084958232694
-113.746865757624
-36.1411326184311
-173.269604425315
-196.302073806371
-76.8855863950694
-67.2514689345984
-258.805152251509
31.9558416931928
-105.446126686359
-72.944024073352
-139.807121357903
-43.4611941379031
-71.8311087416829
-24.8293859117897
-100.775757751277
-66.729188165279
-187.368875342312
-228.474739683959
-95.5147854063303
57.1461039020451
-74.5311781224863
-27.6300211233684
1.19206988460958
-124.157506422249
-80.6234324533243
65.6987566166341
-124.074018971006
139.63099808426
160.835184747556
41.7991687751961
-18.6858637977767
67.461462624355
138.709467264927
216.600479494486
110.723105182149
125.610700735426
4.68576902766107
-5.806929814596
166.924898488969
93.8853906808314
208.332510715127
90.0435099490695
88.1347160230168
64.4134341584377
113.994392262896
94.6081730635511
-38.9888124973829
52.2503914239931
163.037601120902
175.734095957829
141.052819676539
142.302622661851
74.529446204097
68.227427000644
105.707284473468
102.980182716926
-148.484060429821
87.1159571087909
50.8114110482813
-122.785466393995
91.2483011340059
-95.195608063164
227.850559739572
19.2475049130936
69.8379534938459
15.9974710207144
47.8638493204988
-38.3598942625842
24.3532862224766
-59.5583616329701
24.891312727115
-66.3228066423434
149.032452206067
-68.6738568916622
91.5673223380889
12.9274286160296
-65.6936429346158
27.6916544530528
46.8295815115244
28.3874812007635
48.1749549933107
-60.5171775222536
84.3827783154952
-114.492870925225
125.273146904025
-118.312269066062
-9.1813572331949
-45.2305725414369
111.95139346478
-91.5284010038177
179.117636708493
-9.90224258331467
28.5207968223174
-59.5250673195246
173.298531332412
-44.6378984183496
-3.20401115015441
207.679162487439
