-884
-642
-2324
-333
-1488
-717
-2347
-3253
-3076
-2411
-844
-1885
74
-1206
-574
194
966
1256
435
2317
2531
2783
1314
1486
1528
1996
883
293
1144
310
-593
469
1175
563
1568
371
-1129
-740
-1739
-1683
-2250
-1654
-1434
-1495
-571
414
1512
-93
807
-482
-727
1447
1803
1864
1135
2035
1203
-181
-1309
549
2100
154
-1342
-409
-419
2064
4249
2840
1357
259
-196
-1304
-364
-1121
-1602
-2812
-957
-560
20
-1342
925
1328
1815
405
-800
-552
-542
-355
400
719
2252
2283
1387
385
363
-1775
-276
-429
596
945
-1326
-586
-1852
-3142
-1514
-1745
-1657
-1550
-1022
-270
-404
-1964
-994
-1118
98
-124
-1201
-929
-2066
-1244
-673
1055
1238
-102
-1587
-131
118
560
1608
-141
187
398
2470
1022
760
-102
190
661
291
1713
718
1012
1347
731
234
961
657
989
367
820
-584
-62
-277
-107
-130
135
-483
35
447
-118
271
-998
216
612
754
264
482
-449
-520
-67
413
-876
-710
455
1280
-562
487
116
-483
623
-1460
-262
-1137
958
-472
-1101
-2071
367
-1635
-611
-13
-667
-658
708
261
349
1464
146
124
-79
607
734
1270
2032
829
95
-659
-863
525
-1531
50
-959
-130
-275
-1148
-997
-2058
-71
2087
-258
561
1799
1227
-143
-1773
-50
-202
-1219
-1331
-1450
125
424
-1074
-652
716
358
136
765
-934
467
411
-284
297
-30
257
365
-158
-170
1733
1772
2539
261
115
411
294
460
1714
1838
633
-846
-249
-1259
-279
-457
-571
-1730
667
-264
547
-550
-1899
-284
-424
-434
1488
1841
1304
2118
509
-146
54
261
729
202
-634
990
-311
804
-691
-110
-240
-593
-475
-1059
-321
122
608
1399
1373
-761
-2314
-2022
-811
-625
-1322
-71
-1042
-562
-1466
-18
268
1226
1612
1893
-68
662
1353
33
512
602
2298
976
235
215
-756
445
634
-1353
-2574
-19
-1764
-200
-858
482
-236
-278
-158
945
374
-1342
-1793
-1278
1046
398
1515
1153
-304
746
27
-667
-828
591
-544
702
-585
-192
894
-326
-212
282
-275
-271
513
922
147
-1121
57
445
330
1028
1234
-590
-140
-217
-458
-472
-994
385
2238
1509
940
-349
357
822
2214
2133
2575
235
-484
763
-90
-538
-670
-1944
-827
-778
-1425
-486
-843
-794
-1796
-713
-872
-595
86
-1284
-920
-1618
-1355
-376
446
-429
635
654
-760
-332
1222
1877
948
1560
984
1440
423
785
669
815
452
184
908
750
139
360
-271
-928
-344
-506
671
834
276
847
-286
-909
-1324
-1190
-816
-824
-513
-895
-305
1146
1299
703
482
42
-345
-1291
-2398
-250
546
800
3472
871
584
134
-1190
-692
-1658
-576
-2149
-700
668
58
-781
-394
974
155
-116
-293
249
196
-191
194
-407
-512
-299
-1672
-1346
-1582
381
1378
872
-11
1471
-486
357
2121
-866
1244
642
356
-325
1380
1575
1117
-1541
-1132
-1296
-2160
-790
-722
-459
413
10
1057
1153
336
1039
1574
108
-256
3
-202
-1130
-1114
216
1162
655
300
54
-246
-525
-320
293
297
64
310
786
10
557
-300
102
149
343
-251
636
-104
-447
72
-34
-1251
-22
506
-442
-318
-254
-1229
-741
-1223
-674
-1259
30
1238
224
478
-500
-163
722
554
1518
-46
525
-76
545
170
-846
649
215
1517
1215
538
261
955
180
528
67
604
-333
-1489
-1378
-589
-878
201
-315
-334
-251
-58
342
70
264
-1001
-501
-258
-1164
803
-72
-871
-1749
-58
-627
1480
-32
-456
414
-39
-277
-761
1111
-1148
2423
-575
-508
204
-526
649
1021
-300
588
483
-554
1120
744
378
-98
1162
-538
777
456
847
180
1192
-388
1218
-257
-768
-54
-381
-1737
-666
-349
-928
-2626
-655
-792
96
590
-451
-543
1425
1915
904
1895
-19
1891
909
817
326
15
-590
-574
-322
746
830
401
121
-414
-341
-950
1270
374
195
-1130
-596
406
229
935
-233
-2037
-94
1863
-404
1078
30
212
1499
-120
-3163
-1132
-1866
-1730
-774
-15
-1090
-1636
575
-1527
-15
-418
598
1646
-144
-94
433
804
878
64
539
-830
-513
1237
1791
1159
1273
-184
516
-341
-1568
-130
-1062
160
-998
269
-502
192
-30
276
302
131
-803
321
-681
-366
237
407
814
-123
27
221
561
-442
-1109
-435
-246
20
-294
2128
-37
-900
-847
-337
356
4
-647
1312
153
-271
931
-557
485
106
903
288
309
989
497
282
-254
-723
-25
-916
814
450
-100
437
283
224
741
718
43
-58
-308
-1039
128
-1114
-1214
-564
-251
301
411
57
-30
-443
-685
-338
-984
462
-678
-132
-583
138
-543
353
1585
202
531
-390
84
396
-70
-48
216
-237
-998
319
-1020
630
766
-825
7
191
-303
342
1062
587
942
145
140
-30
1877
-103
1340
-38
650
-452
-1830
-1244
-2398
-1964
-1582
-1607
-853
-1332
-1082
-568
-1139
-134
332
239
2590
2283
1552
1275
2062
1860
1543
-1594
-1072
997
-1481
91
1844
978
1264
340
1039
-135
1073
-577
-1108
-2344
-2409
-2724
-1683
-1187
151
-55
16
801
1140
1389
1749
-914
-1705
-2128
-708
-46
2304
852
3399
2830
3304
1064
-328
651
719
-1689
-3188
-2403
-1899
371
-1913
-194
890
1670
1416
1136
-182
-439
-2408
-1583
-2803
-732
-608
-1265
-950
1679
-781
542
-8
747
265
1550
1048
1604
939
2261
1086
1866
1247
1369
871
1485
733
-502
-2658
-2703
-2313
-1789
-844
-1017
-578
-1534
-836
1233
-702
631
-186
305
-296
941
6
-150
696
616
595
682
899
-572
259
-458
565
1357
131
677
474
379
1139
1018
517
490
69
-112
550
-931
-27
-1595
-736
-126
-967
-685
-1257
-474
-724
-613
418
1990
968
1502
663
459
1200
1108
449
1764
1191
-577
-454
-174
173
416
-712
-2038
-938
-698
-1391
-1106
-604
-2038
-586
-2688
-1555
1025
762
-350
2278
1997
1497
744
169
-781
-1460
-1728
-745
-1272
-850
-1508
-1241
-1562
-1202
-1741
-365
-442
-254
335
346
1097
211
-599
-2180
-3202
-1487
-302
-190
125
2024
-165
-413
-247
-208
231
210
1074
1317
1102
1756
2947
3104
2950
-658
-197
-734
207
589
1053
81
-612
-807
1204
1012
909
1711
962
1893
213
-612
34
-235
1099
-871
434
-271
292
-1019
6
2330
882
-334
1905
66
371
-180
-1546
-750
-1306
-3178
-3050
-2818
-2437
-3077
-3016
-2052
-1559
290
360
248
-362
-799
1512
36
-336
1099
269
506
1170
2363
1722
1318
1396
630
513
1781
1972
130
654
-776
823
1303
-214
435
649
1012
-524
173
1156
-679
-335
-1087
220
1200
1086
1073
357
333
69
-920
136
-332
478
-394
247
386
533
1002
-371
-565
-884
-513
-339
-525
-445
485
-443
-648
-157
82
226
534
-1071
-142
-189
-743
-147
-58
-954
44
-143
-515
244
109
709
1138
456
352
1132
740
-370
-1106
-1195
-674
-1018
-144
-64
832
-436
821
-60
288
1352
22
287
700
-1619
-237
-425
-1579
-874
757
-781
122
-6
157
-285
-597
-267
-236
-1118
-139
-690
-1721
-824
1032
1139
141
749
1305
533
2172
1092
733
1398
1931
1144
438
-874
756
1456
-344
-499
-3783
874
-831
-1719
-1312
-2239
-350
-633
-494
-906
-752
-34
324
853
1175
15
-29
57
-1326
-914
551
-835
-538
402
-449
-414
-943
45
1340
605
1018
1502
1164
1980
1619
1858
1983
2630
2097
1427
282
-317
-961
-1219
-1806
-1461
-2132
-1721
-2532
-1472
-696
109
495
-165
-285
719
-675
-653
-1618
-1106
-1351
-900
-1918
-962
-1155
-337
-1759
-1409
201
-307
1243
1637
1884
1612
2410
601
126
-525
-2127
-712
318
264
-270
1257
1375
830
1598
1329
1197
703
277
968
392
-114
299
1123
1190
1722
1500
147
605
805
290
-502
-260
-1139
-490
-689
-421
-68
-1077
-874
-452
-1697
-1130
-906
614
750
-323
-1333
-795
-221
885
499
628
-616
-170
-395
362
-788
-642
-987
-117
-294
1215
-420
-134
122
-878
-63
81
520
96
123
203
863
381
316
-515
-13
-384
-439
-180
134
1022
756
-135
-951
-1171
-340
-94
123
1374
803
1148
769
79
977
529
1051
626
293
-379
-1091
-1565
-876
-1461
-1190
-1332
-706
-639
-136
873
-460
-886
427
201
-475
-240
472
540
633
1445
1277
2324
958
1760
992
-798
-1710
-54
-140
-814
-1593
-851
-759
-23
-288
570
-94
260
354
-580
-717
-793
986
43
314
908
-73
-1106
-1298
-1738
-408
1576
624
-79
-1066
-102
136
-498
-672
-1738
90
369
-722
1423
1048
3598
2619
699
-1666
-992
-1262
408
798
-221
-204
278
-44
-234
12
531
-304.136103224134
-165.961730998597
428.570557724377
90.735372048242
-66.13251159256
-25.6370658136452
483.361114977841
166.808465479423
-34.2184296596966
189.047135876528
89.6974198545411
217.203800916414
248.269835775326
-49.0146079490334
122.311394135746
145.271106213614
144.235868185237
54.863674883869
169.040771707563
235.46386149815
129.937508116941
165.939687442329
15.0954371143482
103.682419718409
-269.793443997126
287.033596505906
424.380391135101
345.843643589779
32.7261228551203
349.747204157237
88.0756393397384
333.276886998506
114.051797035725
246.41355534685
210.001363119594
-311.8364623898
241.003900072063
1.64308525120167
164.073258539618
-29.2518395542805
498.048304480215
234.697057013495
-53.0524325479812
265.543447163408
203.425115989313
324.824198764919
-34.0102761167775
-13.3490437347103
-77.0707184936046
6.26547345513788
309.448913640104
500.666935906792
404.213721743175
-33.4582499704522
5.35199179409855
96.4179898093991
37.980404654104
368.472466992338
9.60120191870284
221.563769653684
104.475822994758
276.124253150832
75.5569432900295
215.182100379706
-25.4700253326504
-10.4055900510265
57.4321155998288
123.711667935491
294.047454924026
199.02510029786
185.718780524971
221.675694344171
-104.992272915029
125.464382560409
272.643315059907
62.9007379857541
12.2026322638455
273.119651693375
53.6306982876833
132.449074780523
87.27767968563
344.829424092144
358.742114763154
154.973768417194
-84.5156441195883
247.807605106807
91.7856512165443
452.898820863422
309.214178688702
-10.8103213535452
52.1876454433773
2.07010198652918
349.988452645073
-68.199480997064
324.208264318411
-120.648157796953
4.65029175501265
140.162582471104
0.32775414671967
22
