28
54
120
101
62
5
-33
-83
-109
-90
-86
-132
-113
-128
-102
-124
-47
-61
6
41
76
59
28
52
2
-14
-27
-86
-69
-67
-29
19
91
142
181
182
171
94
72
66
41
30
-5
-31
56
-30
-86
-85
-104
-21
-47
-37
5
32
-2
20
-55
17
12
61
-24
18
-29
27
-13
14
-12
38
5
29
-33
15
-5
51
36
61
34
28
-14
27
-72
-61
-133
-102
-157
-125
-167
-143
-110
-120
-106
-73
-97
-113
-117
-70
-131
-111
-84
-75
-148
-68
-118
-70
-40
-6
-75
7
1
54
1
54
7
65
65
113
63
72
111
168
45
67
11
102
107
170
147
140
83
72
-18
-28
-76
-38
-72
-5
-45
12
57
103
14
88
9
65
18
15
-16
-14
9
46
-19
18
-19
-15
-67
-89
-156
-166
-217
-131
-202
-132
-160
-104
-43
10
9
0
54
39
-20
-32
-80
-25
-39
-33
-58
6
43
137
24
98
24
24
26
32
-31
-4
23
50
-74
-84
-169
-151
-175
-100
-115
-81
-13
22
-52
19
-23
2
-42
-12
-15
91
96
131
40
82
10
11
-15
-12
-36
-29
13
32
-19
22
-31
10
-44
4
-55
-33
-38
-36
-93
-78
-104
-54
-141
-72
-136
-112
-48
-23
-73
-8
-38
20
19
40
27
30
32
19
-18
31
11
75
20
117
84
79
81
103
33
81
3
28
-46
-10
-78
-83
-62
-26
-80
-44
-94
-29
-59
9
-10
7
-14
8
-56
-10
-46
-30
-56
-39
-103
-84
-58
-60
-116
-74
-128
-44
-88
-34
-40
-19
-13
37
4
99
-34
115
44
146
22
90
109
119
33
84
35
18
-22
-5
-83
-10
-62
-29
-67
-58
-144
-69
-155
-119
-152
-159
-46
-65
-21
131
102
144
77
110
55
65
59
44
-8
-1
-31
-7
-14
22
-12
-12
11
10
22
69
48
59
52
49
45
19
31
67
26
14
-28
-26
-43
-51
-64
-97
-28
-57
-44
-59
-19
-28
-11
13
5
-19
36
14
27
18
22
26
34
10
12
-49
13
26
-9
-20
-6
-39
8
-22
0
-45
-5
7
11
-20
1
-2
28
9
-8
-30
8
-12
-8
-37
-19
-25
-3
11
3
-57
23
6
-38
-34
-56
-16
-94
-29
-49
-70
9
1
-44
-6
-62
6
-24
-12
-46
-69
18
3
-32
5
-31
40
-23
45
-18
24
32
49
-29
64
16
30
9
54
14
48
34
78
-1
23
-31
42
-5
29
-10
-8
49
50
-11
20
-14
10
11
33
3
-41
12
16
-50
-47
-79
-48
-107
-53
-87
-74
-31
-12
-61
-41
-71
-45
-76
-44
-78
-72
-47
7
-41
-22
-13
8
-10
17
-45
-49
8
42
-12
19
-18
6
-65
10
-19
-2
61
43
42
54
54
55
64
34
72
28
58
62
65
92
98
45
75
26
34
-13
34
13
-63
-36
-82
-30
-79
-53
-63
-78
-18
-50
-71
21
-26
11
-19
13
-41
-32
0
5
-31
-28
-38
-23
-53
-17
-52
-30
39
12
33
-6
13
-24
22
-17
11
-23
29
-15
51
-10
34
-22
29
0
7
-38
19
0
14
-37
26
-46
12
-34
-27
-71
9
-18
26
-20
38
-12
35
10
51
10
46
51
87
43
73
12
65
-19
17
-31
26
18
31
4
54
-5
23
-21
21
-19
48
0
23
-11
14
-19
18
-56
38
-38
26
18
29
0
28
-16
73
9
81
1
36
-1
6
-6
46
8
30
-9
12
-22
-30
-35
-8
-37
5
-15
10
-48
4
-52
12
-15
-8
-34
-9
-51
-24
-27
10
-32
11
18
20
14
37
41
101
23
91
19
79
81
62
32
50
27
56
16
81
16
99
44
74
53
74
31
44
-12
8
-48
14
-17
48
-6
34
-14
32
-25
1
-9
-5
-23
-10
-27
10
-70
16
-42
-5
-34
3
-16
15
-43
10
-24
4
-21
34
-38
11
-15
7
-10
21
-53
64
-31
62
21
45
24
68
21
73
27
37
49
49
-13
19
42
30
1
28
-34
-27
-26
-5
-82
15
-61
34
4
10
26
47
-1
58
23
34
67
25
14
37
-32
11
-2
21
-41
15
-41
12
-5
48
2
54
-9
41
28
47
42
54
22
19
10
23
-16
22
-27
0
-2
-24
8
35
-12
8
44
22
7
67
-11
37
-3
7
0
-3
39
-22
-29
28
1
18
18
30
-3
5
-22
-19
-57
-7
-34
-26
-45
-21
-48
-28
-52
-12
-63
4
-46
-29
3
25
10
58
18
50
-25
46
47
50
27
14
68
55
-10
14
-74
4
38
22
-15
-20
5
60
24
31
-48
53
25
-9
-30
26
-13
23
4
22
-19
42
-34
-15
29
26
-2
13
-30
14
-3
44
20
50
-28
26
-13
62
9
73
0
31
-14
16
15
22
-2
48
2
18
-22
25
25
21
-2
11
17
27
-7
-2
-67
-10
-16
-2
-21
1
-36
-1
-21
11
-12
23
1
16
14
22
10
47
-18
7
-6
3
-18
-12
-10
50
6
15
16
18
-11
18
-15
31
-8
18
-26
31
-2
25
-52
7
-18
-14
-2
21
7
10
-5
33
-26
36
-13
26
3
21
11
22
12
15
-22
41
27
4
-6
0
2
34
15
10
-23
38
21
12
-9
55
1
52
14
43
-16
16
39
10
-10
4
5
-34
11
-38
-27
-24
24
21
-5
18
-11
-12
6
0
-9
-12
13
9
-5
0
-22
17
-24
-1
-35
6
38
6
-6
-6
7
14
1
3
1
-5
3
-5
-22
10
8
4
1
8
-41
-4
19
22
2
4
-15
-2
2
18
-38
2
41
-13
3
-7
8
2
8
13
-32
11
18
13
-23
6
-1
-6
22
3
-18
-25
14
20
-22
8
-10
16
-5
6
-40
12
34
15
6
10
-24
28
-14
18
-13
-4
18
-2
-5
-5
-6
-23
-3
-13
-58
5
26
-6
12
-19
-9
6
-12
7
-24
17
26
33
-18
27
11
30
-15
0
-32
17
3
10
-18
-2
-6
-25
2
1
-28
-23
7
-10
-19
15
1
-1
-13
1
-22
-23
24
25
-20
17
26
12
3
12
-28
0
25
-20
-30
-5
-53
-12
-9
-21
-30
0
45
-4
3
17
-5
20
-3
-10
-10
6
27
37
0
5
29
12
1
20
-30
17
30
-3
10
8
-18
0
-9
-2
-37
-5
21
-6
1
-14
13
-6
-10
21
-38
10
32
3
-16
12
-7
-10
1
13
-32
-4
5
9
3
7
24
-19
-1
34
-23
7
17
-5
12
-5
6
4
6
-17
-25
-12
-7
-43
22
4
22
3
10
-6
6
-18
24
-8
52
-1
25
-5
22
7
2
22
-15
39
14
3
55
6
34
6
-11
6
-6
2
18
7
32
5
3
12
8
10
-10
10
35
11
9
14
25
-15
11
-15
-2
20
11
2
10
7
8
-10
2
8
24
4
27
0
12
19
6
-14
-10
-22
19
3
19
-2
34
-10
16
4
-2
13
-5
-16
20
1
52
-16
42
-6
0
-6
2
14
3
-5
23
-7
20
-2
-12
-29
-10
27.5628936673956
0.986902122348743
8.78672753622072
-1.21010994084634
-7.9435400692267
2.41279492786769
8.84484060091053
4.29347044194231
-1.95758908681051
13.5347418053203
10.6406612234177
16.0556413534084
24.9592772670976
-13.4538757997592
27.5608648772954
-0.255402831246123
10.209090078085
6.54895181574059
7.00928311082864
-0.122999127302126
8.3699533533185
19.1871794821954
19.0325711685843
12.9616567062264
-1.32527579636323
-3.59294956007313
12.3250321682387
-2.31962352968249
1.73585970008883
11.7630923037143
-10.7222449321585
27.8641616321835
54.0021600301193
9.0629271775424
21.1147904362931
3.35384953030613
16.9355968370041
31.4648385702193
12.0541690045267
12.1182128040249
5.89062522507095
19.9722574121155
5.94969487104156
3.71113838177118
27.812452014685
7.89240091119288
24.6114376104054
-9.6447411556488
-16.9841073119845
3.85515273281768
5.85546062849396
16.8513710884275
4.67581451636461
8.13229025048728
16.5796256939442
12.7785438977109
-4.63080994798588
-4.64670377099963
1.25385794718194
0.384211070271896
21.0753784409933
4.49366247069067
7.13631104505853
5.52675278543524
28.7807189373029
8.75384828849744
1.13989223297776
-5.12988817726413
-17.3232102174444
12.8326747414218
-5.82352285921336
-0.710494858081497
-4.39043297074183
-31.4621056436627
28.935272661974
2.12264950666181
3.2789734753374
28.6316095319665
-3.21444851370206
-14.7873531943708
12.5150914502872
15.4182219548079
12.2267291367608
7.0817815859544
-1.98831641180809
-4.92067003698769
11.1802012933184
-10.8642805292859
-15.364666848202
-29.2340168976341
-6.72379088998722
-13.0477411465186
-4.92229565721414
21.1671981405359
-24.3503507244932
11.5917381038207
-7.80743449497173
-1.84859918894033
0.788092595886645
-14.6567475823208
25.9326428727625
-7.52078752906519
5.40554196686615
1.3594713787299
10.081834747614
-16.1089736438282
14.96230904064
14.1495390216587
6.90436783554186
-4.44120485392977
-3.79594198355576
4.14466154654153
-16.942222419378
-2.24382640190136
-4.95244869115892
-11.7349486581834
-8.26535379727927
-11.2811933765948
10.096905367865
18.9173371740916
-12.2849613719432
1.71388493010463
20.8607149019811
12.5487541308585
-14.9275614656183
-16.0231050371589
-11.2789136951696
21.7338783556959
16.9724135636671
-5.10419176127636
-12.3080509451589
12.940546414372
-35.7448537914704
9.63872696922075
-12.0378831545488
15.7862962296545
12.8326802297399
16.2098250642283
7.36633536118043
-46.0461779260832
-34.3754926701034
-5.10939117328292
5.14869621205963
-11.1889106521671
12.3938775816515
4.52888138827425
2.8048359500812
14.7078572354817
17.4506425391508
16
