-1335.76798064242
-1255.77152900749
909.72026042856
829.103298489688
2391.87792747835
1230.95668979032
1161.37048916967
950.122404839562
140.630022297318
109.474235293768
635.968239388876
1097.43664576164
457.671106741726
5.21667865529258
1218.99966872862
-78.0724022823241
189.18586719038
-461.569389487295
-666.493638380389
-1212.27270509555
-1356.33493157467
-199.020431896477
80.9883055721209
-577.592965358382
504.80696243747
213.114194096011
-352.623240290982
216.616129495337
548.785445560022
505.904276217149
-347.12155970731
188.546214978833
202.764110356286
-1085.77244297039
-133.25844397787
-92.9340807096811
-541.877892585015
-599.614785999497
-1750.74133038617
-1989.3368998621
-1494.45835310187
-1306.35288706462
-604.901807233502
-1602.1046282203
-1580.94643979125
-925.595296024963
-411.684900399196
-547.205956059452
-601.510489702574
-580.344260318943
570.00713225312
-466.841590659919
-22.8006097588943
-500.440770373395
-738.23287303257
-720.864195440307
1262.89956467384
853.08873311754
922.254019312709
836.035893567178
688.215439220658
722.136628678204
217.851351651889
944.535827680403
376.234350136762
-168.814740832877
214.746494415778
40.4955017955732
396.128037379581
136.752777624113
137.107771950021
343.585549808236
504.770693397382
652.43192378586
12.2430334896632
1162.16592696797
809.834275897132
1068.71418512182
623.502219763626
203.696441516173
632.782940661417
4.90669499615217
303.415519472837
-76.347586298546
-535.99815280807
494.872119013839
-79.4870233147005
410.482568526493
-131.686830008432
-92.37064488245
-756.370956037549
-395.250294342508
-687.710363159685
-1530.12812830166
-2107.13420199219
-1814.45245802752
-1619.06458172144
-1113.31237852471
358.308005297845
-39.4337835585453
-1234.13140488476
-219.468973984374
1583.28990339829
775.659694802109
437.935841006502
-501.684494743445
12.5799222863247
-781.784572956114
438.470709768076
-545.849583646124
-56.7058771029567
265.34873146952
208.341784803003
496.084974215929
1013.03604105655
-232.025825688256
-864.678033930846
-1054.86143301848
-360.091142755658
-892.059986837161
-1072.43386003472
-1443.80812901336
-18.004937919331
-54.4457967922223
-751.317329135363
-656.091355547407
230.566886497424
106.540304369075
1589.78134191773
2134.98808358513
1707.56911740785
2138.87107913761
1813.31971893027
1623.78419966439
446.789539693281
-107.223832766402
-1049.55772889136
-1371.75487861045
-1529.13805010207
-1797.61404710249
-927.80112572922
-263.858836652116
379.921328631873
2025.04314465095
2584.25409765606
-580.674272988223
-1290.7935711226
132.558191149777
330.024686640066
1645.61452473445
1051.65780748192
937.234889094101
70.5140679387374
1434.82890520467
1006.39856186401
782.212124840593
-297.690570646959
-294.167802340067
-178.600758165173
985.97000254987
-210.96139477553
-320.744631744786
151.815584006622
-697.933178987502
-748.249107991131
-799.155358456378
-503.303365121749
-123.439817075998
633.223884041153
1315.28779673155
991.568320677609
-237.822568297091
-1243.24878948794
-1362.85535227263
-1182.10197423259
77.9956542321121
139.099283028273
-483.957196652707
139.907126995043
-104.947242404522
725.013525479905
619.314932200194
512.942489732038
-589.72304163353
210.558169263788
-1291.30166000402
-1430.05481828775
-2154.96686021734
-2987.10937767924
-1724.06680487189
-2265.56363846978
-359.240651191059
-677.011094734145
-1804.41676475441
-647.43261038893
-1113.20167783402
119.663560349696
-603.68332981171
880.223612227509
2817.20784299934
2190.3842522468
2449.53114392589
1935.8457917188
1034.71454288496
859.898548274886
1307.15438339155
1174.44612198132
1899.28602487477
1473.42556195106
485.670177757568
-171.636684343726
-941.110297002286
-1657.74338821258
-1439.78381704218
-1342.61064644551
-1267.37296060228
-437.636329876962
1081.54514470634
172.514703451571
725.554856924439
1608.64498436953
177.424300071523
1492.17257869606
-258.749316432522
-283.898895628107
703.100534584004
-131.166889275082
-582.454007337295
487.633873872183
-272.738918634143
-160.411421086975
-30.673267107786
251.200107475458
464.70713623673
415.372848755622
530.482286186304
486.849533160138
647.040862036812
741.564161234523
1615.34899303831
616.554129001282
1477.64261983454
1630.1237087463
317.989448565248
513.549122804509
-604.304425634508
-872.213437131442
-173.317506098878
-426.545667582844
-1063.41496337943
-1026.47181779471
-1830.21789334523
-504.734007594388
-544.471116101336
-559.361567077047
29.1754834959202
303.571306199785
-672.371425627798
333.855949180051
-516.988339332502
-39.8829530149618
-434.119661634174
-427.513331523946
-1559.17218089224
243.069012763371
410.904653331212
-9.66219276362335
-612.656342741109
436.413382145401
-1295.81526479705
-1108.17791012867
-605.229091924899
746.58118913129
620.584743566116
-285.901583721023
171.629132394762
368.932561027938
118.193528205909
-30.5400666125517
-256.424388720877
83.7627746009121
911.43646208652
-355.429310980686
827.83661053407
-285.920975268475
-750.185921318081
-281.99545830726
-548.520339267306
49.4011885510016
-1046.79750073371
-1299.39131625264
-1860.15590661382
-2624.95406361261
-2412.60848622632
-1598.97454906787
-842.720319595852
-126.879008055481
-1068.46054728537
-108.776595066698
537.505727994639
747.078765032601
1188.04217850692
1196.83388018728
1295.46294641512
1032.69600844533
1999.22398758445
2231.95043510697
1773.25254177012
940.699025533643
659.065967274911
-179.055919092446
169.308353493581
20.4087493241898
-255.608090198324
-289.819815926038
-899.862983645687
-389.978394757658
-7.20727361541489
-350.829121899501
-1582.80966268437
-1524.16897872971
-2471.62554163397
-431.128415736052
-310.01334346669
-710.622979790245
-624.645922777664
-215.882754842585
313.662110414949
11.0848590116445
-206.412937516284
240.069036894148
-456.292603507551
564.964654846969
548.307459657974
880.293589333034
171.368014272223
180.017905032272
959.04008459435
1000.89018924697
1398.21344056097
540.616649018117
645.057071428071
3213.62965532497
2329.12486326551
1997.37391256253
1350.29331578665
-715.115045508659
-1154.98335556233
-709.661577819158
100.090985589856
591.323703418971
107.988521042468
-468.400340027352
-242.995610624143
341.868652137349
-1547.33252719642
-1080.85830120262
-1007.45446593948
-754.407054376464
212.073434601231
-258.505925806141
-366.487331472275
-811.026042039945
-1026.30568642086
-725.770124066911
-1203.67800259705
-149.967206764096
-728.954494424622
134.570996912839
928.287689387771
1187.3859122737
642.201059926254
-299.591675254173
1465.77766600634
262.577968305764
1942.70096457221
627.816894778384
-145.184037063807
1076.47870478624
518.198215150065
299.977323545902
116.322716762091
300.345848866671
-156.081095819248
-7.35359040726814
450.854835508166
224.154022859535
323.49950463631
-502.822792437575
-193.044476386002
-531.531962903952
-1363.51096602492
-169.09362497456
-754.529444825209
285.262607969624
415.739103003917
390.670571977786
256.323346504675
-45.5713727071241
671.923809390473
640.070667613327
145.930289969862
697.72867993558
818.959598403563
1503.62529388674
1343.5995460182
478.39495250296
176.17228485226
580.34174059311
903.811044418189
83.1997445843227
-685.445713610907
-722.627066974126
8.24255838401629
158.486398819966
-175.148399031667
-75.6678229107349
-379.823501746477
-552.572925497076
-335.510351524473
-228.040036575289
-433.904291230809
-215.044426762301
-63.8056659919
-278.956936519678
933.235635118072
1295.65923308376
-407.772327117537
-999.741038932538
-1365.06546945803
-1010.88326355336
-2016.274154492
-2282.58834952501
-3094.65179378708
-1744.75808135894
-707.6556336711
37.6872370065706
24.5967552608164
-159.935912742358
-985.59279627665
-2627.6028628137
-992.244476526137
-150.548619837237
-2085.39094261739
-891.904516303712
-1858.78691823377
-4037.56781283133
-465.806168619564
1442.93603263848
2462.01017743195
2881.58475088926
2709.407215504
3443.31761903429
3277.35110099826
3105.00105829511
3192.65309653778
3507.14679437933
2444.4774942712
2277.84885699678
795.53555020845
-52.9419606763797
251.777602535648
1327.50628981693
1364.28678028091
-527.960396213241
-1235.26907252765
-1327.03747391197
-1917.99032623678
-195.684026500242
-16.8252364701185
-1545.03514800939
-668.868270650697
627.718709178465
479.630200126845
-1933.93007939888
-410.142648756192
355.474591929045
875.874731500186
773.184717649374
1169.76033025477
2224.26218807188
1716.55299201281
2141.7122497308
1812.94880659933
1246.80040083257
265.30597661085
-1258.10154792763
93.6848712470785
454.339840437531
45.5428068577686
18.5920628448401
-561.329063079792
498.369067379557
-1333.43594077814
-460.148442271689
-1170.14061801694
-810.027390179215
-415.405458589384
-175.649264041074
19.4847125495117
-106.944730245422
581.511486929841
1384.63984963571
1246.7888728518
255.1825472549
-84.5573892737324
-270.416579563467
-471.841793428189
-305.511326486957
-1029.66873648671
-1149.33329157597
-957.488893072348
-1376.64204594727
-689.369263451547
-443.342408420662
-1085.35617412786
-323.839892803357
-426.434965563914
-602.6264103935
-380.67563140224
-778.818786387619
-1515.16697747499
-604.764283888823
250.027347639078
462.974735231988
201.659627500683
388.070804949894
309.229235713844
1027.49575597011
472.748186892692
811.885485992575
708.592156263491
677.63102245092
1002.40029537207
477.581176712845
77.3058906033338
-666.571070577653
154.147900791291
1164.28259309469
31.1554514760065
192.896964613527
-44.8811270998003
869.535202464885
757.111145267675
636.968520902715
-164.123236818179
-943.471022593275
-92.8492696087171
-125.589586826754
-1245.08324832143
-242.556779142596
-597.470786604306
-958.401601498374
-1076.31253772407
-46.3144696695611
-162.949008986019
-568.653162998618
-19.4401208845117
677.222947361593
160.111050409299
95.124520712992
-646.749791227812
141.045018113503
-435.544440612989
271.875311675751
191.534531738327
329.813389468169
313.250976402973
-99.160635733326
-1022.21986653871
-452.606842571812
-777.110517075483
-239.221581681374
15.8133229925471
-1084.88080704722
-733.476347705138
-223.338100473016
-105.932733623629
-380.861325784109
367.893827215242
878.920829661106
115.359144528482
923.355932543905
1254.71027707934
681.489096205703
381.00511028895
484.614325450636
595.375866532124
407.750907510594
265.660455886895
562.504613804071
-220.327789629977
659.695048010885
36.2132187155241
-201.421650698052
28.8609561295273
-1271.04525396091
-527.531279676248
77.2774845198074
97.7493120568919
-122.85735064745
-1121.95946159878
-157.749863926317
167.035729273148
-1670.74382014649
-1220.15394729808
-1308.58562296802
-749.672142783767
282.871776405255
-225.241140208307
781.195626222421
209.260513836952
-370.332265225581
-795.973533993141
20.1676156249022
189.508007190807
-356.262230516651
-596.491175422701
240.913896522476
-776.341210342999
-148.176202521868
-642.983190641719
1710.52427226709
1260.60497067727
1251.20598624701
701.887990145331
876.159742441831
425.297500093426
898.819745307328
-79.457939037403
-275.696644740072
575.456252412201
233.409899388083
714.661032778378
-2.85535799958956
440.752072452348
763.104259717822
797.289073542014
686.105179803286
414.763936512511
7.7434519207338
460.244169139409
-133.703864764642
-336.801604997083
-249.428626475526
81.5727129135283
443.373644590472
393.560414898785
-167.482368671306
789.497069738551
-50.4235588298568
391.255314851958
426.639748340926
333.784144085594
233.770917919125
769.144078397455
-307.416238630493
-442.96002834247
19.5514979279472
12.8880313247955
-553.924233078983
-161.292524049207
178.333481949928
75.2616136029108
410.484049563118
237.068039506351
197.437560754069
-185.48025558484
618.697292863512
-662.924070439672
-1036.28775336563
422.807914881031
-924.276072731728
-440.618847192694
-166.861672888276
-71.6049977637316
276.127064667307
909.155292066339
184.313006154647
190.748893755627
-134.215496810813
-153.755081333658
-401.690186828925
340.487021654051
-510.744415094611
-391.756015059206
575.794189356063
-556.751695869288
89.3814000134375
-1496.72215930071
-435.959002248487
-1471.61391491848
-1378.28540301113
-908.271594215152
-1161.45940561904
-1399.47076238037
-216.823504917346
-248.679265692463
-59.8752566195679
-504.733404022371
328.658527255285
1251.57430613962
811.601697774072
-14.1050544165135
138.110606079015
184.727014918077
-1146.36865528957
-494.716112827024
-438.600191599938
-725.670885962999
654.424718258651
-589.666883373483
-156.351850639217
364.208424871837
1206.12071422784
1054.6378068541
493.127262204852
-1651.37137963322
-682.103029353698
-2960.53851608892
-2111.34467252409
-2493.09658713697
-1803.38788330531
-603.742115011874
-1063.02934041584
1601.64470643951
2917.98169026323
2325.92093601307
2063.1480412431
2006.79001583691
2334.8856101262
2047.21062640583
1130.42606969914
2370.89032048125
1803.16950629689
1925.59164117889
975.860418261805
1087.45382103688
2618.99880814005
1894.05084443213
1779.07463230037
-178.856731497868
185.090529374073
-235.32294237672
717.746565614505
732.810769892237
520.869493332032
-55.5317757796914
196.295896963339
167.400514369985
968.492895438438
-397.810098740972
-625.894721963557
-653.65583589896
-406.849071391821
-190.858395219427
-674.251963862377
117.872942900129
527.160045446036
-685.654217045846
-422.59315708088
-1196.3551750105
-90.6316857603756
-16.3646224107695
-672.627967730127
-265.515651596567
-679.871711111567
-216.363581400641
205.597029111411
1181.80867445956
1374.41583569391
978.495915014459
652.719805756746
883.899576833082
-178.782907534502
-882.793392686134
-1808.99065626947
-1454.6428385837
-467.704920324481
-1402.90399523144
-1092.91646473481
-610.832655102205
-358.751528102698
-424.460675325146
-479.436617702313
1306.61659872877
199.049426874641
2253.83195621042
-1002.45426631244
-1502.38816762546
-346.537822071856
-344.402464525989
-292.475709322811
-1129.14853641311
-992.136180871143
-992.379728663081
-1920.75986318912
-2056.38911862652
-3126.71871090391
-5875.46009510636
-6269.67558678065
-7474.27133544939
-2648.43589815099
-2227.73370704203
-1841.12278970215
-1982.27837383066
-823.560551412685
-57.3001576876962
513.66843835933
2335.54765034882
2978.57442723426
3947.0623893437
4833.32604191457
5377.61385546838
4789.24946714437
4497.37211382572
2036.32095429624
2249.29745663411
2162.12109475657
2980.91271073675
2576.11591015049
3598.94731065386
3613.17689454598
2988.83783176492
3622.52991708173
2270.46004425885
3077.9175409508
2524.02201474769
2235.43540109508
2328.4560377316
1011.37635214795
162.911538297189
975.067486497929
1304.79732724023
87.8339714848491
-965.40217432929
-1995.74702657788
-2845.54094665842
-2949.66841300113
-2372.096345558
-4209.8251140534
-4511.57141796433
-4186.19216255374
-4343.38632988584
-2999.94482775816
-4145.86043914898
-2699.42142335381
-4067.48591462577
-3764.48139429708
-2783.29295009608
-2468.74525595282
-1886.88000165378
-1064.80793205312
1496.16684328837
2502.28425792944
952.599758736706
2203.09118054108
2445.30409445728
2682.78231343135
5032.70066952943
5175.19660786345
3777.85373824128
816.589947979243
-323.997247113733
-1001.6218376805
-962.63248340835
218.32697752046
908.678540862448
1797.32790540057
1680.94389692412
1794.03642222128
1153.74608230731
1674.45124425488
959.946825761111
454.709633643062
411.818913601089
-1895.4869874948
-985.377189218815
-1436.114263145
-2389.50876330642
-2677.0108937954
-2345.82822176564
-1533.41663210976
-1712.40822358071
244.068322933047
1359.08419799072
-387.332311832138
-97.3851079806884
-1159.29805403131
-849.791382490746
-1211.73682016939
-2509.52682393972
177.399864777916
297.359828473233
1004.90752074373
753.557319858281
367.436691549008
-268.158114210797
90.7263780864376
468.931139906868
1621.43989406295
1487.4720896788
1043.36176653348
1206.85461995993
94.1980093334865
304.326310319355
-17.3062067462227
-1074.51965949569
-1100.01886536951
-571.582347266455
-58.2786843852509
-682.836477869208
-187.587268098436
-256.131789418923
-356.29104335784
1021.54462289918
810.452220140549
1248.16441151887
-639.925645876225
966.114335359636
1403.78799296039
2687.45788377402
3818.82657694704
2307.12628129091
1773.06819448405
1028.60991425648
626.944564982823
606.789982585508
-753.981871017997
-1301.231437451
-3255.30514898597
-1404.60397261545
-976.135380199271
-1359.84138662847
-2522.47271578127
-4802.64061247327
-3742.40605060719
-2132.17163187055
-1103.31460164922
-529.410019069953
782.827387849206
581.390232949645
911.482200909017
1278.12693691232
902.216151740792
723.060844611743
927.551473470355
-121.100928916194
-244.513465143451
102.310400480564
-105.339982745916
-1851.005507657
97.7265237937945
-524.1095815327
1143.06485828569
2307.05992820616
2463.66562670738
2343.2867898355
1638.55798426296
973.469813600542
721.765309114143
1240.48039305412
1203.9015199421
856.010795973111
67.9150236113556
439.700415013336
331.950668807321
-75.0868522743668
498.608927844413
-833.807203224975
-1145.19482038737
123.881002784951
-364.504592111842
-2542.10759855307
-1416.36920747962
-1297.68371060719
-669.481681792045
-1118.10362823503
-111.36477686979
-434.275519707309
-2.84789393407323
-92.2815744696977
-799.145438008677
94.7190714543538
-55.4408024117042
-749.906190737526
-1072.94810681823
-935.752028829108
-1200.41792617723
-1317.65746473953
-299.07405068491
-258.615275526642
590.694945202422
1274.88062161054
1851.6203483134
505.951443422333
1807.59737937558
742.530761365438
130.416917500296
-1203.06597011573
296.767142823283
-1376.83225071332
-1305.55143346626
-977.491070372317
-1440.27429059029
-2373.99759913681
-1463.58073419971
-1208.37428220901
-100.319516509533
-0.0336488838370883
62.3145780801905
-451.678583822692
774.470275871315
-1119.7345721463
-593.955055121099
1145.1077062958
1754.59207805096
2027.07286701768
1439.01629884943
1338.99766130435
2007.46231133411
1108.67490042485
623.255406320257
1811.88507621407
807.367888184527
550.859737397511
139.339303625576
16.6134030300311
-311.044426819617
-59.0047770644809
3.96956015380493
1855.42832748352
693.948901109061
787.634607111911
319.343370586932
1120.60764317156
2043.7004840982
2561.96716221397
1710.95432430002
2686.89118011627
1321.98970502025
501.728603408701
123.440678845185
-192.705129818491
-61.3971049473247
-488.439438876039
-1001.38509668794
25.1285758469874
-198.034661582386
-1092.98734128071
-865.636697057026
-1089.82009098824
-277.222661360978
-1698.60305222953
-2445.18962314908
979.471586472493
-960.457647079306
-2098.98071498844
-1564.8478803736
-1494.26614987182
-29.408845708381
-88.0774405983514
-653.008540623238
629.555158958432
171.837028432093
309.330240826929
223.30419014445
-160.76155331237
657.903254254689
1159.85839706356
747.656735108236
825.923017318822
387.330536169736
842.584744831348
1140.71479695753
-113.774735151446
1194.05541508398
-576.383238258033
204.809774130857
211.293774231324
-523.234078414331
-249.548303692253
-1006.34667734552
-270.429034249828
162.439677146874
-569.09853551331
-1017.77802837216
-1193.92164706253
-351.860368446863
-97.9205785858153
418.136596818722
-820.504383463019
-7.63931803245003
-167.862978618713
1105.22389199882
165.628495642571
-611.001516930454
-668.039302875549
-869.959313447654
-311.81668251662
-321.063770133786
-541.151340498308
-287.725275374928
192.608240332173
-377.750126068425
-26.0686836475866
-308.181253087677
-114.984487770022
-451.394227361275
-210.461364025765
419.146046292465
-1716.45647963831
1121.13264496226
-327.582326050477
-298.479613393514
-87.250637676589
218.118876264073
-331.715260854474
-569.469697679985
-620.334225571401
-1210.70100789694
-1360.52212404706
-1106.54017998585
-829.932830422945
-1499.30604902328
-1252.1937854525
-1658.88221604963
-1715.52089601145
-2610.02925068052
-1335.87747675263
-1370.09004640411
-1111.95906691114
530.639158544331
1156.83388136089
1480.96603839498
1049.27755017851
1227.77585477388
805.067603137129
1208.35573417363
843.279502896478
595.032706326559
-5.5177263956886
918.598645698573
1546.79383177666
1685.5943449651
1647.31173947731
639.941524570624
1544.87384990484
1917.19758767128
2796.71768405259
1971.0291389004
819.169864304005
974.422237853463
-1184.76499620637
-1899.03613951526
1245.68028361707
-586.022533593876
317.786847573615
-1020.48722674995
-225.777492896927
359.037227768464
568.134025421216
-1.93912163362481
116.406579972073
793.652948344271
-669.910692142021
-152.486069741775
-199.511744608033
644.164112701254
1286.08099397832
1269.87878951512
1209.45911495593
1040.63222215666
237.187878423668
240.244346761716
-689.498079169518
-1078.35707643857
-1432.76798151759
-901.530947265822
580.860072909713
108.841392463895
-42.8135946606363
381.612892269919
-1659.03440580541
-1611.75799093482
-1.78539867045919
-64.3464146877505
-979.588479053936
-182.401531212694
642.715971839842
1486.52061844835
2292.93952492557
2140.50317725245
914.425565132561
1568.42723467223
1056.31689177326
840.816270227638
-20.1196879841287
674.438903216311
752.444058097069
530.743509318904
-673.715436264133
234.838223019556
300.779228991173
-614.141831952756
76.9458219410528
-135.002918383712
-438.017624490911
-92.4430297569889
-304.012889529728
-823.65161808696
-209.210879686478
-462.474211203657
-416.112946442126
-922.93328893601
-162.14335123325
-690.706623284035
-1107.52103430641
-688.518597185423
-1038.65097256759
479.110360511928
417.580409203667
189.650023191695
-831.817372109731
-634.737242259369
144.340287480948
-302.344853339172
188.759706753884
-62.0297058679266
-191.698743714154
-481.237018769569
-733.828255359371
-860.441272129463
370.417726635591
-419.548588414133
281.550569284257
30.243399251875
-278.363941740857
-99.5232301589436
-365.895848950781
149.013156429961
210.888871952516
85.838962942701
119.754458243672
-368.47712023653
279.173455903726
594.466036524921
558.332108044144
830.783411835104
704.878319805391
408.127475364371
126.046618704739
-600.604269299601
-767.027031786358
-74.9371758264726
-574.437724032683
-601.70401738592
-356.163611622064
-304.156772331771
473.440270307399
178.210876772267
-258.701614336336
64.6197619636373
209.803925038808
155.309592319521
662.683631352708
91.0970794073251
101.17547607656
22.8210428530755
-784.299215945671
831.357689450352
482.510385349917
365.923812271134
-332.510037405352
-600.701807380815
-212.913069086993
-633.796034163588
-908.228617624088
-1378.64411620668
-556.942742630685
-1128.78736064432
-362.293823366002
-640.801574712749
-1043.79802228457
201.372701045336
243.655434643888
44.5958527491028
-90.0567870753913
-256.199474007031
-621.09711377752
-173.326471038882
-1573.08897581989
6.78019986012089
-1231.22776187334
346.020687379241
-179.377762002044
447.07578936653
-740.950766238406
-997.181655194566
-780.002884776426
-298.079191869721
320.404747871556
362.703910400454
1112.66886766737
646.890112434626
1318.45680901585
1437.20014670349
663.110809656948
1042.03055066174
212.814514162346
1245.55084172735
919.804338585795
493.0490874139
-29.0981906685793
-964.816533013234
-1309.72689401115
-1423.36771068112
-342.76926822711
-548.320897357793
620.134993702207
186.147953174151
-278.884495506137
1622.25040593636
1904.15380460556
1958.7763431374
1094.72583996125
360.913581915593
696.752388412943
987.156034550641
507.37352272779
106.099268414312
210.375894183259
-438.479392817678
-274.633353505272
-540.795970465833
30.7975966319929
351.587412444914
186.84878162507
-181.052658303581
269.39435467765
-260.33669443128
-597.800084711509
-829.890205755716
-1073.19205628082
-399.39824626472
136.132531680045
-61.3442939429553
-340.967682886547
-307.276251261119
-828.375272515791
-353.993635108768
66.384649513592
-158.552288187329
-719.665448535731
-659.752451548443
-1040.52240743613
-790.69615246387
-279.377309260955
-700.457442059715
-79.294781104225
397.127132118256
503.681148711868
102.656655978376
472.078375009782
72.4802277040846
-395.032394638517
141.264202166451
185.912317664839
742.458566457777
-258.369157503274
181.287836629329
-465.772498379276
-297.052588244563
314.458748633875
-667.703694697084
703.332200359577
880.07210355503
1453.10490712511
122.530679945528
399.513544918074
618.883426907349
451.558791499405
589.123184338215
-216.407523795041
190.594981935083
-118.960781377313
-438.552511613797
-1468.09379861143
-311.594735435251
-261.834538274396
-817.890985893596
-1580.11429335792
574.328762191091
-1089.63304182196
-341.448512516612
544.626680622434
390.52904343713
35.2001105292076
418.528220741832
552.955592646423
601.097758756502
362.502553598588
-598.523156842957
-358.999504436439
172.576586183196
88.1786573342712
-536.514390493563
484.462925662844
1839.98290673221
610.540767868039
124.74190861654
1061.17103196166
593.729367851834
-775.282920346719
214.072063960942
-749.821343305147
94.5350615308085
823.87218040935
131.902270983681
174.178202265446
-1053.00589136573
-1630.2854752849
-1000.13621175865
-2131.55821188529
-1821.83134343294
-1862.71683729161
-633.762023889057
-582.676385274109
-329.119524709184
-386.208591167877
63.9228176275656
-495.948210163616
18.790585990189
267.878354052754
213.155409191332
591.219372396146
384.598876353038
1228.12018011609
674.031505874939
1215.12045034536
-134.76069383105
962.571665541116
1549.97687702443
1312.85759610986
1717.30389858159
1817.70254104198
962.424795315027
971.035487989348
941.840051161642
478.077091577641
1413.35525415404
358.918995998993
-723.582722754213
-204.413493355881
-538.620530984347
20.6580088059204
-889.651113247599
-1135.49422528973
-834.003221826684
-1444.5112318539
-645.72204429196
-413.764114782274
1004.36989619465
-709.700215809797
-811.815046305279
-2569.16462658411
-2636.0580678959
-1825.24127080589
686.154632749746
-114.988848913441
134.731213384585
206.084878028744
-140.302965376181
975.571555298702
191.841722949749
944.295557856345
513.241718275431
1000.92953889563
85.352983421385
573.735678863864
866.814697480893
354.453956206993
-131.57081467059
1067.00240827574
895.858527358277
94.4180609028737
215.660939395316
-59.2734645176637
226.187299045761
79.362452227907
-422.533502972377
-223.928633213746
-703.264036776306
-328.949543279388
-311.80179461026
-2371.65500880506
-290.559079629531
-1519.52077241213
-454.862124345843
-1807.53351454725
-1542.48826849674
-1307.88862703072
-489.772803792077
-753.248802738884
301.718485236815
327.94213130183
100.166229003352
1045.43126708055
1373.15225997429
1250.91571659462
300.489205442803
988.058037859867
1355.00224309265
721.025773157006
903.427580069701
1623.22594656446
1863.70598690287
958.356186553959
2194.31876168839
749.124125493178
1581.60604550819
646.961421831292
918.642520756836
356.019285855348
646.965387616082
-124.71243915243
-98.4476200515377
-197.224554083888
1067.23945168263
250.306650787086
1028.71621443373
1608.16873371133
698.413350593387
269.867204536809
-569.437814399806
-946.568215586424
-224.422742742092
-1246.5945205785
-2737.35280632951
-1901.17440329893
-2587.78211871013
-1430.33268220034
-1710.58218197819
-96.904653932669
-235.302548616082
-1126.17248441906
-1231.85376556424
-1155.63076121863
-1314.01618064697
-696.965110741948
-565.340063151842
-272.755204530386
-200.463867585999
-9.7738793590089
97.4543615744518
898.716902681884
544.50377418106
1493.11978963627
1459.92021138689
1028.07165085756
1177.12603201855
540.727086570233
1208.63869615144
149.258062127027
-254.196484160621
31.9856916776837
-76.731776968045
63.6886993647548
-226.111694072104
324.501776882608
72.4454842450011
-101.407345368933
-948.727461054472
-2169.97811714434
-2176.04433232199
-1321.31281607076
-447.189186593256
429.910013154668
321.43777849169
521.971838834439
-462.959393776601
108.499851961555
309.189316908481
529.416831190303
41.5395806249084
1047.97580127156
521.017240719353
-121.915576880583
426.941520202799
594.305119390312
188.319852519007
-69.3486081054088
-532.852284810535
70.4146771419532
927.790261549876
138.06534711091
-134.974417902765
278.705936432214
-246.92137925148
-372.200019611801
