2
4
50
29
27
25
1
-4
3
-11
38
-2
26
-36
16
-5
-12
-39
12
-8
35
5
32
16
11
28
-16
-5
35
25
34
1
47
6
28
7
-3
-4
45
7
42
31
25
-7
10
3
-22
-20
16
-5
9
10
15
-6
32
-16
0
-27
2
0
-10
6
14
-14
16
3
-11
-32
21
-8
41
-7
18
-8
14
9
18
-18
29
19
25
-4
36
1
41
-6
-10
6
-6
11
24
-3
13
10
19
-7
-34
-23
-19
-23
-8
7
24
3
23
-1
-7
0
-1
26
19
42
13
3
16
4
-26
-22
-3
-30
30
-14
20
-1
16
-10
8
-31
26
-16
10
-20
14
-16
9
12
-11
-42
33
21
35
7
42
13
48
21
7
-3
38
28
28
4
25
0
35
-6
-34
-31
8
11
43
-5
34
26
45
48
-1
45
70
32
64
14
42
1
-6
6
-57
-66
-4
-40
-20
-52
-24
-30
-6
-46
9
-32
34
18
36
22
29
12
41
11
18
6
14
6
61
54
106
75
101
86
65
48
67
69
56
70
32
67
67
10
28
0
33
-6
25
-15
0
-29
-16
-23
-42
-28
-21
-32
-9
-32
0
-30
12
-41
-35
-34
-16
-1
19
-36
21
-2
26
-7
-7
-50
29
-33
3
-34
-8
7
-12
-21
-36
-58
2
-51
-13
-22
-17
4
0
-14
-18
-13
35
-1
28
13
-2
19
17
-10
5
5
63
56
48
60
66
38
34
-4
1
4
20
25
60
18
68
24
31
42
0
-40
14
-41
20
-20
3
18
30
11
-6
-5
-5
-3
34
11
34
12
16
5
-13
-35
19
-25
19
-17
22
-5
-2
3
-17
-18
36
27
21
7
33
2
34
25
16
-35
51
-7
30
8
7
-1
-6
-48
-10
-16
17
1
31
-14
11
5
11
-3
12
-13
62
35
59
24
30
18
43
36
32
-2
44
4
51
26
50
-6
40
-22
-13
-43
-1
-36
12
-10
0
-25
3
-47
-31
-35
-2
-28
39
-23
43
10
36
14
5
-9
35
2
11
54
11
20
59
34
94
31
71
56
31
38
12
14
38
4
9
-36
10
-10
-6
24
41
-5
64
25
46
59
63
48
40
28
22
-21
8
-22
-27
-22
-34
-57
-19
-70
-8
-21
65
88
72
61
74
-6
-6
-61
-54
-102
-60
-68
-40
-26
4
-6
26
4
12
10
50
49
36
11
19
-13
9
-10
19
0
19
-33
-13
-8
-6
6
20
14
-6
-3
0
-2
-41
-28
19
28
41
0
8
-1
-30
3
-1
7
17
10
15
38
48
55
35
52
23
43
8
32
30
9
32
-24
11
4
-21
-38
-34
-9
26
21
10
21
-1
-27
-67
-57
-27
-6
-27
-38
-14
-16
-30
-2
-28
-28
34
-5
-15
-42
-53
-2
-21
10
-62
-21
-53
-28
-57
-49
-73
-42
-58
-44
-99
-47
-27
34
-40
52
-21
51
4
24
9
28
32
54
14
36
2
37
16
45
-52
-2
18
39
-33
6
-58
10
-94
-24
-122
-75
-63
-76
-84
-60
-111
-25
-77
-50
-76
-87
-39
-49
-90
8
-45
13
-20
21
-59
-10
-22
18
-49
26
-23
46
-13
30
-28
-4
-14
5
-69
2
-45
-2
-27
54
12
54
62
44
-24
20
-64
-10
-72
-29
-81
-23
11
19
-10
21
-26
-15
-40
7
-45
15
40
37
19
13
17
30
-30
17
-80
-26
-8
-28
-46
-23
-57
-16
-55
-34
-105
-40
-19
-26
-65
-31
-54
-34
-39
-18
-102
-51
-30
-30
-34
-22
-14
-31
-17
-15
-65
-43
-14
-42
-47
3
-51
17
-27
6
-51
-29
-10
-29
-38
-32
-26
3
-29
22
-72
-26
-42
-10
-48
-5
-5
-17
-12
37
9
44
122
49
29
28
-30
-16
-67
-44
-83
-118
0
-10
-1
9
-56
13
-41
10
-62
-32
29
12
-24
4
-20
-19
-44
4
-49
-13
27
-12
-47
8
-38
-35
-50
-30
-45
-67
-94
-10
-60
-26
-22
-44
-23
57
-14
52
19
47
-38
15
-21
41
-20
27
-29
33
9
6
-1
36
-66
-16
-61
-20
-70
-64
-50
5
-40
33
-43
-22
1
-30
-56
-46
-14
-25
-67
-26
-3
-28
10
36
-33
6
17
57
-42
29
-8
-14
-7
-32
-74
2
-25
-26
-17
-16
-52
12
-13
-12
-60
23
23
39
-54
-6
-11
-18
-34
2
-79
-26
32
7
-12
-35
-57
-1
-75
-12
-47
17
34
-2
-20
8
-28
18
-64
35
-103
19
26
-2
-41
-4
-68
-54
-87
-64
-125
-67
-9
-11
26
4
36
75
11
56
21
-4
48
-12
31
13
26
4
20
-5
-38
-13
43
4
76
-7
47
4
26
-18
1
-12
10
-36
-41
-32
1
-40
-9
-64
9
10
33
23
89
45
72
53
61
34
5
27
54
18
15
-12
-8
-61
-40
-55
-59
-78
-20
-77
-24
-23
-10
-38
-17
-72
-63
-93
-88
-155
-105
-95
-22
-26
-9
-14
-2
6
18
15
24
-5
44
73
154
161
188
186
176
140
116
84
113
68
82
62
64
57
122
144
118
100
29
42
91
-26
3
70
61
52
98
-70
132
156
112
-29
-77
-91
-28
-162
-67
-34
-53
-82
182
95
4
-32
-76
-103
-83
-95
-34
-14
21
38
43
-31
-33
-110
-128
-183
-171
-230
-199
-229
-133
-64
4
33
53
75
117
97
100
59
27
38
40
-12
-32
-64
-81
-111
-29
-77
34
121
185
178
199
228
272
245
137
110
57
-16
20
-8
-22
41
87
93
110
14
-19
-9
-41
-103
-115
-103
-119
-251
-280
-194
-182
-113
-141
-137
-129
-163
-191
-182
-136
-16
-10
92
61
128
180
165
216
259
223
136
77
82
221
134
190
54
51
120
104
78
173
156
135
105
49
105
91
46
40
-48
-16
41
42
66
1
-37
-7
-38
-67
-175
-229
-115
-166
-166
-210
-97
-230
-149
-236
-132
-211
-36
56
-5
10
24
56
41
61
65
30
26
42
-45
-49
-66
-18
-18
56
64
109
82
115
94
18
26
-27
11
-43
-15
-45
-12
14
-34
-47
-28
-14
-34
-23
-30
-31
-26
26
-24
-35
-37
-53
-41
-97
-53
-108
-5
20
10
-20
-1
29
11
35
22
-38
-10
-8
-24
-58
-55
-15
-64
-34
-67
-59
-40
-31
-53
-69
-12
-45
21
-38
48
-21
26
60
23
60
62
83
66
112
66
82
63
64
51
90
20
86
56
103
91
75
54
68
34
47
34
56
19
6
-22
-30
-52
-22
-74
-26
-78
-31
-52
-34
-20
-9
-31
27
-31
35
-35
0
-21
-21
-20
-11
0
44
57
83
38
90
10
42
17
-9
-3
19
-11
23
-25
15
-35
1
-44
-46
-14
14
-1
-2
-31
7
-34
-9
-25
-10
-14
54
17
54
-5
46
-5
36
13
-24
8
33
1
56
49
57
38
44
-20
-18
-14
-19
-17
1
-42
-30
-60
-23
-74
-8
-19
32
30
50
52
62
49
78
37
32
30
57
40
35
10
34
15
74
39
28
17
38
-8
51
39
40
23
37
13
-16
-55
-37
-93
-79
-94
-76
-74
-48
6
16
62
96
52
47
-9
-26
-101
-68
-82
-88
-86
-61
-21
51
115
208
173
222
111
102
85
135
167
226
220
207
75
40
-33
-120
-163
-210
-283
-221
-218
-160
-158
-105
-47
32
68
118
111
169
149
176
99
150
107
92
86
87
50
87
52
85
23
13
-34
-41
-38
-49
-77
-75
-86
-88
-99
-95
-100
-57
-69
-39
-30
6
0
57
11
2
-61
-134
-150
-91
-90
-15
-37
-5
-26
22
33
32
80
118
50
111
178
239
213
206
175
152
195
260
202
233
177
175
111
99
37
-4
-30
-30
-97
-99
-130
-124
-192
-169
-210
-213
-201
-149
-126
-39
-33
15
-5
5
-30
-6
20
16
-14
13
-42
-1
-6
5
-12
-25
2
-255
-29
23
19
27
34
24
0
-17
-26
-4
-17
12
41
35
37
66
35
-3
-21
26
22
-25
-22
7
4
16
-4
0
1
-26
-52
-59
-69
-14
-48
14
6
57
110
147
154
150
146
134
70
65
29
9
-63
-18
-42
-52
-85
-66
-2
22
37
16
79
146
160
119
128
107
56
59
-26
-22
-64
28
-35
-2
-8
17
-21
-77
-77
-93
-93
-55
-50
-39
-5
47
27
56
6
-12
-35
-38
-64
-138
-186
-163
-255
-210
-191
-211
-259
-300
-296
