207
-560
-69
-774
-356
172
239
517
302
125
265
-39
94
-112
177
26
-206
-538
-385
-334
-341
118
-675
-26
-583
-30
-407
205
272
539
412
986
426
1175
986
519
497
-199
524
-32
182
538
763
239
700
282
403
9
241
146
98
-117
-488
-152
-414
-714
-668
-388
460
-272
-283
-633
-396
-467
83
-603
-104
-285
-520
-335
-393
-705
-574
-860
-925
-738
-1183
-868
-995
-795
-653
-541
-914
-178
-268
658
1224
693
1117
1114
1406
1159
997
965
1272
808
574
720
490
406
200
-442
214
3
475
-10
-184
-152
733
549
1114
426
651
-297
161
-445
-1178
-1624
-1623
-2543
-1896
-951
89
-611
-306
-825
-782
-714
225
263
462
518
41
102
-269
-163
-221
-330
-304
-447
211
194
221
1052
801
620
1549
987
1237
1228
629
691
993
190
699
-3
860
333
296
440
683
603
889
484
570
787
561
457
329
296
-421
-641
-515
-606
-989
-895
-1039
-1150
-743
-1298
-776
-345
-880
-479
-329
-554
-821
-310
23
144
-30
-531
-514
-1192
-610
-161
-254
-1109
-1034
-1293
-1462
-793
-1200
-297
-114
950
-125
1518
1092
739
182
1773
1027
2643
1264
1601
-263
-5582
3486
6331
-4654
8753
-8269
3338
1958
-1666
-2181
-696
993
-1415
443
985
-96
947
-2602
3345
-3528
1098
-877
2467
-8247
-2695
145
2562
-2790
2928
-3845
-322
2332
-1526
196
1820
10635
-8334
6878
6987
2804
1897
-7582
-416
4308
-670
-1226
176
-3558
4618
-381
-1618
-1436
-286
-2772
4848
-2029
-2682
465
2270
0
-316
-270
2343
-2926
4808
-1280
-283
3179
-1508
3021
-1185
203
1611
-2989
-133
771
-874
-950
-1869
1665
-1166
-259
955
105
-4122
1291
-2632
1604
-863
490
-1157
-1485
-1645
1083
871
1287
710
162
-140
1370
1624
-1041
2190
2598
-1479
2948
3577
46
470
965
1965
-650
-718
1541
-2092
-302
-1507
-69
-126
-513
-562
-482
-1941
-3251
1321
-877
-858
679
9
828
-829
2156
571
-410
-776
-339
-590
-605
-1254
-171
631
283
-326
186
-35
403
-4
-2307
673
1557
665
1842
2756
1264
2247
-1090
1443
1175
262
1958
-286
1238
-1586
-1205
-1036
-2706
-1796
-1692
-1223
-1966
-3430
-3193
-5181
-2614
-699
946
-45
344
1216
2064
2236
1037
2761
2147
1682
2555
1357
-778
338
514
-451
517
-951
-936
-1741
-1080
-190
-477
-258
-469
116
-634
-873
-818
-125
92
-1740
1309
98
1150
345
2330
151
1700
1931
1747
3498
-1972
-862
-2350
24
1153
-974
341
-3201
1004
-8269
5977
-3863
2798
-4939
2139
-658
-678
-817
-2489
-3178
-1406
-1258
-1678
-1288
-2495
-1077
-1414
-821
716
1221
2532
1987
2198
2732
1857
2336
977
1703
1387
-424
1162
2384
1567
1086
3
1071
532
375
1312
-205
853
196
-1349
-1099
-1567
-1887
-999
-913
-993
1709
1025
2818
1585
918
2801
1521
-873
1547
-1370
-546
-1106
-57
-48
-472
224
804
-1033
212
1081
-600
-2198
-1978
-2938
-1190
-3236
-3272
-3931
-2606
-1722
535
-6595
3714
566
847
1829
1103
1448
33
436
664
1248
1184
2200
2422
1976
1421
865
273
755
341
-2217
1719
-2248
1562
763
-3177
-122
876
81
1134
1377
247
195
1756
-1569
1754
137
1373
-1709
150
-1325
58
-994
-2918
-781
-1803
2296
1537
1129
1117
-2057
-1124
-1446
-1311
-239
-1704
-1198
-457
118
-666
-2037
-1881
438
1668
713
1166
1541
1993
195
2470
1352
-420
-115
1168
313
911
905
-437
225
-256
-78
-327
-757
43
-669
657
-425
-52
-469
15
-280
-726
72
-237
-267
-616
26
-272
805
110
582
217
1426
-212
-154
1026
-862
-347
-373
1102
-624
317
-1040
-614
-389
-1088
-331
62
-327
-1299
-162
349
-584
225
-405
447
648
1404
746
1574
-84
413
533
-350
1137
-391
481
2898
-5121
1064
-51
-1191
-532
1673
35
-2988
1563
-653
1117
746
-398
382
487
722
380
799
-1328
533
-223
-166
-214
-124
200
-287
-1079
-841
-846
2
-1299
59
-413
-1180
3
-1215
-1198
-1190
-1235
-1193
-785
-499
-1195
-747
-2059
192
22
1741
1788
291
294
-629
-380
413
502
1708
832
1539
1876
195
2147
446
1412
1726
1554
867
154
268
505
1399
898
1858
-288
548
-557
558
-1536
-512
-1824
-15
98
56
-1567
-745
-2123
1524
-1695
836
-468
-639
550
-446
-471
-467
-1645
365
121
1479
1073
501
-181
-1612
-1378
-1152
-1671
-1100
-385
-1035
-1655
-1504
-1677
-1400
-521
-491
264
991
858
446
1961
1727
738
953
-590
-674
-2083
1532
1153
2672
4109
1990
2750
2426
212
3927
1529
1715
984
1668
1008
1416
1509
1108
920
1041
1211
2
349
-1308
-622
-1545
-1106
-1961
-958
-1667
-1555
-1728
-1375
-1410
-1946
-1675
-1855
-999
-1645
-1835
-1214
-2617
-1032
-790
-776
474
112
-380
-413
740
-333
-494
-922
-1753
-1494
-2774
-2367
-1237
-1447
-1346
-1423
-446
-1258
808
-510
-211
-850
-2745
-1347
-339
366
1121
2115
1578
3066
1427
2074
3274
2199
3315
2271
87
1470
3194
2238
2181
564
1858
685
1203
2363
1325
2157
340
453
780
-719
-1184
672
-406
549
56
30
-348
960
-566
1681
133
-87
-319
-730
-2363
-3509
-2222
-3630
-3423
-5059
-3518
-2756
-1375
-3833
-6247
-5778
-5030
-4404
-3334
-1709
-1351
771
1954
3718
3327
4278
5366
6265
5610
6602
4062
3703
3249
2253
1410
1488
1203
-66
471
-189
-120
505
-802
-2293
-2119
-1835
-1750
-3669
-2261
-3469
-3370
-2517
-3387
-2329
-1517
692
2368
-795
-43
-3552
3131
2398
5203
2101
2544
2813
-866
5483
608
4132
1671
118
-1637
-3870
-1516
-410
295
641
1310
501
1216
-1973
590
93
-539
2522
1126
1378
-461
893
-2133
3531
-3135
3143
-1846
-170
-808
1538
-1451
-162
-619
-1504
794
-1134
1500
1688
201
1603
-586
645
-1284
1069
830
577
6
-450
-1265
-1911
-2435
-2503
-2345
-1924
-1765
-573
-1108
-1314
-531
-385
-733
-10
-1178
-1632
-734
-1834
1336
-207
851
350
415
-2511
-1334
-2108
-167
-738
3032
266
-2475
-1996
1420
413
27
353
-458
1129
1202
330
1770
1745
1836
1051
934
-1084
246
997
-998
333
300
1883
-298
-470
1545
2213
1834
973
97
1445
628
-649
-48
1070
310
234
-478
-527
-293
-759
-814
224
60
-428
230
-738
-1166
-1017
-911
-533
-818
-216
18
-414
-191
-2254
-2617
-1499
656
-1160
-615
-786
2039
659
4215
4471
4393
2451
2019
1010
1494
770
973
1491
947
-456
20
-704
-776
-1401
-1364
-2049
-1672
-2741
-2106
-3071
-1090
-1706
-178
-2717
-1829
-2492
-2180
-1780
-1678
-2575
-1306
-636
2475
2902
3326
2885
1598
618
283
1420
1120
346
776
974
1489
756
-182
343
-1070
-56
-981
894
1402
329
893
-57
311
751
1308
1078
487
-831
-174
251
-187
1609
-154
580
-772
-506
-697
289
-213
-367
-1086
-702
-286
-1281
329
-542
129
-13
-1063
-483
-925
-848
-1375
-948
-870
979
1228
1783
931
946
649
425
205
450
828
482
439
1228
188
408
-510
-1222
-1408
-1419
-535
-205
-613
526
224
85
419
311
463
-238
7
-128
-710
144
-8
-667
-1017
-1402
-1612
-742
-1201
-1149
-1707
-1361
-1258
-530
-429
-919
-374
-176
-213
427
-445
-567
-1008
1267
922
1011
1036
595
396
498
298
618
-79
22
-112
387
322
268
29
155
730
425
1194
934
1339
835
347
519
80
123
354
-479
-47
-510
189
14
-255
-732
52
-502
-1438
-1894
-1765
-1894
-1588
270
113
-906
139
1415
967
299
-394
-22
-558
120
-441
288
-89
21
815
819
-244
-775
-711
-465
-975
-1216
-1034
-341
-172
-875
-521
379
609
1739
1937
1858
2363
1338
1789
355
-384
-1322
-1710
-846
-1767
-827
-304
800
1891
1983
-530
-1691
-64
805
1289
808
475
265
1030
806
687
92
121
-152
619
11
-300
-256
-707
-930
-902
-348
-66
773
1415
844
-582
-1102
-1106
-732
298
85
-560
481
228
885
392
465
-930
-104
-1137
-1170
-1736
-2946
-2018
-2725
-1051
-862
-1705
-305
-728
-80
-188
508
2704
2063
2637
1781
1656
929
926
1376
1830
-45.4525853680772
52.1308303613554
-105.147345165077
131.644935798561
168.722233521347
23.0294924191852
31.4108882969738
65.2897006860566
171.389928490153
14.8768335260626
86.7213371360444
-171.672306451411
177.076627156717
-123.139944325109
-8.05076830552352
56.7193069105339
156.945265963368
140.592629872584
161.004051240458
271.119636926575
16.7461461118472
133.505119709091
45.9685239432452
-59.15759136218
66.2326522333668
-6.13244792687032
275.657144531832
-148.620741221473
130.841198529413
22.7939597480677
-79.7923613588239
65.1742596171882
156.921054311439
30.5184019814654
-111.028058433565
-147.983525940761
157.96653821044
-247.443208804957
128.294567274237
87.7697807799158
-29.9294588779476
136.128487132628
-32.2145442253549
-121.359585735689
54.2509687709916
-74.4064886553148
159.692062194307
-48.2993272970997
0.944156464422794
70.2042446803288
-112.351619944457
-140.211626040268
-26.7105940817396
-45.1146558499557
135.080337521333
47.0508366603722
-43.9574568719987
-90.9831091568929
72.8062663143426
241.195224345639
-130.303483912915
-69.2016930293927
-95.3832313803469
-396.64137555951
-135.331343901025
50.57937378991
180.86569902248
-206.761006533393
109.006841539046
101.527277698674
34.5887718109315
-6.37190168336887
133.844414124206
-70.8656176810836
-10.3809206936456
-69.1087010618236
-130.940761630801
198.438230791371
-120.274540252257
-14.6911037280547
69.7488783357448
221.483359929699
-98.2841860427738
-41.5463600243675
-138.027680628525
42.2425237678285
-37.309100074908
91.5943924180426
11.4607923561102
115.731757051481
-126.162354028822
187.580739587763
-338.58787726275
42.4707984375782
-97.8396786025432
-51.2600572024885
-394.769124706157
-745.307440764439
-1006.00203543815
-1422
