0.809618242456775
-34.6671862456468
22.3818251510687
-22.6066051659594
3.45714149452114
-23.4533361765738
-29.6917442883752
-43.2476480954559
-31.0597464572294
-12.3696139439143
-15.8160271719154
-22.0509963742419
16.2543643271238
11.1595318017067
-32.7629388325263
-33.7554048331499
20.7747504461102
-26.6565489084052
-53.7839458883829
-45.2031032829152
-0.193321679210509
17.2739256872582
44.4675152326434
-2.65619517243897
44.2900861947761
28.2289035997785
39.7163222081076
10.0480852534382
38.0192218485456
54.0188181062033
56.0960721430548
84.3287899478588
54.3987677934188
37.2069255579214
35.7324272477575
56.5634162346978
2.20903203717041
-14.0971394847866
-30.0507690373773
32.4434326219737
46.8639080113607
29.431750770028
48.2906544039063
53.6161533851479
55.462120948631
17.5799947353464
-9.10463571482161
-4.81255442611182
-30.012044493226
12.1949496828009
-6.60245378768676
23.0250676632519
56.0989851165671
31.8094172141183
26.9374850151146
-22.7635656859133
-2.98832925659636
-40.1856955554011
-43.1933390803963
35.0052228026505
19.5648591912661
-25.9605249608169
-9.55248439424563
3.02230273733343
31.3007558043105
-8.01575002776686
2.28850250543209
-0.692312993317547
32.6609833450221
22.391568615242
2.69837288170851
34.831370868879
17.8389205816843
-54.9741253602076
53.9255345812915
5.33178027147435
6.02350462255955
-26.4445420932011
-27.9874947098051
28.1115478006348
71.1307393381131
15.1889926143996
1.77654216146081
16.2219646362359
43.765392528342
13.7068074728111
0.720984237688061
20.52979415868
-7.4975083197286
13.1956971566103
-32.0902406288068
20.8634281297654
24.3374946527083
34.9622029775189
15.9137010610385
-7.13805283669655
-17.2051453068599
-17.9358391863037
-38.9068860953314
-37.6275216427813
3.74749175251972
-19.0484252434771
42.1603202421624
-28.4170157207544
73.3750315839398
38.5417382750276
1.10059183872414
51.5220838704674
-28.7078978877849
22.2325102058085
-16.9559650369535
-25.8296661710827
7.28024709282318
31.0482539281255
16.8600463162669
18.5552102469996
-2.26034208904936
-16.527280516657
-6.7084045761359
12.0909245648816
43.4229530570789
9.05985763323294
45.5263340446507
10.8033609644473
-14.0462659119445
17.4005867486095
11.0847836557574
-28.0950461233104
0.202552822438065
15.3933490014523
-14.222119811051
3.85989296462298
26.7850094485346
-35.1594034617582
3.16369714286513
-23.3040517631833
-40.1655840060285
65.3137447660358
-15.9627925306728
-9.70499433213558
7.55995029959769
-33.8434346333038
-11.6883693198071
8.54235199489969
44.5928322529104
31.9470151142025
-42.8490125067016
-19.1021670118401
-44.1861724327683
-38.3130188082318
-34.058305174379
-14.8223130545078
7.84233120360219
0.00485856885709346
-8.4109882083917
-4.25154445942731
-29.7907862104961
3.70775783469396
-37.5160239581406
-4.54588632949463
49.8862940918006
-21.9623369339808
34.3175185685307
-72.3238058196849
-54.6963368537929
-7.16866933382265
-35.436878803033
-12.0826506792852
-16.3237309035661
-9.65409959502726
-33.1964244113206
-26.2765977300924
38.3914828632319
-19.7306663536914
-37.619886107981
11.9167612848226
-63.0541156328232
2.67187272959715
-15.9521462287717
-17.0569975147404
6.71096778989419
23.7129041189617
-56.3654422221173
-5.73223632397726
-26.9120800423151
-9.37794563671269
-3.08879797741825
5.87318551912688
47.4957201054096
-41.6080122219403
1.69777566569126
7.71442552491521
58.4140687142374
49.6520830453358
36.9385073924613
-12.9721045068031
3.66867007866552
-47.0345974311431
-26.1124367715513
-28.5905587076216
131.523758038291
192.060527998142
176.104064150778
127.832192474465
35.3997479284625
83.3033102201433
-16.5452198186375
9.4632707729187
-46.4940833903784
-38.3522665467002
0.82030177746288
-6.82491991523484
-50.0314045961606
6.49643117937194
4.63245583139131
56.14655456791
-86.8106294544822
-81.8808036712875
-50.0038980856024
-39.7565978082741
-105.243954632328
-23.0664499388463
17.692650533589
14.0618122996338
-2.53510066256718
51.8843167640748
-37.1850157297625
-23.3743055474821
43.749059520419
-4.21767477127922
29.4782869781148
-26.4778937432848
-35.662144260567
-42.1447354170078
-66.99540381657
-50.2528436549147
-38.8287819571317
12.1572925968845
-2.76623170442448
19.9945727387217
-1.06579954238241
16.1925404831872
8.24223722039034
-2.8929734030062
10.0393918258802
36.747940828007
-13.4075688571371
12.8585174224028
89.9275440029492
24.5390293359899
-27.7240743309445
81.0243632936465
93.9929018390753
76.923183165037
18.5917399580467
34.9284448060734
9.93696410170724
0.539766349412496
67.1995731856705
13.8017814508285
25.7627622485277
15.849627758824
12.8049870111827
-22.5897637347237
24.6933785508832
-2.60765276788865
-4.2038915972467
12.7732003354873
-27.986312522531
68.0855818510128
-49.1160918022774
66.6913688443061
-55.9132251205539
29.9020689787253
-20.1416835540148
13.1981151154622
-39.8775861953844
-39.6965545577702
-13.5129742200465
-8.68876806851516
-15.3923846624906
-12.8589626750288
-37.0586034717468
2.92748102351682
-65.459262607142
-22.9188087888079
-55.7524587523175
31.2728412972183
12.7844778378574
-10.9114134846821
-47.2571655676797
-45.8406817722424
-51.8807963426949
-22.2570118217152
-13.6963706672078
-62.2803320848787
-61.8367179478734
-19.2699901346058
-23.7059709151412
-48.1336869662526
-30.2381843957015
-53.4613397999414
-5.31590976428287
34.6360401718817
-16.0336429320394
8.37346044806873
20.2183973988863
13.6722364278734
43.5696058000519
61.712743959319
10.0943739962654
-25.3710075909617
23.5541345797901
1.18911905109402
18.8223914809884
-51.6672876060861
-45.0117752388787
13.4543025683223
60.447029595508
2.90272544644283
49.8375535780424
73.572333181814
-0.648137613413439
49.6245054374856
-17.4991823390991
-2.56673893096717
-30.6051629929183
2.15109820692132
11.2195954282834
-9.38723957364623
-18.4050013921529
51.0939557928679
41.6462572490735
21.2493450014781
3.37715090925984
11.0395563795504
-55.2094555567556
-46.3991221749571
16.90055113869
-45.0280179991508
-30.9255421687468
-16.0074559338122
11.7282016555079
-44.2845572772234
20.4789758645694
-39.1432145571736
-56.7974984460831
9.24167806987666
66.886580488137
-12.5006461590584
-31.0924764560973
-51.8981735567005
-4.71191336613344
1.46674803028391
25.82907334467
20.5948332467655
-36.5723264481026
36.0770813769001
26.6105784091567
55.7517089201646
41.1004969640686
56.2896266707894
8.97158916336756
79.8155985965866
-7.34970423450836
107.360777284046
-30.0559761607395
25.8483977382246
27.6212183082079
8.50962670421032
4.51742936909034
6.52330623784543
14.2565597647633
-24.9014244608818
-6.65400912112302
-27.1257395292252
-31.1799050123361
15.6769174618794
67.502748499173
49.3865286889879
-7.4080883188618
32.6599542116016
-9.33709932244869
36.2625058841071
-33.0294691168396
24.6829662517401
-61.5180721087514
-24.8982586509374
54.4213204753563
32.9241898682025
12.2380689008265
-10.4342773810108
26.9711209563225
16.8528861552434
-23.1619631194961
-65.8348479633121
-28.8435150668203
-67.8827977622305
0.952613249969545
-88.9777193873735
-67.0812450796604
30.3274963462665
-54.8785276723485
50.8267264777479
-28.8871654431561
4.59326249362346
-34.6990888214372
-15.5180110318214
22.6634895735986
5.37102371118392
-20.7944988917478
-28.9647894871486
46.4592948750177
-35.3438281894697
-72.7722913239203
-43.7073505472324
-87.8018509868564
-42.5475012502337
-60.6540871608235
-5.1486724479451
-71.5574665754053
-17.5025525422412
-6.8300520212857
30.4672962376705
5.07631679922394
19.2771801790602
-66.7332277957886
38.6498339546562
-7.39619161749454
38.9274899644655
-31.6582164074761
10.8891616517454
-36.7409985333562
1.34749452658523
-18.0490272037636
3.18635213268736
-53.4243028673654
87.5982082776142
44.7123467044594
100.697446428816
37.59344500641
25.3310971193888
-87.2555071002173
-55.5635169129033
-57.3598152493311
-96.0094120639321
-86.3546242452304
-164.271724237131
-69.1154768561647
-69.0220713458182
-86.7925460602975
-33.1947310592518
-37.5173572653121
-6.9852100570968
-7.92052273428294
2.59002980880489
128.913810437217
233.03719025652
230.831167557717
314.648953081802
202.836734855229
172.024994157706
190.859787407776
213.329759038533
181.402934902526
147.339079219927
60.1322632853757
39.3755758186396
22.9701901192172
74.8439840724122
55.9848931486626
61.0412697960716
25.2168118652846
72.3036493996079
46.0656693448785
69.8108094876946
-26.1084217128697
104.123585596162
4.58064811644811
42.7743393824182
9.0892001318006
32.6367824200654
-50.8689213733954
-49.5528886076896
-65.7949031514158
-45.2341528373794
-23.8503772081965
-87.2815777466809
52.9123339078939
26.6478013801174
-32.0745604633275
-5.21663482711115
-34.8159232432993
-16.0211072255055
-26.7466416052611
-15.6919233528342
-104.895510202139
-33.8958340343018
-54.3121394039005
-91.5963799196602
-103.034728521098
-14.6760591314864
-80.7612878558976
-10.4713622598999
22.7377543080746
4.56354057769804
-40.1536638828552
-83.4079739370288
-86.8276428330319
23.7941548112049
-26.4417310106648
13.4304048160104
9.6739132025187
-21.1281319608297
-65.6302841399455
-19.693650728784
-57.703733035556
-25.9707178629359
-5.44977593241644
-23.7733364031084
13.8776244893555
-29.1594920304072
21.3115908215407
0.521488822764177
-7.08551716689491
35.2277914371223
-36.7877350570229
27.5392306932506
90.358901640859
102.813302726884
16.0045352493662
17.3823528368229
-26.2540697955073
35.1180003216571
21.8218492258413
-8.07104042692831
-50.4915745466037
-20.7010167166525
80.8592442209948
45.8103735769013
33.5958630771249
41.2773393848406
25.1303454535863
37.5232464016782
28.854516068335
148.029941083791
33.8433183341343
13.305047812567
89.6311464897171
56.0705220602499
43.6479791419715
100.828965291104
66.4312660490382
49.5479045042743
93.1845662295168
98.2602627984731
98.2969084897401
18.0462972416072
139.022419821748
50.5427735759447
27.1169766547966
19.0651953827277
9.05328441171183
14.3173581396441
-23.6746592909234
75.9197176795503
-27.5113921223625
-11.9342775090928
26.4772519767061
-17.4966504061909
-12.7886081777926
7.04648204885314
-96.5343025396968
-38.934512824855
-84.1485372436318
-10.7677603285722
-127.908012909796
-54.9047789704837
-9.90866937424344
40.7375966741707
29.9846193664091
20.5005195635269
-0.179772288192594
50.4823379847343
82.8319864200145
75.2779243557169
39.291426945627
61.4610015356731
66.3683232349804
106.581129742045
26.9303612766295
76.1936796246748
46.460736138001
35.1961546692507
55.7736841290854
33.0497881994882
-49.2822250600782
10.5829003737515
-75.7161448526848
-72.8327745539892
-128.614709322079
-105.149480542476
-22.3782086965001
5.25643894744411
13.2981615779013
70.2154709894413
14.5767288215986
122.601793139137
129.101337582369
18.6688899508089
-51.1070466066992
-41.1480603557891
-28.8886442229254
104.883961237757
-39.5989730301866
10.5572743829438
-41.8031572401174
17.8519808460275
24.733953547219
-52.5164353781592
-37.263406491722
54.0991443201554
18.2952829299435
69.2865020129005
-20.123017710823
107.932302345688
-7.83267781363065
-61.4652520677399
-14.0902598311089
4.35188271652808
-55.0492075638245
-51.6756790621969
-73.5353692822241
-26.3832714628639
-71.8710535358625
-77.7270176193061
-107.487849745074
-60.3516030498472
-38.1335742124026
40.9210074430739
24.5015263537846
-5.21131212548691
32.1468299582301
-22.9858171642522
5.31216378738288
9.49171296295804
-33.5824993870979
15.6589796280717
56.5847346937717
109.064702685685
127.917906978161
145.139095710105
58.9466127352177
49.4597486886257
138.107839469057
90.461941676951
80.6506757324437
61.0296791817615
184.414109768689
113.717486775018
113.228839841342
44.8569084854989
3.49051552088073
17.1990274353668
0.369647901846163
-0.388190403924206
-61.3218269820158
-15.1718056658856
-76.2465640299685
-61.1019302223339
-90.0376235823115
28.0159560545235
4.11365737224227
-40.3790116015493
-33.463432546012
6.52900353435588
-89.9074936256582
-59.6132958644278
-31.0796111390075
-28.3697301819412
-34.544671932792
-46.6740475231803
-58.5858209477096
-8.51166933929098
-25.0677374102769
11.2314586476522
-110.160610419818
-46.2476830569933
-3.65286425529644
-74.0895727339346
-27.1370090276268
19.6266077589658
-53.7073924774666
-20.0117896315728
-50.8898617575807
39.0070609666646
16.3739951839967
67.2875079311121
131.191554935314
109.949617795157
77.1001666612878
142.722072061014
39.1702095026381
62.8418451919113
32.2715756731691
30.7414858610134
-16.8040435754076
-19.3577546133734
-55.886531789854
-39.5522209516072
-33.2835478222566
29.2860879461258
-48.8563579307663
-4.07480772184419
-64.4590682794104
21.8696210068432
-77.4713020607181
-58.7383251453743
-45.807892631314
-11.8269951061959
-29.8652383563316
-37.2404717367379
-34.4861257974909
51.2769197089068
23.7620212416017
15.6416527833104
-44.0971569112936
-32.36786198643
-39.2539821245569
25.9475593058289
-18.3670581540633
-9.6526160448811
-29.7254673876347
45.2444838476118
17.8663832398712
40.4434464296288
35.0954150680711
42.7122764263323
17.4776276912413
11.0629804613916
19.0541392680752
33.7592290231055
54.1171742628801
71.7881283636636
40.0780996913518
22.5598620145721
-21.4338589467477
7.763562542806
-18.4375498284375
-10.2278536167068
-66.3342041406838
21.7891446222325
42.9005135255281
41.7039294125754
57.4926836865236
23.7747345410444
37.1997404240176
27.5458089351102
20.6612628806682
28.8490853909879
-56.6151475045521
-67.2688267755355
-97.4141663372313
-104.564948802677
-110.847439135402
-89.5565209979396
-113.439966049516
-58.4280401055794
-3.20146694503041
24.157998282438
26.1367058956375
46.9484046250338
51.4633082522074
11.3390630299998
53.6426464187629
25.4201936402128
-32.0817124574695
18.0897763092446
185.621731550307
211.000877021965
192.571247668157
226.30817336098
191.794475663202
263.527842443935
146.869008791175
115.50857564499
-28.2053919057835
-59.112461599205
-22.3376854279917
-61.7485275783607
-103.940911737071
-64.5175357933479
-16.8387286431979
9.10970540829285
-76.5298023470653
17.343163238173
-37.7029989584143
2.54005128706983
-16.0605218144052
40.244288204424
79.6739920990441
160.253911952343
88.9775357304039
46.8692974299941
92.2555006343922
71.9527421373169
-27.077545700933
8.39438651446811
11.855461399301
101.294348739216
62.9777219040357
86.0016283524548
78.8940874344078
89.958125959601
19.6108545534805
18.3286640770303
52.7439757217071
43.8040545507149
31.0409608254746
61.3403045795078
36.1355914128714
53.6228996615403
5.62715813766879
25.2532727754065
39.4600895607474
4.12434316839743
-63.5147115358869
-9.53407929357664
-42.5281068560881
28.8846241707591
-51.3753073020161
35.9760179275371
6.42350787330695
18.8455255977816
-61.6432741431323
24.6645556452388
-57.3132096397755
-5.69834877572047
-11.8286088913049
11.6923206950459
-94.5792045547781
17.3730978946484
-76.7683159561389
-52.6403349418282
-123.995501474822
-105.326489181882
-134.728878039295
-90.230894835009
-16.9498689544571
-38.2619464888727
-1.91572724969663
-28.6441632932953
-44.8147276566119
-36.758744311506
-5.73390351663228
9.99807372897798
-25.6282948921005
24.9498876765828
36.0229009105269
70.38936421995
14.9437463912165
38.4154774783687
-25.062038093879
11.2002110882645
-21.6965072184556
42.5808675358868
-76.4485224058455
-42.2240418251778
1.19680899118399
38.5870976288954
-84.2430047733764
-31.0167700258681
-55.4503471286692
-57.2664798654096
-30.8542026232781
-43.7454764876497
4.05019793251993
-49.5456788391337
-17.6401709066577
20.4738576305927
-34.984160932171
36.4845898695415
-41.5226005799888
-8.4745650994064
-67.2691136577585
39.2230581810112
-93.269147135944
-20.0276703349286
30.9350690749768
48.0185103872189
20.385614241318
51.9815445754424
32.8076320278045
65.6670731436427
25.8432913199493
55.5092452191842
-13.1676449470832
3.1541153899161
-45.4582355453633
0.819444408164561
-22.0102733418517
-1.27046263807078
-0.0084587206056419
-47.1322367317616
-6.92499480442341
-0.898836461782773
-15.1595256736387
-19.9721513999344
15.2148776648201
30.3107833096611
14.9303461717122
-0.781777546357748
1.5111863128015
37.8484721580157
-25.4149598335722
19.653372944687
-53.0588734260469
-22.7472060186935
-56.2573227453251
4.9006121885752
16.2658203107472
18.2356080394497
52.2958150356291
59.0776564339273
-3.79022873109528
76.842418648931
-2.90000422957071
49.5717153516064
16.0044253170408
26.9409184620194
17.3755709340435
16.0285481883478
40.176374368862
-32.3137241517819
1.3636160642718
-44.4492836595193
-74.8164797867237
-38.276140018841
1.11492574572805
10.6236278628409
-24.7709122559093
-1.16552270157288
-32.6465499200346
34.7362972116388
40.9734870016728
22.7838580023527
15.4900471643183
-43.0294299401903
-3.62619175713809
3.18507166176301
1.11080423573981
19.3701600582039
2.34504038886125
28.7329845531655
-18.038434527649
-3.26317453135525
-36.9708429062364
-56.9215816809361
29.7944045460573
-15.7295789860914
-9.96587346391589
41.3914026003675
18.0224466755037
29.7553199705581
57.0025119048108
66.3698803060041
-66.8309334624984
-41.3356505827801
11.3091405243444
49.1713131856989
0.733536283615801
66.6807687239061
24.4187380875908
64.8496018687028
84.1960050274835
3.85492432459051
-12.8059461320246
-6.53106906701449
58.6747643090415
22.906524100847
-26.6845573360362
-7.26885361278621
-40.4142121582502
7.19025915774722
34.2478856338495
74.395389746748
-66.7020439552469
51.1448699051575
46.6196947263862
11.2510844988052
-14.9200622848007
55.8387557956496
10.1748844379782
33.0921271480045
10.2459389149161
124.026087009813
48.7294905464023
-13.25316061275
10.6402706315603
-28.4341417376571
-13.6630084950488
14.4357073761056
-21.2814956563939
49.1015407150307
6.63173283949035
13.3543602542476
-57.7626471250834
-57.4648154984729
-35.5078580799278
-14.2070327321417
-23.5870548680938
3.32798685839258
-25.1765183643553
20.7642655524484
22.3519282250422
8.79367044202042
-16.6022611556555
-32.9370707218343
-15.3694495489477
18.1011413315828
-48.4834243162728
22.3402113291985
-6.50892760198105
-27.365328908214
-4.01742909823005
-11.5957254173029
-64.3209094824434
7.93751099055367
31.2008189520279
75.1606052525219
70.4548954280055
91.9281118554968
9.8096749064608
75.2963296274021
81.854931889464
66.0756560565205
60.9099238131191
8.99705182902689
11.015882748696
-11.4382420621688
-3.14728082091163
70.3660964655411
-59.4759699871942
2.0402906734243
-23.973867641184
24.8784666858223
29.7403381989042
22.3772144994812
29.464489216994
69.3006420044344
20.4379557840206
-83.0705103317502
-9.27951783003438
-24.7026687899281
15.5480035157813
5.46708505357921
-41.3731367054141
2.35558653178304
-41.6502570207838
38.6282362365178
6.16465456162946
-21.815151201746
-35.9716534030928
26.3769880037963
-10.9629574841005
16.3859880564527
5.64194378761182
-53.240826121081
-35.1252736976939
76.0474159736141
-56.1922948462765
-2.48216956163297
-64.3968013136487
-39.0548636588437
-23.9436776775011
-36.9755317875405
-43.6127067413259
-57.4862323763405
-23.5272292169127
51.3979868784715
3.79973737569309
5.64186685331558
-5.26218062320815
-13.761404342592
-5.4125489964204
-6.60342661883407
-62.3239302617663
-52.8047739146585
-5.5362132487443
-33.4154410774615
-21.7437412343246
32.7661654314078
-44.205936044372
51.152881303176
-39.1681948151861
-33.3565080122233
-36.2348621076538
-6.08535903135719
-8.54469497141508
-20.1312579370134
-21.6223972922983
45.6203819044513
6.8990533925038
14.9810979057961
36.7730922746818
-8.05313317939383
18.9668553692403
-15.3817274660329
18.7737405834877
50.2367121334687
-9.98374440600267
41.4721324349257
-5.52195973863532
-5.7009147244985
23.3967429397382
16.1817532230073
-5.52232790242851
5.43430475070377
22.7803874022298
-0.444678050428958
-2.68691362325628
-0.300208175822275
25.1017575565888
3.73243601561656
27.9436656388292
3.48586994512686
-25.5123102342421
-40.5235470746477
-12.5261751708525
0.128857995937921
-40.3766324604082
-13.6866916907551
-16.9839281230966
-60.8992099407622
7.72212247098903
43.707357923896
30.9694938952909
79.2102791121245
45.9490320098154
73.3094263870179
17.5501935626646
58.5279803496845
49.7678917552271
-3.17563288421783
39.1025414735733
24.3488573031126
-48.7849492520172
-8.89592604496391
37.3641081061636
37.8850783437412
86.2912720885856
14.5518515337853
12.7224821329034
0.818956262158462
24.4913168072434
19.9336363406205
-12.3221663909659
-46.2096124117005
14.1561455329702
-12.8071989599717
16.6934949198734
-22.3548070965787
27.6811058546964
-12.5493294385752
22.4027165976069
-53.7475022035659
3.9126870736544
-80.797721180197
-6.73665722042301
-21.2297298646181
14.8024280578665
4.18775608164379
7.16524619502177
-69.2317460911188
-33.4018063522549
-15.3881405244492
-22.3710104939871
-41.6954903404759
-45.8864502693992
-91.7529814926288
29.3793829163452
-8.83355418741637
-58.6524529168306
-11.4677122050986
-17.6576033166224
12.8905275802859
-33.7945583980968
-32.3700347811074
14.2553735279529
-2.72192796974055
37.9303460760793
12.8821145537544
-27.677294131593
-6.07531801296923
-9.22214652318629
29.6402391813921
25.3207634004379
19.55827313037
9.84988489006785
-10.2227041086086
63.9376585035845
94.5202835419646
104.829907204797
93.7162909307979
46.3488312271842
75.2496099563446
37.9247842929352
24.7927789415392
21.7437031780323
34.7843026680959
91.0788478311308
29.9197462153894
55.7092470500539
11.7209304969155
39.1289154270861
26.73227519147
3.13397029756276
-32.6936188097825
35.7290481230783
-38.2643577886045
-7.40532887579243
21.0198292430696
-26.8552245876025
4.54661791826689
33.6091108965471
-10.3085171002013
-57.6128535283973
-12.5760116903938
-12.9423137133579
13.3310480883233
15.2614476897904
17.8643796414355
29.9227840175771
18.2944215987617
22.7864756663198
-6.58137644675118
4.75166724946899
-7.53093771384562
-4.55114464214158
-2.07951252999207
79.4985858692895
21.7801324377726
31.3038387570286
-25.0034771451349
14.3606559744885
-4.27402468492396
72.8569015269636
-47.9685697714583
42.0561664999425
-11.7515286126688
85.0711081127278
26.500438005519
34.1348808700446
-28.5205965502782
39.9112947527292
15.822961337764
-40.6738070157636
-26.9500307629946
-8.37287700692226
15.486203064925
17.793778692833
28.3395961384582
74.0809860089015
-27.820831082507
-27.7888889424757
-5.57192298912703
-22.1766798249227
-46.5291356837121
-32.0448973946579
14.3603034176074
30.2402772330009
-9.37102160083484
7.77304706291123
-28.1583792670384
3.48846577961605
-8.23738215789298
-0.830124315959946
-12.6779375172255
-1.33270249503288
22.7260847260827
6.71355152188134
-67.7667974704464
17.636135932857
-13.370554828936
66.0238659869781
25.3817087146591
3.01983053689866
-7.98763103082443
43.0939222134084
-30.1300953910675
48.1461408004945
33.8173605032674
56.210095412689
39.6180435061967
59.2347353937733
7.56551934805439
1.3634021665426
7.44665906483608
-39.0050188664355
-35.3366435907313
-7.85810173667136
-3.18240285222628
19.7616500946076
-17.1430261827624
41.2076933070022
-17.1460382524645
8.31686641268039
-30.5437651374649
-38.3207051149664
-77.8345538973975
20.05598818437
-5.78273539227457
-62.5112748621773
-14.4631544715499
1.1392106476943
17.6697753139319
43.2203864195466
-27.0051134253106
15.6417264674356
2.96507167769445
17.3027513670122
6.8678492479667
44.4970671492426
4.45357811526292
14.0347931419106
13.4466954933012
-44.6551852191486
-36.3919824416809
54.2335905629213
19.6579015247165
20.4583156634779
41.2075419373925
62.1261369256261
2.11215030643058
40.0025993669169
52.7016519141124
39.0308929555726
33.2877413474344
33.1062196225166
78.1024766492364
8.81300831366648
62.775393999961
46.3880937187419
52.4338858925059
82.5996154908883
23.8455490606837
41.0073797443218
-23.5439755680372
27.8632965999944
22.9065422058024
36.9555580316729
-21.461595183424
45.526807952549
31.3940372381061
85.1938549645591
51.148227220666
4.79592333116393
-40.0741267542081
-30.9453916633915
9.29331156492752
29.3992809288519
32.5735721748584
61.1158142786216
-12.170770287169
3.98388277755001
-10.1210590140136
-2.67458824576596
-9.81889494160071
23.8527026270219
32.6104387366704
-7.2102537308849
44.2690026011699
33.1348601089664
7.62705275272526
19.2307032427573
-9.77286198728886
-58.8368149399433
-5.57837048823985
-22.812224641866
-27.4854085378253
-19.4017925009851
-7.24464918245314
-25.0184631666597
-30.740896276894
57.4508458781145
-8.03699842594815
-29.8822352880475
-14.9482586692859
22.0719389437751
26.2723796873255
79.9229674628696
11.0548268583114
12.2690921420659
2.67062663975022
43.2863418227704
10.5150972437887
1.98089802140695
-17.800369811108
33.3256045937645
-33.2263644114151
40.2369938157676
0.586751207249848
66.4000131761515
58.997425835422
92.450963219117
6.23231281768536
3.44133578737463
-22.7620304179086
34.9824056470951
3.9889646885134
22.4930885059318
-24.338339039265
2.64171918124354
-40.1038225913249
9.47553444016109
-26.4461664780377
-22.3043729438834
-11.5450190270409
-16.7315230074218
1.3509459936818
38.5216828776213
19.5855645731322
-5.26479361055856
-13.7384112174459
-57.6047495167694
-29.1241542579735
-47.5525708606519
-54.7769680981991
2.90870311186504
5.7420663024821
15.0076422043854
-62.4588782890473
-3.23074128776947
11.6845609494471
30.5411872459142
10.7630632072759
-33.2417722058769
-70.7407126537826
4.7625785068209
-39.3628717722485
-8.81876046358615
-1.49854178822343
44.2836687846856
-39.8048676168501
17.4885277396148
6.57468838936639
-63.9451368119136
-52.8896486219984
11.4038608565409
-26.2691954197692
33.9289335747954
10.3007061939388
17.6337484449805
8.28203342979701
3.07645002665203
-19.1273822332306
3.98425140335555
0.233988357056138
51.6871507941247
26.2434624618761
31.2246771923422
94.9105421039169
57.8064783854451
86.906315523922
95.3564305722767
66.9634140444367
48.1146277426658
74.5932661130811
68.7142962628117
29.5721707262255
29.9427086946059
107.056439432424
76.5503794162675
112.183316911118
-5.27164841757099
20.254038172062
56.109052622645
-74.138884234247
17.468217362189
17.5052413926331
69.8227208869325
26.3775649642457
8.12232554900558
-26.115209812277
-77.9631750509034
-50.5170682008126
-56.8074298001827
-77.4764362238387
42.2233675542861
-18.3067995670783
-30.5898424760012
85.2792168906106
-0.52731170479117
22.5046492421422
3.50253959844043
-26.1497491077501
-17.1034954797116
-45.9485075504813
-125.315611055464
-29.9734755925567
-51.5557852777766
-54.4712294026247
-43.8171105798187
-24.6171758704786
-18.6837929209623
8.26453397506234
21.1291684878236
-23.576474010829
-21.0127608581598
6.76856983828494
67.3898297668384
33.9806383403455
43.9241022282639
54.4646410846677
86.2564409528288
-11.2058521815499
29.8776653114512
47.6458014646716
12.6175459941892
-5.6493006802495
4.31006060578494
29.5663781687312
43.0914228934575
12.8864518566532
71.1455703598103
37.5235082577168
6.38977305192224
56.6975460545613
92.3263747253907
123.611970720277
68.5018868963108
140.727902337075
60.563443501588
129.63251112406
94.6966160921761
108.168574442694
78.7017133947618
-7.0694726349312
37.0444387478107
-5.2124707386552
-51.0283889976522
-48.2671759938961
-75.0076969256497
-25.2582174657507
-10.4916982557787
9.31754459796238
53.5990091844278
27.4744465828616
51.6683622972003
31.1826498501167
23.7250886506669
26.1250167256524
20.6487412845718
10.3544145358366
-22.7594176123874
-60.734617203075
2.81406644920865
-65.5243063119747
-4.83444733963435
41.88415793124
-10.061962602091
22.0408431754428
-4.86273829640485
-4.31577098292749
-10.4865802990142
-30.7983269973684
-4.70194949877837
-21.4135072777038
13.6751136164119
-39.6585711664132
-12.4831539235917
-6.48028704636604
-16.3252615738517
-43.9767221449951
1.5020745676875
-42.7367487388916
-98.6692067953943
-84.4234353198473
1.36397526597894
-24.1493349504674
6.0642054579169
2.38148909101102
26.1503843998073
25.1310812282225
79.3438993223402
-20.9807782005413
56.5592960055487
30.0430585017703
77.7545014755875
-10.0536217604869
26.2358908640777
67.1305308150365
9.38629755861393
-9.37398550012359
7.08880001457242
76.427268146718
-25.7681729729917
-19.8311890887559
-13.6063392766292
-9.99061628523265
