13
28
29
52
28
11
14
-10
4
-10
-6
-11
-5
2
22
14
-21
-15
7
-18
50
-26
26
32
-11
14
-31
-38
13
-13
47
-37
-5
1
34
14
-18
6
58
39
39
37
26
-14
26
-14
-7
-46
0
-18
11
20
41
31
50
-18
4
-37
-19
0
29
-1
-12
13
27
14
-1
19
39
22
59
14
47
34
29
8
4
-50
18
-2
59
4
42
8
29
18
-34
-52
1
-24
2
1
32
19
-12
-18
-43
-59
7
11
-10
-5
34
10
30
10
-36
-15
27
9
48
-10
25
-12
53
44
38
28
46
28
54
22
47
26
56
13
-7
-3
12
19
8
-23
42
-45
48
10
-2
-25
36
-1
27
-34
58
21
27
33
12
-3
44
24
44
42
70
41
54
11
-17
-23
-13
3
31
-2
27
-13
49
39
12
-16
24
19
34
-23
27
3
26
16
-11
-67
15
-27
-3
-17
15
31
-4
-14
-26
-24
26
-6
-14
11
6
-36
37
-10
-10
-45
27
12
43
18
22
-2
46
-25
7
-46
2
-8
-13
-22
11
-38
-2
-31
-27
-44
0
-13
20
-24
17
-34
-3
-13
-30
-53
15
-28
14
5
2
27
45
56
41
58
116
53
47
35
-2
19
-5
-11
5
-25
22
2
49
11
75
48
53
57
18
-11
20
-12
22
-5
-4
-21
55
-21
-13
-12
9
-2
9
3
18
14
30
2
-3
-14
26
28
50
18
37
12
61
7
22
7
52
11
7
15
15
-20
7
-36
-13
-54
19
-3
8
23
29
6
23
0
-15
-21
13
-25
-19
-23
-23
-23
3
-29
-42
-55
4
-6
-4
-10
40
3
57
35
29
7
43
28
38
7
29
7
17
-2
1
0
68
47
75
37
63
19
22
14
5
-23
-7
-44
-52
-21
-9
-9
-8
-19
-14
-40
-22
15
-1
26
36
18
48
54
51
30
91
74
62
44
31
29
30
7
-34
-15
1
-25
-30
-16
-27
-21
10
7
-4
8
22
35
52
19
45
29
35
24
11
0
58
31
15
10
62
0
49
7
-1
12
44
25
43
33
41
-3
36
9
-16
-20
19
18
34
-9
13
-1
1
-23
-2
-40
-9
3
-34
-35
-21
-18
-8
-27
-21
-21
19
-9
34
-6
19
27
38
18
9
-14
17
-20
15
-18
33
17
35
20
-1
-11
28
24
58
34
42
38
32
31
-7
-29
33
-32
31
-31
23
-10
27
24
21
-11
47
13
43
-4
27
-7
50
16
5
-34
13
16
14
3
-22
-23
-1
-37
-58
-63
-7
-22
-21
-8
28
38
41
23
19
-26
23
32
48
54
65
63
51
14
-3
-48
27
-14
38
5
24
-3
34
2
-5
6
27
24
34
-2
34
12
24
11
40
27
54
15
70
-5
46
-7
24
-28
-7
-57
-8
-45
-19
-42
6
-10
2
-32
-24
-42
-21
16
5
20
27
4
30
0
-16
-30
43
-8
43
19
45
42
36
44
16
23
46
47
60
41
50
24
52
16
13
-40
6
0
-6
-24
-31
-71
-8
-46
-36
-43
1
-18
37
4
62
18
72
37
-5
7
39
3
14
-15
32
7
4
-2
-16
-44
18
-6
27
45
39
33
58
31
20
42
62
46
84
30
67
29
47
27
-8
-26
4
-28
16
-34
13
18
6
-9
-44
-60
-17
-53
-39
-30
22
-9
-2
-24
-34
-50
-37
-18
-14
11
14
2
6
5
-25
-58
-14
-54
-14
-30
15
-2
40
23
11
20
75
51
67
43
41
46
50
55
26
20
57
7
43
4
42
-4
12
0
-37
-39
11
-18
-16
-26
-12
-4
25
-22
16
-20
59
30
13
2
22
-22
25
2
6
-12
2
13
14
3
22
-13
-3
-13
-5
-28
18
-12
35
-11
14
-23
-20
-22
-51
-49
23
19
-3
-18
-10
-40
11
-34
-98
-73
-122
-39
-44
-10
42
26
71
20
47
34
118
190
186
208
194
161
163
79
71
6
-9
5
-17
-36
-10
-91
6
-58
-42
-73
-81
-17
1
-40
73
35
99
66
50
67
46
59
42
-7
18
-14
7
7
-47
-38
-12
-4
1
25
20
9
-2
-8
-40
21
-28
11
1
-14
30
-2
30
7
13
26
18
55
31
-30
-28
-46
-22
-10
25
-4
57
39
33
-9
27
-24
42
26
25
7
49
18
37
-4
35
21
46
19
2
-58
-57
-42
-8
8
37
22
47
26
26
14
-8
24
22
-14
-4
-22
-19
-3
-17
7
-8
-12
-10
-30
-21
-32
-8
-18
-13
-63
-22
-35
10
-14
34
-11
42
1
27
-30
2
17
14
22
31
-6
56
-9
-1
-20
-21
-1
13
2
10
4
35
11
7
-22
-15
-5
-3
-42
-3
-23
-55
-44
-30
-35
35
10
24
19
69
52
37
48
40
10
16
35
-5
14
-10
-20
9
-21
7
-22
15
27
50
45
42
44
52
21
34
2
2
-5
24
21
47
28
72
12
46
23
-2
49
33
-5
40
26
1
30
-10
-36
-5
-9
21
5
-6
-8
-10
-13
-23
-54
-28
-26
-14
-34
-8
-34
-18
-32
-21
-45
-22
-2
-6
6
30
15
41
9
17
-25
43
10
30
0
30
23
58
64
55
32
70
62
59
42
46
72
70
44
52
-1
23
22
55
18
23
1
23
-3
11
-12
-9
3
3
-3
-7
-24
-10
-32
-23
-40
-37
-27
21
-15
22
2
-10
-11
-15
-31
-39
-62
-27
-66
19
2
35
32
12
14
4
21
69
22
65
10
44
52
18
19
42
13
54
-20
33
13
60
31
39
8
31
22
11
11
13
0
-10
-20
5
-47
-3
-45
-18
-46
3
-23
14
4
-27
-37
-23
-26
-5
-13
3
-26
10
-24
-21
-47
4
-20
3
9
5
-4
5
-31
5
-30
-20
-5
8
-10
27
1
43
-2
8
-13
26
11
44
30
29
42
36
8
2
-16
30
24
26
37
49
12
43
7
21
4
-12
-4
-10
19
37
4
26
21
-17
-24
16
10
32
4
33
3
42
30
5
11
9
20
16
8
17
-20
23
-20
-6
-55
-9
-3
-3
-18
18
-19
20
-16
-29
10
-27
-14
54
0
4
43
26
-15
25
-24
-19
29
35
14
18
16
43
-4
-3
8
6
32
43
19
34
46
19
2
30
-40
5
-12
9
17
9
2
35
4
5
-26
-15
5
21
-14
1
2
-18
14
-32
-31
0
-6
8
-10
26
3
5
-9
6
-32
-46
-11
4
-26
30
1
37
-9
2
-22
-35
7
49
-6
56
18
46
18
-5
-7
-28
34
36
14
33
21
24
14
8
-31
-16
-4
26
27
8
14
24
10
1
-20
-15
4
20
-10
18
-9
8
-9
-22
-10
-64
0
-9
-39
25
-18
38
-13
-12
-11
-41
1
34
-14
32
8
25
12
-14
6
-5
0
64
-7
42
7
18
23
-13
-18
-14
2
31
11
26
29
27
17
-9
-33
5
30
52
46
37
34
52
4
22
-51
-41
-37
8.20125420134022
11.9046023081316
13.1527841695149
8.94096915790464
13.4559244713086
3.8740505384279
5.87786983714615
14.4023361272232
5.37769043335523
12.1164877647586
1.13174637586401
17.3732489184971
4.59361721985083
7.84974041131372
1.62301349904539
7.39792162575257
-1.6194067434206
8.35344940022187
7.5098029853208
13.0478851693656
5.73753062096218
6.79429270872441
4.33520262829454
5.74476653283824
24.5520841739004
5.87892083141405
-0.373170289517325
14.0885993478861
9.45629420107445
11.7380954400262
3.7208394330548
0.747108833858893
-3.95880626885619
11.3602215274461
3.41049565634912
9.46225451199941
-0.306503403442053
5.14803674543422
5.95087851829841
12.977915468529
0.00299695968299579
8.75084167791879
11.3475811776068
10.3584738305161
0.226731021795968
10.3041037556393
1.2298988064371
20.061093198531
3.7243094495391
6.31518550315113
4.10897384345206
1.71685518869665
18.4798646499566
-1.1750249513357
7.05300820628267
3.17030452746518
11.5217990943924
-7.14351603260664
8.37093502741253
9.17391400288141
2.85056747303788
4.25430601679444
5.0005444822116
6.01635722177257
8.53393880534511
2.75410647933039
4.74269451835842
5.60991790304101
16.5946250210514
11.3480087924591
11.7008381345648
9.14771063320835
-1.2023862879002
14.3377442494232
8.96853949744654
11.0866123086803
-3.57781105897757
1.87259283086401
2.43650020411881
11.8913875809786
3.89077246011504
11.9505390774703
20.9479853756777
0.828967352481689
-6.87873823460301
5.94155351870611
1.73002450846205
-5.47866191658075
8.30314297408633
15.4477192754062
-2.60616330805421
-0.34110875911698
9.40448550764735
4.24948404341535
10.7288601903615
7.58145314657721
2.36861655617388
-2.91490347337829
-9.98227641993751
-3.94973865611492
-1.47877694590777
5.27414175647153
-1.61023032338294
8.81332227162487
4.98235914614912
10.7498844750536
-6.47785966983344
8.28159625470875
6.51269757848978
-3.91674844519918
0.814182021104516
20.0049647734689
9.52745059903054
0.833332473259927
6.95465643317472
6.25078757096803
2.91853962482739
-0.633436726262532
3.44684884279456
-4.17949438730328
2.53384641218574
0.187427809350168
14.3985441008769
7.68891157365147
4.41504121057452
-0.091024208007631
14.9783236338111
-1.36121987588872
3.01329911445226
5.99153618693044
2.28279002728204
6.65931427067111
2.52427975563274
0.986575912485737
12.9532228000667
1.66963424548743
2.97989501174951
6.35145415539999
8.6644600655788
6.76764018314154
1.65474126324141
-6.26187670032875
-5.16473682713511
7.54151458484262
-2.65164000374393
-4.8089607134797
-6.01922275152495
-23.287844706006
-42.3507917510823
-55
