-76.3634156061854
-289.674890154392
195.165496174557
-233.612134975591
12.0919317000943
203.24727955624
62.6983487303606
-449.921665331357
16.1696629746512
273.621825991564
268.882850223337
-395.62479808636
315.559569928024
86.8979060301488
291.576311331041
-379.752158876956
-231.96196987593
184.889882452282
114.136601813444
248.359037525181
1.89200911849937
-16.1180652447516
417.907512163423
-455.430830807039
259.271811944409
-222.66146730712
367.939555130316
-583.623284089525
466.643247173703
-247.205523269626
210.124641189004
-181.704284859038
-264.129957036752
-16.3595222825938
-566.591709392771
26.9250097422775
446.009606907693
-190.805655943223
394.065813434544
440.787926201724
78.8344285917378
418.891636900127
-62.307740924426
-90.4679821474987
636.646849071084
285.610517631726
315.176331265097
123.02122328646
-117.167152958919
85.444370355414
265.464772938764
195.70281537057
75.1527604247052
292.714934705097
390.831456816554
-135.009249844593
241.331328293149
519.74435083452
96.702223438708
267.031347809844
-309.114376795327
319.992596490667
659.715397731442
273.752351939553
241.587452237974
484.665391210738
793.616632491137
-451.957360083594
94.8450608596657
208.320827980846
411.173064498952
18.9504603685067
113.963088046526
37.6867308591132
583.946200672778
-213.992272840527
-69.6103643487961
-48.8922806953555
-524.748063444123
-59.2619512319623
-328.293917607828
498.456507250098
329.249260520053
67.3576197483032
459.633459529114
-313.140114257797
-60.8233152907591
97.2492311087668
480.973861065502
544.572592711079
-113.717385963475
388.580700725994
731.108990108838
-107.489143098489
-167.189602493663
73.0348755168171
580.338807532327
788.548469288646
787.671840534696
929
929
-86
385
2033
1948
2126
2711
2433
2561
1484
1385
148
-28
-656
-226
-673
-810
-493
-706
-843
4
-125
-126
-848
-937
-57
-226
319
-669
-1295
-3227
-3378
-3772
-2055
-460
-409
-593
-1247
-1606
-2362
-3513
-3099
-2125
-2711
-2396
-2271
-466
355
1645
1667
3619
3243
4172
4374
2381
590
1257
1712
1425
2118
1044
1458
902
260
272
-316
515
-126
654
31
628
132
-329
399
-118
-528
-166
-1145
-1010
-1317
-1408
-2102
-1257
-726
-1682
-1002
-1850
-109
-1803
-687
-846
-4076
-5949
-6938
-6422
-5448
-2329
797
1471
4491
4078
5029
4948
3827
3881
3506
3119
1975
1257
985
1450
1403
1691
328
38
-374
-1434
-661
227
107
272
1069
1309
1960
2998
1962
3646
2609
2649
1453
-141
754
-1124
-2006
-2551
-2213
-408
-1372
-1090
-1021
-913
-682
80
1170
999
148
-185
-1389
-2068
-2176
-3074
-1954
212
-623
-1106
-1703
-959
-1659
-1567
-3068
-1448
-960
109
902
960
-24
-1360
-267
1143
748
1463
156
427
742
278
-127
2221
2395
3589
2348
823
709
50
-263
855
346
818
970
927
-145
4496
1937
1196
45
-1424
-886
-1720
-1052
702
-599
532
1041
1328
-52
392
314
1458
1777
1826
824
397
-741
60
-239
-72
-519
-2073
-2199
-2490
-1936
-2537
-3774
-2778
-2289
-2917
-1797
-951
-831
-197
501
-574
-690
453
29
322
-25
-880
-1052
-130
-140
-336
-131
592
-463
-320
1217
1266
632
-166
209
273
843
284
-478
-2197
1024
1172
1805
2156
682
2776
1113
1035
-1286
-663
-334
1272
2035
1117
1166
851
60
-1093
-2632
-1873
-1204
-1872
-1312
-1381
-464
-651
-137
-669
411
457
935
-340
1226
870
2770
1808
1275
1938
1251
1154
660
829
-411
-2364
-1083
-1264
-512
-1300
-1204
-1360
-245
453
584
-910
103
1113
1517
-122
35
1690
1030
2466
1026
1718
1937
1812
1262
2259
914
579
792
-1954
-1147
-2304
-861
-471
-210
-1060
-282
-1211
-542
-202
-373
-918
110
796
1357
996
748
-52
436
-134
-186
-730
-716
-240
-505
-838
-950
-595
-1317
-1257
-1063
-473
-63
-210
-231
230
382
51
848
-273
171
-347
208
1040
197
554
882
1050
1346
994
-148
-830
-1246
-1416
-1083
-1067
-1474
-128
-214
694
105
276
497
1260
772
642
928
460
852
-338
1185
405
151
-1307
-933
-1112
-1512
-1386
-2422
-2265
-2873
-2116
-1026
-3602
-3145
-1216
888
273
837
1502
286
2126
2831
2353
1679
3307
2403
1214
894
1199
1202
956
1091
1691
1422
1334
-57
764
220
150
279
611
-659
-7
84
-584
-169
-781
-1169
-556
-831
-855
-1113
-537
-628
-427
-888
-152
-160
-189
332
730
607
-341
-425
215
-114
422
39
132
808
355
-97
205
-299
-652
-1006
-414
313
310
-974
-314
-989
-1253
-526
-83
39
-158
23
-377
-171
-488
93
716
842
592
577
876
414
596
106
204
186
-341
-402
-91
-740
-790
-759
-1517
-103
-1047
-650
-364
-475
377
-2
806
464
1222
522
1231
1573
2052
1211
780
427
-108
-20
-594
-258
-930
-789
-606
-854
-776
-1093
-826
-1104
-924
-1804
-1905
-1951
-688
167
1006
1546
1757
1769
1703
1846
1780
690
429
-214
-417
-607
-955
-31
1394
1759
1854
822
658
408
844
540
-1099
-750
-885
-1580
-1657
-2506
-1288
-1310
-996
-2047
-2344
-5779
-5639
-3568
-3306
-2185
-724
-1015
-772
1345
2261
3872
886
279
-1866
3243
3449
1769
1478
1557
2267
3160
1675
2085
571
2631
3536
3328
2060
2485
1136
2287
1864
2389
1953
642
330
-521
-242
425
-96
395
-3969
-5409
-3019
-1505
-577
-489
-514
-1194
-958
-515
-687
-1332
28
-24
14
-178
732
473
-107
-2249
-4780
1138
3426
1960
2484
1577
-1767
-1889
-1228
-507
2650
1626
2305
1336
835
1735
2514
1680
2765
2142
2444
1077
1635
851
1419
98
962
151
-574
-919
-1396
-1810
-1966
-1245
-1827
-902
-820
-1604
-1979
-2062
-1952
-1343
-595
-645
-1126
-1627
1047
78
251
-133
1160
1564
1498
402
1466
596
1010
1088
2035
307
237
-754
-1684
-1128
-1258
-1906
-1941
-1877
-2088
-2198
-1699
-585
-222
-1712
-372
342
-313
-464
-1561
-1870
-2453
-1595
1876
437
1887
-350
-1694
-6085
-2382
-876
-286
-2208
-1221
-157
2101
2809
3992
4139
5798
5677
5436
5369
4088
3710
2718
767
729
693
-931
970
-301
276
-690
-508
162
-684
-826
-1693
-3427
-4527
-3836
-6491
-7015
-6191
-4485
-3533
-2683
-1423
-1161
-2708
358
-266
906
3214
2760
3608
1740
1932
3598
4481
3911
2881
3144
4089
3705
4595
4386
2287
1862
923
410
1951
858
640
203
-778
-1123
-599
-931
177
9
63
-307
-299
-678
-1203
-1581
-1282
-969
-744
-570
-550
-765
93
119
72
-536
-76
-826
-1260
-1614
-432
-971
-1097
-930
-1436
-2096
-1425
-1238
-1707
-435
-2242
-1481
-970
-1123
-1427
-1326
-1884
1036
1041
1611
1324
1678
1075
915
331
352
-258
-388
-9
103
-1097
-242
-459
844
1299
1060
-11
529
1406
1485
153
498
38
606
1088
498
795
242
-301
-810
-1658
-2990
-1630
-1119
-323
677
-819
-483
88
-351
-173
-882
-845
-59
-334
-538
238
860
218
570
570
532
834
588
1146
514
944
568
649
734
719
1097
281
635
243
371
111
-282
-311
-111
-468
-83
-844
-315
48
-628
-1574
-2198
-2161
-1033
-405
6
-375
90
348
822
754
754
805
1013
851
1194
610
344
322
1008
85
196
152
-284
-87
-154
-646
237
-389
-394
155
-821
-281
-779
-1578
-1005
-1283
173
543
-825
-2144
-2241
-48
-62
-173
125
-981
121
-921
-458
-923
-1480
-562
-138
84
-101
-903
-583
19
9
-195
-374
-2012
-250
1534
1271
404
182
1258
514
-33
-1541
-457
-2192
-626
-326
27
930
1733
1087
2406
2139
2223
1766
1656
1495
1047
1130
22
572
-701
-257
36
451
632
388
658
1631
2233
3110
1649
1625
750
1677
145
207
788
450
246
-521
-846
-891
-1199
-530
-1443
-1117
-1350
-1261
-1479
-1302
165
-862
-1651
-1898
-1677
-2135
-2622
-3367
-2775
-2968
-3870
-2126
1363
844
-47
1030
1498
1751
2639
3642
3410
2171
2319
2348
431
32
-803
290
667
1004
877
-288
-2376
-3544
-2676
604
1143
1197
902
1102
-146
-424
-1017
-927
702
566
662
244
1968
1265
1024
1287
-265
120
1591
588
1040
219
-530
-266
496
-297
168
-155
373
283
769
726
-108
-1098
294
-1725
-284
-1369
-1029
-555
-1370
-179
-1177
-1140
80
218
392
449
253
608
320
125
-222
-1393
-1017
-1458
-1352
-606
-532
13
-43
-486
-779
-1104
-662
-1144
-1194
-1915
-990
-1007
-840
-900
-579
76
197
-186
-21
555
714
862
1001
800
1708
1615
1117
1729
1606
1681
1413
1498
950
753
81
-277
-172
192
-516
-218
35
190
380
-21
487
608
657
-20
-363
481
-1114
-1682
-1993
-4181
-1443
-328
-450
-1133
-502
523
1093
799
420
1402
1036
70
1484
1334
660
596
-250
-1008
-323
-1651
-2307
-2207
-794
-96
14
-519
-631
-185
-1005
-413
-231
210
-640
-1602
-1758
-2169
-1757
-750
-902
332
585
720
1445
2662
2528
2813
1795
2995
2105
2868
1986
1008
787
324
967
825
-901
-828
-428
-1618
-401
-1539
-1182
-606
-909
-409
272
440
-723
675
-725
-520
7
-204
467
746
326
-274
-397
-43
-346
-393
525
-16
794
-10
616
-142
-1
-53
534
1113
115
339
141
301
-124
93
-570
66
-307
-1024
-137
-578
35
-900
-621
-1010
-104
-73
-744
-7
-869
-1259
-795
-326
-478
839
234
-208
338
91
-353
-9
87
411
10
289
-308
-281
310
417
617
875
872
1509
293
669
-4
1493
320
554
-633
120
965
258
254
-424
-1055
-1056
-526
-10
-365
57
-136
-1240
-2158
-2048
-2182
-2637
-2151
-1388
-2618
290
369
-1944
-1314
-500
1486
3122
2052
1696
1151
3123
3315
3345
3193
2748
1627
2230
1378
2318
1494
865
632
779
-459
95
-410
-410
-312
-636
365
-709
-93
-625
-24
-347
-452
-1072
-760
-439
579
-145
1031
341
315
633
-24
-75
-773
-1389
-655
-1250
-556
-1234
-538
-223
-478
-853
-229
-133
-682
-990
-911
-1088
-790
-818
-709
-314
175
741
307
347
502
212
248
204
44
-200
15
620
680
3
268
415
366
-622
-781
-473
-420
684
1344
936
977
-163
138
573
324
247
-93
-1043
-472
-1345
-53
-120
1
532
1069
669
840
57
447
48
194
237
-318
170
412
-853
-405
-991
-531
-642
-758
-900
-214
306
-608
-452
-708
-1130
-1031
-381
-686
-733
-247
448
-243
-612
92
-28
139
-1212
-1538
-1193
-454
-1138
-1469
-1086
-388
-68
428
329
-159
-510
-477
-170
632
245
473
722
252
29
978
-611
1299
839
174
-274
-38
-1148
1301
1429
2197
2186
1608
2674
2641
2308
2249
1997
155
1785
813
2430
-202
-929
-2124
-1095
635
-943
-626
-1176
-22
743
512
1396
941
-37
478
397
674
1107
1106
1389
1318
576
55
-550
-1227
-572
-519
-938
-742
-668
-1331
-2144
-2165
-936
-2193
-866
-526
-716
-334
-1045
-1092
32
-87
-1147
-298
-482
-452
-418
202
267
205
-490
1627
384
1512
1408
608
825
1155
1062
-1237
-1991
-2316
-1358
-1626
-1556
-909
-100
-378
-956
-1508
-1326
-94
