-34
-23
-66
-121
-122
-163
-103
-161
-121
-116
-131
-126
-84
-110
-25
-55
-78
-52
-17
-31
-15
-53
-6
-37
-14
-10
-20
-50
-2
-53
-40
-44
-57
-24
-10
24
-51
-58
-112
-132
-90
-60
-93
-105
-70
-153
-54
-133
-84
-43
44
0
144
30
117
125
194
130
198
186
139
99
150
134
237
106
71
38
102
27
53
52
36
38
93
151
96
52
107
63
54
-7
4
54
27
-29
-57
-64
28
-52
-12
-22
-5
-16
-10
-16
-30
-62
-14
-73
-64
-102
-93
-106
-98
-110
-64
-88
-48
-66
-75
-105
-93
-108
-75
-73
-109
-50
2
1
10
36
66
50
71
38
73
23
59
18
62
5
39
7
26
9
19
43
38
35
19
30
11
17
-9
0
-45
-50
-15
-83
-76
-70
-44
-78
-64
-101
-75
-64
-78
-57
-35
-51
-28
21
10
14
25
62
129
86
43
66
52
3
22
10
34
68
83
50
53
63
19
6
73
37
55
43
86
53
32
11
-37
-84
-24
6
6
64
58
37
46
43
56
41
24
19
-7
-42
20
-47
-48
-45
-41
-57
-34
-33
-95
-25
46
1
2
22
14
26
3
11
-22
-11
33
5
35
-17
8
-11
4
24
-4
9
43
17
29
1
-6
-16
-31
-6
-16
9
33
-10
8
44
44
24
35
10
-6
1
-17
-19
-35
-10
-10
-11
24
3
12
-1
43
12
34
40
34
12
-14
-21
-52
-49
17
-8
-5
-8
-15
-3
-30
-33
-51
-54
14
-33
-15
-34
-48
-33
-36
-53
-42
-79
-16
-58
-34
-22
-27
4
-6
-4
-20
-46
-13
-12
-27
2
-2
-19
-13
-40
-54
-61
-55
-45
22
46
107
87
42
83
-48
-14
-16
-46
-45
-19
-81
-66
-96
-85
-61
-58
-30
-16
-51
17
-14
-19
-94
-76
-89
-98
22
-15
13
51
73
125
166
201
209
218
221
238
176
154
127
146
122
105
60
16
70
52
38
50
47
54
37
56
-57
-64
-45
-58
-41
-19
-42
-6
-6
21
10
-13
0
46
-13
22
-9
18
11
12
-25
-12
4
2
-17
-8
-27
-4
-11
30
-39
-63
-50
-45
-62
-55
-89
-105
-111
-92
-145
-118
-76
-65
-92
-37
-6
24
-45
-20
-46
-86
-77
-14
-83
-76
-55
24
14
11
19
45
43
78
38
78
35
91
54
11
27
97
-22
106
26
71
34
55
59
73
-1
-126
-127
3
29
2
-120
-125
-387
-279
-333
-457
-264
-166
0
91
282
98
256
400
390
365
347
353
326
333
366
292
378
304
228
203
92
86
35
-37
-51
-85
-154
-171
-237
-217
-188
-124
-73
-9
-6
65
57
64
20
71
38
83
34
23
-57
-56
-137
-123
-190
-179
-127
-114
-24
-58
-34
-29
-84
29
-74
-7
147
122
67
114
118
116
99
126
54
55
-22
34
-23
-26
-57
-106
-119
-162
-174
-90
-126
-110
-41
-47
-116
-143
13
92
47
55
61
76
55
122
-104
107
-140
55
-18
-58
99
18
86
-180
-1
-152
-172
-73
-189
27
48
-134
-62
170
-24
31
-8
59
-101
1
-13
114
144
196
228
184
166
136
21
-41
27
68
95
124
65
46
119
134
32
-25
-10
-69
-21
-15
-26
34
-22
5
54
-19
173
102
110
159
122
95
26
29
17
-35
-10
-12
-32
1
97
-23
48
23
9
-66
-58
-72
-158
-61
-91
-62
-125
-119
-66
-73
-104
-21
-21
85
-16
-48
-59
-56
-132
-123
-62
38
91
-14
-54
27
-190
-180
-157
-116
13
77
73
192
139
56
57
-11
205
-309
119
56
39
112
40
43
35
-26
135
191
60
186
36
40
51
9
71
-76
14
-74
-37
107
8
50
-80
180
-51
53
-43
-22
-43
-21
-60
-45
-69
11
-173
-6
-61
-31
-2
98
6
-85
-41
34
41
-22
6
-66
-26
45
-11
44
-124
88
-18
6
-22
5
-22
61
-59
-34
-33
32
10
-83
-20
-129
-92
-103
-122
-56
-41
-50
-46
-28
-59
-46
-106
-71
-87
-73
-103
82
105
-182
119
-49
18
105
21
154
102
292
178
24
221
19
-3
147
-36
114
91
159
155
122
122
64
106
61
74
49
61
82
121
146
13
87
103
86
81
100
16
84
-12
-100
8
-24
-92
108
-28
-52
49
87
60
3
82
107
94
126
81
70
89
30
-27
-55
-59
5
-109
33
-78
-1
-6
-106
-53
50
-159
-22
-97
-130
-55
-26
-90
-87
-37
-93
-120
-27
-149
47
-53
16
-7
7
-49
21
-50
-6
-61
-13
-53
-46
-27
-43
-34
-32
-70
-46
-29
23
-18
29
-19
81
20
60
5
23
41
42
-12
38
-11
4
12
-46
-34
-48
8
-20
-8
49
9
62
7
34
-19
33
64
56
7
25
25
25
19
35
5
2
33
37
42
40
16
18
18
6
-43
7
-10
13
-27
11
-26
1
-5
19
-14
-1
-1
19
-6
11
0
27
-13
14
-66
-18
-18
-19
-4
-9
-8
-14
4
20
9
34
25
62
33
90
52
67
48
9
30
1
4
34
-7
67
-11
-4
-9
14
-22
3
-6
8
-20
-7
6
15
18
38
-1
53
21
63
-19
18
34
26
-26
-35
-19
5
0
56
34
54
36
18
96
42
14
24
16
27
10
18
-26
50
2
46
-13
-8
26
41
9
19
-2
28
-8
20
-28
7
2
22
18
22
19
23
13
-6
-25
-18
15
27
-11
40
-32
6
0
4
-10
-2
2
11
-91
-39
-78
5
33
49
14
23
9
36
23
23
-20
125
33
-5
50
30
69
10
13
102
-10
86
-58
69
55
59
54
81
-46
24
-11
59
18
34
-19
-52
-41
2
-39
69
12
11
58
57
-9
-12
22
26
3
27
48
77
-61
5
48
15
10
42
0
51
-76
-18
72
86
29
-30
1
16
14
12
-10
-16
-35
-10
-59
-37
-56
-20
-65
-14
-57
-15
-25
18
-38
7
6
40
21
46
20
12
-18
11
-21
25
5
35
-2
25
28
31
29
26
-18
-7
-37
20
-40
20
-14
28
-40
7
-19
-4
-16
34
9
22
16
20
5
11
-22
-9
19
12
-12
33
12
28
11
2
-9
26
2
28
10
26
7
9
13
15
-29
14
-5
23
13
34
11
35
15
47
-32
-8
14
21
5
20
5
18
13
33
-22
-19
42
10
16
42
23
41
22
42
2
13
20
54
9
29
2
20
11
37
-1
8
13
34
1
18
3
14
13
16
-16
5
5
18
-14
42
-5
11
20
17
-14
-13
-19
-7
-26
29
-2
8
-11
21
-27
3
-21
21
15
33
-8
49
6
38
-24
13
3
35
5
26
5
34
29
30
4
-8
7
37
-32
14
-12
6
2
10
-13
-20
19
22
-14
12
-5
13
-24
9
-29
-5
5
34
0
16
11
26
15
33
4
21
9
57
15
57
17
46
15
40
9
29
14
47
16
40
6
21
8
27
-20
6
10
24
-9
19
4
1
-2
1
-38
3
-7
5
-1
-4
-9
24
-6
0
-29
-17
-30
-21
-10.2578613392137
22.4486523002348
-21.1380667193266
27.8649607377546
-17.2643746916901
-16.3083500065305
7.23548882882253
-2.34605346510007
-23.5770478339694
10.0384507471845
17.5451938564888
-24.7197192276939
6.01747408098334
21.0665601813237
-6.05649917837784
-3.98342294583592
4.09066851413703
-14.6261442207221
-3.44551645211275
-5.84846497005979
17.8369789882888
6.39585469880324
-20.1387616254263
19.1073679032712
-20.732284699084
-37.3561728270106
6.74333356046227
7.89571701206399
4.28821539080655
-25.3887824727726
-14.7159502270085
-30.2685586847909
16.7353998754383
-10.6964718375394
-22.6888511737212
-16.6126337146172
-10.9508250669455
12.7169828612863
-13.7008078770328
1.32147023323956
6.17079485658961
-45.2742643277604
-7.02456346112302
-54.056424242683
-8.4192914761441
9.98749061627683
-28.2165262032783
-12.349820302612
-3.22062148884854
-13.8239720259484
-22.7160847932304
8.63712259149914
-4.42945928907426
-2.27174186453371
-1.66050477937808
15.5574097668869
-19.3091699842004
-24.7657065035529
-36.1482006895571
-20.3935570049629
-13.1976663485414
-23.6258309330967
-25.4912966788905
-35.3043535353625
-52.0426487380338
-28.8113293341493
-17.2752228770619
-23.672439276132
-29.1973819028748
-39.1814676378327
8.182079648275
-22.207240504595
-18.5679643936175
-18.0925456419748
-38.2191837914652
-38.4481072444646
-32.2978619319061
-23.5879859939859
-32.8516518709907
-12.6557145829124
-47.6711625167654
-12.0018893030254
-29.9041830549754
-32.3013867627018
-6.92517098705338
-35.4037540668497
-26.0836114055722
-8.16380020298146
-25.8352025797309
-22.4143408952323
-21.4466833102926
-39.4356919718652
-19.6330147615861
-30.874237236174
-29.4461033240843
-30.8195871892319
-6.17114969392713
-33.3449534170039
-40.5973729904296
-24.7167450852979
-18.302436412305
-36.0054744691
-33.5427043825915
-32.4294907430667
-54.3283422228694
-27.1321980903554
-7.00073517785371
-29.5161111016108
-38.4917751437682
-35.4058929795436
-30.1282549089642
-55.1506501893679
-32.6122075440878
-19.1854136020762
-40.5153367419834
-29.3682123553009
-68.1939237738381
-53.9991017260094
-52.8531663749023
-28.7582253831852
-55.1537681520125
-22.7242534996971
-55.3966148342677
-27.1881438290574
-55.6416432320624
-49.6178183542557
-82.2451066074326
-32.6181122849629
-45.1557106281874
-51.5776347583184
-30.5962853762183
-47.3134329684372
-21.5178958656901
-51.7483128215305
-31.0512476751263
-22.6445144753591
-56.2482550259676
-32.8939278018727
-59.9546525084109
-23.6288496445233
-52.133786834745
-16.7689730467108
-62.503606485121
-10.7167256220026
-52.9730413842589
-43.5315455514413
-34.3334443977309
-14.6872699424867
1.49199797131892
23
